$jbas
*
s def-TZVP 
*
 8  s
     3612.937686            .181284859D+01
     1059.651419            .484805075D+01
     339.294845             .121166565D+02
     118.353236             .970399474D+01
     44.819730             -.116396453D+01
     18.333761              .239681432D+01
     8.045309               .653823916D+01
     3.754008               .155418734D+01
    1  s
     1.842377              -.951752048D+00
    1  s
     0.938931               .625328058D+00
    1  s
     0.489798               .404590133D+00
    1  s
     0.257531               .247751770D+00
    4  p
     41.74187096811436     -.332732125D-01
     14.1566422856977       .888692750D-01
     5.22660843881246      -.752373737D-01
     2.0600371098923        .715881805D-01
    1  p
     0.846259376129472     -.382501827D-01
    1  p
     .35260807338728        .259971744D-01
    4  d
     28.715626              .431050659D-01
     8.626600               .370010125D-02
     2.850550              -.260349194D-01
     1.002011               .722640442D-01
    1  d
     0.359873               .375215882D-01
    1  f
    1.00456621             1.000000000
    1  g
    1.10000000000          1.00000000 
*
n def-TZVP 
*
 3  s
     791.076935            .415675056D+00
     229.450184            .114750694D+01
     72.886960             .301935767D+01
    1  s
     25.181596              .303233041D+01
    1  s
     9.371697              .387849486D+00
    1  s
     3.710655               -.182929310D+00
    1  s
     1.539463               .652389391D+00
    1  s
     0.657553              .499910671D+00
    1  s
     0.283654              .738687880D-01
    1  p
     .47073919406936       .674057471D-01
    1  p
     1.129774065766        -.225055506D-01
    1  p
    2.8300840347           .355455721D-01
    1  d
     5.8329865             .416040403D-01
    1  d
     1.7326865             .110596980D-01
    1  d
     .5452425              .484079619D-01
    1  f
     1.82648              1.0000000 
*
h def-TZVP 
*
 2  s
     9.308130            .344661830D-01
     2.306718            .122533796D+00
   1  s
     0.752012            .182500211D+00
    1  s
     0.273978            .221505479D-01
    1  p
     2.032704             .295136591D-01
    1  p
     0.790252             .327558728D-01 
*
c def-TZVP 
*
 3  s
     591.553927            .315820195D+00
     172.117940            .875038628D+00
     54.799259             .230760524D+01
    1  s
     18.959094             .241797215D+01
    1  s
     7.059930              .413457616D+00
    1  s
     2.794849             -.190009544D+00
    1  s
     1.158634              .377071048D+00
    1  s
     0.494324              .347917878D+00
    1  s
     0.212969              .547407724D-01
    1  p
     .327847357953757     .531909851D-01
    1  p
     .7868336590892       .134419688D-02
    1  p
     1.9710183160         .221986005D-01
    1  d
     4.013301             .524684127D-01
    1  d
     1.247505             .802678252D-01
    1  d
     0.408148             .296361673D-01
    1  f
     0.9                  1.0 
*
$end
