$basis
*
s def-TZVP 
*
 7  s
  60700.928104      .54695944225E-03
  9102.6106854      .42297224557E-02
  2071.4166009      .21747824159E-01
  586.02476821      .85100053589E-01
  190.55395021      .24799128459
  67.630384260      .46703640406
  25.127306905      .36434587550
   3  s
  112.57463010      .21670040240E-01
  34.795554217      .93602301760E-01
  6.5115556215     -.26068001422
   2  s
  3.2399032261      1.2842089435
  1.5477160881      .66036416584
   1  s
  .40541030112      1.0000000000
   1  s
  .14550651059      1.0000000000
   6  p
  564.36716027      .24796796317E-02
  133.42624379      .19677930250E-01
  42.468271189      .89980008258E-01
  15.616527580      .25705880575
  6.1093988469      .43515167292
  2.4404160198      .34883240595
   1  p
  .83882201296      1.0000000000
   1  p
  .31288746900      1.0000000000
   1  p
  .10770109004      1.0000000000
 1  d
  .55  1.00 
*
n def-TZVP 
*
 6  s
  19730.800647      .21887984991E-03
  2957.8958745      .16960708803E-02
  673.22133595      .87954603538E-02
  190.68249494      .35359382605E-01
  62.295441898      .11095789217
  22.654161182      .24982972552
   2  s
  8.9791477428      .40623896148
  3.6863002370      .24338217176
   1  s
  .84660076805      1.0000000000
   1  s
  .33647133771      1.0000000000
   1  s
  .13647653675      1.0000000000
   4  p
  49.200380510      .55552416751E-02
  11.346790537      .38052379723E-01
  3.4273972411      .14953671029
  1.1785525134      .34949305230
   1  p
  .41642204972      .45843153697
   1  p
  .14260826011      .24428771672
 1  d
  1.00   1.00 
*
h def-TZVP 
*
 3  s
    34.061341      .60251978E-02
    5.1235746      .45021094E-01
    1.1646626      .20189726
    1  s
    .32723041      1.0000000
    1  s
    .10307241      1.0000000
 1  p
 .80   1.00 
*
c def-TZVP 
*
 6  s
  13575.349682      .22245814352E-03
  2035.2333680      .17232738252E-02
  463.22562359      .89255715314E-02
  131.20019598      .35727984502E-01
  42.853015891      .11076259931
  15.584185766      .24295627626
   2  s
  6.2067138508      .41440263448
  2.5764896527      .23744968655
   1  s
  .57696339419      1.0000000000
   1  s
  .22972831358      1.0000000000
   1  s
  .95164440028E-01  1.0000000000
   4  p
  34.697232244      .53333657805E-02
  7.9582622826      .35864109092E-01
  2.3780826883      .14215873329
  .81433208183      .34270471845
   1  p
  .28887547253      .46445822433
   1  p
  .10056823671      .24955789874
 1  d
  .80   1.00 
*
$end
