$vibrational normal modes
 1  1  -0.0321700792   0.1358739337   0.0512269677   0.0001854039   0.3337737414
 1  2   0.1761747686  -0.1661446175   0.0151392481   0.1268974581  -0.0306634876
 1  3  -0.1437976510   0.0303817813   0.0152371563  -0.0388651961  -0.0608084674
 1  4   0.0377408040  -0.0211136513   0.0543290956   0.0461629671  -0.0222787383
 1  5   0.0196081649  -0.0160186184   0.0471373306  -0.0063149644   0.0052273179
 1  6  -0.0300841313   0.0001931258   0.0005997969   0.0009073475   0.0001114560
 1  7  -0.0000743828  -0.0300922069   0.0597533280
 2  1   0.0088227898   0.2415564695   0.0324857732   0.2411174742   0.0682928335
 2  2  -0.0551557146   0.0312419103   0.0198557407  -0.0318578616   0.0084216002
 2  3   0.0890549042  -0.0525284632  -0.0537141404  -0.1280502515   0.0958330723
 2  4   0.0406938322  -0.1128594950  -0.1190972439   0.0247269184  -0.0197412873
 2  5   0.0047532632  -0.0027809137   0.0052591218  -0.0046928348   0.0086155815
 2  6   0.0639553195   0.0000747005  -0.0020034547   0.0004740552   0.0002872800
 2  7  -0.0002998856   0.0311180706   0.0017542637
 3  1  -0.1824242990   0.0119533542   0.3496831836  -0.1227871778   0.0917482034
 3  2   0.0028519656   0.2280319559  -0.0162058975   0.0049121981   0.0256151814
 3  3  -0.0129877735   0.0124700470  -0.0127548665  -0.0414990503  -0.0251248586
 3  4   0.0254003379  -0.0291343021   0.0457011630  -0.0193451857  -0.0403849286
 3  5  -0.0298447630   0.0637322319  -0.0235113878   0.0067766559  -0.0001540804
 3  6  -0.0223669428  -0.0001559598   0.0001581383  -0.0015965073  -0.0006306453
 3  7  -0.0001597559  -0.0370311835  -0.0535689509
 4  1   0.0981554667  -0.1140702224   0.0640016436   0.0291964293   0.2409508066
 4  2   0.0928334878  -0.0244156166  -0.0045993788   0.0344504899  -0.0272293274
 4  3   0.1818573068   0.0889938193  -0.0193838795   0.0339508446  -0.1161280957
 4  4   0.0783289393   0.0399970207  -0.1588447691  -0.0091494386   0.0629693831
 4  5  -0.0200556862   0.0202734475  -0.1341683368   0.0170933830   0.0502435786
 4  6  -0.0177276635   0.0002443460  -0.0472535704  -0.0198185223  -0.0057230803
 4  7   0.0027622706  -0.0012517146   0.0010647922
 5  1   0.0302907352   0.2122078546   0.0327150231   0.2496774451   0.0542929355
 5  2  -0.0590722825   0.0349786531   0.0120998231  -0.0477654722   0.0121449513
 5  3   0.1008236004  -0.0072713870   0.0026418226   0.0698970859  -0.0805543959
 5  4  -0.0198181638   0.1535020079   0.1610001667  -0.0655236869   0.0222357753
 5  5  -0.0492267309   0.0389993883   0.1027549505  -0.0033073451   0.0656155136
 5  6  -0.0049456593  -0.0000590873  -0.0395459334  -0.0175346678  -0.0037184293
 5  7   0.0031628438  -0.0014835593   0.0009780487
 6  1   0.0772284161  -0.0620334294   0.3078958490   0.0706013278  -0.0469131942
 6  2   0.1886561437  -0.1119255453  -0.0071068623  -0.1250883317   0.0830095742
 6  3  -0.0490208676  -0.0674498871   0.0266904301  -0.0659787485  -0.0164925401
 6  4  -0.0854367660   0.0838961179  -0.0735316399   0.0454269080   0.0736454704
 6  5   0.0689174935  -0.0245766175   0.0349426712  -0.0140375306  -0.0103430065
 6  6  -0.0137099730   0.0000368735  -0.0422267074   0.0804934663   0.0201821772
 6  7   0.0057093122  -0.0026404135  -0.0015427342
 7  1   0.1279490395  -0.1843177964   0.0592236104   0.0399628693   0.2129466071
 7  2   0.0690795963   0.0129572044  -0.0134470287   0.0442575648  -0.0342937754
 7  3   0.1332604422   0.0465585701  -0.0114324564  -0.0227192832   0.1605893123
 7  4  -0.0880883242  -0.0519790968   0.1608454238  -0.0524495719  -0.0244307708
 7  5   0.1034630497   0.0112043215   0.0082767325  -0.0653006712   0.0025401775
 7  6   0.0058007875   0.0002228638   0.0022147973  -0.0098429276   0.0343894101
 7  7   0.0268083713   0.0001570988  -0.0002401049
 8  1   0.1467839539  -0.0357777944   0.0407811996   0.2739253011  -0.0353287750
 8  2  -0.1493779229   0.1582419987  -0.0286121787   0.0276048269  -0.0225521823
 8  3  -0.1144521497   0.1924559246   0.0856255022   0.0169905789  -0.1111339231
 8  4  -0.0664033142  -0.1225870432   0.0117663933   0.0423949635   0.0011322663
 8  5   0.0166805009  -0.0264561522  -0.0269233648   0.0423942687   0.0007961202
 8  6   0.0029902499   0.0010734675   0.0048961003   0.0063905064  -0.0361951526
 8  7   0.0807185968   0.0000828692  -0.0000313343
 9  1  -0.0030068131  -0.0864614382   0.1066342840   0.1844942219  -0.1306028151
 9  2   0.2320337732  -0.0079235044  -0.0256733282   0.0855991946  -0.0424822931
 9  3   0.0193623724  -0.3924775356   0.0508116142   0.0562493194  -0.0149083833
 9  4   0.0582093258  -0.0691237902   0.0249065560  -0.0128471121  -0.0161107120
 9  5  -0.0887204060  -0.0501297048  -0.0153640273  -0.0437609780  -0.0040659690
 9  6  -0.0024711661   0.0002237301   0.0019312867  -0.0107962934   0.0431576501
 9  7   0.0423083779  -0.0001132581  -0.0000017497
10  1  -0.0809927459  -0.1129190094  -0.1546670773   0.0973177525   0.1913254091
10  2   0.0845818259   0.0851669426   0.0342933507  -0.0873031068   0.0445949177
10  3  -0.0546769839  -0.0824712427  -0.0049046606   0.0017351284  -0.0120498294
10  4  -0.0043206724  -0.0005699740  -0.0035463990   0.0054499610   0.0002685209
10  5  -0.0020307023  -0.0008016936  -0.0004804245   0.0007422755  -0.0005650015
10  6   0.0001624936  -0.0030445964   0.0000165161   0.0001534521  -0.0001604601
10  7   0.0000500709   0.0000171775  -0.0000082331
11  1  -0.0798714671  -0.1022821042   0.0672985412   0.0893767326   0.0545681904
11  2  -0.4009298023  -0.1044088119  -0.0055999650   0.0113294326   0.0026216378
11  3  -0.0142439281  -0.0503274860   0.0016861692   0.0012770792   0.0069116854
11  4   0.0180846025   0.0196345777  -0.0083091641  -0.0064354852  -0.0123163016
11  5   0.0074044076  -0.0009519026  -0.0001663156   0.0010898132  -0.0005094123
11  6  -0.0003214959  -0.0308117041   0.0000086884   0.0000999971  -0.0002746195
11  7   0.0003427267   0.0000364836   0.0000322871
12  1  -0.1787995432  -0.0664615594  -0.0013551792   0.1640603782  -0.1172415626
12  2   0.1703740650  -0.0456383918   0.0183847122   0.0345062105  -0.0101508526
12  3   0.0309733013   0.1781709388   0.0052632304  -0.0146864636   0.0237423233
12  4   0.0010327160   0.0274911501  -0.0043988189   0.0015813783  -0.0116091647
12  5  -0.0027519269  -0.0014428791  -0.0015364395  -0.0032126842   0.0001382547
12  6   0.0001889982  -0.0054574306   0.0000632812  -0.0002766299   0.0000582031
12  7  -0.0001513759  -0.0000053529   0.0000558812
13  1  -0.0314886526   0.1778305115   0.0767024950  -0.0133080644   0.3556792139
13  2   0.1912557952  -0.2276089973   0.1248194043   0.0858214552  -0.1647645996
13  3  -0.2642442283   0.0178022026   0.0720533151   0.1510926349   0.0592194879
13  4  -0.1314298233   0.0301319930  -0.0829814602  -0.0660406761   0.0132112604
13  5  -0.0185265361   0.0130579757  -0.0252664080   0.0095785905  -0.0011893285
13  6  -0.0109040406  -0.0000107142  -0.0062079466  -0.0055216953  -0.0005980265
13  7   0.0001995682   0.6007253515  -0.7257428349
14  1  -0.0366083103   0.3968971783   0.0248321934   0.2463312424   0.1122657284
14  2   0.0256902292  -0.1273517026   0.0628112335   0.0042502717  -0.0314096421
14  3  -0.2586220886  -0.0960293633   0.0861051878   0.1903346387   0.3915758701
14  4  -0.4608351281  -0.0762947417  -0.4442652312  -0.4314498016  -0.0340676557
14  5  -0.1850890589   0.2472961560  -0.2735846841   0.0573114645  -0.0333788395
14  6  -0.4487774964   0.0012518418  -0.0032395217  -0.0026399882  -0.0015548948
14  7  -0.0008699467  -0.1536128045   0.1858972017
15  1  -0.1240916387   0.0266529472   0.4821457433  -0.1943530334   0.1444043309
15  2  -0.0221623785   0.1277767898   0.4496280334  -0.2336849946  -0.5528143501
15  3  -0.1615691882   0.0013860578   0.0706784077   0.3424838544   0.1465952475
15  4  -0.1085503602   0.0968855663  -0.1510274932   0.0209702145   0.0847536918
15  5   0.0213867014  -0.0714039099  -0.0092714330   0.0033999350   0.0105036305
15  6   0.5342913641  -0.0017110096   0.0051257340   0.0003018660   0.0009181715
15  7  -0.0015946440  -0.1671768252   0.1563052633
16  1  -0.1629412139   0.1915093724  -0.0762112799   0.0326290816   0.3259081240
16  2   0.1898040901  -0.0526499030  -0.4310200920   0.3862350117   0.4745697220
16  3  -0.1276815518   0.0549382514   0.0218362252   0.3350797799   0.1711861612
16  4  -0.1932974045   0.0809693863  -0.1878250022  -0.0908276322   0.0877333505
16  5  -0.0251398690  -0.0257690820  -0.0691768697   0.0110048376   0.0183612928
16  6   0.5763840637  -0.0023143195   0.0074073709  -0.0044169193  -0.0016071575
16  7  -0.0003326765  -0.1733181343  -0.1089038139
17  1  -0.1540209982   0.2580689945   0.0465941419   0.1246134956   0.1427735838
17  2  -0.1858506221   0.3003619950  -0.0156224269   0.0631531690  -0.0019666545
17  3   0.1962897375   0.0445503399  -0.1037880299   0.5283621727   0.3456116292
17  4   0.1051821719  -0.0026457657  -0.2115962589   0.4242695240   0.1236229962
17  5   0.2518213743  -0.3322860572   0.2229766581  -0.0528611510  -0.0113363554
17  6  -0.4084843719   0.0004698431  -0.0001347940  -0.0018467858   0.0000590930
17  7  -0.0004022482  -0.2597299735  -0.2169556949
18  1  -0.2661944965   0.0285734491   0.3303311390  -0.1585575350   0.1170850927
18  2  -0.0416410217   0.3461514745  -0.1127560656   0.0894132312   0.1165623162
18  3   0.0277906296   0.0509626374  -0.0262310944   0.2971839795   0.1215431802
18  4  -0.0096769008   0.0449795908  -0.0482552307   0.0990695711   0.0459835579
18  5   0.0547715852  -0.0668021477   0.0312891342  -0.0070390173  -0.0050544585
18  6  -0.0455300311   0.0017838439  -0.0019071151   0.0185181188   0.0049169468
18  7   0.0020106985   0.6976083130   0.5904815342
19  1   0.2314855060  -0.1726097501   0.1928673748  -0.0033095206   0.2480307714
19  2   0.0782863531  -0.1115776331   0.0176048370  -0.1904233110   0.0881282986
19  3   0.0441150159   0.5728623244  -0.1364595981   0.2181911691  -0.0824285848
19  4   0.3086016724  -0.2988996321  -0.1434747310  -0.4607834197  -0.0832254701
19  5  -0.2579254779  -0.2178392424   0.4106679393  -0.0025120136  -0.3912585943
19  6   0.0067336979   0.0001396565   0.0731906015   0.3506688080   0.0880403599
19  7   0.0069509326  -0.0020910542  -0.0059222775
20  1   0.1754787531   0.2340262144   0.0173267780   0.3626930851  -0.0064899061
20  2   0.0858900075  -0.2223966560   0.0368651940  -0.1403058139   0.0654374164
20  3   0.0226185939   0.0002831187  -0.0843182545   0.2890143144   0.1124673627
20  4   0.2077425054   0.0547879826   0.4322367362   0.3485996142  -0.0773118048
20  5   0.0164403736   0.4375214526  -0.4675796153   0.0826197019  -0.4499242616
20  6   0.0442590371  -0.0003343238   0.0670597263   0.2998468620   0.0707740600
20  7   0.0043645947  -0.0021732629  -0.0055967944
21  1   0.1887116248  -0.0789270073   0.3573125637   0.0990197441  -0.0666518679
21  2   0.2367324881  -0.2450405350   0.0108925711  -0.2574906311   0.1531310152
21  3  -0.1377498607   0.1403902646  -0.0568373070   0.1019983444   0.0668984816
21  4   0.1060728292  -0.1005108983   0.0374390143   0.0064007741  -0.0267132885
21  5  -0.0073814313   0.0135359542   0.0556596270   0.0041537767  -0.3699834084
21  6   0.0151455016   0.0006709804  -0.2127629828  -0.8230367404  -0.1987330908
21  7  -0.0143186543   0.0088335301   0.0138457611
22  1   0.0560952173  -0.2044065986  -0.0405507133   0.0737669471   0.1824067178
22  2   0.0583993530   0.1244007294  -0.0462955190   0.2135536381  -0.1198827203
22  3   0.3329299486  -0.2139704826   0.1446677820  -0.0542501442  -0.2171845185
22  4  -0.2350006958   0.1790578786  -0.4468326722   0.1890682913  -0.0272098568
22  5  -0.0199266394   0.4178975018   0.4833098362  -0.0064967578  -0.3212436097
22  6   0.0167037582  -0.0008335155   0.4791327504  -0.1114226212  -0.0290792520
22  7  -0.0354568420   0.0042237373   0.0000389185
23  1  -0.1688004739   0.3460679937   0.0412237696   0.1356839143   0.1628433864
23  2  -0.1303938366   0.1698007279   0.0196307390   0.0656013212  -0.0321488955
23  3   0.0986823518  -0.1036426622  -0.0025947952  -0.2408304715  -0.1204597381
23  4  -0.0774378735   0.3074254263   0.2241169749  -0.2283685143   0.3528401972
23  5   0.1037708143  -0.4828485129  -0.3851481363   0.0188150883  -0.3856030530
23  6  -0.0420116440  -0.0006452339   0.4328155624  -0.0963524820  -0.0255051605
23  7  -0.0286186619  -0.0004246855   0.0005356676
24  1   0.2338270626  -0.0865844402   0.3735930385   0.1135344850  -0.0768362391
24  2   0.2579377780  -0.2991729817   0.0196759440  -0.3181885746   0.1722324704
24  3  -0.1510002236   0.1956082098  -0.0862058529   0.1806121457   0.0864723595
24  4   0.1751692487  -0.1251603767   0.0743819774   0.0092192755  -0.0663337788
24  5  -0.0326874916   0.0237931223  -0.0843539796  -0.0090575677   0.4932744417
24  6  -0.0223718386  -0.0007275212   0.7199893664  -0.1403557006  -0.0402864300
24  7  -0.0497725699   0.0076930157   0.0009544490
25  1   0.1783646646  -0.1062567325   0.1667967697  -0.0039301292   0.2674799508
25  2   0.0995152002  -0.0642635899  -0.0179419556  -0.0509597601   0.0154828037
25  3   0.3027475165  -0.0421374637   0.0681400268  -0.0147087951   0.0377292007
25  4  -0.3276300114   0.1438015860   0.0720919706   0.2226590573  -0.5600177939
25  5  -0.3701775783  -0.3598662109  -0.1091295841   0.1919172430  -0.0216185811
25  6   0.0042770748  -0.0035413653  -0.0243783047   0.0968206451  -0.3404666950
25  7  -0.3822472199   0.0011269215  -0.0001436706
26  1   0.3510131720  -0.1733505399   0.0320727051   0.3907961326  -0.1467203259
26  2  -0.0764165666   0.3298778835  -0.0830191448   0.1867648320  -0.1376165240
26  3  -0.4965301662   0.1061902260  -0.3705750699  -0.0512728519   0.0302645406
26  4   0.0847846065   0.2876473588  -0.1161314992  -0.0065703867   0.0296041850
26  5  -0.1046044055   0.0720447025  -0.0533978017  -0.6478473457  -0.0218037452
26  6  -0.0038554128   0.0005733636  -0.0194451198   0.0821479907  -0.2822849022
26  7  -0.2946041958   0.0005675214   0.0003193010
27  1  -0.1476645833  -0.0655785085   0.0378125722   0.1514298269  -0.1077671522
27  2   0.1718629354  -0.0471689262   0.0076319994   0.0651426587  -0.0134984961
27  3   0.1118892119  -0.2806242103   0.2404773859   0.0869477150  -0.0051101702
27  4   0.1405439817  -0.4270618280   0.1630061959  -0.1831688519   0.3470281382
27  5   0.3147673157   0.1530304142   0.0898121499   0.1734807036   0.0259601577
27  6   0.0023860290  -0.0035452879  -0.0383420145   0.1400428757  -0.4840247470
27  7  -0.5435974592   0.0008299853  -0.0000848575
28  1   0.2284408951  -0.3699080093   0.0732658564   0.0600816235   0.1450664024
28  2   0.0073764679   0.0891316642  -0.0482558459   0.1665945664  -0.0927930229
28  3  -0.2000200117   0.0749445331  -0.1697428919  -0.2111183418   0.5235696028
28  4   0.0672401435   0.1235371679   0.1855936717   0.1623487074   0.4842677079
28  5  -0.5522631965   0.0432713542   0.1723935543   0.4389280498   0.0415973984
28  6  -0.0252979630   0.0009072454  -0.0022380817   0.0096117082  -0.0552207650
28  7   0.0613672574  -0.0010888938   0.0004520746
29  1   0.1666856520  -0.0543218801   0.0403276191   0.2840285001  -0.0469742268
29  2  -0.1462665550   0.1750322365  -0.0360254536   0.0443573556  -0.0329245980
29  3  -0.1611337589   0.1915665222   0.0365040641   0.0012671807  -0.0871815243
29  4  -0.0491923870  -0.0812563776   0.0041120775   0.0496450725   0.0315340456
29  5  -0.0135462822  -0.0196905979  -0.0138493146   0.1037548018   0.0074609832
29  6  -0.0001483781  -0.0139342956  -0.0371995484  -0.1569816747   0.7112829597
29  7  -0.6723469634   0.0001527210   0.0005607429
30  1   0.1930185423  -0.1413493695   0.0794732819   0.3269367687  -0.2326939547
30  2   0.3702427154   0.1751885374  -0.0772064608   0.1797766152  -0.1431069769
30  3  -0.2557501133  -0.3579378871  -0.4625565849   0.0384603726  -0.0490264523
30  4   0.1033763803   0.3188168892  -0.1359043913  -0.2247246907  -0.3174731902
30  5   0.4780066095  -0.0050634027   0.0561745727   0.5363042721   0.0112673519
30  6   0.0122661912   0.0023721124   0.0035323508   0.0047807494  -0.0295131159
30  7   0.0408513387   0.0001410143  -0.0003030595
31  1  -0.1708068257   0.1146897153  -0.1309581286   0.0598646122   0.2839454491
31  2   0.1618716703  -0.0213551307  -0.6851284704  -0.5349285304  -0.4601072802
31  3  -0.1053404446   0.1215595714   0.3110028975  -0.0732500450   0.2064030000
31  4   0.2408090117   0.1957075427  -0.0625536732  -0.0372436226  -0.0729497225
31  5   0.0421858312   0.0022491639  -0.0023871198  -0.0038330284  -0.0082947940
31  6  -0.0128952473   0.0942520346   0.0009235177   0.0002213548   0.0008939708
31  7  -0.0034092151   0.0010790677   0.0003271678
32  1  -0.0256534088  -0.1358329168   0.0647581668   0.1211467268   0.0254535865
32  2  -0.3792477068  -0.0406187417   0.1143471855   0.0987173497   0.0942216535
32  3  -0.0233008282  -0.0187362365   0.0796288753  -0.0134885576   0.0603585236
32  4   0.0764274454   0.0856525553  -0.0279022100  -0.0194077124  -0.0385684316
32  5   0.0174450621  -0.0025806747  -0.0008296954   0.0029846215  -0.0003046217
32  6   0.0038263324   0.9796280392   0.0006007986  -0.0011465127   0.0075899407
32  7  -0.0138038626  -0.0016643354  -0.0014458697
33  1  -0.4440750480   0.0000000000   0.0000000000   0.0000000000   0.0000000000
33  2   0.0000000000  -0.3465335175  -0.2668814508  -0.2203271626  -0.2484801433
33  3   0.1150076081  -0.1101925526  -0.5930379730   0.1121032128  -0.3993143657
33  4  -0.4683011407  -0.4536362660   0.1446525394   0.1025223912   0.1776403562
33  5  -0.0906268528   0.0034026106   0.0029752385  -0.0044758527   0.0034753506
33  6   0.0014279017   0.1738221260   0.0003215824   0.0002096196  -0.0011344485
33  7   0.0012692430  -0.0003620682  -0.0001809265
$end
