$coord
-6.81352618513107 3.08560036685894 3.12025236984943 o
-9.30046487510176 1.87605294284047 3.49764290939969 s
-10.62028879547787 2.36751389881316 5.90732090423826 o
-11.15389576009894 2.72140851774216 1.15237807118811 o
-9.23892272009639 -1.48693737304294 2.88880696304065 c
-7.90195795174494 -2.24295510050025 0.44849949287795 c
-5.02083522914821 -2.34124629292683 0.64168401392921 c
-3.79646127099286 -3.1555551426238 -1.84770853713095 c
-0.94412954142579 -3.61546325761877 -1.66960290236979 c
0.61943970763157 -1.27375618992053 -1.01609670792846 c
3.46242641646148 -1.7890936256859 -1.01276409105622 c
5.05772898464294 0.52142026211917 -0.33661437350028 c
7.89599479200494 -0.03146867381618 -0.34995950896616 c
9.56012399618019 2.17968251156602 0.50721440572981 c
9.44519059505685 4.43377804013928 -1.28469824653673 c
11.68985562971687 6.89655163660346 -0.1948232780254 s
-10.98541278612379 4.53332564641099 0.8714962948017 h
-8.33043875239299 -2.26204861574473 4.56941873080684 h
-11.2282851863841 -2.017583011833 2.91039163426568 h
-8.48548788302337 -0.99472652593042 -1.08933840030437 h
-8.61806292710411 -4.12042754512647 -0.03359054459051 h
-4.49374753648744 -3.67709121494881 2.13400135975012 h
-4.30357380403632 -0.49579114433714006 1.21510819634666 h
-4.70916379002598 -4.89413879516186 -2.50375086786957 h
-4.17277914071001 -1.72050311848306 -3.29394506046806 h
-0.58297287926668 -5.08903639092785 -0.2580888515177 h
-0.28091890833127 -4.37217461947969 -3.47873295137594 h
0.19517863926138 0.23001042770201 -2.37780537717845 h
0.06597357954501 -0.55050530095268 0.84148582073939 h
3.8750904507210207 -3.31539995269912 0.3266454973259 h
4.0305226118511 -2.48645904252822 -2.87947923163042 h
4.50937812629716 1.20835089771232 1.54004676610599 h
4.62484049703854 2.04668436746564 -1.66591018888299 h
8.26741418739542 -1.63977912770561 0.89796514384957 h
8.47344883170434 -0.6240153445282 -2.2486253783277 h
11.51784077971982 1.52957335399371 0.64805240929523 h
8.98999400485537 2.77673524339715 2.40438260068817 h
7.566827671669501 5.26769181183952 -1.33092043234157 h
9.97655477285879 3.8721951691541197 -3.19338387095505 h
11.15750164849388 8.64958031216262 -1.9726519401346503 h
$user-defined bonds 
 
$end
