$dipgrad          cartesian dipole gradients
  -.11683276743663D+01  0.33704441175688D-01  0.33618900086439D-01
  0.13904542743624D+00  -.31327808794133D+00  -.19266086593350D-01
  0.73571935344024D-01  -.17565132799691D-01  -.27975385766126D+00
  0.19765044271343D+01  -.13912354238599D+00  -.95100111881388D-01
  0.77710909539981D-02  0.11709452856257D+01  0.37494020308199D+00
  -.37662740963607D-01  0.37822271671502D+00  0.36588017750783D+00
  -.66606716534141D+00  0.32883808678431D+00  0.13826247190676D+00
  -.14371568932378D+00  -.11625447194608D+01  -.35363090502487D+00
  -.46990835964518D-01  -.36458317366841D+00  -.39662275981065D+00
  0.12000979157871D+01  0.10655858651543D+00  0.25240914876650D-01
  0.35081015020443D+00  0.19263637837843D+01  0.59730789095455D+00
  0.12112398233666D+00  0.60327591499652D+00  0.62312143400332D+00
  -.56314880321059D+00  -.21026647247551D+00  -.79400038506524D-01
  -.27071931501783D+00  -.13691899284158D+01  -.37110289493352D+00
  -.10311107972799D+00  -.37268945791500D+00  -.55500525946128D+00
  -.28014299391951D+00  -.87252955964476D+00  -.33973060615300D+00
  -.77056669444322D+00  -.59341814335213D+00  -.17366661594447D+00
  -.30054323687439D+00  -.17082836830873D+00  -.16677655481011D+00
  0.19499640081293D+01  0.40633164582579D+00  0.12271783268815D+00
  0.38611797819673D-01  0.12295742567262D+01  0.35753337702533D+00
  -.21552180970655D-01  0.34987699620011D+00  0.45163963890810D+00
  -.14337749417316D+01  -.32505877602840D+00  -.10332265841731D+00
  -.20675502882205D+00  -.55687038168977D+00  -.74638104319285D-01
  -.56822803365140D-01  -.71802719870942D-01  -.38181447118100D+00
  -.40297993192263D+00  0.22670750175570D+00  0.97161843726943D-01
  0.24386850927887D+00  -.32565598583120D+00  -.12004968839743D+00
  0.10535046908441D+00  -.12018508539558D+00  -.83376151822597D-01
  -.13261149196338D+01  0.46054134026789D+00  0.20446639734134D+00
  0.63072299324833D+00  -.50624013461623D+00  -.84403411883193D-01
  0.27271926642952D+00  -.80837221163504D-01  -.36268753504624D+00
  0.76764056816432D-01  0.14620108794045D-01  0.80675462384665D-02
  0.21090322291180D-01  0.79014361774020D-01  -.41488332966825D-01
  0.10785044887124D-01  -.41401995912313D-01  0.16703879650588D+00
  0.24187241973841D+00  0.53338547477856D-01  0.22181031241814D-01
  0.56352248684424D-01  0.17954864100876D+00  -.50050996009476D-01
  0.23597926696006D-01  -.49923455993869D-01  0.28349954878761D+00
  0.39535360243696D+00  -.83661908062326D-01  -.34163523148461D-01
  -.96515812310125D-01  0.24175105230506D+00  -.41484434989469D-01
  -.40465746911404D-01  -.41559016883730D-01  0.33485699399707D+00
$end
