$vibrational normal modes
 1  1   0.0437849282   0.0710109039   0.0122820652   0.0332214248   0.2769771891
 1  2  -0.1916393594  -0.0009695060  -0.0019130572   0.0043244845   0.0039734900
 1  3  -0.0040292276   0.0084891202   0.0689936224  -0.0511114558  -0.0010343691
 1  4  -0.1346654827   0.0742759913   0.0032322837  -0.0448636358   0.1956328036
 1  5   0.0017941369   0.0014908662   0.0031784541  -0.0361841891  -0.1522805764
 1  6   0.0144337528  -0.0329034054  -0.0758036135  -0.0546630221   0.2105300169
 1  7  -0.1259485310   0.1101034720  -0.0197527550  -0.2801780627   0.2848837280
 1  8  -0.0626757750   0.0150727597  -0.0010327103  -0.0012735183
 2  1  -0.0246721311   0.1508304581  -0.2288556670  -0.0955439247  -0.0326405091
 2  2  -0.0222504180   0.0170984226   0.0334455135  -0.0756738096  -0.0689191177
 2  3   0.0711681134   0.0185771961   0.1102119699  -0.1357435819   0.0054526792
 2  4  -0.0422052685   0.3180937083  -0.0629991282   0.2015588692  -0.1147698419
 2  5  -0.0086757974  -0.0353719622  -0.0555911624   0.2587890521  -0.1724999797
 2  6  -0.1834563397  -0.0413352246   0.0366759425   0.0917571330  -0.0355657887
 2  7   0.0071934548  -0.0979982966  -0.0993320149  -0.0723299783  -0.0317965554
 2  8   0.0105302360   0.0806100625  -0.0005018977  -0.0002793107
 3  1   0.1626105237   0.2154819239   0.2432611362   0.0458431714  -0.0275802255
 3  2   0.1169988522  -0.0437118733  -0.0847836143   0.1927997488   0.1756678214
 3  3  -0.1813613843   0.0071011739   0.0414946275  -0.0524363622  -0.0146759055
 3  4  -0.0130098855   0.1237005528   0.1607883234   0.0800817668  -0.0493348119
 3  5   0.0197152851   0.0914491309   0.1418788483   0.1016200785  -0.0643015636
 3  6  -0.0722601059  -0.0154534175   0.0160730135   0.0371736283  -0.0187256980
 3  7   0.0056312700  -0.0409265924  -0.0385316845  -0.0222249871  -0.0188380114
 3  8   0.0055451105   0.0313170602  -0.0001739278  -0.0000791628
 4  1   0.0334984494   0.0583402065   0.0231540698  -0.0203498829   0.2582355559
 4  2  -0.1601217887   0.0003415223  -0.0011435932   0.0010177589  -0.0002088601
 4  3  -0.0016139086   0.0180541532   0.0559084898  -0.0240441803   0.0007203847
 4  4  -0.2551764501   0.1876233777  -0.0099254338  -0.1470097566   0.0782598365
 4  5   0.0016760953  -0.0003608988  -0.0002357097   0.0802364144  -0.0377190546
 4  6  -0.0074307613   0.0527480731   0.0771610786  -0.0391785184   0.1663972884
 4  7   0.0645639727   0.0279296787  -0.0033639720   0.4727685338  -0.1385047665
 4  8   0.0208028068  -0.0039477615   0.0003818477   0.0011799032
 5  1  -0.0426058657   0.2203347798  -0.2146128534   0.0622660781   0.0223534564
 5  2  -0.0718349344  -0.0057537579   0.0209379021  -0.0177308529   0.0056284899
 5  3   0.0283017932   0.0076151924   0.0826849275  -0.0471539359  -0.0359345303
 5  4   0.2330160324   0.1942918610   0.1716658077   0.1058831595   0.1422284097
 5  5  -0.0166818887   0.0018635608   0.0048875290  -0.0313695968  -0.0162286131
 5  6   0.0435574476  -0.0309358844   0.0612839734  -0.0253395590  -0.1459490174
 5  7  -0.1253663989   0.1042072279   0.3216837873   0.0761958032  -0.0296406550
 5  8  -0.0113776225  -0.0012444409  -0.0014269013   0.0024117427
 6  1   0.2988030333   0.1084250866   0.1134531659   0.0014139677  -0.0424784280
 6  2   0.0133435468   0.0145843409  -0.0529927845   0.0447516890  -0.0140476716
 6  3  -0.0723275258   0.0027549954   0.0312083715  -0.0178199871   0.0951579940
 6  4   0.0924382765   0.0710018310  -0.4374377154   0.0451419899   0.0528644066
 6  5   0.0453131250  -0.0058994236  -0.0125731075  -0.0132605691  -0.0056228879
 6  6   0.0170407849  -0.0131084123   0.0223048295  -0.0087194259  -0.0609132130
 6  7  -0.0508523228   0.0404385975   0.1266394205   0.0196123526  -0.0086616403
 6  8  -0.0049169365  -0.0003984638  -0.0005700203   0.0009311467
 7  1  -0.0024141943   0.0293306982   0.0570829670  -0.1616139773   0.2077011777
 7  2  -0.0744597123   0.0008391720  -0.0112399958  -0.0015074524  -0.0056160471
 7  3  -0.0022131075  -0.0030356309   0.1708954527   0.0178188295  -0.0015144583
 7  4   0.0335751196   0.3051316614   0.0013213156  -0.0497171423  -0.1571614845
 7  5  -0.0000880159   0.0020705989  -0.0012915329  -0.3249777894   0.1242161467
 7  6  -0.0842371398   0.3244145678  -0.0023038787   0.0045872988  -0.0207856568
 7  7   0.0859210434   0.0425296069   0.0110800435  -0.1091604200   0.0296211715
 7  8  -0.0328720880  -0.0000729184   0.0689740292  -0.0002964867
 8  1  -0.0266446726   0.2567408757  -0.1755126447   0.1211687134   0.0618050865
 8  2  -0.0173201166  -0.0142135207   0.2003157107   0.0264280983   0.1036421160
 8  3   0.0381974327  -0.0044709635   0.1138110643  -0.0405688333   0.0309476964
 8  4   0.1384315809   0.1068014706  -0.0307223931  -0.0450695741   0.1113684039
 8  5  -0.0144823461  -0.0369542422   0.0154825940   0.0458865493   0.2425556678
 8  6   0.0918961319  -0.1490003455  -0.0417978800   0.0240269879  -0.0088660639
 8  7  -0.0752731660  -0.0156854087  -0.2376871737   0.0317774427   0.0199949712
 8  8   0.1329494792  -0.0007205275   0.0242807756   0.0003014432
 9  1   0.2752103753   0.0289199195  -0.0035434841  -0.0814103133  -0.1193597600
 9  2  -0.1684049252   0.0359621525  -0.5093199704  -0.0672360211  -0.2635210539
 9  3  -0.0974674387  -0.0019641389   0.0406361332  -0.0167493322  -0.0764280675
 9  4   0.0576590826   0.0357706626   0.0775870793  -0.0166701661   0.0472454186
 9  5   0.0393448236   0.0929261272  -0.0393727003   0.0250299009   0.0926453843
 9  6   0.0379983297  -0.0656627668  -0.0164306935   0.0093072386  -0.0030731976
 9  7  -0.0315239280  -0.0070626155  -0.0937365019   0.0148919503   0.0072239130
 9  8   0.0530174512  -0.0002822341   0.0080514571   0.0001253028
10  1  -0.0309349385   0.0105053323   0.0829137961  -0.2611386796   0.1716901740
10  2  -0.0131732989  -0.0000091589  -0.0036921187   0.0000601120   0.0011315892
10  3   0.0006630777  -0.0806789733   0.0322653937   0.0002851734   0.0001143850
10  4   0.1490472447   0.0507764768   0.0000282657  -0.0564319877  -0.2403148271
10  5  -0.0032776527  -0.0091568614   0.0026324289  -0.1980976622  -0.0462876072
10  6   0.0818668644  -0.3494318405  -0.0768480617  -0.0439092264   0.0559238077
10  7  -0.1523237198  -0.2562467810   0.0542867095   0.0862455487  -0.1094518120
10  8  -0.1029018968  -0.0003967236  -0.0002214605  -0.0000623612
11  1   0.0082012436   0.2275112063  -0.1474301716   0.0292185452   0.0501420901
11  2   0.0902068671   0.0037590609   0.0627509127  -0.0005166656  -0.0192921370
11  3  -0.0115920841  -0.1411819050   0.0690597444  -0.1151063570   0.0143372511
11  4   0.1181582492  -0.1939154037   0.0012499773  -0.2832806607  -0.0219192970
11  5   0.0307402411   0.1747096916  -0.0528514624   0.0560230307  -0.0078877468
11  6  -0.0728788737   0.0491935807  -0.0055556693  -0.0080871659  -0.0202523596
11  7   0.0022605225   0.0800581968  -0.0701754442  -0.0003083642  -0.2020229681
11  8  -0.5819480632   0.0000657527   0.0005884136  -0.0002702528
12  1   0.1156546033   0.0486474522  -0.0018246232  -0.1269370279  -0.1875626808
12  2  -0.2622412305  -0.0090278152  -0.1595271580   0.0012198558   0.0493278088
12  3   0.0294543525  -0.0539944303   0.0262821913  -0.0453037685  -0.0348593247
12  4   0.0450957718  -0.0772706581  -0.0025370141  -0.1098447102  -0.0039127711
12  5  -0.0783926780  -0.4436066176   0.1344282523   0.0264855486  -0.0020919535
12  6  -0.0304700659   0.0268767773  -0.0005262466  -0.0022715205  -0.0092273745
12  7   0.0041532017   0.0370732448  -0.0288255565  -0.0019777891  -0.0772227091
12  8  -0.2269368783   0.0000341066   0.0002367677  -0.0001050887
13  1  -0.0628098828  -0.0151171273   0.1129948368  -0.3861431569   0.1269601929
13  2   0.0626568454  -0.0070143322   0.0016447084   0.0010112508   0.0034275786
13  3   0.0018356624  -0.3004647322  -0.3418701542  -0.3932003523   0.0012482432
13  4   0.2299434203   0.0939998023  -0.0002575805  -0.0625725314   0.1170831396
13  5   0.0014219854   0.0030583134  -0.0008190686   0.0996915014   0.0394105086
13  6  -0.0588436949   0.0260112453  -0.0164264979  -0.0086248394  -0.0051180914
13  7   0.0248520226   0.0249604460  -0.0008371153  -0.0101424444   0.0317636165
13  8   0.0627120562   0.0000311971   0.0001164969   0.0000389511
14  1   0.0223347037   0.2598265349  -0.1127662005   0.0815346891   0.0851463586
14  2   0.1384873921   0.1353679946  -0.0284559415  -0.0196253322  -0.0580837162
14  3  -0.0305999185  -0.1123940358   0.1292342087  -0.0578809401   0.0056055123
14  4   0.1211934016  -0.2296031844   0.0052863070  -0.3474403908  -0.0808495619
14  5  -0.0107741269  -0.0591563642   0.0164128305   0.0437948116  -0.0373998326
14  6  -0.1260448285   0.0331264268  -0.0327066946  -0.0269068416   0.0294701234
14  7   0.0551387005  -0.0470347610   0.0983215653  -0.0097848461   0.1256540829
14  8   0.3237256491  -0.0000684182   0.0002055945   0.0001639315
15  1   0.0949253612  -0.0217907102  -0.1054500906  -0.2002467368  -0.2555850384
15  2  -0.4231173948  -0.3431318108   0.0718177968   0.0497403052   0.1477680353
15  3   0.0776610259  -0.0374522540   0.0582805004  -0.0140639336  -0.0127972476
15  4   0.0436823664  -0.0923876935  -0.0125532515  -0.1356197530  -0.0341290142
15  5   0.0259129920   0.1505131201  -0.0415049218   0.0150717920  -0.0155788635
15  6  -0.0483717087   0.0124689678  -0.0125433056  -0.0104189903   0.0117073546
15  7   0.0211937880  -0.0190689946   0.0387466505  -0.0036389476   0.0488012053
15  8   0.1261507710  -0.0000283472   0.0000779298   0.0000635035
16  1  -0.0185094405   0.0245459526   0.0701156108  -0.2002292490   0.1930915393
16  2  -0.0492201147   0.0121531928  -0.0042716505  -0.0014590638   0.0048448816
16  3   0.0021179902  -0.1086221631   0.0900143184   0.1504021332   0.0012075776
16  4   0.1975143652  -0.1073682207   0.0003816250  -0.0155353551  -0.0738969827
16  5   0.0012582794   0.0021857723   0.0000638469  -0.0314224560  -0.0630249118
16  6   0.1581114126  -0.2915235521   0.1544571183   0.1413532833   0.0091361760
16  7   0.0994348439   0.1837578125  -0.0369304655  -0.0351726912   0.0956254405
16  8   0.0416514793   0.0001583605  -0.0004679254   0.0001044157
17  1   0.0248357740   0.1569398859  -0.1638564469  -0.1295387537  -0.0063572264
17  2   0.1355544007  -0.2143834147   0.0704167570   0.0251232902  -0.0838185062
17  3  -0.0382651826  -0.0557042300  -0.0287340082  -0.1950427875  -0.0057485347
17  4  -0.1463530611  -0.0962455890  -0.0023525863  -0.0026617342  -0.0617880933
17  5  -0.0313682936  -0.0355303007  -0.0008489033  -0.0227223071  -0.0625581194
17  6   0.3207573631   0.3602681828   0.0829436240   0.0330602308   0.0122873262
17  7  -0.0811201693  -0.0767143188  -0.0375480894  -0.0168794277   0.0213716259
17  8   0.0488088386  -0.0003471370  -0.0000292666   0.0001063504
18  1  -0.0169189114   0.1585786948   0.1326699174  -0.0784084472  -0.1684254214
18  2  -0.1496917608   0.5453354994  -0.1781518196  -0.0638411037   0.2130817683
18  3   0.0974424386  -0.0193063076  -0.0127867525  -0.0791577856   0.0121305693
18  4  -0.0629267577  -0.0357338313   0.0059292634   0.0002088117  -0.0232747367
18  5   0.0786155789   0.0907967030   0.0021764717  -0.0080314457  -0.0231163692
18  6   0.1226551443   0.1483655604   0.0291335348   0.0098296598   0.0045999561
18  7  -0.0341486278  -0.0343053436  -0.0139929344  -0.0058426186   0.0062589553
18  8   0.0182699393  -0.0001389346  -0.0000012789   0.0000387929
19  1   0.0174017144   0.0543611221   0.0359746830  -0.0565458885   0.2444132143
19  2  -0.1361701685  -0.0013532033  -0.0031885443  -0.0002064289   0.0016400794
19  3  -0.0003079333  -0.1427013061   0.0760688762  -0.0520743610  -0.0005580784
19  4  -0.1199644219  -0.2479892603   0.0003611944   0.2446419870   0.0985618940
19  5  -0.0073337099  -0.0001486814  -0.0042011540  -0.0632486106   0.0166488698
19  6  -0.0787756923   0.0132934194   0.0199142832   0.0033190941   0.0099698742
19  7  -0.0226235092  -0.0002422391   0.0025971429  -0.1528806933  -0.7032447783
19  8   0.2010527807   0.0023915488   0.0003447831   0.0004147701
20  1   0.0115635058   0.1132950225  -0.2034153171  -0.2056464837  -0.0511916060
20  2   0.0888104272   0.0190914059   0.0580181648   0.0037477279  -0.0295033122
20  3   0.0045055062  -0.1032246344   0.0279341770  -0.0310646170  -0.0054905226
20  4  -0.2133469905   0.0138689289  -0.0063721925   0.2709415262  -0.2122171219
20  5   0.1324569793   0.0014350659   0.0736590730   0.1664626907   0.0615463124
20  6   0.1287227580  -0.1033580054  -0.1509956136  -0.1112353387   0.0393655365
20  7   0.0873286647   0.1993352644   0.0676719901   0.0004285024  -0.0333104959
20  8   0.0117098984  -0.0012700879  -0.0002339500  -0.0002237407
21  1  -0.0104025035   0.2486954209   0.2619426686   0.0073908576  -0.0919546547
21  2   0.0393268809  -0.0491409464  -0.1475806559  -0.0091000059   0.0748445327
21  3  -0.0112989506  -0.0370730453   0.0091848005  -0.0109867727   0.0106713322
21  4  -0.0817643624   0.0110410846   0.0166167602   0.1004381497  -0.0807888784
21  5  -0.3419264060  -0.0017356063  -0.1877785586   0.0673903358   0.0237916002
21  6   0.0523970237  -0.0408164310  -0.0596313721  -0.0437193671   0.0152322053
21  7   0.0348025158   0.0782024020   0.0264814101   0.0036747717   0.0030312525
21  8   0.0000446179  -0.0005534518  -0.0000995501  -0.0001005683
22  1   0.0224356617   0.0627082966   0.0300863998  -0.0238780185   0.2556848742
22  2  -0.1550298583  -0.0070825290  -0.0026383565  -0.0018277886  -0.0018087409
22  3   0.0028751989  -0.0562176772   0.0846499295  -0.2023446226  -0.0007869858
22  4  -0.1252510715  -0.2924896294  -0.0002825640   0.3609587048   0.0280887951
22  5   0.0023562002   0.0003397119   0.0016615367  -0.0433519418   0.0458473074
22  6  -0.0855388189   0.0085600716  -0.0138998605   0.0194295526  -0.0956478874
22  7   0.0218368577  -0.0836578683   0.0001579073   0.1279295645   0.3717184906
22  8  -0.1103124028  -0.0003810635  -0.0002105984  -0.0001354135
23  1   0.0309190898   0.0514491797  -0.2118485508  -0.3492517319  -0.0986992265
23  2   0.1437178032   0.1171150791   0.0489765649   0.0318742793   0.0291755661
23  3  -0.0498427959  -0.4241340697  -0.0026435162   0.4722980685  -0.0024334073
23  4  -0.2089165995   0.0119465585   0.0052758484   0.0150428519   0.1610501605
23  5  -0.0405499433  -0.0039128857  -0.0262687714  -0.0729504743  -0.0004310854
23  6  -0.0722582583   0.0060781747   0.0006475227   0.0080308667  -0.0176639997
23  7  -0.0149950132  -0.0503033888  -0.0073699024   0.0204892435   0.0788846090
23  8  -0.0253735047   0.0000711016  -0.0000335421  -0.0000013835
24  1  -0.1442489272   0.3408903541   0.3709960007   0.0390367032  -0.0878629029
24  2   0.1146827538  -0.2991425376  -0.1246734118  -0.0809812428  -0.0746576535
24  3   0.1269233289  -0.1656011187  -0.0028191917   0.1899264019   0.0031441416
24  4  -0.0792710424   0.0113325553  -0.0140575079  -0.0022011894   0.0610200571
24  5   0.1062209597   0.0088608846   0.0670618112  -0.0277965263  -0.0012119643
24  6  -0.0264172723   0.0022017900   0.0005835677   0.0027274649  -0.0047335729
24  7  -0.0063922215  -0.0178169196  -0.0028915576   0.0051125919   0.0224571401
24  8  -0.0074338305   0.0000375148  -0.0000082211   0.0000032553
25  1  -0.0458108518   0.0071422691   0.0946789338  -0.2936450051   0.1592235894
25  2   0.0084587723   0.0027858683   0.0095745695   0.0006873740  -0.0044031835
25  3  -0.0025095314   0.4504893858   0.0774552100   0.3031130744   0.0014243255
25  4   0.2559345060  -0.0862947323   0.0004912793   0.0470664334   0.0410006358
25  5   0.0003529861  -0.0001636763   0.0001569070   0.2578088656   0.0121643683
25  6   0.0160099341   0.1844127581  -0.0287300695  -0.0348926474  -0.0003169067
25  7  -0.0235773423  -0.0338869005  -0.0015432619   0.0021581319  -0.0037962742
25  8  -0.0198602558   0.0000083711  -0.0000769694  -0.0000372535
26  1   0.0595755224   0.1251039839  -0.1372796910  -0.2266768019  -0.0204092892
26  2   0.2424689513  -0.0544608180  -0.1668006328  -0.0120725362   0.0727413428
26  3   0.0405463912   0.5717319573  -0.0705685622  -0.1406567519  -0.0048080449
26  4  -0.1933154278  -0.0466170087  -0.0024133278  -0.0670603609   0.0721514740
26  5  -0.0006142170   0.0012950947   0.0012859255  -0.1869944449   0.0034422026
26  6  -0.0624016003  -0.1447186634   0.0106913215   0.0210883009  -0.0045847007
26  7   0.0230670852   0.0255845468   0.0021563601  -0.0044936286  -0.0142417934
26  8   0.0087944225  -0.0000285746   0.0000186042   0.0000291645
27  1  -0.1784414929   0.1833118486   0.1411848474  -0.1200996517  -0.2336094876
27  2  -0.2349848556   0.1387668649   0.4238180608   0.0305226805  -0.1847450999
27  3  -0.1027889063   0.2147027811  -0.0294640607  -0.0620428465   0.0090705833
27  4  -0.0824151945  -0.0163659232   0.0053336383  -0.0275460189   0.0273885269
27  5   0.0031445689  -0.0041227788  -0.0034054253  -0.0794703763   0.0010611623
27  6  -0.0249654059  -0.0613091796   0.0048760407   0.0091210674  -0.0018021324
27  7   0.0096660837   0.0109173827   0.0009010415  -0.0018310338  -0.0054934838
27  8   0.0039041033  -0.0000112837   0.0000091854   0.0000126225
28  1   0.0583225479   0.0739185790   0.0008847105   0.0638496693   0.2887895670
28  2  -0.2121729844   0.0009124900   0.0108373345  -0.0019730679  -0.0001651902
28  3   0.0018334875   0.0642885152  -0.2561970752   0.1780826205  -0.0027495217
28  4  -0.3408323482   0.0364783435   0.0016575047  -0.2546290464  -0.1136041188
28  5  -0.0012120558   0.0005661043   0.0003285323   0.1512427076   0.0549717448
28  6   0.0173540686  -0.0505601471   0.0026178585   0.0284950636  -0.1514513915
28  7  -0.0402632635  -0.0063305457   0.0432111891  -0.0874154681   0.0077844760
28  8   0.0027228946   0.0003883721  -0.0007233784   0.0560206039
29  1  -0.0764028740   0.2549649014  -0.2385408956   0.1641895080   0.0393149537
29  2  -0.1754615487  -0.0125265312  -0.1951115800   0.0391021834  -0.0012940194
29  3  -0.0258518193   0.0627788032  -0.3051253016   0.1941952039   0.0229567755
29  4   0.2473618144  -0.0115314338  -0.0249412491   0.2017067540  -0.0462442505
29  5   0.0096159512  -0.0047638643  -0.0052196955  -0.1350322731  -0.0492946341
29  6  -0.0145764933   0.0261390378   0.0484051690  -0.0860310504   0.0597734816
29  7   0.0810962386  -0.0398674858  -0.0669206727  -0.0042597375   0.0065674796
29  8  -0.0096803964   0.0002785492  -0.0001778749   0.0263496489
30  1   0.4597035724   0.0780099557   0.0967525526   0.0376110544   0.0177726292
30  2   0.0865413972   0.0321916794   0.4953061207  -0.0990165413   0.0024870998
30  3   0.0662539435   0.0231925508  -0.1143033736   0.0724024347  -0.0534693695
30  4   0.1078235169  -0.0049621126   0.0639060763   0.0848878468  -0.0151865536
30  5  -0.0254735222   0.0123858730   0.0129833661  -0.0566031980  -0.0206143030
30  6  -0.0060068846   0.0111599271   0.0191151463  -0.0348144663   0.0268006714
30  7   0.0329040377  -0.0156580676  -0.0274034787   0.0000984858   0.0024936687
30  8  -0.0038877719   0.0001023055  -0.0000565792   0.0093715972
31  1   0.0721200120   0.0939182400  -0.0144928225   0.1447354153   0.3168672446
31  2  -0.2592568936  -0.0007178130   0.0025134232   0.0069409627   0.0041008215
31  3  -0.0003253809   0.0433642329   0.1462330229   0.0101222141  -0.0019493400
31  4   0.2210207270   0.3164606943   0.0039176696  -0.2786825443   0.5746549010
31  5   0.0213451928  -0.0180451765  -0.0190077156  -0.3501399826  -0.7304640764
31  6   0.6064224099   0.0567996582  -0.7511953084   0.1487131367  -0.6019876125
31  7   0.5618069256  -0.1557328174  -0.2425261080   0.1830318732  -0.3729427441
31  8   0.1010282846  -0.1561719146   0.0002405499  -0.0004876089
32  1  -0.0376427572   0.1230372362  -0.2596858438  -0.1397754882  -0.0630885746
32  2  -0.0663617426   0.0158977486  -0.0465752270  -0.1293454179  -0.0724279801
32  3   0.0056468285   0.0121864844   0.1005166106  -0.1466678888   0.0589105860
32  4  -0.0935173717   0.2835530252  -0.0956094615   0.2470387793  -0.1644150409
32  5  -0.3203223216   0.2980885297   0.3461934468   0.3080128188  -0.1044580622
32  6  -0.2809781063  -0.0578023690   0.1327326243   0.0678769476   0.0747436383
32  7  -0.0921681007  -0.0674589502  -0.0775022989  -0.1759140111   0.0516977992
32  8  -0.0102952089  -0.9169062156   0.0013669669   0.0009930254
33  1   0.1836212919   0.2769746980   0.3342077007   0.1110069248   0.0333411642
33  2   0.2598919559  -0.0407239625   0.1190616288   0.3296533702   0.1846220961
33  3  -0.0144944672   0.0029636161   0.0355088971  -0.0580535939  -0.1517195212
33  4  -0.0334791434   0.1024421170   0.2443093929   0.1054510222  -0.0885222779
33  5   0.8125014052  -0.7574208361  -0.8815344918   0.1309498153  -0.0257234041
33  6  -0.1237313643  -0.0240270116   0.0682297378   0.0237918995   0.0421260134
33  7  -0.0482784210  -0.0233150622  -0.0251995976  -0.0728754111   0.0283549569
33  8  -0.0063030484  -0.3565772461   0.0005292356   0.0004176228
34  1  -0.0097862937   0.0202253924   0.0648811779  -0.2000809893   0.1942454923
34  2  -0.0518325461  -0.0080277204  -0.0010780407  -0.0098301130   0.0036414188
34  3  -0.0076378224  -0.0265700685   0.1826427298   0.0344721102   0.0185430080
34  4   0.1098034092   0.2301219572   0.0142728766  -0.0882398447  -0.2533916715
34  5   0.0024705939  -0.0043363330  -0.0023254976  -0.4237718813   0.0335086863
34  6  -0.1875407387   0.3215378477  -0.0150999626  -0.1124833309  -0.2053726241
34  7  -0.1638079604   0.2975166134  -0.3565121835   0.0979810957   0.0552595206
34  8   0.2270924153  -0.0023072724  -0.9363192534  -0.0073152775
35  1  -0.0402803280   0.3085265820  -0.1652423181   0.2390049807   0.1026645996
35  2  -0.0551330951   0.1458522505   0.0162980019   0.1769429143  -0.0632739024
35  3   0.1360832608   0.0499758241   0.0862159624  -0.0842001606  -0.3238841261
35  4  -0.0336494362   0.2977785645  -0.2632850149   0.0328204064   0.3429429000
35  5  -0.0711139779   0.0817600961   0.0323239661   0.2761110136   0.4962375275
35  6   0.3406389443  -0.1091931166  -0.0173583608   0.3290748494   0.4668693334
35  7   0.5679957672  -0.6647075510   0.6721899020  -0.4838753493  -0.0680900675
35  8  -0.5258428183  -0.0010903471  -0.3258714807  -0.0037144556
36  1   0.3777896466  -0.0504939990  -0.0995776353  -0.1137472585  -0.1295918169
36  2  -0.2439914139  -0.3706648871  -0.0414595364  -0.4497704796   0.1604777455
36  3  -0.3461132803   0.0214341213   0.0331531774  -0.0346605956   0.8217374328
36  4  -0.0642961772   0.1104291051   0.6679486181   0.0159763794   0.1378955913
36  5   0.1879299475  -0.2101520730  -0.0813261634   0.1177482666   0.1943680313
36  6   0.1380543140  -0.0494035782  -0.0067106878   0.1325269824   0.1884412883
36  7   0.2271602360  -0.2679907499   0.2724663739  -0.1924137116  -0.0281185662
36  8  -0.2120015769  -0.0003803879  -0.1078420208  -0.0013081119
37  1   0.0473211789   0.0629100165   0.0118396790   0.0141977092   0.2712330897
37  2  -0.1825350840   0.0086871757  -0.0041825240   0.0135194887  -0.0149954559
37  3   0.0157199506   0.0305736659  -0.0442228114   0.0437183444   0.0061747841
37  4  -0.3188367905   0.1325793343   0.0062659102  -0.2643473774   0.0410533056
37  5  -0.0023677740   0.0008195993   0.0004754410   0.1615871290   0.0087699777
37  6   0.1488321323  -0.2884325758   0.2955623913  -0.4284392386  -0.2981004445
37  7   0.1848735460  -0.2038326867  -0.0901385437  -0.2990363175   0.0607845376
37  8  -0.0340716701   0.0001847597   0.0048341237  -0.8795876938
38  1  -0.0862115268   0.3042330801  -0.2248214051   0.2733324467   0.0795166601
38  2  -0.2013920259  -0.1749710868   0.0961962213  -0.2769739665   0.3042255440
38  3  -0.3186687501   0.1179729661  -0.6593999260   0.4168392495  -0.1515027887
38  4   0.2075115416  -0.1717040838  -0.1416269093   0.2053206252  -0.3035927168
38  5   0.0596594149  -0.0199897218  -0.0105634969  -0.1365206602   0.0345575406
38  6  -0.2370870361   0.4283474883  -0.4499184880   0.7078935822   0.2962899191
38  7  -0.3211856264   0.3084876983   0.1881311468   0.3876711760  -0.1044974607
38  8   0.0677761418  -0.0024764268   0.0060085986  -0.4438441378
39  1   0.5458358070   0.0000000000   0.0000000000   0.0000000000   0.0000000000
39  2   0.0000000000   0.4422184488  -0.2343781225   0.6970202827  -0.7675941434
39  3   0.8060108384   0.0470586171  -0.2552908086   0.1621024007   0.3836187067
39  4   0.0682417892  -0.0704774227   0.3635158283   0.0866140977  -0.1172160274
39  5  -0.1581751810   0.0533021826   0.0270797919  -0.0581503406   0.0135657289
39  6  -0.0970211519   0.1762107638  -0.1839869300   0.2895035524   0.1235223831
39  7  -0.1310544983   0.1265749826   0.0766272400   0.1600085429  -0.0429399524
39  8   0.0276454516  -0.0009894431   0.0022962926  -0.1591434515
$end
