$dipgrad          cartesian dipole gradients
  -.24734749258978D+00  -.59325369935682D-01  0.39078797827306D-04
  -.10687333568711D+00  -.46441327837111D+00  0.14496233256377D+00
  -.11605351143164D+00  -.23713241644021D+00  0.17350989992332D+00
  0.28626737676870D+00  0.18328984883640D+00  0.22924611071453D+00
  0.19713882016656D+00  0.10338736854032D+01  0.16742986735422D+00
  0.26670998416775D+00  0.16706420706752D+00  -.83536764894503D+00
  -.20938085135898D+00  -.80145317422368D-01  -.17153850174804D+00
  -.23208893055019D-01  -.39482048114037D+00  -.18061627001319D+00
  -.21256409704721D-01  0.21609537620716D+00  0.33656886428025D+00
  0.50490797568656D+00  0.28740320927783D-01  -.96338921539930D-01
  -.80240794154850D-01  0.12361217357382D+00  -.19903128449477D+00
  -.18743252095413D+00  -.15072797814993D+00  0.55859892862587D+00
  -.41006483652770D+00  -.14276563169293D+00  -.55467110054116D-02
  -.86444227464169D-01  -.56774411977856D+00  0.57677416921782D-01
  0.38735882981401D-01  -.57622321836100D-01  -.53215476234707D+00
  0.40520881837952D-01  -.16992588879223D+00  0.34793139283942D-01
  -.23774044597567D-01  -.27588866789880D+00  -.80654732417888D-01
  0.88386710056383D-01  -.10735334125136D+00  0.18314033979713D+00
  0.29306773522388D+00  0.98034678321832D-01  -.32211660185747D+00
  0.14734903253472D-01  0.12596956361367D+01  0.24478789114942D+00
  -.47044957287232D+00  0.35914256545240D+00  -.59142610630217D+00
  -.18880733178230D+00  -.52314304188695D-01  0.19005577767393D+00
  0.60155328339613D-01  -.49400632125289D+00  0.22166579742999D-01
  0.24432661379217D+00  -.28701618849002D+00  0.29362583631633D+00
  -.27233088066002D+00  0.64169469188281D-01  0.70583786434154D-01
  -.77642187806997D-01  -.53910751185269D+00  -.29169654165971D+00
  0.87065452097304D-01  0.62568853648993D-01  0.73322710827415D-02
  -.11565047827115D+00  -.18046572658387D+00  0.14825231983936D+00
  -.22250381062728D+00  -.23082268394439D+00  -.85166295089290D-01
  0.12888799471888D+00  -.46179281306824D-01  0.17617622646319D+00
  0.46608010255956D+00  0.42554418694592D+00  -.36750854585737D+00
  0.62191799829180D+00  0.10403088295702D+01  0.21589089026144D+00
  -.40014372444391D+00  0.31268432764663D+00  -.62666803019599D+00
  -.32109655254476D+00  -.83707369019118D-01  0.70499502713746D-01
  -.32286027986272D+00  -.41485363757640D+00  -.27402060801895D+00
  0.23388582694456D+00  -.15594838194707D-01  0.87181858080316D-01
  -.28333401621443D+00  -.19854567251069D+00  0.20241249303432D+00
  -.78574544115371D-01  -.47482412026428D+00  0.11279404380365D+00
  0.92217293785851D-01  -.23352563551152D+00  0.17299496335905D+00
  0.22644723693297D+00  0.12169032780237D+00  0.67788439927115D-02
  0.89700811116349D-01  0.23555445576609D+00  0.37885526280267D-01
  0.74311395659378D-02  -.10221370022492D-01  0.37327847089256D+00
  0.17168701834826D-01  0.10439942996585D-01  0.16620366459170D-01
  0.41242471715245D-02  0.42984071852331D-01  0.94225998870833D-02
  0.43199752662288D-01  0.53051658458979D-02  0.91828492094931D-01
  0.10199232589351D+00  0.40083232878350D-01  0.46135655087185D-01
  0.61738160609272D-01  0.21413886316116D-01  0.68092206110131D-01
  0.14617644791511D-01  -.10395269887437D-01  0.51275187291053D-01
  0.98348087252874D-01  -.43772187176248D-01  0.21776975826505D-02
  0.76712408974653D-02  0.49356595429641D-01  0.64657132279171D-01
  0.29078111587289D-02  -.12955933269547D-01  0.36132534098398D-01
  0.13212015943346D-01  0.38975459424281D-01  -.54545489605296D-01
  -.35059392474982D-01  0.49681488016613D-01  -.34580754660292D-01
  -.53036367315958D-01  0.45864078491586D-01  0.43972675470508D-01
$end
