$vibrational normal modes
 1  1  -0.1225935430   0.2550725640  -0.0622015209  -0.0216447150   0.2995571588
 1  2  -0.0987096070  -0.3738618529   0.1666012616   0.1066034453  -0.0119155815
 1  3  -0.0623585283  -0.1165575440  -0.3138734111   0.2672177391   0.0761921114
 1  4   0.0180672648  -0.0444419529   0.0128257129  -0.0321422125  -0.0112516280
 1  5  -0.0234470955  -0.0932197102   0.0637985820   0.0187937769  -0.0284691830
 1  6   0.0119686134   0.1045378207  -0.1061683095  -0.0003065228  -0.0055247137
 1  7  -0.0079199351   0.0151370731  -0.0066451976  -0.0080330077   0.0067132934
 1  8   0.0118917566  -0.0056652464  -0.0043859020  -0.0045744054   0.0004320168
 1  9   0.0021726661   0.0003249991  -0.0013800915   0.0013053301   0.0004726376
 1 10  -0.0008376115  -0.0173629013   0.0026367666   0.0046740474  -0.0001063054
 1 11   0.0000701441   0.0000614811   0.0000387253   0.0000142035
 2  1   0.0580182213   0.0120408578  -0.1340776123   0.2293077425  -0.0860969318
 2  2  -0.0312533385   0.0924327169  -0.0870641066  -0.0355041133  -0.0353177651
 2  3  -0.1440976437   0.2542126412   0.0204909745  -0.0221576595   0.3088706630
 2  4   0.0205708485  -0.1111541714   0.0752873462   0.0093768192  -0.0192732438
 2  5   0.0392869160  -0.3020771757   0.0762098537  -0.1019076362   0.0012947871
 2  6   0.0504887284  -0.0002430279   0.0292593537  -0.0105025523   0.0101352067
 2  7   0.0003015507  -0.0059386895   0.0060217416  -0.0128037700  -0.0258312061
 2  8   0.0231216629   0.0269501912   0.1116932782   0.0355444099  -0.0033676768
 2  9   0.0026850398   0.0000115853   0.0052024390   0.0011223765  -0.0012424740
 2 10  -0.0035024563  -0.2174064004   0.0203091920   0.0586554767  -0.0000264819
 2 11  -0.0000907257   0.0000834641  -0.0001094473   0.0000050870
 3  1  -0.2031222145   0.0062204308   0.1121424771  -0.1725271138  -0.2077187569
 3  2  -0.1990838338  -0.0267363227   0.0717468603   0.0099122984   0.0455614319
 3  3   0.1069469260  -0.1217408769  -0.0162681291   0.0019404661  -0.0399655647
 3  4  -0.0510949507  -0.0004084105  -0.0022055100  -0.0600480539  -0.0006673801
 3  5   0.0288052895  -0.0533165697   0.0002584174   0.0404118026   0.2019215373
 3  6  -0.2270614963  -0.3383672706  -0.0521754731  -0.0107460745   0.0603756735
 3  7  -0.0220312300  -0.0149872584   0.0029340748  -0.0471954466  -0.0489577713
 3  8   0.0452871194   0.0468264120   0.2273701080   0.0877602321  -0.0063652817
 3  9   0.0006887952   0.0021233755   0.0048243492   0.0046875806  -0.0013243696
 3 10  -0.0060110085  -0.3409057877   0.0318242679   0.0891333318  -0.0000882296
 3 11  -0.0000717342   0.0000836957  -0.0000135011  -0.0000516973
 4  1  -0.0078670290   0.1932389935  -0.0086726188  -0.0295861676   0.2183533647
 4  2  -0.1686485222  -0.0059496983   0.0088189929   0.0035277096   0.0086932494
 4  3   0.0046959303  -0.0105841345  -0.0408973424   0.0440223063   0.0241053181
 4  4   0.0390349603  -0.0089472957   0.0290442141   0.0700358792   0.0136052853
 4  5   0.0623214450   0.0607239235  -0.1361855414  -0.1591518422   0.0110895700
 4  6   0.1055726346  -0.3380617623   0.5206084436  -0.0001377142   0.0156012677
 4  7   0.0505898846  -0.0934982297   0.0508672951   0.0522962866  -0.0418049186
 4  8  -0.0437917218   0.0473070011   0.1214693531   0.0713262147   0.0005068263
 4  9  -0.0169973167  -0.0082133493   0.0049266825  -0.0084795675   0.0003217602
 4 10   0.0051165964   0.1984395807  -0.0335691586  -0.0453077870   0.0004764246
 4 11  -0.0001880653  -0.0000236379  -0.0003601868  -0.0000276543
 5  1   0.0013269089   0.0730925644  -0.0793464097   0.1714137246  -0.1492956862
 5  2  -0.0352876979   0.0015791153   0.0073157441  -0.0117880871   0.0342715558
 5  3  -0.0005069264   0.0719419888  -0.0040406497   0.0040862135   0.0965624835
 5  4   0.0893066531  -0.0783904743   0.0274991909   0.0323554646  -0.0079486958
 5  5  -0.0275787962   0.0427700878   0.0071724245   0.1040163288   0.1049960207
 5  6  -0.2679298875  -0.2564169651  -0.1969506834   0.0147228951   0.0699565465
 5  7  -0.0431765427   0.0078792637  -0.0120300816  -0.0415402058  -0.0021633879
 5  8   0.0314408782   0.0037411366   0.0732877076   0.0579646492   0.0026469506
 5  9  -0.0116939648   0.0039089287  -0.0179489177   0.0026162315   0.0022158586
 5 10   0.0092605094   0.7108896027  -0.0632720929  -0.1891824291   0.0001015373
 5 11   0.0006308322   0.0001797781  -0.0003021199  -0.0001902755
 6  1  -0.1744819742  -0.0261205250   0.0805052248  -0.1402430754  -0.1707161824
 6  2  -0.1951501409   0.0197549629   0.0189077349  -0.0043134365   0.0058077421
 6  3   0.0185443146  -0.0123103127  -0.0126469903   0.0040999790   0.1098666996
 6  4  -0.1147982943  -0.0155230591  -0.0070434212  -0.0748196101  -0.0048131070
 6  5   0.0600802040  -0.1991270422   0.0266787975  -0.0574671793   0.1093436423
 6  6  -0.0194652451  -0.1213119435   0.0720037784  -0.0124828729   0.0183187779
 6  7  -0.0004163728  -0.0239448143   0.0078707439  -0.0132706064  -0.0097439132
 6  8  -0.1227754913  -0.0824333904  -0.4898741775  -0.3116032407  -0.0010191918
 6  9   0.0327963300  -0.0077645441   0.0246790108  -0.0035112880  -0.0008435921
 6 10   0.0011463588   0.1534036323  -0.0189223462  -0.0545532077   0.0002029742
 6 11   0.0000336988  -0.0003314791   0.0001893585  -0.0002904110
 7  1   0.0879396492   0.1991728784  -0.0401473673  -0.1054525704   0.2071202285
 7  2  -0.2593802206   0.4750117954  -0.2213120188  -0.1252217305   0.0378741415
 7  3   0.0326798315  -0.1172920185  -0.1778424891   0.1449835664  -0.0294641609
 7  4   0.0753994981  -0.0284072852   0.0143586352   0.0312708753  -0.0020971948
 7  5  -0.0387278416   0.0653865523   0.0104743222   0.0553792071  -0.0381422701
 7  6  -0.0492989798   0.0046982488  -0.1041409550   0.0101808251   0.0296804735
 7  7  -0.0218261141   0.0025363053  -0.0053901324  -0.0351126161  -0.0074570043
 7  8  -0.0125019922  -0.0178661882  -0.0607515692  -0.0418415092  -0.0022266065
 7  9   0.0055449937   0.0010510687   0.0015214632   0.0047696781  -0.0006078695
 7 10  -0.0025050269  -0.1012461448   0.0111502362   0.0251865712  -0.0001229187
 7 11  -0.0000525992   0.0000264628   0.0001118086   0.0000664185
 8  1  -0.0472527605   0.1088026837  -0.0061029262   0.1408698522  -0.2245654269
 8  2  -0.0301923561  -0.1255296606   0.1174123753   0.0190081080   0.0969559404
 8  3   0.1473681300  -0.0373405012   0.0923470945  -0.0759184735  -0.1058128689
 8  4   0.2461090121  -0.1122327587   0.0660398765   0.1569515718  -0.0031153960
 8  5  -0.0524761422   0.1344927328  -0.0326776248  -0.0089934190  -0.1659317021
 8  6   0.0351111888   0.0085834585   0.0332416773   0.0244542379   0.0584189371
 8  7  -0.0185928373  -0.0260525725   0.0037616451  -0.0456753541  -0.0306401805
 8  8  -0.0632205007  -0.0259215061  -0.1323949094  -0.0839807801  -0.0044785555
 8  9   0.0052411313   0.0009674700   0.0080203622   0.0061441723  -0.0010673769
 8 10  -0.0043545416  -0.2083914069   0.0184753875   0.0555224817  -0.0001148948
 8 11  -0.0003188616  -0.0000760144   0.0001128035   0.0001200477
 9  1  -0.1744423834   0.0021636474   0.1223344616  -0.1906837505  -0.2298610282
 9  2  -0.2250705152   0.0988043761   0.0195643435  -0.0250127145   0.0627044353
 9  3   0.1441576246  -0.1438417646   0.0111821478  -0.0283963488  -0.0924702399
 9  4   0.0287937808  -0.0407475867   0.0419205503  -0.0057058579  -0.0090390335
 9  5   0.0087774607  -0.1764869174   0.0700498097  -0.0776427465  -0.0960652901
 9  6   0.2088960754   0.3209222590   0.0140273434  -0.0106496350  -0.0850768395
 9  7   0.0314409424   0.0307210143  -0.0075964403   0.0617342712   0.0461117901
 9  8   0.0542150833   0.0207783101   0.1340059509   0.1103699968   0.0068184161
 9  9  -0.0154886807   0.0006607908  -0.0144647526  -0.0046165719   0.0014334761
 9 10   0.0052283369   0.2494563513  -0.0218083001  -0.0606996211   0.0000738921
 9 11   0.0001889434   0.0000825355  -0.0001546588   0.0001319573
10  1   0.0196624970   0.1162720898   0.0863806846   0.0432256606   0.1378081083
10  2  -0.1505443121  -0.0470781662   0.0309877047  -0.0073390521   0.0115539610
10  3   0.0494683153   0.1244048654   0.2100112253   0.0035751290   0.0025464933
10  4   0.0102351839  -0.0024139336   0.0099947655   0.0652587603   0.0288810585
10  5   0.1155475714   0.0485954654  -0.0835732002  -0.0980026633   0.0499681044
10  6   0.1076427739  -0.1552714003  -0.0893066447  -0.0326033480  -0.0889758517
10  7  -0.0383951125   0.0410489978  -0.0024520596  -0.0507353000   0.1890161514
10  8   0.2634960421  -0.1473660628  -0.0558886725  -0.0628508725   0.0182368607
10  9   0.0742582835  -0.0062916359  -0.1297622474   0.0625060634   0.0138587760
10 10  -0.0177482495  -0.0492440535   0.0256444651  -0.0038104340   0.0003641178
10 11  -0.0001571582   0.0004848353   0.0007090100   0.0012972597
11  1  -0.0109626448   0.1044235133  -0.0961891074   0.1380861492  -0.1399875839
11  2  -0.0454821505   0.0184433626   0.0076834191  -0.0090868314   0.0443949373
11  3   0.0044368134   0.0135806895  -0.0772439482   0.0110898346   0.0600497288
11  4   0.0455258938  -0.0201183792  -0.0001807054  -0.0172131554   0.0009400323
11  5  -0.0235541367   0.0978645760  -0.0295053705   0.1165142729   0.1803327145
11  6  -0.1574781354  -0.0519299569   0.0304646752  -0.0854517813  -0.1714488874
11  7   0.0771990511   0.0677513098  -0.0121254713   0.3080450926   0.1749144154
11  8   0.0085721116   0.0216658027  -0.1705004762   0.0382879726   0.0257227741
11  9  -0.0223329893  -0.0185940991   0.0013258154  -0.1218001385   0.0028892515
11 10   0.0226208321  -0.1362732348   0.0227086640   0.0748183266  -0.0000176627
11 11   0.0002421665  -0.0001657767  -0.0000236086  -0.0010650639
12  1  -0.1422557425  -0.0934313200  -0.0007969022  -0.0488129653  -0.0644691640
12  2  -0.1580604042  -0.0238842095  -0.0336361012   0.0081318125  -0.0863954038
12  3  -0.1455274950   0.1273576094  -0.0313620523   0.0030586257   0.0845510805
12  4  -0.0943876133  -0.0301011033   0.0463244582  -0.0769818532   0.0033425007
12  5   0.0237493207   0.1721640166  -0.0801239092   0.0603860687  -0.0924054134
12  6   0.0194960980   0.0644479711   0.0003829968  -0.0081054604   0.0563109425
12  7  -0.0244021837  -0.0396498490  -0.0727478535  -0.0535889474   0.1125375176
12  8  -0.1680908449  -0.1468057015  -0.1633689305   0.2322868149   0.0210068579
12  9  -0.1403589377   0.0398608179  -0.0973925333   0.0638184800   0.0096443520
12 10   0.0024912361  -0.0623378803   0.0161698015   0.0532447673  -0.0004567747
12 11  -0.0001945952   0.0013049813  -0.0008201477  -0.0006047786
13  1   0.1613508483   0.0607438328   0.1249185010   0.0083593674   0.0579986908
13  2  -0.2486197157   0.0686428521   0.1804865778   0.1158483231  -0.0358236873
13  3   0.0554439441   0.1892015632   0.2932182530   0.1296846951   0.0757867445
13  4   0.0216391357  -0.0027396030  -0.0945611131  -0.2857850811   0.0167276786
13  5  -0.1693340228  -0.0017064323   0.0249556821  -0.0082296788  -0.0393154118
13  6  -0.0144786953   0.0377172416   0.0419536444  -0.0147786038  -0.0036865011
13  7  -0.0309958892  -0.0159948885  -0.0141276073  -0.0270110758   0.0028032398
13  8  -0.0041398849  -0.0258134367   0.0174501004   0.0222322783   0.0222657854
13  9  -0.0154975878   0.0000335951   0.0483823690  -0.0351151226  -0.0031873303
13 10   0.0072224321  -0.0010892374  -0.0014430630   0.0054132691  -0.0001551767
13 11   0.0001445838   0.0000213632   0.0002232251   0.0424889490
14  1  -0.0814257791   0.1743035723  -0.0186396525   0.0730202374  -0.2261711524
14  2  -0.0474050378   0.0176275600   0.0236290302  -0.0535542849   0.1280304629
14  3   0.1071689295  -0.0285095999  -0.0572487023   0.0497023503   0.3681351471
14  4  -0.0637076570   0.0724898370  -0.1607819075   0.1641382736   0.0061737656
14  5  -0.0107190364   0.1646767516  -0.0304906043   0.0030290513  -0.1193507545
14  6   0.0677816038   0.1069271216   0.0006621220   0.0366491037  -0.0022687697
14  7   0.0065397004   0.0014803943   0.0158911304  -0.0044326525  -0.0421699198
14  8   0.0088316255   0.0565815384   0.0497325577  -0.0083748458  -0.0279280128
14  9   0.0193726421   0.0010766965  -0.0279555682   0.0337924452   0.0013099686
14 10  -0.0068283021  -0.0143449874  -0.0011491764  -0.0075176060   0.0000921147
14 11  -0.0000473339  -0.0000232434  -0.0002209611  -0.0301539894
15  1  -0.1155449309  -0.1133554147  -0.0151698335  -0.0369493375  -0.0513529425
15  2  -0.1652069744  -0.0176058146  -0.0250610398   0.0277412756  -0.1075262362
15  3  -0.1662135606   0.1348646054  -0.0286005012  -0.0036500942   0.0135631767
15  4  -0.0593844185  -0.0515601973   0.0854495123  -0.1480851985   0.0044215290
15  5  -0.0005250890   0.2146529119  -0.0928525121   0.1262680856  -0.0581403778
15  6  -0.0380844463   0.1247920332   0.0375031582   0.2301865889  -0.0898222099
15  7   0.0220259192   0.0631880251   0.1138959050   0.0053061908  -0.0915710234
15  8   0.0860444411   0.0826756670   0.0605293398  -0.1032927876  -0.0208838528
15  9   0.0382357950  -0.0053699167   0.0056240014   0.0035755190  -0.0013265571
15 10  -0.0051200618   0.0030216036  -0.0011479283  -0.0152402452  -0.0000855126
15 11  -0.0001396143  -0.0004074761   0.0006118745   0.0347598227
16  1  -0.0525385970   0.0964594347   0.1303991338   0.1188485091   0.1311968550
16  2  -0.0735536975  -0.1162907963  -0.0879620440  -0.1239735543   0.0490020634
16  3   0.1069793299   0.0824414419   0.2380076727   0.1096871337  -0.0287936905
16  4  -0.1643165027  -0.0238152996   0.0832404113   0.0668132857  -0.0246476919
16  5   0.0344865695   0.1647381261   0.1029862278  -0.0537726738  -0.0397208886
16  6   0.0845960190  -0.0598941772  -0.1825523570  -0.2311585665  -0.0585979138
16  7   0.0178244543   0.0326252800   0.1377339823   0.0129364923  -0.1340924428
16  8  -0.1138394757   0.0602102987   0.0246483006   0.0070822937  -0.0040495486
16  9  -0.0062347126   0.0427072191   0.0075876070  -0.0526642863   0.0507816226
16 10   0.0287210256   0.0161469151   0.0121518406   0.0066899841   0.0664588520
16 11   0.0152214000   0.0046927649   0.0273769646  -0.0003082287
17  1   0.0334263979   0.0128849837  -0.0696626297   0.2336321092  -0.1461104962
17  2  -0.0197986894  -0.0036928268  -0.0280481659  -0.0268692307   0.0094298932
17  3   0.0203700129  -0.0137315849  -0.0516018176   0.1831929638  -0.0965909359
17  4  -0.0106175329   0.0102779160   0.0034052991  -0.0476238156  -0.0042747097
17  5  -0.0217162800   0.0531641326   0.1135769726   0.1430895467   0.2301271984
17  6   0.1211970965  -0.0028188456   0.0284553241   0.0112614907  -0.1688210750
17  7   0.1319522972  -0.1928188172   0.0118285323  -0.0772281533   0.0232315244
17  8  -0.0366402708  -0.1154387879   0.0928584237  -0.0116731326   0.0119364162
17  9  -0.0028974205  -0.0966779793   0.0528136603   0.1389802680   0.0316408627
17 10  -0.0002032848  -0.0554257911  -0.1717200322  -0.1246014590   0.0247580981
17 11   0.0047472293  -0.0008647779  -0.0072121678   0.0002964214
18  1   0.0078106784  -0.1710936151  -0.0308847341  -0.0432429232  -0.0624008641
18  2  -0.2344183800   0.0532052737   0.0795594134   0.1487253829  -0.1723593378
18  3  -0.2092896229   0.1415773652  -0.0489007286   0.0334001231  -0.0475268558
18  4   0.0753780658   0.0198187821  -0.0367675253   0.1174505212   0.0344281666
18  5   0.0703475492   0.1018736881   0.0057896360   0.0250855390  -0.0033051388
18  6   0.1467675799   0.0114746893  -0.1277880311  -0.1956284324   0.1815734262
18  7   0.1826319232  -0.0552848923  -0.0930230139   0.0654081623  -0.0297405708
18  8   0.0306715062   0.0434569181   0.1082536369  -0.1018267530  -0.0303691569
18  9   0.0277267283   0.0135199094  -0.0026901677  -0.0284079520   0.0407662159
18 10   0.0180585782   0.0116636982  -0.0135967543  -0.0179918967   0.0050181774
18 11  -0.0010083869  -0.0134307319  -0.0837364955   0.0000631367
19  1  -0.0238156730   0.0181412138   0.2269462197   0.1924293180   0.0491109819
19  2  -0.0557793814  -0.0245752013  -0.0621170800  -0.0012918537  -0.1371257041
19  3  -0.0287020237  -0.1518577455   0.1099218436   0.0527152765  -0.0137697168
19  4  -0.0710465573  -0.0000720326   0.0212796668   0.0954687877  -0.0140153423
19  5   0.0447384947   0.1346844471   0.3125875115  -0.0984572823  -0.1047417316
19  6  -0.2741878937   0.0853554537   0.1790817092   0.1055575175   0.0972292519
19  7   0.0452716901  -0.0157017206  -0.1116447549   0.0055955822   0.0604034705
19  8   0.1511827992   0.1069022900  -0.1754397584   0.0224490726  -0.0104554389
19  9  -0.0348498328  -0.0211184123   0.0213935833   0.0212167589   0.0104260803
19 10   0.0042253267  -0.0078272954   0.0028312423   0.0117079036   0.0008583175
19 11   0.0002373244   0.0001406767   0.0008307310  -0.0000241568
20  1   0.0223178322   0.0288494699  -0.0652860511   0.2176934975  -0.1534064674
20  2  -0.0226500734   0.0055558821  -0.0192728370  -0.0198662566   0.0083465722
20  3   0.0003429426   0.0039334925  -0.0489619594   0.2217303430  -0.1217648563
20  4  -0.0203230089   0.0284066676  -0.0030994691  -0.1012947698   0.0159790796
20  5   0.0308398898   0.0243512988   0.0409981536   0.0622071611   0.1407504148
20  6   0.2374511062  -0.0308977628   0.0615088041   0.0302024084   0.0868950592
20  7  -0.0814022860   0.0750728479  -0.0049683012   0.0125045568  -0.0024215364
20  8   0.0034334983   0.0057934480   0.0107080959  -0.0122960128  -0.0051405940
20  9  -0.0009494316  -0.0174829511   0.0163319397   0.0260480516  -0.0030290356
20 10  -0.0106820273   0.1935004761   0.5914354283   0.4216540116   0.0007270416
20 11   0.0001416404   0.0003696684   0.0012737841   0.0000186631
21  1   0.0745013934  -0.2492276993  -0.1087313161   0.0369688847   0.0296673237
21  2  -0.2222732021  -0.0758383025  -0.0045751094   0.0161207831  -0.0647140977
21  3   0.0515227982   0.0469924635  -0.0445060425   0.0268810265  -0.0433816891
21  4  -0.0213973103   0.0215755990  -0.0140152264   0.2699795967  -0.0386829428
21  5  -0.0982473130  -0.1153173164  -0.1066262521   0.0350661781   0.0445484558
21  6   0.0372741417  -0.0267142409  -0.0381861937  -0.0199274828  -0.0652117529
21  7   0.0170993061  -0.0557303942   0.0309462146  -0.1014441591  -0.0570056035
21  8   0.0740094867   0.2273449970  -0.3944001733   0.2150659660   0.0576417069
21  9   0.0459634338  -0.0249923233   0.0084362215   0.0067552423   0.0019176993
21 10  -0.0012765860   0.0154324622   0.0643197326   0.0470758350  -0.0004178134
21 11  -0.0001039483  -0.0000688416  -0.0002738267  -0.0001372566
22  1   0.0874169603  -0.0412060808   0.2780468133   0.1840043045  -0.0290270208
22  2  -0.1239270811  -0.0864319394  -0.2352823385   0.2367680256   0.1507273852
22  3  -0.2343039158  -0.4274825410   0.0951948747  -0.0483847019   0.0624427038
22  4   0.0111184424  -0.0037856365  -0.0089984162   0.0492821133  -0.0112424391
22  5  -0.0448426950  -0.0353313738  -0.0568230834   0.0667407562   0.0915802986
22  6   0.1258244135  -0.0279317375  -0.0060401291   0.0026856299   0.0107677629
22  7  -0.0579407419   0.0494003080   0.0211919231   0.0144939850  -0.0037701682
22  8  -0.0289049364  -0.0222001312   0.0324861009  -0.0034015508   0.0016715116
22  9   0.0031835945   0.0077415801  -0.0066502055  -0.0084938924  -0.0011352092
22 10   0.0009399947  -0.0245870519  -0.0726042358  -0.0528960472  -0.0000826117
22 11  -0.0000261379  -0.0000165493  -0.0000413925   0.0000199551
23  1  -0.0345550148   0.1053584136  -0.0345904847   0.1420911530  -0.1974030611
23  2  -0.0345574571   0.0590861096   0.0208131618   0.0324973212   0.0000662332
23  3  -0.1586865987   0.1831765307   0.0099264645   0.3617984994  -0.2497023136
23  4  -0.0874864247   0.0675109793  -0.0028637777   0.2209851223  -0.0253214275
23  5  -0.0383445912  -0.1339598384  -0.0830757417  -0.1099499007  -0.1343086474
23  6  -0.1375271959   0.0045547092   0.0256319809   0.0460425093   0.0056968941
23  7  -0.0704757656   0.0663836842   0.0107249856   0.0370675541   0.0169486117
23  8  -0.0319332563  -0.0519736787   0.0697874201  -0.0244060971  -0.0028064694
23  9  -0.0019182162   0.0087190879  -0.0068354541  -0.0093695425   0.0006204459
23 10   0.0027178494  -0.0457099528  -0.1357948873  -0.0963967447  -0.0001496024
23 11  -0.0000290256  -0.0000476293  -0.0001225449  -0.0000097539
24  1   0.0654533071  -0.2694179467  -0.1436817499   0.0809592349   0.0815168123
24  2  -0.1913943652  -0.0811640345   0.0382986925  -0.0974614235  -0.1643400898
24  3   0.2190296004   0.0380594788  -0.0777046214  -0.0254846144   0.0184797653
24  4  -0.0075876547   0.0074713475  -0.0064496930   0.1160488439  -0.0149672240
24  5  -0.0220428362   0.0438403203   0.1163309082   0.0829609226   0.1661006915
24  6   0.1622227505  -0.0187497987   0.0914916823   0.0711739832   0.0853570099
24  7  -0.1384423026   0.1333260463   0.0018620872   0.0568577937   0.0245348581
24  8  -0.0310368229  -0.0567387686   0.0825021411  -0.0319855660  -0.0063786330
24  9  -0.0062557926   0.0172122412  -0.0130505489  -0.0165913533   0.0013325333
24 10   0.0048941984  -0.0713137768  -0.2096331323  -0.1453967990  -0.0002281323
24 11  -0.0000440959  -0.0000346182  -0.0002425553   0.0000684900
25  1  -0.1079334998   0.0028418304   0.2679311046   0.2711733489   0.0490578753
25  2   0.0295480160   0.1174591667   0.1167030712  -0.0957141399  -0.5940751784
25  3   0.0553601785  -0.2054815842  -0.0561877796  -0.0732491618   0.0429006674
25  4   0.0109723025   0.0010410658  -0.0088801548   0.0348045317  -0.0063282859
25  5  -0.0336431561  -0.0724589533  -0.1224847908  -0.0151531141  -0.0450422711
25  6  -0.0383677629  -0.0088411050  -0.0536499152  -0.0253708070  -0.0509465759
25  7   0.0133184156  -0.0163542287   0.0233483348   0.0053823624  -0.0047758108
25  8  -0.0399285863  -0.0454624245   0.0707060886  -0.0222338074  -0.0012445198
25  9   0.0041148289  -0.0020655301   0.0007660538   0.0037676175  -0.0007938174
25 10  -0.0018950941   0.0248203892   0.0737032394   0.0490674411   0.0001233632
25 11   0.0000310841   0.0000048023  -0.0000361347  -0.0000036809
26  1   0.0690574951  -0.0355177051  -0.0881487563   0.2815363695  -0.1191433603
26  2  -0.0120968636  -0.0369089768  -0.0550237701  -0.0598041691   0.0106879364
26  3   0.1276947912  -0.1462151528  -0.1064495263   0.1390414160  -0.0553724908
26  4   0.0187613844   0.0213819500  -0.0051201816  -0.4031270511   0.0623846960
26  5   0.1241730503  -0.0062650319  -0.1036468920  -0.0943254428  -0.1214998977
26  6   0.0476529531  -0.0065099561  -0.0367645246  -0.0406349275   0.0692615253
26  7  -0.0004313056   0.0161170905  -0.0111350366  -0.0207155123  -0.0262444405
26  8   0.0496909798   0.0968579907  -0.1238999712   0.0456225642   0.0045840046
26  9   0.0013051945   0.0160741922  -0.0084748895  -0.0229646575   0.0007899969
26 10   0.0050742960  -0.0618612449  -0.2010300709  -0.1426481793  -0.0001542666
26 11  -0.0000115005  -0.0000880420  -0.0001924915  -0.0000173828
27  1   0.1533262523  -0.3053708975  -0.1472240125   0.0672497384   0.0628286560
27  2  -0.2461664009  -0.1725680072  -0.1076295725   0.0147834845   0.1189431029
27  3   0.1501525846  -0.0904747849  -0.0387669518  -0.0240622957   0.0293703057
27  4  -0.0065616288   0.0149109433  -0.0087345652   0.0188393924   0.0026057942
27  5   0.0213862833  -0.0405225794  -0.0407235395  -0.1295101100  -0.2103523818
27  6  -0.2780765337   0.0341687889  -0.0285281864  -0.0035252611  -0.0729569016
27  7   0.0537844295  -0.0431648696   0.0015348648   0.0299237393   0.0231747451
27  8  -0.0519119296  -0.1132817898   0.1709645756  -0.0781693791  -0.0148288519
27  9  -0.0072048737  -0.0106408327   0.0080802895   0.0177965743  -0.0010388100
27 10  -0.0043668136   0.0585801201   0.1773876967   0.1228834459   0.0002726366
27 11   0.0000494982   0.0000213491  -0.0000386723   0.0000025485
28  1  -0.0349277033   0.1269140418   0.0857597889   0.0695897355   0.1579903141
28  2  -0.1067199614  -0.0857428968  -0.0404988327  -0.0767334315   0.0384547075
28  3   0.0528676269   0.1205209433   0.2046797693  -0.0045336155  -0.0284489354
28  4   0.0576725088   0.0200383161  -0.0272145370   0.0816913526   0.0776175335
28  5   0.1410714006  -0.0929510841  -0.0889997104   0.0547265261   0.1653859661
28  6   0.0067125395   0.0990732863  -0.1425165455   0.2558968901  -0.0340194364
28  7   0.0435670032  -0.0229423177  -0.1535092291   0.0736804618  -0.0137809146
28  8  -0.1229690793   0.0661064091  -0.0022032353   0.0445434598  -0.0015360737
28  9   0.0123089977   0.1085215513   0.0926462307   0.0338582204   0.0037187955
28 10  -0.0290617926  -0.0127935328   0.0332719912  -0.0582177278   0.0067556624
28 11  -0.0353070956   0.0294016929  -0.0038566975  -0.0002555025
29  1   0.0093458112   0.1455622990  -0.2157519246   0.0864806477  -0.0372348759
29  2  -0.0764879741   0.0409714207   0.0424722814   0.0678815725  -0.0225700777
29  3  -0.0424846990  -0.0592251641  -0.0657870377  -0.2265866770  -0.0523966380
29  4  -0.0514686852  -0.0022941880   0.0095148125  -0.0293969872  -0.0391386562
29  5  -0.0511298524   0.1130768915  -0.0270718695  -0.2319912052   0.2047120411
29  6  -0.0600603117   0.1009878513   0.0743179229  -0.1059334006  -0.0911458230
29  7   0.0662455902   0.2174343817  -0.1325612641  -0.1255000848  -0.0543648072
29  8  -0.0158353806  -0.0166449106   0.0038744589   0.0048210479  -0.0092820638
29  9   0.0201761008   0.0784044661   0.0467416528   0.0665690508  -0.0283927703
29 10   0.0548076077  -0.0294568084   0.1261768928  -0.1755026543  -0.0113297652
29 11   0.0537849761  -0.0163607711   0.0012773095   0.0002463914
30  1  -0.2845253079  -0.0565803742  -0.0266314709   0.0114460074   0.0104177670
30  2  -0.0468202352  -0.1399922560  -0.2062325991  -0.1557378360  -0.0311605449
30  3  -0.1407151595   0.1010573560  -0.0220521586  -0.0586738616  -0.0180873344
30  4   0.0711554907   0.0339163047  -0.0123397296  -0.0520674825   0.1175116500
30  5  -0.1175121316   0.0526473867   0.0238570571  -0.0719655749  -0.0302420419
30  6   0.0194525999  -0.0195361551   0.0363639099  -0.1258485051  -0.1006124093
30  7  -0.1912091623  -0.1185470124  -0.1610245868  -0.0012371695  -0.0154210330
30  8   0.0228912889   0.0783594222   0.0836636092  -0.0852278207   0.0141323612
30  9   0.0215072491  -0.0262389874  -0.0003060917  -0.0202890081  -0.0106943788
30 10   0.0259608249   0.0078630632   0.0135958604  -0.0264587430  -0.0045649297
30 11   0.0178796576   0.0863725351  -0.0140720049  -0.0003773783
31  1  -0.0159690719   0.0566909166   0.1740031735   0.1404400648   0.0855993557
31  2  -0.0845836751  -0.0116211739   0.0222176082  -0.0396212209   0.1326793209
31  3   0.0198048466   0.1707231840  -0.0402214909  -0.0985254536  -0.0409025774
31  4   0.0448621652   0.0213407947  -0.0182304106   0.0172340124  -0.0317942829
31  5   0.1187053925  -0.0639464947  -0.0783384094   0.2436106927   0.1317260027
31  6  -0.2195563301   0.4224383567   0.1904823784  -0.1892759198   0.0170321256
31  7  -0.0633012432   0.0173656220  -0.0105663817  -0.0513686028  -0.1501009926
31  8   0.0521467884  -0.0912434327  -0.0270368491   0.0262665826  -0.0342533533
31  9   0.0069864680  -0.0300560089  -0.0098285208  -0.0082145260  -0.0012164583
31 10   0.0036028638   0.0639901147  -0.1771161107   0.2384216339   0.0001854054
31 11  -0.0011247476   0.0001082118  -0.0000155494  -0.0000607990
32  1   0.0003172712   0.1803321461  -0.2467693766   0.0485027065  -0.0154539317
32  2  -0.0900301290  -0.0053585707   0.0002013688   0.0435613750  -0.0740189831
32  3  -0.0360343769  -0.0738357966   0.0371556042  -0.2399698006  -0.0719976485
32  4  -0.0745470388   0.0125795159  -0.0058081447  -0.0176593021   0.0257240357
32  5  -0.0440086815   0.0303416919   0.0086525201  -0.1899510258   0.1175166320
32  6   0.0140953397   0.0885593016  -0.1094763587   0.0707507703   0.0683623618
32  7  -0.0204898122  -0.0940987324   0.0880863847   0.0270712198   0.0827829244
32  8  -0.0157249906   0.0519143618   0.0258216178  -0.0304007690   0.0192599991
32  9   0.0102609550   0.0280854136   0.0045148983   0.0257335695  -0.0129689506
32 10   0.0337703569   0.1107913573  -0.3955412964   0.5627005497   0.0002339788
32 11  -0.0014616545  -0.0000716555  -0.0000198847  -0.0002536442
33  1  -0.2732370899  -0.1142474154  -0.1054976037   0.1042233732   0.1188671667
33  2   0.0021826210   0.0590314933  -0.0179034433  -0.0194874233   0.0835383896
33  3  -0.0616709699  -0.0117270994   0.0607741424  -0.0165312868  -0.0165748468
33  4   0.0799158278   0.0332909267  -0.0494650058  -0.0925482229  -0.1352933529
33  5  -0.0446288226   0.0196654299   0.0364286026  -0.1450695271  -0.0181622293
33  6   0.0849410601  -0.1503620880  -0.0923942958   0.0904439029   0.0060608685
33  7   0.0212262190  -0.0348151687  -0.0044501952   0.1367151528  -0.1998238349
33  8   0.1036720924  -0.2315111434  -0.1717262800   0.1543887093  -0.0834450156
33  9   0.0204346368   0.0035120007   0.0210660295  -0.0026242807  -0.0055991373
33 10   0.0077762811   0.0034656264  -0.0296758985   0.0450864256  -0.0000436452
33 11  -0.0000359070   0.0004247649   0.0000170724   0.0000912177
34  1  -0.1014168257   0.0393084730   0.2180722490   0.2226432722   0.0837359364
34  2   0.0031266183   0.1072198567  -0.0630691183   0.2671064099   0.1277485214
34  3   0.1993849525   0.3210361537  -0.2792873315  -0.2542817804  -0.0847426588
34  4  -0.0797088971   0.0087536514  -0.0017485441  -0.0116786418   0.0417223372
34  5  -0.0308795044  -0.0343091438   0.0507852178   0.0478481197  -0.1454716416
34  6   0.0732813448  -0.1670420464  -0.0323781088   0.0389683791  -0.0192026229
34  7   0.0143242515   0.0081972367  -0.0197935589   0.0071196721   0.0152195162
34  8  -0.0083796278   0.0138258293   0.0044579106  -0.0047278668   0.0042990439
34  9   0.0003304024   0.0060075801   0.0024483702   0.0029982381  -0.0009375277
34 10   0.0016513639   0.0007629123  -0.0050597112   0.0083749279  -0.0000381424
34 11   0.0001080048   0.0001016030   0.0000057443   0.0000010675
35  1   0.0465702842   0.1271036620  -0.2860010463   0.0996613182   0.0317626063
35  2  -0.0849782906   0.1006087687   0.1849700649   0.0271897549   0.0401160588
35  3  -0.0577770782  -0.2029543665   0.0899768713  -0.2133174243  -0.0529058384
35  4  -0.1573869702  -0.0064873926   0.0350749211   0.0608033005   0.1424685538
35  5   0.0103696945  -0.0555602571   0.0197813703   0.1362740490  -0.0837069372
35  6  -0.0080570129   0.0461201831  -0.0052364487  -0.0136207997   0.0224018739
35  7  -0.0706844707  -0.1029915842   0.0122514300   0.0732468687  -0.0910301380
35  8   0.0503716991  -0.0643450357  -0.0395016464   0.0280037471  -0.0068159504
35  9  -0.0073736756  -0.0153525216  -0.0065770967  -0.0120197953   0.0056395968
35 10  -0.0143759662  -0.0423228043   0.1469826780  -0.2072312031  -0.0000575755
35 11   0.0003752336  -0.0001241078   0.0000547156   0.0000798730
36  1  -0.2168149418  -0.1659786843  -0.1501142238   0.1464716864   0.1667270437
36  2  -0.0027246917   0.1488051369   0.1741471277  -0.0744115686   0.1997615202
36  3  -0.1049279828  -0.1589757550   0.1420590913   0.0320180679   0.0082341383
36  4   0.0099238598   0.0086241289  -0.0147399942  -0.0069963269  -0.0084979295
36  5   0.0174061636  -0.0674823257   0.0306550388   0.1935285419  -0.1949510078
36  6   0.0353185064  -0.1860970038   0.0557332532  -0.0219556074  -0.0609042012
36  7   0.0585634096   0.1187424653  -0.0541935937  -0.0825048944   0.0769043874
36  8  -0.0478976626   0.0750368002   0.0522796423  -0.0432684771   0.0146926679
36  9   0.0053735512   0.0127106476   0.0021042580   0.0113348548  -0.0046338474
36 10   0.0121242269   0.0382635953  -0.1283017034   0.1752281764  -0.0000097206
36 11   0.0000426534   0.0001557691  -0.0000459607  -0.0000423335
37  1   0.0879785578   0.0071142192   0.2139717506   0.1254909941   0.0183613172
37  2  -0.1515719570  -0.0586295941   0.1623919587  -0.2974770354   0.2370627977
37  3  -0.2330073606   0.0690631578  -0.1553489615  -0.2528936473  -0.0862107238
37  4   0.0125122440   0.0332802675  -0.0347238349  -0.0673204878  -0.0760604269
37  5  -0.0240111801  -0.0041181891   0.0206994400  -0.0774692136   0.0180963140
37  6   0.0158126061   0.0138088565  -0.0451361805   0.0377866913   0.0588217575
37  7   0.0118365532  -0.0374530289   0.0866988345  -0.0029712670   0.0912143053
37  8  -0.0245699502   0.0424542630   0.0204719915  -0.0124320406   0.0092497522
37  9  -0.0065247787  -0.0047244013  -0.0023854154  -0.0065858454   0.0039153206
37 10  -0.0088390050  -0.0319759765   0.1038263581  -0.1414034338  -0.0000042878
37 11   0.0000405233   0.0000002137  -0.0000017720   0.0000275990
38  1  -0.0547345856   0.2666602918  -0.2365197784  -0.0387656476  -0.0424425105
38  2  -0.1078749937  -0.1579552939  -0.2214065376   0.0272097074  -0.2443900359
38  3   0.0083416402   0.0481710455   0.1273183154  -0.1949894598  -0.0896857487
38  4   0.0436481733   0.0547938997  -0.0721524831  -0.0879046998  -0.1356478290
38  5   0.0396511185  -0.0968445481   0.0420156801   0.2003859902  -0.1622797437
38  6   0.0024560006  -0.0550340155   0.0356419578  -0.0189966312   0.0222600492
38  7   0.0193242193   0.0142509298   0.0482985755  -0.0263983297   0.0556462405
38  8  -0.0142241030   0.0242465306   0.0160334121  -0.0093374792   0.0018757947
38  9  -0.0031424819  -0.0084661595  -0.0038501619  -0.0068172816   0.0032208175
38 10  -0.0071219490  -0.0218397104   0.0768790797  -0.1092607262  -0.0000508271
38 11   0.0003135475   0.0000035983  -0.0000008121   0.0000214338
39  1  -0.3184275568  -0.1175355696  -0.1358655792   0.1500841117   0.1739845895
39  2   0.0533555980   0.1489439665  -0.0214519828   0.1523642040   0.0863766378
39  3   0.0851004451   0.0061993335   0.0991141303   0.0622041639   0.0158192918
39  4   0.0457645995   0.0046588549  -0.0166526129  -0.0081896313  -0.0246984840
39  5   0.0091535589   0.0265040978  -0.0416773233  -0.1021300189   0.1957439456
39  6  -0.0881704373   0.2557643687   0.0035679294  -0.0199298823   0.0928308088
39  7  -0.0205062344  -0.0656679267   0.1275900846  -0.0263443924   0.1186798772
39  8  -0.0307059310   0.0697579501   0.0446331148  -0.0327318419   0.0170796174
39  9  -0.0105724810  -0.0153660169  -0.0086134815  -0.0126048199   0.0068016157
39 10  -0.0144333923  -0.0422423611   0.1455467861  -0.2005915869   0.0000221249
39 11   0.0000116463   0.0001720319  -0.0000461055   0.0000101751
40  1   0.2111812406   0.0690955145   0.1015809774  -0.0374320087   0.0573309106
40  2  -0.2987671312   0.1094667758   0.2898093914   0.2477251984  -0.0757548718
40  3   0.0481749823   0.1615594385   0.2686513847   0.0224564225   0.2413210979
40  4   0.3076325237   0.5329671294   0.5966633972  -0.4676120827  -0.0362066867
40  5  -0.2534811072  -0.1166753379   0.1033510425   0.0948426018   0.0744005920
40  6  -0.1668881037   0.0230824915  -0.0000652808   0.0358557684  -0.0598130132
40  7  -0.0139945281   0.0033465360   0.0109613787   0.1317542106  -0.0659448690
40  8  -0.1415708643   0.2463616960  -0.0917774736  -0.0750806861  -0.1593052076
40  9   0.0433359396   0.0233301526  -0.1997798759   0.1632115726   0.0076135792
40 10  -0.0398357637   0.0098698682   0.0073539662  -0.0237067355  -0.0003991110
40 11  -0.0002999706   0.0015276572  -0.0016180869  -0.6848833178
41  1  -0.1115219753   0.2349724825  -0.0344117183   0.0098409493  -0.2237935454
41  2  -0.0641001710   0.0166057966   0.0977415884   0.0370665647   0.1332553681
41  3   0.1377022792  -0.1095040066  -0.1210148176  -0.1149490858   0.6597837187
41  4   0.2362833910   0.7724527808   0.6579021759   0.2360556183  -0.0485152774
41  5   0.0652226504   0.0712092401  -0.0001435025   0.0133104977  -0.0778379474
41  6   0.1407141323   0.0001776252  -0.1682565059   0.0299657798   0.1147438975
41  7   0.0264215116  -0.0241483303  -0.0361876462  -0.1990655409   0.0698581009
41  8   0.1158688166  -0.2622378140   0.0064678158   0.0099953534   0.1938809235
41  9  -0.0594137452  -0.0222953696   0.2429407225  -0.1898095275  -0.0144085047
41 10   0.0330025506   0.0279831453  -0.0083742310   0.0254280707   0.0000065401
41 11  -0.0001752951   0.0005225839   0.0007773316   0.4887835218
42  1  -0.2087069736  -0.0672417064   0.0004056344  -0.0366657665  -0.0482499185
42  2  -0.1155857193  -0.0707768882  -0.0979243914  -0.0594422647  -0.0499743235
42  3  -0.1279260472   0.0938833280  -0.0570647972  -0.0184593657   0.0697350607
42  4  -0.1516636183  -0.0972221381  -0.0503222143   0.1562715251   0.0217666271
42  5   0.1811661677   0.2819080106  -0.1685034970   0.0028597160  -0.1710196919
42  6   0.2316767077   0.0506219074  -0.0627710031   0.1701696954   0.0871694687
42  7   0.0203849649   0.0199117842   0.0404852101  -0.3806075073   0.0928278513
42  8   0.3729093449  -0.5579233608   0.1704793634   0.0294664957   0.4132772183
42  9  -0.1031566182  -0.0574673017   0.5639951122  -0.4451346324  -0.0287204109
42 10   0.0896425496   0.0245601073  -0.0164435733   0.0442847683  -0.0000425075
42 11   0.0034123377  -0.0030850959   0.0007546332  -0.5367399979
43  1  -0.0189310893   0.0998118015   0.1176767081   0.0907074059   0.1285054148
43  2  -0.1060945820  -0.0759227031  -0.0292661539  -0.0627516348   0.0162157242
43  3   0.0598450264   0.1053309942   0.2202018202   0.0754537756  -0.0296083746
43  4  -0.0392697733   0.0000709752   0.0308118611   0.1141298337   0.0263078303
43  5   0.1483915988   0.1566698283   0.1168837995  -0.1240103361  -0.0143693480
43  6   0.1092027314  -0.1889919205  -0.2767570191  -0.2724258615  -0.2505859150
43  7  -0.1217803084   0.1185249764   0.2750244820   0.0343278745  -0.1095914849
43  8  -0.0356392892   0.1356286798  -0.0899540700  -0.0360545452  -0.0671391598
43  9  -0.2686672222  -0.0969515653   0.1683321020   0.1406470347  -0.1163722910
43 10  -0.0446481482  -0.0020749940  -0.0914736181  -0.0385610958  -0.8273929314
43 11  -0.1834104787  -0.0564512058  -0.3052914918   0.0000178397
44  1   0.0209506111  -0.0172789416   0.0115467659   0.2709506633  -0.2154526366
44  2   0.0017680036   0.0574064292  -0.0203547167   0.0400234348  -0.0913582268
44  3  -0.0915642034  -0.1054865688  -0.0958485718   0.2219100333  -0.1177279085
44  4   0.0014980768   0.0298216945  -0.0183621687  -0.1115178288   0.0228128543
44  5   0.0957255074   0.2282992120   0.5610209863   0.0415393327   0.1007814103
44  6  -0.1635422100   0.1646190489   0.2540125597   0.1908585541  -0.1713992116
44  7   0.1615910571  -0.3066511127   0.0302571198  -0.2676480525  -0.1362842829
44  8  -0.4259898415  -0.3050170562   0.1555486646   0.3196718008   0.2376180225
44  9   0.5934379978   0.3021282399  -0.4156327902  -0.4354181165  -0.2011371849
44 10  -0.0707356046   0.0499198385   0.1235857123   0.0288966779  -0.2399303136
44 11  -0.0530423363  -0.0170453006  -0.0927439083   0.0000914672
45  1   0.0959128307  -0.1856070973  -0.0026079009  -0.0953628907  -0.1261336196
45  2  -0.3120803859   0.2197512891   0.2572090724   0.3809106319  -0.3469419326
45  3  -0.4379027785   0.1403579302  -0.1346728768  -0.0324693692  -0.0680227683
45  4   0.4557714387   0.1075808216  -0.2070207137   0.2002580456   0.2087670636
45  5   0.5077467490   0.2291070148   0.4325791991  -0.2636606514  -0.0371406621
45  6  -0.0228185805  -0.2219543410  -0.2332192364  -0.1657473574  -0.4091561430
45  7  -0.2136151197   0.0979676502   0.3450736351  -0.0415339942  -0.1114028030
45  8  -0.1108964949   0.1030538091  -0.1769436987   0.0809707240  -0.0175715653
45  9  -0.2268110796  -0.0490225892   0.0694171736   0.0503482145  -0.5991043470
45 10  -0.2362037383   0.0215516321  -0.0983853725  -0.0377892449   0.2934685584
45 11   0.0641776868   0.0170966156   0.0947896408  -0.0004254913
46  1  -0.1630664042   0.1378783586   0.1028472622   0.1483287115   0.1915896182
46  2   0.0040180675  -0.2697317478  -0.2456314653  -0.3478441493   0.2028657345
46  3   0.3116807811   0.0931345786   0.3101391637   0.1314461009   0.0310099159
46  4  -0.5074119054  -0.1264036614   0.2414909704  -0.0613336414  -0.1768525134
46  5  -0.3615059603   0.0741064943  -0.3554376378   0.2096387255  -0.0367176352
46  6   0.1739470238   0.1407974196  -0.0762927745  -0.2700034139   0.5379265136
46  7   0.3469041532   0.0115649499  -0.3147200836   0.2907677935   0.0882490202
46  8   0.0414542352  -0.0127706576   0.1850520246  -0.0620393262   0.0777652210
46  9   0.1694488308  -0.2116082198   0.0424415297   0.1258022766  -0.6361948037
46 10  -0.2827556698   0.0253365958  -0.1633891587  -0.1153874315   0.0273951092
46 11   0.0046659772  -0.0061669961  -0.0361509044   0.0001418436
47  1   0.0887254554  -0.0438127647  -0.1275782199   0.2868267728  -0.0808343064
47  2  -0.0173335942  -0.0943948204  -0.0805422478  -0.1134061830   0.0841545966
47  3   0.1900451270  -0.0453662721  -0.0345887627   0.2387813830  -0.1519593400
47  4  -0.1242496849   0.0178045974   0.0107104448   0.1936238426  -0.0927619660
47  5  -0.2430928918  -0.2026323527  -0.1022396902   0.2538583723   0.4014234127
47  6   0.3286503754  -0.0216231518   0.0796354372   0.0778184357  -0.1791336576
47  7   0.2960380858  -0.4599876196  -0.0831293944  -0.3844668247   0.0226808530
47  8   0.4760463080   0.0571894407   0.0375748699  -0.5025402415  -0.3467951704
47  9  -0.5058582639   0.4656136921  -0.2001169096  -0.3957653778  -0.1915688659
47 10  -0.0219508434   0.0203584771   0.0497603812   0.0574591656  -0.0593871685
47 11  -0.0081390857   0.0271165898   0.1732068132  -0.0008765259
48  1  -0.0066120579  -0.1590026339  -0.0211539417  -0.0520239807  -0.0722680835
48  2  -0.2319674501   0.0642848015   0.0837406106   0.1559253794  -0.1806376649
48  3  -0.2319908191   0.1472128428  -0.0497695941   0.0226795442  -0.0320747782
48  4   0.0845388669   0.0149161345  -0.0327772481   0.0701130837   0.0455108272
48  5   0.1007584892   0.1475662759   0.0325348799   0.0103698073  -0.0373566047
48  6   0.1081219190   0.0194644260  -0.1342164250  -0.2136209647   0.2007523348
48  7   0.1624952581  -0.0066816414  -0.0877902649   0.1343749830  -0.0234939837
48  8  -0.0688736703   0.0089435488   0.1252144571  -0.0050024463   0.0420632502
48  9   0.1278069170  -0.1027920941   0.0445373650   0.0785354750   0.0432063951
48 10   0.0058443498   0.0009192914  -0.0719286474  -0.0637224074  -0.3444020490
48 11  -0.0502619528   0.1413607360   0.9083479722  -0.0014467885
49  1  -0.1439820925   0.1723982978   0.0524654379   0.0931239250   0.2221159746
49  2  -0.0327750673  -0.1825346078  -0.1848643888  -0.2008630779   0.0576879331
49  3   0.0629446099   0.1072111566   0.2633528491  -0.0677601645  -0.1010689230
49  4   0.2069933193   0.1000048214  -0.1366773875   0.0664949844   0.3206377859
49  5  -0.1056972630  -0.3559729394   0.0558271400  -0.1198303202   0.2986716347
49  6  -0.0592437753   0.0492273402  -0.1411252409   0.4283400370   0.1644734026
49  7   0.4849117026   0.3518796963   0.0661107096   0.0384588551  -0.6384160831
49  8  -0.0294518795  -0.0491770875   0.0230799704  -0.2443066180   0.3892468978
49  9  -0.3329905953  -0.3260852981  -0.4872303566  -0.0009330487  -0.1057537571
49 10   0.3677114195  -0.1359816887   0.1407742792  -0.0352990483   0.0001580339
49 11  -0.0010485272   0.0110672827  -0.0022667801   0.0013440854
50  1   0.0637630097   0.0888143199  -0.2712298982   0.1399228106   0.0257868837
50  2  -0.0735706573   0.2160786772   0.2180838875   0.2093355635   0.0349716157
50  3  -0.0132359840  -0.1310180688  -0.0354633393  -0.2257705761  -0.0676210506
50  4  -0.1033331033  -0.0283105706  -0.0091485759  -0.1197825386  -0.4996345656
50  5   0.1182874152   0.2631462070  -0.0580052399  -0.3902388721   0.1633771414
50  6   0.1193477112  -0.0025403381  -0.1592535199   0.0626742990  -0.2884775983
50  7  -0.2396646655  -0.0856099876  -0.5809299274   0.0558166989  -0.4577478322
50  8  -0.0592748169   0.2657530761   0.2573637003  -0.3783788943   0.3356253721
50  9  -0.2141322889  -0.1755060945  -0.1997101541  -0.1564264184   0.2245383863
50 10  -0.5026900481   0.0819140721  -0.1670954929   0.1550039373   0.0369676659
50 11  -0.1634257351  -0.2096505971   0.0373280133   0.0000120617
51  1  -0.3015474836  -0.0399620691  -0.0116760852  -0.0031023349  -0.0061345157
51  2  -0.0464080782  -0.1894841564  -0.2569769413  -0.1962095910  -0.0468972340
51  3  -0.1472964718   0.1211294049  -0.0286535342  -0.0572115209  -0.0119239430
51  4   0.0877676470   0.0427413514  -0.0078696576  -0.0273296414   0.2526420342
51  5  -0.1701343512   0.0038545154   0.0358828259  -0.0265727242  -0.0182093128
51  6  -0.0336870974   0.0044841886   0.1005061847  -0.1708178531  -0.0393486422
51  7  -0.0928209414  -0.0215194173  -0.0292504315  -0.0538121139   0.0956053372
51  8   0.0347635910  -0.0090287254   0.0082727525   0.0301417210  -0.0798705808
51  9   0.0813815058   0.0452972545   0.0630070280   0.0431997117  -0.0785930910
51 10   0.1786573533  -0.0207918288   0.1029006202  -0.1264574491   0.1356399484
51 11  -0.6060639611  -0.7218617903   0.1299905934  -0.0011053133
52  1   0.0185013802   0.1439844295   0.0499984912   0.0107315183   0.1652501394
52  2  -0.1650459680  -0.0694590999   0.0110498653  -0.0118475785  -0.0282612810
52  3   0.0382500255   0.0967760158   0.2472713093  -0.0561973686  -0.0288852870
52  4  -0.0833516369  -0.0035140144   0.0307369540   0.0928446242   0.0448271791
52  5   0.2049558094   0.0306254721  -0.1235382459  -0.1327656569   0.0959314333
52  6   0.2177552773   0.0200750134  -0.3253208052   0.3907987358  -0.0915931017
52  7  -0.1008762197  -0.0823383320  -0.3237122702  -0.2683658498   0.2159911195
52  8  -0.3628962417   0.1443913402   0.0606846749   0.1839503436  -0.4113769484
52  9   0.0721492705  -0.5409450493  -0.0462290892  -0.4104416793  -0.0413589858
52 10   0.1284930171   0.0075000374  -0.0443931778   0.0441010963  -0.0885233331
52 11   0.4291166293  -0.3678785629   0.0464199742  -0.0004350119
53  1  -0.0229805604   0.2073734125  -0.2273728715   0.0224699867  -0.0389448377
53  2  -0.0926931439  -0.0770731782  -0.0736848627  -0.0134731605  -0.0981531751
53  3  -0.0573283967  -0.0450779832  -0.0043367273  -0.2673154353  -0.0651471692
53  4  -0.0720956153   0.0159677902   0.0096113847   0.0322889036   0.2828061184
53  5  -0.1786920648   0.0224939541   0.0189564359  -0.3538519524   0.2256978981
53  6  -0.0010612773   0.0196733339   0.0161648651   0.0353703249   0.0305425944
53  7   0.3298666144   0.4919027300   0.0439306352  -0.4407863427   0.1312697126
53  8  -0.1710078161  -0.1625704434  -0.1159044974   0.2634256849  -0.3402262158
53  9   0.0179250699  -0.3516401921  -0.0217486506  -0.3082540197   0.1265155807
53 10  -0.2926808639   0.0703243627  -0.1104544559   0.0673136692   0.0972035881
53 11  -0.4704080369   0.4049184361  -0.0513087184  -0.0012523517
54  1  -0.3855087661   0.0000000000   0.0000000000   0.0000000000   0.0000000000
54  2   0.0000000000  -0.3032795465  -0.4080376703  -0.3286482505  -0.0473853146
54  3  -0.1428175198   0.1468452757   0.0015400587  -0.0532631198  -0.0325713999
54  4   0.2100848764   0.0870964718  -0.0758914084   0.0103843485   0.5584492461
54  5  -0.3532760988  -0.2043709919   0.1202713688  -0.0134935386   0.0796457649
54  6  -0.1500120823  -0.0233544373   0.1821166491  -0.1072113926   0.1256125982
54  7   0.3055257806   0.2922137596   0.2633278090  -0.0113981513  -0.0429707904
54  8   0.1017042230  -0.2003100826  -0.1421133158   0.0855381036   0.0614831210
54  9  -0.0511915237   0.1679304310   0.0556250118   0.0286230985   0.2241208093
54 10  -0.5613058421   0.0996077556  -0.1988171019   0.1812600532  -0.0808601700
54 11   0.3906866259  -0.3197029283   0.0410790104   0.0010479516
$end
