$coord
-1.26931871337722 -2.66012634838733 1.4857197266761 n
0.00811140206607 -0.45576795756885 0.35563772011272 c
2.87656789867359 -0.60228179889057 0.81464540051475 c
4.24887650275609 1.6222387574891 0.13168426496523 o
-0.56898283274065 -0.54434075200565 -2.47825511037072 c
-3.2143359264664 -0.24931142949820004 -2.95300608560381 o
-1.15424496069242 1.93059879343045 1.58725307467732 c
-1.19390247439382 4.10359721885326 -0.00671162775882 o
-1.29449230346954 -2.52727079812087 3.40138815226809 h
-0.31914551539348 -4.27709159363591 1.06603152968728 h
3.64681910130399 -2.25951225241761 -0.16468915215618 h
3.19572296695394 -0.85758615310917 2.83585841101972 h
4.17085663291357 1.84298391961882 -1.6763603101789 h
0.11254362739897 -2.3427720156078 -3.2477654824454 h
0.37521189206311 0.9832525712342999 -3.4845058003274 h
-4.0568367363435 -1.41116429910711 -1.81190789319815 h
-0.05624389914626 2.45108817191969 3.25225463237179 h
-3.07281738720051 1.47141290508586 2.20319631970439 h
-2.43438927490556 3.78205306071742 -1.31046776995806 h
$user-defined bonds 
 
$end
