$dipgrad          cartesian dipole gradients
  -.58491921836315D+00  -.18111262148919D+00  0.42670639145432D-02
  -.19289918989934D+00  -.41179714634430D+00  0.12052105748657D+00
  -.30651847734863D-01  0.13089550553011D+00  -.33578783891251D+00
  0.13257117881056D+00  0.65909070495636D-01  0.63271193455497D-01
  0.17741226222297D+00  0.16400862327282D+00  -.99959052387371D-01
  -.81771975578543D-01  -.17230434913743D+00  0.11203226707800D+00
  0.50054534721821D+00  0.14614626873083D+00  -.80545329632216D-01
  0.23164888315697D+00  0.59290213041972D+00  -.82563291355019D-01
  -.15594200384533D+00  -.10528835821983D+00  0.26933418351091D+00
  -.79482752618154D+00  -.19098646062548D+00  0.13176503809143D+00
  -.19478907436960D+00  -.71894719777879D+00  0.12095122175013D+00
  0.16966597302067D+00  0.12043809969374D+00  -.31269834407016D+00
  0.65130237147394D+00  -.11056668709665D+00  0.68969152891782D-01
  -.25881052365833D-01  0.27278385690761D+00  0.44896912788765D-01
  0.10106276281337D+00  0.92587316930514D-01  0.28824513284555D+00
  -.87688238592198D+00  0.20507481970353D-01  -.18911141978180D+00
  -.33011047928958D-01  -.44324730072097D+00  -.11556363128046D+00
  -.17224251088522D+00  -.72012008123038D-01  -.52358262089274D+00
  0.28147793512129D+00  -.68714497010399D-01  -.45972242626425D-02
  -.87373441686908D-01  0.64283470158963D+00  -.12551316293550D+00
  0.13717226600299D-01  -.22072304023105D+00  0.41904579414124D+00
  -.42672808232463D+00  0.18855396539250D+00  0.60158054300004D-01
  0.15367583636508D+00  -.80048232033252D+00  0.15588812345677D+00
  0.33824563953485D-01  0.18957263189877D+00  -.56057864126942D+00
  0.24406051513055D+00  0.15656201243267D-01  -.10625848332782D+00
  -.54907586085573D-02  0.15067249032727D+00  -.33709793344835D-01
  -.12905590339037D-01  0.22419176333124D-02  0.81984905565145D-02
  0.16522669948359D+00  0.17097283804551D+00  0.52896870736366D-01
  0.83134252307728D-01  0.79963865548617D-01  0.13569203322356D-02
  0.69486673905258D-01  0.19137450075816D-02  0.14994341310320D+00
  -.30940292639546D-01  0.35024009692768D-01  0.41881566742384D-01
  0.42939845160044D-01  -.18742589913495D+00  -.53708618528486D-01
  0.64349644866468D-01  -.11686236249496D+00  -.10100114052691D-01
  0.21756620206578D-01  -.20789936687330D-01  0.19955528502991D-02
  -.22015696206549D-01  0.26258834920610D-01  0.10645064869506D-01
  -.28362348938580D-01  0.51561175082872D-01  -.14397884003203D+00
  0.36642079109300D+00  -.39849626650454D-02  -.82369278639665D-01
  -.19867622975963D-01  0.24906976547395D+00  -.34044146491559D-01
  -.57072207975363D-01  -.22470184592883D-01  0.12683630477803D+00
  -.52326791954071D-01  0.66470657145959D-01  0.90326825275448D-02
  0.11652600763056D+00  -.14665152476527D+00  -.95215295635205D-01
  0.15593560626661D-01  -.53061114535235D-01  0.16805406822522D-02
  -.28178636051194D-01  -.44199121880897D-01  0.19764703796446D-01
  -.78123500905008D-01  -.24215070510574D-01  0.90324424976792D-01
  0.38862076080537D-01  0.59793551868156D-01  0.20978149330785D-01
  0.30805085232742D+00  0.29954155103823D-01  0.44663917145632D-01
  0.48589920104231D-02  0.23219508515949D+00  0.52088834344381D-01
  0.10010604509432D+00  0.62444659841423D-01  0.31256115706573D+00
  0.20258220269000D-01  -.10183364059550D-01  -.10624729675406D+00
  -.84207261031279D-02  0.10339451269432D-01  -.26012265785739D-01
  -.67567656772304D-01  -.99892750024297D-02  -.79831411108395D-01
  -.14240562779822D+00  -.29802862017707D-01  0.97952934739857D-01
  -.37316849412190D-01  -.21275164438442D-01  0.65716733050320D-01
  0.39274597813248D-01  0.38401712860844D-01  0.52165813455358D-02
  0.24553803013120D+00  -.78854134288446D-01  -.27489698793489D-01
  -.10500711839173D+00  0.33301281916763D+00  0.38999646886985D-02
  -.39426982705125D-01  0.22860375989508D-01  0.25248579593135D+00
$end
