$dipgrad          cartesian dipole gradients
  -.70228262720642D+00  -.13529119091115D+00  -.11095950919494D+00
  0.25522918666245D-01  -.64533624657026D+00  0.35585333228046D+00
  -.25335465399329D+00  0.19443281820429D+00  -.86795637308315D+00
  0.12916657166380D+01  0.41264891472333D+00  0.57378392961636D+00
  0.51398429427991D+00  0.92216310049415D+00  -.26220691959355D+00
  0.67249661866989D+00  -.19726029638585D+00  0.11352679793144D+01
  -.11005249541455D+01  -.21777799236065D+00  -.44911590131643D+00
  -.40661645292823D+00  -.45931297527259D+00  -.23391844607971D+00
  -.42094800965205D+00  -.16987587457242D+00  -.62141791549501D+00
  0.37366582576721D-01  -.51552122378782D-01  -.25008915553388D-01
  -.10864418434224D+00  -.14947539060664D+00  0.93148218328202D-01
  -.93058150559489D-02  0.48317308142888D-01  0.10764745064682D+00
  0.89851477872672D-01  0.30016484447697D-01  -.22728635997474D-01
  -.56360266958093D-02  0.99513974560424D-01  -.33980822026223D-01
  -.16671179996219D-01  0.38643404724753D-02  0.54694588648538D-01
  0.91277316383680D-01  0.11802847515817D-02  0.87030662331728D-02
  -.11083063364475D-01  0.12128204669160D+00  -.14186332303909D-01
  -.33840429685902D-01  -.38378532724867D-01  0.14974287123032D+00
  0.17921647996440D-01  -.25843843125166D-01  -.26687093771273D-01
  -.30583958314462D-01  0.89753669069389D-01  0.32096667947725D-02
  0.17788237760269D-01  0.21778126534465D-01  0.59814528323176D-01
  0.40747570984984D-01  0.18238859028314D-01  -.38752923401754D-01
  -.81322391991254D-01  0.58997820693574D-01  -.13279813705855D-01
  0.51895531666620D-01  0.11404215224456D-01  0.39786804795103D-01
  0.22514440036182D+00  0.11834860448044D+00  0.33942351803200D-01
  0.26243894148311D+00  0.31515207940858D+00  -.30315656760336D-01
  -.46103735561874D-02  -.12492959024273D+00  0.68303108592152D-01
  -.15296299374689D+00  0.22193773816931D-01  -.49035427568222D-01
  -.82014261246667D-01  -.18300458589937D+00  0.85112014529105D-01
  -.73222306494625D-01  0.55609803596263D-01  -.74741020134541D-01
  -.79611473792816D-01  -.59684237267875D-01  -.47740100962734D-01
  -.88342013088762D-01  -.17815220564874D+00  0.59245337276866D-02
  -.87448083241179D-01  0.83414095751853D-02  -.48788987837885D-01
  0.44090540117931D-01  -.52669216781194D-01  0.53350827950288D-01
  0.12814732745964D-01  0.26899055103109D+00  -.89735603893297D-01
  0.14019434231468D+00  -.56417234967107D-01  0.10484466754404D+00
  -.65769906339556D-01  0.26458265025675D-02  0.39708074344107D-01
  -.32347814906770D-01  -.41916943175559D-01  -.43656961629903D-01
  0.79317658475279D-01  0.87566192803410D-01  0.80914086218950D-01
  0.35576027539168D+00  0.11321605438506D-01  -.89966804646964D-02
  -.14810421035006D-01  0.25140097658373D+00  0.71666664496094D-01
  0.15279095489217D-01  0.95031184657547D-01  0.24700022992138D+00
  0.29921141825165D-01  -.33884716435954D-01  0.69664797984858D-02
  -.35149890650277D-01  0.63887967681527D-01  -.12620479236480D-01
  -.40280653412254D-01  0.27286213789375D-01  -.90939221701833D-01
  -.67867484064603D-01  0.34672329464608D-01  0.39027808829645D-01
  0.56824672728803D-01  -.94907761020276D-02  -.19436332545639D-01
  0.62557204971439D-01  -.42041903182385D-01  0.56455523879437D-01
  -.13978380197553D-01  -.73751770495665D-01  0.17975798602015D-01
  -.46532925752875D-01  -.12705836819764D+00  0.17980409750750D-01
  0.21437382468167D-01  0.38014236998148D-01  0.51867989525351D-01
  0.48484321706825D-01  0.13502016939011D-01  -.13728357071314D-01
  0.41609822551591D-01  0.53373303000237D-01  0.12163801255985D-01
  -.36981517525804D-01  -.19395884270807D-01  -.10394695379855D+00
  -.39681485939855D-01  0.71282550974219D-02  -.59320894246154D-01
  0.24414159479440D-01  0.46239387120408D-01  0.24044444523801D-01
  -.65919873633477D-01  -.16461313596869D-01  -.17253427274229D+00
  0.15760823246239D-02  -.23094751889745D-01  -.10004162638458D-02
  -.50042427417138D-01  -.12761060242907D+00  0.11687360582144D-01
  0.29973668889120D-01  0.51428656876440D-01  0.33696528818704D-01
  0.49561101080075D-01  -.20442300985777D-01  0.14177253270139D-01
  -.46090950813326D-01  -.85386935497078D-01  0.52146873922659D-01
  0.65305049505183D-02  0.27387824710215D-01  0.20108541829820D-01
  -.73465325487795D-01  0.69183201722904D-01  0.64668055349240D-01
  0.88288700372738D-01  -.10745383237981D-01  -.65205806445220D-01
  0.67826207010628D-01  -.47776786114467D-01  -.31815682166728D-01
  -.26827018246719D-01  -.76967848926264D-01  0.81404736596725D-02
  -.74016389371055D-01  -.13278865408933D+00  0.70823924519769D-01
  -.41810456460841D-01  0.16362758902473D-01  0.26391610868941D-01
  -.18506147317054D-01  0.38883230570587D-01  0.58957554986228D-01
  0.94742070041888D-01  0.31442359505519D-02  -.69672325032351D-01
  0.51291424518821D-01  -.46327159080018D-01  -.27055666521973D-01
  -.50698474402592D-01  -.19144193808028D-01  -.21745564145728D-01
  -.53761643793098D-01  -.24604249760623D-01  0.50043521954730D-01
  -.17816284734698D-01  0.24438089325329D-01  -.10011762290691D+00
  -.21940117564541D-02  0.49340413229822D-01  0.41423743756772D-01
  0.90001800895314D-01  -.18237268464979D-01  -.52925383796956D-01
  0.71516548925058D-01  -.36830836002655D-01  0.21942659409587D-01
  -.10378351524907D-02  -.57048957831567D-02  -.51337485552246D-01
  -.96371444036492D-02  -.15133125927614D-01  0.26362265707409D-01
  -.11633235711044D+00  0.56018246197281D-01  -.65409759494107D-01
  0.42244297538083D-01  0.31229863934554D-02  0.83425409022710D-02
  0.13792726766533D-01  -.11589164725523D+00  0.77486689296850D-01
  -.21417367348878D-01  0.10112243260331D+00  0.48760686083429D-02
  0.29795645011999D-01  -.36617705457992D-01  -.43010053592106D-01
  -.47802879895811D-01  0.30246245864977D-01  -.16512838621097D-01
  -.48145064207602D-01  -.72708447473108D-01  -.58631762276735D-01
$end
