$coord
9.33814936123262 2.17952201645396 -0.50178941028969 o
9.21658883773538 0.84490608299481 1.35785684415027 c
9.60652555014757 1.75674276606426 3.70509028076203 o
8.72623224070764 -1.9580032537767698 1.34526991544147 c
6.79808416085469 -2.82560907493541 -0.63574877569817 c
4.0349431714678 -2.48858918370173 0.16122290933822 c
3.20990274702519 0.25066846123122 0.58853153968678 c
0.43075014113928 0.53928648397144 1.35045727595439 c
-1.46601018811436 -0.2536112197871 -0.68235689669802 c
-4.20771530668975 0.25611867566036 0.07131536938158 c
-6.10518935010343 -0.5670992022499 -1.94682930418276 c
-8.8776589235309 -0.22533874458681 -1.19586273998872 c
-9.66347993665306 2.4709610552116 -0.54142117577959 c
-9.38037772473284 4.76775220014113 -3.16835891519878 s
10.00402956217127 3.54823055517842 3.58732191680886 h
8.18144278513644 -2.56632895967818 3.23814282302436 h
10.56549363930726 -2.82232673910611 0.9503430946326299 h
7.15380953934808 -1.82387761156722 -2.40789508014945 h
7.13524265704175 -4.82753148801802 -1.01030281769998 h
2.84729684251244 -3.34643666170549 -1.29559896804162 h
3.69758035912125 -3.57016266101917 1.8966069699344899 h
3.57065021730425 1.35217867990426 -1.12734314304533 h
4.36816272283614 1.0990104514716 2.07686911157335 h
0.0803913667426 -0.55536407199039 3.07509807196467 h
0.08320038494265 2.52017411910588 1.84218837607434 h
-1.25283179190203 -2.26663452090499 -1.10636645712598 h
-1.04158834263562 0.76017307241689 -2.44016357755067 h
-4.42364703431498 2.2758940025393 0.46895558458257 h
-4.62671028658938 -0.73034020102131 1.84542431117592 h
-5.79739840104437 -2.56582604441856 -2.38354610626088 h
-5.73098291087311 0.46237836864077 -3.70320813840271 h
-10.09121194353479 -0.92818964285917 -2.71401888111106 h
-9.27590535718264 -1.3915139016712 0.47063618129647 h
-11.66300056938827 2.53352056459416 -0.05197898078841 h
-8.6113245846172 3.21487168057677 1.06198637818686 h
-6.83344363488142 4.88039394684001 -3.27397859558918 h
$user-defined bonds 
 
$end
