$vibrational normal modes
 1  1   0.0615892941  -0.0535318365   0.1199180901   0.0906020314   0.1229399297
 1  2   0.0254886084   0.0554176847  -0.1208273503   0.0046047230   0.1396226212
 1  3  -0.0680333531  -0.0620765025   0.0432594369  -0.0758222896   0.2314315461
 1  4  -0.0219100667  -0.0863998943  -0.1161504777  -0.0689098728  -0.1804800037
 1  5   0.0737099288  -0.0068552005   0.0271870134   0.0361497935  -0.0037455303
 1  6  -0.0002961491   0.0092506085   0.0175044813  -0.0011841985   0.0194690590
 1  7   0.0110719925   0.0067897089   0.0213661114   0.0403437733   0.1014257034
 1  8  -0.0517007954  -0.0072824765   0.0133511770  -0.0122937543  -0.0015497972
 1  9  -0.0370263832   0.0412659092  -0.0004744967  -0.0472694191  -0.0293155037
 1 10  -0.0002188703  -0.0197036677   0.0234892132  -0.0016102439  -0.0029514795
 1 11   0.0255485491   0.0152355072  -0.0148065833  -0.0106962726   0.0223098490
 1 12  -0.0000076739  -0.0007396825   0.0001239802  -0.0001272956   0.0001146829
 1 13  -0.0004758684  -0.0348681481  -0.0006708559   0.0005586746  -0.0000114805
 1 14   0.0000343231  -0.0003137329   0.0002262471   0.0002580432  -0.0002082104
 1 15   0.0001228918   0.0381030018  -0.0000811846  -0.0000244893   0.0477200273
 1 16   0.0000063301  -0.0000019415  -0.0000118506
 2  1  -0.2214021720   0.0284295291  -0.0478837645   0.1136138511  -0.0459020664
 2  2  -0.0607648478   0.0203082823  -0.0101375442  -0.0805082707  -0.0094180251
 2  3   0.0122196130  -0.0392044334   0.1028107016   0.0217008030   0.0146691612
 2  4  -0.0079187792   0.0814605151  -0.0210058641  -0.0147783294   0.0599657187
 2  5  -0.1022344900  -0.0224463028   0.0523606892   0.1466246754  -0.0137955761
 2  6  -0.0013498083  -0.0082249428  -0.0270314285  -0.0029390322  -0.0110472408
 2  7   0.0335544138   0.0226827004  -0.1685107595  -0.0100634146  -0.1201184528
 2  8  -0.0687832637   0.0728401222   0.0235523364   0.0032205466   0.0037109993
 2  9  -0.0434438843   0.1063654445  -0.0120311410  -0.0519777704  -0.0407350122
 2 10  -0.0216970433  -0.0129259494  -0.0184093368  -0.0083901832   0.0083223155
 2 11   0.0007059187  -0.0221899117   0.0018466522   0.0035685290  -0.0039219176
 2 12  -0.0006943836   0.0027294727  -0.0010073505  -0.0007341022   0.0001963363
 2 13  -0.0011305573  -0.0626341079  -0.0011346917   0.0119074712   0.0000093547
 2 14   0.0000324002  -0.0001862831   0.0004139384   0.0001746693   0.0002821205
 2 15  -0.0002054433   0.0296490162  -0.0000544172  -0.0000030125  -0.0023070147
 2 16   0.0000080986  -0.0000007675  -0.0000489874
 3  1   0.0782561071   0.2970058353   0.0070187452   0.1842178764  -0.0876969440
 3  2  -0.0987952482   0.0664575305   0.0694205514  -0.1935351462  -0.0661468831
 3  3   0.1040251090  -0.0000022613  -0.0442847688  -0.0272264590   0.0482128740
 3  4  -0.0655409022  -0.1756601712  -0.0091501494   0.0011134331   0.0340690239
 3  5   0.0109981324   0.0082458491  -0.0214862671  -0.0497790222   0.0086208673
 3  6  -0.0008132949   0.0057461601   0.0028005646   0.0020876352  -0.0053035195
 3  7  -0.0033443669  -0.0042700365   0.0396420434   0.0197312013   0.0635705166
 3  8  -0.0029006108  -0.0224153970   0.0103197930   0.0240333293  -0.0007490312
 3  9  -0.0374974350   0.0257669057   0.0036430973  -0.0212733291  -0.0108223749
 3 10  -0.0217494449   0.0052898592  -0.0333968363  -0.0183280517   0.0104141995
 3 11  -0.0207887349  -0.0368540620   0.0076910353   0.0052358097  -0.0609583068
 3 12   0.0018187043   0.0066873150  -0.0031632647  -0.0009060196   0.0004098034
 3 13  -0.0004181326  -0.0163179307  -0.0001924657   0.0030615851   0.0000136740
 3 14   0.0006668978   0.0011602531  -0.0010532310   0.0005209763   0.0004043350
 3 15  -0.0000856629   0.0294551130  -0.0000430632   0.0000289652  -0.0650831477
 3 16  -0.0000261712  -0.0000035389  -0.0002762033
 4  1   0.0216892311  -0.0523521994   0.1314403318   0.1148026020   0.0516025367
 4  2   0.0028106497  -0.0062980387  -0.0266778728  -0.0196829073   0.0467593190
 4  3   0.0153207069   0.0078657135   0.0498536347  -0.0040971931   0.1315741485
 4  4   0.0051609078   0.0808613890  -0.0414949363  -0.0266278058   0.0924420119
 4  5  -0.0149582940  -0.0100116977  -0.0445002088  -0.0639535862   0.0511376224
 4  6  -0.0058494005  -0.0074222560  -0.1611220383  -0.0048823786   0.0299773210
 4  7   0.0027544609  -0.0005472638   0.0693385067   0.0799356056  -0.1021130577
 4  8  -0.1600440904   0.1410073476  -0.0194716976  -0.0562002371   0.0094053581
 4  9   0.0867157305  -0.0658794422  -0.0007141007   0.0669082778   0.0474958097
 4 10   0.0279560786   0.0825214795  -0.0221673347   0.0170436384  -0.0240534059
 4 11  -0.1157584366  -0.0205701314   0.0638920645   0.0390883117  -0.0287261096
 4 12   0.0028839775   0.0048056657   0.0006333649   0.0002028320  -0.0006970601
 4 13  -0.0003748886  -0.0203664705  -0.0004970015   0.0254262512  -0.0002183652
 4 14   0.0017843017   0.0031590631  -0.0021191239   0.0009619438   0.0008558710
 4 15  -0.0001773870   0.0012657082  -0.0000026475  -0.0000013024   0.0006613290
 4 16  -0.0000156494   0.0000004661   0.0000355989
 5  1  -0.2140051167   0.0321342519  -0.0498958322   0.1127822064  -0.0363697873
 5  2  -0.0634182904   0.0306759935  -0.0248558459  -0.0841948221   0.0032373273
 5  3   0.0037679865  -0.0475581614   0.1041620739   0.0134332025   0.0319959465
 5  4  -0.0089984964   0.0525376786  -0.0303251643  -0.0199413801   0.0176699629
 5  5  -0.0755821854  -0.0154695734   0.0410764325   0.1061742822  -0.0144389228
 5  6   0.0004335201  -0.0009702661   0.0079278769   0.0004361103  -0.0142550208
 5  7   0.0002679933  -0.0012702299   0.0217604612  -0.0194439995   0.1073349866
 5  8   0.0637526739  -0.0886862224  -0.0412895362  -0.0164120168  -0.0058101725
 5  9   0.0548852832  -0.1680694817   0.0162032566   0.0999712792   0.0768463360
 5 10   0.0580650905   0.0216428258   0.0782459183   0.0307411338  -0.0328459726
 5 11   0.0333861703   0.0818940867  -0.0257141456  -0.0215510440  -0.1103990595
 5 12   0.0023009044   0.0112650543  -0.0064260811  -0.0019950955   0.0023597203
 5 13  -0.0007254229   0.0097231855   0.0007918467  -0.0018967620   0.0003905080
 5 14  -0.0093151803  -0.0171847714   0.0115639341  -0.0045890657  -0.0038632612
 5 15   0.0013276992  -0.0008793828   0.0000078653   0.0000073543  -0.0008720973
 5 16  -0.0000095066  -0.0000038789   0.0003536565
 6  1   0.0377922115   0.1783722561   0.0149154809   0.0971319475  -0.0472520893
 6  2   0.0876558290   0.0268585350   0.0176622432  -0.0407835231  -0.0505598373
 6  3  -0.0069951767  -0.0449932083  -0.0849814263  -0.0692130645  -0.0494599629
 6  4   0.0084219750   0.0637797671   0.0528198964   0.0273336858  -0.1178209500
 6  5   0.0681942824   0.0087543885   0.0498295893   0.0646009714  -0.0433456518
 6  6   0.0048160936  -0.0773436516  -0.1846434014  -0.0007281016   0.0295706792
 6  7   0.0071010186   0.0075114391   0.1171528248   0.0799070888  -0.1601385567
 6  8   0.1138050928   0.0241835968   0.0014206784   0.0331359917   0.0058163199
 6  9   0.0537539925   0.0126654068  -0.0122724776  -0.0151794153  -0.0260718655
 6 10   0.0168563029  -0.0207218016   0.0599895719   0.0286688306  -0.0263544533
 6 11  -0.0048275093   0.0618957990   0.0091296009   0.0032194810   0.0708899398
 6 12  -0.0004239027  -0.0103787583   0.0053684530   0.0014365206  -0.0005689638
 6 13   0.0000711101  -0.0148578694  -0.0005715299   0.0426820029   0.0010893870
 6 14  -0.0321649532  -0.0570490086   0.0399959151  -0.0144400270  -0.0104710160
 6 15   0.0034061541   0.0022273450  -0.0000120609  -0.0000011596  -0.0016621706
 6 16  -0.0000083664   0.0000041543   0.0003956058
 7  1  -0.0030476168  -0.0591237045   0.1489817888   0.0979362486   0.0429979915
 7  2  -0.0073746789   0.0016147659  -0.0100796904  -0.0006749771  -0.0001628687
 7  3  -0.0000545512  -0.0003508603   0.0697088092   0.0296924643   0.0621939616
 7  4   0.0017393334   0.0643376496  -0.0658566944  -0.0395407571   0.1545860231
 7  5   0.0517361257  -0.0136708121  -0.0446858437  -0.0242205159   0.0507867074
 7  6  -0.0048727298  -0.0232775879  -0.0665724114   0.0017259034  -0.1336943114
 7  7  -0.0320460493  -0.0224704966   0.0769262759  -0.0395794021  -0.1016397947
 7  8   0.1256296691  -0.1170848487  -0.1310064979   0.0138686650  -0.0016778866
 7  9  -0.1154929918   0.0549626619   0.0014036535  -0.0327676659  -0.0296387467
 7 10   0.0036996958   0.0352400694   0.0095591540  -0.0408193889  -0.0138409264
 7 11   0.0092021965  -0.0168361710  -0.0822129532  -0.1443422000   0.0146218352
 7 12   0.0375164196   0.0060393981  -0.0125341589  -0.0045228112   0.0056145488
 7 13   0.0009922215   0.0078886706  -0.0005523354   0.0133260930   0.0007066890
 7 14  -0.0069186663   0.0007133368  -0.0059963018  -0.0021094101  -0.0015618932
 7 15   0.0007408104  -0.0001700003   0.0000066443  -0.0000030081  -0.0002091888
 7 16  -0.0000075018   0.0000074250   0.0000448455
 8  1  -0.1867995369  -0.0114782668  -0.0615806357   0.0621932950   0.0459177143
 8  2   0.0290188944   0.0763029550  -0.1278310717  -0.0096311722   0.0966630098
 8  3  -0.0961523933  -0.1308127077   0.0438546498  -0.0754114884   0.0260396352
 8  4   0.0329411988  -0.1134066515   0.0540231283   0.0428314023   0.0643779964
 8  5  -0.1392582612   0.0203773870  -0.0320674176  -0.0455929685  -0.0259902545
 8  6   0.0070892273  -0.0109186604  -0.0468752009   0.0008389034  -0.0192750079
 8  7  -0.0491432104  -0.0337409064   0.0923517078  -0.0986898763   0.0022025248
 8  8   0.0715328387   0.0345018100   0.0611062561  -0.0371294350  -0.0031755004
 8  9   0.1166748198   0.0357439958  -0.0203120607  -0.0024967734  -0.0195459930
 8 10  -0.0422563983  -0.0332531294  -0.0725375528  -0.0198172377   0.0404228337
 8 11  -0.0309292036   0.0108174680   0.0118656107   0.0031934769   0.0186428838
 8 12  -0.0033018525   0.0412513725  -0.0212840082  -0.0084805935   0.0003631878
 8 13   0.0009644156  -0.0005534095  -0.0008150568   0.0018279750   0.0008197163
 8 14  -0.0117387280   0.0099866269  -0.0294006927  -0.0562314049  -0.0504976289
 8 15   0.0235657225   0.0001449134   0.0000027929  -0.0000101386   0.0000083150
 8 16  -0.0000839625   0.0000042059   0.0000329005
 9  1  -0.0083648139   0.1307586209   0.0528578421   0.0182972949  -0.0134192533
 9  2   0.1243010981   0.0787053369  -0.0096434520   0.0608920705  -0.1258614056
 9  3  -0.1144188536  -0.1239203533  -0.0864816805  -0.0617747963  -0.1714342071
 9  4   0.0111950019  -0.0174604105  -0.0196919405  -0.0106732742   0.0756501227
 9  5   0.1317916064  -0.0253534978   0.0350166514   0.0462435425   0.0331118792
 9  6  -0.0084035575  -0.0018105813   0.0434319382   0.0007560319   0.0980252058
 9  7  -0.0010730815  -0.0015826355   0.0121138591  -0.0267405950  -0.0078709279
 9  8  -0.1365522545   0.0106441846  -0.1239251205  -0.0586927761   0.0090059412
 9  9  -0.0870107348  -0.0579617111   0.0292052903   0.0365796070   0.0491356250
 9 10  -0.0256190288  -0.0110263363  -0.0536079541  -0.0504048319   0.0386802417
 9 11   0.0236399498   0.0020592522  -0.0211963672  -0.0140652404  -0.0084103543
 9 12  -0.0010813371  -0.0573190681   0.0308710994   0.0127272980   0.0026242633
 9 13  -0.0009422718  -0.0026883695   0.0006813998   0.0016863657  -0.0044600838
 9 14   0.0559094639  -0.0000052221   0.0287598146  -0.0300518059  -0.0286549892
 9 15   0.0123588908  -0.0000433974   0.0000099072  -0.0000060119   0.0002721789
 9 16   0.0000226542  -0.0000070444  -0.0000192223
10  1   0.0362086610  -0.0484349487   0.1212237172   0.1244589151   0.0569251781
10  2   0.0088185847  -0.0056460526  -0.0175890224  -0.0176285751   0.0362495314
10  3   0.0101379982   0.0025465334   0.0065134124   0.0123926289  -0.0349363479
10  4  -0.0004134934   0.0345416605   0.0233770930   0.0135373809   0.1245231912
10  5   0.2258267008  -0.0043391111   0.0006625640   0.0411283017   0.0078940791
10  6  -0.0019435120  -0.0750225350   0.0442074569   0.0090385539  -0.0666073259
10  7  -0.0110029096  -0.0020553855  -0.0077276556  -0.0090857639  -0.0094280655
10  8   0.0391423355  -0.0553415744   0.2495236869  -0.0504895778  -0.0739566609
10  9  -0.0167680321  -0.0056896430   0.0063982011  -0.0019010503   0.0193770473
10 10   0.0080462865   0.0502186223   0.0084145159  -0.0764774301   0.0065093423
10 11   0.0435958153   0.0217989781  -0.0440704138   0.1141184163  -0.0032971714
10 12  -0.1064104260   0.0020468584  -0.0074839480  -0.0090004521  -0.0096087497
10 13   0.0046735677  -0.0000400845  -0.0024369592  -0.0037875261   0.0012019725
10 14   0.0029214856  -0.0060507277  -0.0054368839   0.0029506696  -0.0014568905
10 15   0.0017386425  -0.0000553209   0.0000046842   0.0000107693  -0.0000672801
10 16  -0.0000733520   0.0000135270  -0.0000174525
11  1  -0.1340885425   0.0560552296  -0.0728393861   0.0904243765   0.0799034673
11  2  -0.0633321905   0.0715872924  -0.1801500522  -0.0300594604   0.1204931295
11  3  -0.1421872246   0.1228392614  -0.1167257019   0.0756461500   0.0684756642
11  4   0.0085948225  -0.0406850702   0.1043153482   0.0518129318   0.0085545530
11  5  -0.0089117893   0.0143909535  -0.0038903458  -0.0272851733  -0.0175578501
11  6   0.0020306953  -0.0329669120   0.0033001684   0.0110834572   0.0726363093
11  7  -0.0461219436  -0.0273860809  -0.0107621088   0.0254780393  -0.0557641666
11  8  -0.0569465195  -0.0427214365  -0.0124413328   0.0289654796  -0.0256653729
11  9  -0.1490350499  -0.0426229150   0.0195686341  -0.0003682575   0.0019202255
11 10   0.0749578763   0.0040979895   0.0634824256   0.0409760931   0.0457737292
11 11   0.0167175401  -0.0445666659   0.0121832102   0.0069693083   0.0013833421
11 12   0.0086152770  -0.0204136131  -0.0361371472  -0.0165994522   0.0060430661
11 13  -0.0034838952   0.0004386202   0.0030934654   0.0007047348  -0.0029596442
11 14   0.0047932221  -0.0130718044  -0.0100205855   0.0572729682  -0.0419777100
11 15   0.0460880790   0.0000755461  -0.0000354199  -0.0000228285   0.0000071965
11 16  -0.0003977016  -0.0000378985   0.0000017096
12  1  -0.0244344307   0.1632537093   0.0822555447   0.0023222803  -0.0085231781
12  2   0.0385707494   0.0851649029  -0.0361219220   0.0690393346  -0.1598586087
12  3  -0.1609282043   0.0472990609  -0.0783257867   0.0996431934  -0.0578359132
12  4  -0.0073095771   0.0386795740  -0.0986817799  -0.0701608618   0.0409321483
12  5  -0.0070120898  -0.0193550129  -0.0128308262   0.0051868374   0.0279791172
12  6  -0.0017240944   0.0449231468  -0.0060390052   0.0007006758  -0.0689292957
12  7  -0.0366178367  -0.0276189560  -0.0333396125  -0.0106665961   0.0667459102
12  8   0.0187867122   0.0662692173   0.0626702202   0.0850862108   0.0347716425
12  9   0.1691100921   0.0337381597  -0.0362883201  -0.0239398694  -0.0375049702
12 10   0.0509588540   0.0366823791   0.0417090871   0.0121254199   0.0166995768
12 11  -0.0165524116  -0.0328684120  -0.0306579299   0.0017837563   0.0017986332
12 12  -0.0141462705   0.0298394302   0.0582356536   0.0265059082  -0.0084204411
12 13   0.0041817292   0.0003360347  -0.0036027645   0.0039660313  -0.0110323023
12 14  -0.0262713908   0.0444226395   0.0410931252   0.0193582899  -0.0218501196
12 15   0.0215579060   0.0000312685  -0.0000259453  -0.0000062956  -0.0000773265
12 16  -0.0000650191   0.0000207195   0.0000982231
13  1   0.0107557938  -0.0556613385   0.1396316957   0.1060047058   0.0493007001
13  2  -0.0015278819  -0.0030673141  -0.0255796114  -0.0181538235   0.0541956887
13  3   0.0204060626   0.0076052752   0.0659067450   0.0425788092  -0.0217989127
13  4   0.0043828395  -0.0178532976   0.0706127184   0.0497970546   0.0639217765
13  5   0.1531275333   0.0479043388  -0.0013254876   0.0305646539  -0.0750036135
13  6   0.0151301676  -0.0983901746   0.0769659495   0.0093187509  -0.0030128119
13  7  -0.0006454401   0.0097566664  -0.0385903636   0.0001111086   0.0828988383
13  8   0.0416080753   0.1401166765  -0.0835440644   0.0324026816   0.1625722743
13  9   0.0742048162   0.0442310817   0.0124622543  -0.0562172121   0.0995283689
13 10   0.0167735085   0.0187380219   0.0093287200  -0.0312891826   0.0204057958
13 11   0.0440198399   0.0108896923   0.0647138203   0.0111771905   0.0008210893
13 12   0.1542791005   0.0017997012   0.0031934075   0.0075685245  -0.0442995800
13 13  -0.0126512135  -0.0006491738   0.0030913470   0.0009771002  -0.0085509770
13 14  -0.0003944900  -0.0003167397  -0.0004148501  -0.0025714359   0.0066007887
13 15   0.0078851187   0.0000222328   0.0000637855   0.0001484294  -0.0000003328
13 16   0.0006871647  -0.0001046986   0.0000095230
14  1  -0.1086054706   0.0096418737  -0.0842007336   0.0384197036   0.1615704597
14  2   0.0331833559   0.1716067311  -0.0662926027   0.0919087285   0.1177663714
14  3   0.1433903441  -0.0145923314  -0.1781538264   0.0944100392   0.0353846909
14  4  -0.0001263962   0.0095236229   0.0660113803  -0.0011435169   0.0157983226
14  5   0.0744698477  -0.0451641751   0.0172197958   0.0182807096   0.0469298683
14  6  -0.0140567639   0.0621842609  -0.0069442476   0.0163327093  -0.0064679334
14  7  -0.0154784447  -0.0119644581  -0.0473877071   0.0487964618   0.0237546713
14  8   0.0099173017  -0.0497537674  -0.0919083951  -0.0151307968  -0.0324719435
14  9   0.1066197328   0.0165322574  -0.0198209146   0.0379883385  -0.0680953671
14 10  -0.1176434815   0.0206444440   0.0072824415  -0.0131703005  -0.0478816502
14 11   0.0053603371  -0.0066427600  -0.0330884780   0.0242435992   0.0017811510
14 12   0.0223723403  -0.0026948807   0.0142344867  -0.0434866611  -0.0326692868
14 13   0.0050045122   0.0001189794  -0.0058710280   0.0011458198   0.0112416319
14 14   0.0007601260   0.0006149178   0.0021421006  -0.0163174032   0.0490830303
14 15   0.0674122297   0.0000066018   0.0003006372  -0.0001588605   0.0000195958
14 16   0.0014164035   0.0000694657   0.0000244526
15  1  -0.0695893920   0.1166441187   0.1193644028  -0.0748078099   0.0245793084
15  2   0.0744799463   0.1550559169   0.0157929180   0.1469645932  -0.1204208754
15  3   0.0448153745  -0.0271220879   0.0306476764   0.1507132483   0.0669519793
15  4   0.0004662704  -0.0039826426  -0.0328355383  -0.0318198539  -0.0343675129
15  5  -0.1124775454   0.0510815522  -0.0288424901  -0.0337255973  -0.0697076560
15  6   0.0148656665  -0.0732581604   0.0011473653   0.0232609485   0.0124124793
15  7  -0.0242493813  -0.0009763005  -0.0215647089   0.0516003744  -0.0219143564
15  8   0.0776050377   0.0218335246   0.0850883577  -0.0918064688   0.0293991655
15  9  -0.1040030878  -0.0084557209   0.0489238311  -0.0141017540   0.1185434765
15 10  -0.0559655610  -0.0324672432  -0.0009001895   0.0323259353  -0.0263257984
15 11   0.0021224588  -0.0082611611   0.0145159042  -0.0101869606  -0.0014398780
15 12  -0.0072071611   0.0019402023  -0.0229987811   0.0596074903  -0.0118696828
15 13  -0.0043470996  -0.0001372358   0.0053867817  -0.0014759932   0.0740733697
15 14   0.0005156657   0.0077873659   0.0087818286  -0.0001036995   0.0050392851
15 15   0.0148569739  -0.0000265252  -0.0001273800  -0.0000973688   0.0000136613
15 16   0.0008669814  -0.0000902615  -0.0000063505
16  1   0.0498666993  -0.0456986763   0.1129278363   0.1295130462   0.0664357769
16  2   0.0149599170  -0.0035418546   0.0054642817   0.0004935993  -0.0193474815
16  3   0.0004204753  -0.0024748937   0.0577468269   0.0661304386  -0.1235401619
16  4  -0.0000325828  -0.0279479516  -0.0035907735   0.0024584505  -0.0124782917
16  5  -0.0076362152   0.0278589099  -0.0242028168   0.0046351447  -0.1303588863
16  6   0.0205504909   0.0404554345   0.0012548835  -0.0067397685   0.0131726069
16  7  -0.0010504844   0.0021799774  -0.0131777624   0.0065144525   0.0414963971
16  8   0.0483039724   0.1657741514  -0.0402155757  -0.0021607452  -0.0808223804
16  9  -0.0496504735  -0.0338911227   0.0212550118   0.0912047749  -0.1652558860
16 10  -0.0259292564   0.0135472575   0.0129327135  -0.0042886849   0.0016938915
16 11   0.0078037937  -0.0042581858   0.0093374851  -0.0004556730   0.0007305781
16 12  -0.0113611323  -0.0003109176  -0.0000245618  -0.0031715393   0.1789344023
16 13  -0.0236958499   0.0010203469   0.0136708235  -0.0039081731   0.0022641077
16 14   0.0001531039   0.0002360932   0.0002710873   0.0002830996  -0.0006619649
16 15  -0.0009529005  -0.0000148923   0.0009332596   0.0002496394   0.0000080655
16 16   0.0162425717  -0.0001717376  -0.0000228720
17  1  -0.0594683256   0.0728001035  -0.0946808935   0.0649057301   0.1930839864
17  2  -0.0532696979   0.0500166011  -0.0868486069   0.1334382436   0.0279093237
17  3   0.0963234827   0.0983829854   0.0197836820  -0.1539961001  -0.1216836805
17  4  -0.0012085842   0.0204627528  -0.0421365319  -0.0014569389   0.0106510037
17  5   0.0154766740  -0.0166223014   0.0121268008   0.0129623574   0.0393854220
17  6  -0.0312829846   0.1292725698  -0.0535234838   0.0565746527  -0.0382312865
17  7   0.0056481717   0.0056952341   0.0226662618  -0.0220290229   0.0166096357
17  8   0.0676733433   0.1413179193   0.0391596633  -0.0042532554   0.0570182565
17  9  -0.0731286158  -0.0018788591   0.0387490944  -0.0181578780   0.0470283706
17 10   0.0724686109  -0.0333316392  -0.0333746238   0.0102588830  -0.0177635862
17 11  -0.0079166098   0.0008866830  -0.0005558538  -0.0104720275  -0.0009515470
17 12  -0.0192389410   0.0005653804   0.0050893018  -0.0077685333  -0.0085878251
17 13  -0.0246886801   0.0000032547   0.0260444183  -0.0007873961  -0.0006277071
17 14   0.0000307536  -0.0000445903  -0.0000119798   0.0001212271  -0.0004474350
17 15  -0.0009245814   0.0000133615  -0.0009560326   0.0032953875  -0.0000314568
17 16   0.0658707719   0.0011369414  -0.0000098642
18  1  -0.0824522208   0.1538547481   0.1465903665  -0.0849766989   0.0269274014
18  2  -0.0166213530   0.0620414305  -0.0439658055   0.1586102362  -0.0950619956
18  3   0.0373067880   0.0821365693   0.2308270403  -0.0695729721   0.0511252122
18  4   0.0087956675  -0.0263654568   0.0179474837   0.0677014557  -0.0085363200
18  5   0.0154808017   0.1119531277   0.0326332825   0.0103207090   0.0401821518
18  6  -0.0361481091  -0.0349185575   0.0166545783   0.0918890424   0.0187249510
18  7   0.0212318178   0.0099099765   0.0107646431  -0.0173260407  -0.0170157320
18  8  -0.0791575674  -0.1110516291  -0.0221475799   0.0284692584  -0.0502131799
18  9   0.0535704330  -0.0087555499  -0.0455942722   0.0185144036  -0.0769610326
18 10   0.0012624757   0.0220317124  -0.0025964536  -0.0329141412  -0.0035718667
18 11   0.0214968176   0.0063415813   0.0179836747   0.0061968511   0.0006906165
18 12   0.0141582548  -0.0002003879  -0.0052535933   0.0089752261   0.0301175812
18 13   0.0141818157   0.0000650191  -0.0139360832   0.0005187920   0.0007625689
18 14  -0.0000195020  -0.0000826505  -0.0001686258  -0.0000549844   0.0000778737
18 15  -0.0002124982   0.0000019493   0.0000842448  -0.0011656131   0.0000070728
18 16  -0.0241477846  -0.0002293527   0.0000007627
19  1   0.0357286565  -0.0491010273   0.1223051013   0.1218604561   0.0592968079
19  2   0.0088970436  -0.0047144198  -0.0101619751  -0.0108828291   0.0201132849
19  3   0.0101916475   0.0023226268   0.0392557701   0.0598893405  -0.1566593362
19  4  -0.0008651792  -0.0384107268   0.0019699230   0.0072399487  -0.0370203806
19  5  -0.0310455126   0.0297242205  -0.0040760698   0.0080478013  -0.0777211569
19  6   0.0171057047   0.1387781618  -0.0409587588   0.0000352649   0.0162524639
19  7   0.0114854233  -0.0123120193   0.0072906118  -0.0012017903  -0.0069896590
19  8  -0.0179349915  -0.0041849603  -0.0357327491   0.0131310464  -0.1243759851
19  9   0.0059377400  -0.0050754881  -0.0477733077  -0.0343557945   0.0496257145
19 10  -0.0052992264   0.0095942449   0.0100256620  -0.0121539960   0.0116541948
19 11   0.0334985338  -0.0001851591   0.1016497764  -0.0837413960  -0.0043081844
19 12  -0.1006793380  -0.0012317344  -0.0008948456  -0.0001758566  -0.1864430747
19 13   0.1306055140  -0.0014914117  -0.0705735897   0.0060662324  -0.0014919586
19 14   0.0000116735  -0.0002719231  -0.0002588562  -0.0001151612   0.0003514245
19 15   0.0005662482   0.0000171987  -0.0032034575  -0.0010799385  -0.0000174346
19 16  -0.0012627532   0.0013615883   0.0000143174
20  1  -0.0280229030   0.0504965273  -0.1060828198   0.0297716499   0.2650047148
20  2   0.0033917186  -0.0312008360   0.0698341316   0.0017636668  -0.0316001128
20  3   0.0096723412   0.0255567215   0.0002039734  -0.0483460080  -0.0445203101
20  4  -0.0017860270   0.0200635531  -0.0636324784   0.0013247920   0.0111454443
20  5  -0.0223971811   0.0530863862  -0.0017860207  -0.0042414625  -0.0127895695
20  6   0.0439973967  -0.0367580789   0.0191158817  -0.2320782131   0.0159694339
20  7  -0.0611498849   0.0562284913  -0.0037172051   0.0065669122  -0.0152801533
20  8  -0.0241324217  -0.0643000089   0.0104843946  -0.0029042210   0.0234073610
20  9   0.0146088184   0.0116653477   0.0229768795   0.0011022385   0.0060632509
20 10   0.0061910457  -0.0063948661  -0.0068821783   0.0056511532  -0.0048383164
20 11  -0.0115443834   0.0015574384  -0.0422974470   0.0396517552   0.0010672246
20 12   0.0624425840   0.0004892764  -0.0033642801   0.0077277187   0.0571967432
20 13   0.1463522964   0.0004850253  -0.1723262308   0.0034743126  -0.0011805987
20 14  -0.0000843519  -0.0000656364  -0.0001075582  -0.0002530595   0.0003738682
20 15   0.0003034760   0.0000132720   0.0042482365   0.0018449788  -0.0000053842
20 16   0.0014417701   0.0013775973   0.0000117537
21  1  -0.1236405129   0.1172016037   0.1823731514  -0.1539609041   0.0562997678
21  2   0.0043681998  -0.0200517537   0.0223930320  -0.0254999751   0.0578976922
21  3   0.0112582839   0.0243288644   0.0672313783  -0.0226360582   0.0162125766
21  4   0.0029061899  -0.0173268171   0.0378415083   0.0282377850  -0.0085469393
21  5   0.0311953614  -0.0360741549   0.0160476599   0.0105709589   0.0562128580
21  6   0.0601261075   0.0372816617   0.0002720565  -0.2768671530  -0.0024700047
21  7  -0.0744861912   0.0598749925  -0.0096315338   0.0091412183   0.0108984207
21  8   0.0174780698   0.0345225454  -0.0204076101   0.0026083385  -0.0511921171
21  9   0.0085459325   0.0031608861  -0.0109016489  -0.0094935350   0.0148908519
21 10  -0.0140517164   0.0101989453   0.0121223926  -0.0077418736   0.0078646678
21 11   0.0154212176  -0.0017088169   0.0483878380  -0.0398011794  -0.0009728957
21 12  -0.0620397377  -0.0001216849   0.0037809771  -0.0081061635  -0.0268844831
21 13  -0.1360175861   0.0001325120   0.1167289810  -0.0031658377   0.0006241721
21 14   0.0000695107   0.0000160998   0.0000323991   0.0001505701  -0.0003722888
21 15  -0.0005064941  -0.0000120784  -0.0035460802   0.0009189757   0.0000033169
21 16   0.0001567117  -0.0009966910  -0.0000030660
22  1  -0.0127780168  -0.0588983964   0.1518781456   0.1035730979   0.0258971125
22  2  -0.0128729303   0.0069308011  -0.0754488622  -0.0394634515   0.1592963530
22  3   0.0509104110   0.0228921162  -0.0690411231   0.0122465070  -0.3059656856
22  4  -0.0059958285  -0.0270094637  -0.0776189403  -0.0214499318  -0.0859176868
22  5  -0.1598024369   0.0278051104   0.0130953041  -0.0279529887   0.0865049329
22  6  -0.0026899588  -0.1417695394   0.0341358749   0.0137600161   0.0101753902
22  7   0.0001482377   0.0093115445   0.0014315639  -0.0003691057  -0.0162116170
22  8  -0.0334906938  -0.0757373004   0.0034515687   0.0010449330   0.0237271533
22  9   0.0116795882  -0.0132372072  -0.0631694897  -0.0272678251   0.0333102795
22 10  -0.0179814930   0.0042137860   0.0047945830   0.0002938628   0.0013441188
22 11  -0.0065126289  -0.0001140404  -0.0189707679   0.0154299731   0.0011044439
22 12   0.0147518171   0.0002221210   0.0002693006  -0.0000501984   0.0360431773
22 13  -0.0491719901   0.0002657294   0.0386273512  -0.0017668406   0.0001738330
22 14   0.0000292137   0.0000337230   0.0000445318  -0.0001240896   0.0002680966
22 15   0.0002565265  -0.0001279179  -0.0703806441   0.0002651762  -0.0000042146
22 16  -0.0011635513   0.0005985095  -0.0000022207
23  1  -0.0367422965  -0.0130091002  -0.1081379643  -0.0183564407   0.3025653754
23  2   0.1121090951   0.0522371576   0.2060305496  -0.1250197817  -0.0245916716
23  3  -0.0346300224   0.0368768708   0.0071991406  -0.0299446689  -0.0153263054
23  4  -0.0031352551   0.0215626945  -0.0506433250  -0.0021162625   0.0237252101
23  5  -0.0010776395   0.0243794317  -0.0251246956  -0.0044876242  -0.1087635342
23  6  -0.0138419679   0.0025677503   0.0022059242   0.0276169578   0.0228448226
23  7   0.0442375191  -0.0596431878   0.0029765775   0.0022286874  -0.0295234939
23  8  -0.0527709368  -0.1367795808   0.0247423995  -0.0046300267   0.1230096619
23  9   0.0325854718   0.0060852425   0.0072731289   0.0187152724  -0.0379267657
23 10  -0.0192531493   0.0184949847   0.0145788136  -0.0144118108   0.0089630444
23 11   0.0207457268  -0.0004246856   0.0483036163  -0.0330611442  -0.0008661275
23 12  -0.0449472162  -0.0001795564   0.0014601031  -0.0031879428  -0.0223390973
23 13  -0.0813155254   0.0000238478   0.0769948072  -0.0019331979   0.0003427379
23 14   0.0000168371   0.0000549375   0.0000761165   0.0000388982  -0.0000834890
23 15  -0.0001906024  -0.0000282798  -0.0103377413   0.0002361672   0.0000023617
23 16  -0.0006062167  -0.0001375623  -0.0000085304
24  1  -0.1563335474   0.0351147460   0.1932938324  -0.2211049551   0.0870468916
24  2   0.1273880668   0.0875489902   0.1588131286  -0.1927196108   0.1298380463
24  3  -0.0237400332   0.0487324592   0.0271047450  -0.0234988061  -0.0183112071
24  4  -0.0013906387  -0.0107217415   0.0159953433   0.0156497538  -0.0165864010
24  5   0.0008978102  -0.0681716169   0.0032283243  -0.0028963603   0.0394255689
24  6  -0.0444977356  -0.0256060031   0.0060217461   0.0445214454  -0.0130488666
24  7   0.0489560952  -0.0751205307  -0.0045900686   0.0001668354   0.0241022383
24  8   0.0455845207   0.1139826979  -0.0187244425   0.0034163252  -0.0938546849
24  9  -0.0291919301  -0.0065584179  -0.0080705502  -0.0153999163   0.0300984779
24 10   0.0168437219  -0.0159435187  -0.0126970174   0.0120804672  -0.0080028776
24 11  -0.0180453925   0.0004769283  -0.0415702018   0.0282299243   0.0007392665
24 12   0.0376625188   0.0001399364  -0.0014611082   0.0032095436   0.0195107515
24 13   0.0683273134  -0.0000081980  -0.0598520189   0.0017063605  -0.0004307169
24 14  -0.0000136886  -0.0000702686  -0.0000839226   0.0000097248  -0.0000126584
24 15  -0.0000345980   0.0000117964   0.0063966442  -0.0007056218  -0.0000044869
24 16   0.0007425734   0.0001254735  -0.0000021353
25  1   0.0778632711  -0.0414485415   0.0978057894   0.1341015706   0.0923819529
25  2   0.0282501949  -0.0234815439   0.0564965132   0.0019570350  -0.1058967199
25  3  -0.0354340023  -0.0159930329   0.1522054332   0.1127226342  -0.0588656912
25  4   0.0061511682  -0.0940994764   0.1312171970   0.0059746403  -0.0957517126
25  5  -0.0446237257  -0.0742364312   0.0219967701   0.0056004086   0.0631627092
25  6  -0.0456149326   0.1310218424  -0.0503679925  -0.0058125918  -0.0030760025
25  7  -0.0013634466  -0.0005618929   0.0138932084  -0.0024989614  -0.0313703248
25  8  -0.0322078718  -0.1047781197   0.0233250872  -0.0021050061   0.0335815290
25  9   0.0369934803   0.0435066982   0.0749829923  -0.0120381520   0.0447647574
25 10   0.0236764788  -0.0140418316  -0.0110189772   0.0106615325  -0.0066072848
25 11  -0.0171098742   0.0003515431  -0.0409938072   0.0282539511   0.0011127705
25 12   0.0323508958   0.0003580269   0.0005412821  -0.0003657504   0.0332341521
25 13  -0.0707670681   0.0014020256  -0.0464378026  -0.0014479435   0.0003248111
25 14   0.0000459246  -0.0000026375   0.0000047394   0.0000462218  -0.0000793471
25 15  -0.0000919666   0.0000006147   0.0016498104   0.0229795920   0.0000132675
25 16  -0.0025016821   0.0683247333  -0.0000039609
26  1   0.0116902092   0.1000009093  -0.1146683172   0.0498985171   0.2917455298
26  2  -0.0637296029  -0.2127466328   0.0506793715   0.0390562238  -0.1091695753
26  3  -0.0225400307  -0.0621724624   0.0015290192   0.0434029676   0.0459870587
26  4   0.0029943781  -0.0110262432   0.0366637792  -0.0270945631  -0.0123402065
26  5  -0.0262993570   0.0128102024   0.0192299771  -0.0093802798   0.1073511089
26  6   0.0846074080  -0.1261254518   0.0380246149   0.0875540029  -0.0052598180
26  7   0.0331864687  -0.0384327122  -0.0105699196   0.0012720034   0.0250305765
26  8   0.0242286077   0.0795627321  -0.0411406561   0.0116399599  -0.1196555913
26  9   0.0116959162   0.0107571422   0.0033796080  -0.0143580343   0.0273236626
26 10   0.0011697437  -0.0013016138   0.0010999974   0.0018011216   0.0011659560
26 11  -0.0000127816  -0.0006447594   0.0061250165  -0.0077304187  -0.0001358564
26 12  -0.0124263187  -0.0001417022   0.0004830016  -0.0012339441  -0.0115420266
26 13   0.0128412298  -0.0009122278   0.0644973429  -0.0000054215   0.0001879332
26 14   0.0000098213   0.0000265919   0.0000317765   0.0000311604  -0.0000698960
26 15  -0.0000767604   0.0000048509   0.0007045118  -0.0132874551  -0.0000081950
26 16  -0.0000260726   0.0339417778   0.0000051748
27  1  -0.1251804121   0.1781121018   0.2042564343  -0.1419808250   0.0486623353
27  2  -0.1198463478  -0.2544435799  -0.0975240385   0.0082724651   0.1238502785
27  3   0.0295497997  -0.0768294464  -0.0914449368   0.0394252270  -0.0112648976
27  4   0.0002949919   0.0058725685  -0.0030573757  -0.0067438590   0.0129556794
27  5   0.0213312498   0.0052333560  -0.0062411570   0.0087216851  -0.0481226667
27  6   0.0481538127   0.1086236582  -0.0358045340   0.0500287499   0.0049442738
27  7   0.0358416859  -0.0483130040   0.0085154890  -0.0008785475  -0.0200872405
27  8  -0.0138414339  -0.0561592372   0.0394238604  -0.0130632872   0.1137629859
27  9  -0.0197553579  -0.0143679283  -0.0049480240   0.0178001546  -0.0327808422
27 10  -0.0028585742   0.0004931256  -0.0010394033   0.0003439197  -0.0012528393
27 11  -0.0017327958   0.0002068268  -0.0084321787   0.0077547802   0.0002273426
27 12   0.0110316960   0.0001551991  -0.0001921118   0.0006313613   0.0102523631
27 13  -0.0238760707   0.0011034370  -0.0752379862   0.0001806272  -0.0000771968
27 14   0.0000012456   0.0000055067  -0.0000069231  -0.0000563634   0.0001229587
27 15   0.0001711550   0.0000091936  -0.0004264014   0.0494038647   0.0000127989
27 16  -0.0016884463  -0.0327109597   0.0000004262
28  1  -0.0224641833  -0.0624089632   0.1599373749   0.0933197226   0.0266065463
28  2  -0.0164175801  -0.0040191374   0.0247862833   0.0014556912  -0.0843938363
28  3   0.0104283235   0.0097639280  -0.0677675863  -0.0468305033   0.0789534547
28  4   0.0071540504   0.0864869603   0.0001493035  -0.0028259249   0.0751459318
28  5  -0.0435582386  -0.0155451379   0.0068045638  -0.0702336121   0.0345364693
28  6  -0.0076800027   0.0269535786  -0.0138196018  -0.0034806044   0.3906542011
28  7   0.0333891066   0.0240488457  -0.0143215509  -0.0139938075   0.0063610636
28  8   0.0823494967  -0.0075502728   0.0306370361   0.0280791747   0.0015601994
28  9   0.0189263833   0.0612993386  -0.0247537812   0.0282874988  -0.0007820756
28 10  -0.0033419357  -0.0241792876  -0.0107145901   0.0412959618   0.0148333701
28 11   0.0764727244   0.0130704890  -0.0217634591  -0.0033434401  -0.0284927467
28 12  -0.0027090178   0.0006190538  -0.0006504548  -0.0001400851  -0.0003579200
28 13   0.0009089327  -0.0010765654  -0.0006549216  -0.3961728833  -0.0000392764
28 14   0.0001482066   0.0000551016   0.0000128350  -0.0001579996  -0.0001873941
28 15   0.0001088837  -0.0000223047   0.0000114966   0.0000085838  -0.0001248308
28 16   0.0000041949   0.0000034098  -0.0020983919
29  1  -0.2629707937  -0.0320230479  -0.0395435284   0.0853759670  -0.0667671286
29  2   0.0249103845  -0.0438556153   0.0269248815  -0.0067976778  -0.0468219266
29  3   0.0104055163  -0.0012869094   0.0392881811   0.0161650108  -0.0163036087
29  4  -0.0038386184   0.0452778436  -0.0181659634  -0.0140020906  -0.0414647344
29  5   0.0553477154  -0.0017161302  -0.0019372379  -0.0445127338   0.0116588410
29  6  -0.0027939666   0.0362034919   0.1714165407   0.0039016103   0.0727789153
29  7   0.0040434681   0.0043788109   0.0389125348   0.0255884167  -0.0004497760
29  8   0.0252860779  -0.0102126185   0.0087329079   0.0135269305  -0.0019498614
29  9   0.0139494795  -0.1401327279   0.0589607859  -0.1420413617  -0.0512723550
29 10  -0.0225179780  -0.0313902516   0.0497823989  -0.1245861697  -0.0178589712
29 11  -0.1371714092  -0.0329153307   0.0303332767  -0.0022515333   0.0543129559
29 12   0.0070655133  -0.0006662814   0.0014729908   0.0006803379  -0.0033683093
29 13   0.0023578538  -0.0027069585  -0.0013494265  -0.2316200295   0.0000533487
29 14  -0.0014603681  -0.0015603988   0.0006830314  -0.0010625114  -0.0008032737
29 15   0.0004235085  -0.0001261367  -0.0000040948  -0.0000104031   0.0000611447
29 16  -0.0000097027  -0.0000013324   0.0001286758
30  1   0.0462523600   0.1276859732  -0.0116385555   0.0976927275  -0.0451199464
30  2   0.2001833728  -0.0509969983  -0.0000996686   0.0056424506   0.0707170264
30  3   0.0074565572   0.0032563541  -0.0192767431  -0.0348457768   0.0222861212
30  4   0.0217073722   0.1041373113   0.0443700165   0.0217301901  -0.1043953442
30  5  -0.0076508806   0.0202798620  -0.0335583288  -0.0215499759  -0.0138968566
30  6   0.0055938518  -0.0239623259  -0.1464432898  -0.0034279804  -0.2251307496
30  7  -0.0172883237  -0.0143445460  -0.0938390046  -0.0606807757   0.0637456067
30  8  -0.0519369378  -0.0250563363  -0.0234044320  -0.0246053178  -0.0025713628
30  9  -0.0310896198   0.0015450573   0.0008679074   0.0147340934   0.0127135302
30 10   0.0075562694   0.0258191621  -0.0106139087   0.0075426427  -0.0027263253
30 11  -0.0055304141  -0.0058872045   0.0016963849  -0.0011874472  -0.0039198338
30 12   0.0010357054  -0.0000624462  -0.0001021079   0.0001528318  -0.0010917665
30 13   0.0016029441  -0.0051307193  -0.0010691636  -0.5588220274   0.0000811020
30 14  -0.0001299722  -0.0017120841   0.0012663896  -0.0005328957  -0.0005076446
30 15   0.0002167977   0.0001934937   0.0000080494   0.0000079372   0.0000371980
30 16   0.0000018651   0.0000036018  -0.0026201325
31  1  -0.0342970532  -0.0745670175   0.1806888248   0.0473666907   0.0648363370
31  2  -0.0166841758   0.0266859280  -0.1106801621  -0.1177780768  -0.2825051087
31  3   0.0409620332  -0.0131030797  -0.1444081990  -0.1039704850   0.0674378522
31  4   0.0326131230   0.1549551720   0.0580164396   0.0280406353  -0.0762839760
31  5  -0.0647008143   0.0073348869   0.0045666941  -0.0478413497  -0.0138259799
31  6   0.0022969126   0.0213093155   0.0581554946   0.0006247876  -0.0754161558
31  7  -0.0075200526  -0.0056511417  -0.0506077758  -0.0371695982   0.0472862987
31  8  -0.0104429408  -0.0229117690  -0.0042278536  -0.0075420217  -0.0025839252
31  9  -0.0165724099  -0.0240098719   0.0131882182  -0.0298284038  -0.0083349270
31 10  -0.0042693346   0.0233463500  -0.0153610551   0.0075204059  -0.0016136202
31 11  -0.0086997073  -0.0005798781   0.0044311419   0.0019140635   0.0110065749
31 12  -0.0001969479   0.0001651116  -0.0000454842  -0.0001285352   0.0005042869
31 13  -0.0007364787   0.0021765373   0.0005164465   0.2405868940  -0.0000023481
31 14   0.0000559635   0.0003484657  -0.0003252074   0.0001166223   0.0001510560
31 15  -0.0000780200  -0.0000695368  -0.0000041595  -0.0000065372  -0.0000112727
31 16  -0.0000026564  -0.0000024427   0.0007242898
32  1  -0.3035054481  -0.1063440723  -0.0325614463   0.0450755299  -0.0744292129
32  2   0.1359008580  -0.1158194402   0.0105331025   0.0306594886  -0.1147816701
32  3   0.0287442006   0.0515922492  -0.0342143322   0.0100193399  -0.0066845827
32  4  -0.0268367083  -0.1556582083  -0.0382863933  -0.0176330243  -0.0433176723
32  5   0.1245263239   0.0072036131  -0.0145786989  -0.0436051365   0.0065892886
32  6   0.0007866332  -0.0457979227  -0.2624812471  -0.0077470874   0.0532553134
32  7   0.0080817969   0.0050716708  -0.0575953077  -0.0345114761   0.0327967562
32  8   0.0049555460  -0.0154036743  -0.0017281636  -0.0025041500  -0.0009044198
32  9  -0.0042340346  -0.0102407127   0.0049102517  -0.0142649557  -0.0049803645
32 10  -0.0020890173   0.0210482019  -0.0202639692   0.0292278635   0.0024214674
32 11   0.0207838501   0.0065819279  -0.0031216399   0.0013205599  -0.0020506097
32 12  -0.0014682866   0.0003061920  -0.0003209621  -0.0002503655   0.0008923320
32 13  -0.0008380072   0.0012044629   0.0004727973   0.1550183619  -0.0000200263
32 14   0.0002361313   0.0004032341  -0.0002185978   0.0002291248   0.0002070111
32 15  -0.0001124870  -0.0002167053   0.0000038662  -0.0000056394   0.0000547036
32 16  -0.0000053732   0.0000001839   0.0003998530
33  1   0.0740545558   0.1720998178  -0.0293022433   0.1488560938  -0.0677057020
33  2   0.1465313806  -0.0371438340   0.1013203812   0.0700468184   0.2402588345
33  3  -0.0224849887  -0.0064973328   0.0678437695   0.0064442069   0.0271088560
33  4   0.0141428617   0.1574068177   0.0149763598   0.0022466093  -0.0054265698
33  5  -0.0259106932   0.0008550080  -0.0301881922  -0.0510193705   0.0243189073
33  6  -0.0035416581   0.0261709703   0.0209613093  -0.0010552726   0.1320567366
33  7   0.0107671413   0.0072234767  -0.0582497605  -0.0450061299   0.0521180973
33  8   0.0315914435  -0.0336033817   0.0054865623   0.0034902320  -0.0027528358
33  9  -0.0096822124  -0.0297641871   0.0162739666  -0.0487199561  -0.0189327960
33 10  -0.0088759801   0.0244454881  -0.0221435539   0.0196061099   0.0008369615
33 11   0.0052543415   0.0031977763   0.0010597711   0.0015568838   0.0112452931
33 12  -0.0006852296   0.0003174409  -0.0001959571  -0.0002191817   0.0009792730
33 13  -0.0011081316   0.0043970906   0.0007685149   0.3434818727  -0.0000292619
33 14  -0.0001211566   0.0004821728  -0.0004705672   0.0002456597   0.0002736301
33 15  -0.0001304194  -0.0000667263  -0.0000098595  -0.0000008251  -0.0000371644
33 16  -0.0000011212  -0.0000000735   0.0010322517
34  1  -0.0503039428  -0.0574228555   0.1622074280   0.1278887521  -0.0429337257
34  2  -0.0343905475  -0.0394791970   0.2718325203   0.1834257226   0.0441237405
34  3  -0.0348326835   0.0446379232  -0.1871281164  -0.0884913690   0.0922185612
34  4   0.0025055566  -0.0946491817   0.0284954687   0.0207745438   0.0321052100
34  5  -0.1196533123   0.0017823270  -0.0186900106   0.1098840472  -0.0057969361
34  6   0.0015753469  -0.0003628136   0.0296551672   0.0013213481  -0.0566752368
34  7  -0.0034094900  -0.0026392139  -0.0015998523  -0.0006072716   0.0094248509
34  8  -0.0050957412  -0.0061878598  -0.0033839967  -0.0025229752  -0.0006410198
34  9  -0.0044205404   0.0013559561  -0.0032122318   0.0255931975   0.0137686594
34 10   0.0068524691  -0.0196484574   0.0287446031  -0.0373413712  -0.0062585213
34 11  -0.0324878355  -0.0051613991   0.0065300393   0.0004119984   0.0033204240
34 12   0.0011161186  -0.0002454281   0.0003288255   0.0001572120  -0.0005201594
34 13   0.0001885765   0.0001903210  -0.0000274554   0.0366047693  -0.0000000200
34 14  -0.0000027054  -0.0001537637   0.0003080504   0.0002066814   0.0001809723
34 15  -0.0000785278   0.0000251425  -0.0000033523  -0.0000048394   0.0000983035
34 16  -0.0000025999  -0.0000009223  -0.0327805920
35  1  -0.2594675315  -0.0041158651  -0.0385387593   0.1066990939  -0.0838318963
35  2  -0.0230407159  -0.0235533532   0.1034497062   0.0275221561  -0.0011937531
35  3  -0.0093720140  -0.0131211195   0.0197901148   0.0008612747  -0.0237819475
35  4   0.0039288067   0.0610105822  -0.0028290344  -0.0061687480  -0.1172563691
35  5   0.0912086006   0.0144402972  -0.0443995611  -0.0605305943   0.0143247063
35  6  -0.0006642512   0.0441445085   0.2389923576   0.0073860339  -0.0875667676
35  7  -0.0173391348  -0.0110355489   0.0845311155   0.0486717933  -0.0552184692
35  8  -0.0347888466   0.0426663174   0.0006428334  -0.0046562637   0.0033629682
35  9  -0.0014904645   0.0846516085  -0.0303776320   0.0498279806   0.0120378277
35 10   0.0040064807   0.0262104950  -0.0440783329   0.0762471080   0.0124520985
35 11   0.0744147766   0.0112997713  -0.0139751390   0.0023515950  -0.0194768871
35 12  -0.0035784212  -0.0001009924  -0.0004080890  -0.0002540822   0.0011140658
35 13  -0.0006676098  -0.0003351497   0.0003366627  -0.0105311160  -0.0000201441
35 14   0.0004963357   0.0004275968  -0.0001256132   0.0003841037   0.0003081496
35 15  -0.0001625357  -0.0001111935   0.0000058895   0.0000043729   0.0000065637
35 16   0.0000070978   0.0000003627  -0.0166939549
36  1   0.0195635955   0.0255964950  -0.0142953261   0.0346799325  -0.0150995896
36  2   0.3710130958  -0.1432609420  -0.1656641655  -0.0341146312  -0.0365719594
36  3   0.0595863007   0.0663419728  -0.0040284490   0.0045676818   0.0613368568
36  4  -0.0202208976  -0.0529255558  -0.0116046899  -0.0034182584   0.0908892723
36  5  -0.0932255776  -0.0179894027   0.0613244340   0.0154925057  -0.0188531431
36  6  -0.0000176888   0.0263341716   0.1643024748   0.0026329411  -0.0128913948
36  7  -0.0047730531  -0.0007878800   0.0442565435   0.0246845425  -0.0187135488
36  8   0.0022034010   0.0092292500   0.0036756858   0.0042485386   0.0009339441
36  9  -0.0017660208   0.0429763817  -0.0180092939   0.0488835331   0.0178824381
36 10   0.0063868287  -0.0211872949   0.0177619378  -0.0157267186  -0.0005173107
36 11  -0.0039245818  -0.0005789445  -0.0004567329  -0.0003119144  -0.0027193857
36 12   0.0001090113  -0.0000293381   0.0000604919   0.0000327349   0.0000329625
36 13  -0.0000860760   0.0002739078   0.0000065138   0.0409944686  -0.0000180684
36 14   0.0001099244   0.0003456791  -0.0002030819   0.0000939759   0.0000608727
36 15  -0.0000145622  -0.0001007398  -0.0000050672  -0.0000114957   0.0001173721
36 16  -0.0000191870   0.0000051286  -0.0500704509
37  1   0.0449119919  -0.0661630527   0.1429227383   0.0449690539   0.1554348725
37  2   0.0227868781   0.1005783493  -0.1255144552   0.0892452588   0.0972623700
37  3  -0.1441921649  -0.1635481355   0.0217586295  -0.1506891994   0.1385756502
37  4  -0.7379933045   0.0757424244   0.0470219757   0.0245744164  -0.1908812624
37  5   0.0230685252   0.0182163350   0.0086183877  -0.0252472816  -0.0152427773
37  6  -0.0000337360   0.0254510724   0.1490496220   0.0020195163  -0.0421570732
37  7   0.0122967286   0.0111407624  -0.2896486794  -0.1544122979  -0.4217127739
37  8   0.1204528106   0.0736998826  -0.0290231646   0.0503024054   0.0101952999
37  9   0.0836180861  -0.0860014244   0.0045803557   0.0838541455   0.0540690603
37 10  -0.0093071522   0.0348763526  -0.0464298706   0.0038667632   0.0010457678
37 11  -0.0648652886  -0.0291499686   0.0483260571   0.0433005925  -0.0167037466
37 12  -0.0027335224  -0.0222492421   0.0142656851   0.0069269575  -0.0051542346
37 13   0.0099431958   0.5568820347   0.0101199832  -0.0682009113   0.0000432235
37 14  -0.0026102435  -0.0023027243   0.0001675090   0.0014565292   0.0021800630
37 15  -0.0013780810   0.0327142537  -0.0000400127   0.0000260691   0.0071442723
37 16   0.0000179493   0.0000083088  -0.0003044760
38  1  -0.2448474871  -0.0494120131  -0.0464543683   0.0613613208  -0.0215746834
38  2   0.0656628558  -0.0115488338  -0.0493390912   0.0059621880   0.0085078865
38  3  -0.0546323634  -0.0557614458   0.0830004185   0.0034842184  -0.0358474053
38  4   0.1644549714   0.2830487064   0.0047994770  -0.0095941557  -0.0735484939
38  5  -0.0730351663  -0.0276236063   0.1329463924   0.3064053688  -0.0673771356
38  6   0.0063358618  -0.1184134022  -0.3767964561  -0.0075478328   0.0222165319
38  7   0.0417306568   0.0293889129   0.2956913414   0.3337607862   0.3403711318
38  8   0.0487283793  -0.1548715709   0.1324847530   0.3559627967  -0.0005642083
38  9  -0.3010532629   0.2014610764   0.0108467419   0.0033995532   0.0149817918
38 10  -0.1839336794   0.0978805165  -0.3271970538  -0.0973288265   0.0901484493
38 11  -0.1800212514  -0.2637765885   0.0886252996   0.0659413234  -0.2744451568
38 12   0.0066269280  -0.0017431068  -0.0080030452   0.0006723068  -0.0038263860
38 13   0.0074357185   0.4162323286   0.0076518617   0.0179141196   0.0001311199
38 14  -0.0028843782  -0.0002930189  -0.0011138394   0.0018028665   0.0013328209
38 15  -0.0003676715  -0.2413720101   0.0004122603  -0.0000278209   0.2101536812
38 16   0.0001246523   0.0000093815   0.0010125009
39  1   0.0860629683   0.3226678242   0.0064101433   0.2016680735  -0.0958891507
39  2  -0.1403345634   0.0764661879   0.0824560561  -0.2221235256  -0.0716623884
39  3   0.1263838713   0.0063300932  -0.0378047506  -0.0205462186   0.0650972643
39  4  -0.1188427637  -0.2432055924  -0.0184248682  -0.0009716840   0.0779484714
39  5   0.0022699784   0.0099054244  -0.0482232142  -0.1021056924   0.0263493366
39  6  -0.0034119797   0.0434121959   0.1263016238   0.0036831377  -0.0175329085
39  7  -0.0049130070  -0.0055482911  -0.1354710208  -0.1054349011  -0.1254060880
39  8  -0.0361216886   0.0630614749  -0.0284668006  -0.0951148732   0.0013400228
39  9   0.0589868226  -0.0107679921  -0.0051459343  -0.0343366373  -0.0270992632
39 10   0.0347713456  -0.0317588124   0.0718681733   0.0142831524  -0.0178922324
39 11   0.0370436054   0.0474935301  -0.0183641761  -0.0131223295   0.0349363547
39 12  -0.0008497611   0.0054882518   0.0003202295  -0.0008967893   0.0012657837
39 13  -0.0027012493  -0.1520749498  -0.0027528639  -0.0021564967   0.0001173389
39 14  -0.0083521518  -0.0141315692   0.0101233452  -0.0041402921  -0.0034316845
39 15   0.0013576302  -0.7080915447   0.0011478176  -0.0000653984   0.6227396916
39 16   0.0005052430   0.0000262914   0.0030649873
40  1   0.0784294778  -0.0486564920   0.1076084065   0.1032118994   0.1275371859
40  2   0.0322854158   0.0507057858  -0.1435208914  -0.0254585144   0.1759655195
40  3  -0.0554585431  -0.0340704152   0.0454251738  -0.0633950503   0.3012715067
40  4   0.2561064770  -0.2352917960  -0.2187104878  -0.1267566194  -0.2848028057
40  5   0.1600699805  -0.0155359096   0.0574963946   0.0901400235  -0.0168527665
40  6  -0.0000934364   0.0308649349   0.1783490764   0.0007717424   0.0360726068
40  7   0.0345252622   0.0258106813  -0.2312827325  -0.0876088570  -0.2550169362
40  8   0.0843126087   0.0333354114  -0.0081147017   0.0389632499   0.0035387006
40  9   0.0363785055  -0.0459819799   0.0018674194   0.0489350374   0.0333095284
40 10  -0.0017480566   0.0201793245  -0.0217809764   0.0025200969   0.0030639092
40 11  -0.0277373259  -0.0098724185   0.0178508853   0.0120828757   0.0002661715
40 12   0.0006344730  -0.0055510050   0.0014424985   0.0009033083  -0.0020610593
40 13   0.0021069433   0.0939905255   0.0016292989  -0.0233483355  -0.0000983171
40 14   0.0003717475   0.0015219463  -0.0021746815   0.0010048572  -0.0003411799
40 15   0.0007045991  -0.5767018921   0.0010905313   0.0002542027  -0.6704449550
40 16  -0.0001766865   0.0000181540  -0.0007820518
41  1  -0.2382709344   0.0597102480  -0.0403213206   0.1485013330  -0.1004218705
41  2  -0.1256486550  -0.0027466081   0.0653005628  -0.1269318207  -0.0734086980
41  3   0.0868426460   0.0040115120   0.1189858195   0.0727821587  -0.0421252642
41  4  -0.0612467990   0.1646713440   0.0485929172   0.0283638055   0.3643266151
41  5  -0.2461986801  -0.0228070053  -0.0382670646   0.0011796048   0.0517142569
41  6  -0.0064331040  -0.0090748808  -0.2645958017  -0.0077130183  -0.0109259879
41  7  -0.0106248436  -0.0156016242   0.2096357548   0.1535994054   0.4417943289
41  8  -0.5128825440   0.1604534659   0.0147882669  -0.3507470009  -0.0033486795
41  9  -0.0326415987   0.2670326936  -0.0435602409  -0.2896839382  -0.2128219338
41 10   0.0935812419  -0.1572163043   0.2678605095   0.0696864160  -0.0567198904
41 11   0.1988029453   0.2073709031  -0.0818364472  -0.0411602297   0.3317080485
41 12  -0.0132839482  -0.0548579299   0.0279965859   0.0107670494  -0.0051488076
41 13   0.0093460202   0.4432233836   0.0075413949  -0.0192561880   0.0001736366
41 14  -0.0030479708  -0.0032267295   0.0016617487  -0.0005435346   0.0003558587
41 15  -0.0005608327  -0.1521464613   0.0003064858   0.0000913393  -0.1730255092
41 16  -0.0000457570   0.0000002983  -0.0006209595
42  1   0.1081396410   0.3273936445  -0.0176910993   0.2351553786  -0.1095398599
42  2  -0.1216399230   0.0412573080   0.0608972538  -0.2932930373  -0.0185212017
42  3   0.1792823887   0.0929173516  -0.0295451268   0.0332450753   0.1792134810
42  4   0.5627104641  -0.4751497950  -0.2082536547  -0.1089699752  -0.0274996343
42  5   0.1264729668  -0.0120704478  -0.0057061114  -0.0123402024   0.0172838322
42  6  -0.0031106848   0.0532023358   0.2207487236   0.0037948722   0.0342263256
42  7   0.0215880208   0.0145039068  -0.2721647633  -0.1558971526  -0.3458092429
42  8   0.0409629521   0.0983158272  -0.0382539086  -0.0668666775   0.0044248028
42  9   0.1191939239  -0.0702019097  -0.0083131302   0.0445171383   0.0228470525
42 10   0.0419712856   0.0045039424   0.0392763897   0.0347632035  -0.0137608119
42 11  -0.0128146153   0.0469202810   0.0225515673   0.0219035969   0.0767092122
42 12  -0.0035437939  -0.0353382166   0.0145941876   0.0073467129  -0.0068016215
42 13   0.0106133956   0.5226065506   0.0092246427  -0.0609165174   0.0000689686
42 14  -0.0015297782  -0.0001116435   0.0002856194   0.0005038572   0.0003541813
42 15  -0.0004659207   0.2831604548  -0.0005644549  -0.0001232557   0.2860370062
42 16   0.0001027527   0.0000013760   0.0006291683
43  1   0.0403661881  -0.0387035868   0.1063663110   0.1637954674   0.0175716266
43  2   0.0060930292  -0.0711900371   0.0029370427  -0.0746774297   0.1062540839
43  3   0.1067717268   0.0838126515   0.0857229192   0.0185936943   0.2327339694
43  4   0.0180495631   0.1607756415  -0.0158686897  -0.0140730616   0.0137591793
43  5  -0.1010133705   0.0192150280  -0.1326135026  -0.1345365705   0.0559449060
43  6  -0.0003607224   0.0020640211  -0.3039830811  -0.0114136676  -0.3361472978
43  7   0.0123542703   0.0011028368  -0.0457523770   0.1935511094  -0.1576427144
43  8  -0.2518871338   0.2378533909   0.1373551873   0.3255990833   0.0321326764
43  9   0.2578327089  -0.4930038095   0.1067984551   0.0947376779   0.1198305776
43 10  -0.2251592762  -0.5189302874  -0.0789533023  -0.2440682264   0.2530345105
43 11   0.5155090799  -0.0824004762  -0.2598482394  -0.1118569921   0.0225807448
43 12  -0.0223840687  -0.0133306173   0.0068324808   0.0037515497   0.0042911027
43 13  -0.0015166568   0.0134288810   0.0014751010   0.1769705412   0.0015548573
43 14  -0.0222018386  -0.0377148074   0.0297887943  -0.0107853448  -0.0101798559
43 15   0.0044126377   0.0009263166  -0.0000008322  -0.0000007556  -0.0014581494
43 16   0.0000291913   0.0000039215   0.0010276472
44  1  -0.1908345502   0.1163309208  -0.0507644723   0.1704571561  -0.0664085664
44  2  -0.2013399418   0.0651693070   0.0197286141  -0.1860830426  -0.0239735330
44  3   0.0717761648  -0.0234504109   0.1227493799   0.0385041674   0.0742937053
44  4  -0.0646681811  -0.0360976777  -0.0567839624  -0.0325468461   0.0890084119
44  5  -0.1115696313  -0.0232666682   0.0436418584   0.1227875301  -0.0048771727
44  6  -0.0021584210   0.0089329743   0.0067245921  -0.0000132748   0.0373071341
44  7   0.0243570769   0.0148230052  -0.0133058957   0.0473052957   0.2057767889
44  8   0.1006935537  -0.1686856011   0.0423808549   0.2457787123  -0.0080909018
44  9  -0.0902592669  -0.1414329827   0.0053209276   0.4398674541   0.3008192229
44 10  -0.0266943461   0.2170982789  -0.2158977855   0.0748419510   0.0204654756
44 11  -0.0235188083   0.0034972497   0.0277777314   0.0020988381   0.8425356303
44 12  -0.0152146330  -0.0656992812   0.0430973105   0.0131386506  -0.0047663522
44 13   0.0012774656  -0.0614670718  -0.0021968332  -0.1414674913  -0.0047211648
44 14   0.1184563574   0.2060317610  -0.1427893046   0.0488505334   0.0358967779
44 15  -0.0117911048  -0.0026247900   0.0000121279   0.0000193907   0.0053319010
44 16   0.0000346950  -0.0000083716   0.0007067166
45  1   0.0319238677   0.1534241029   0.0135063833   0.0826920829  -0.0403004493
45  2   0.1302368531   0.0119956257   0.0063269732  -0.0123991394  -0.0376737961
45  3  -0.0221959117  -0.0475245856  -0.0876949187  -0.0750656261  -0.0560285268
45  4   0.0227988930   0.0952234460   0.0625537042   0.0320559102  -0.1412326402
45  5   0.0717576084   0.0127915697   0.0405843214   0.0580958982  -0.0442613469
45  6   0.0057630648  -0.0785204381  -0.1887606426  -0.0010360645  -0.0109601224
45  7   0.0006807269   0.0029019953   0.1157156371   0.0649311373  -0.1951357356
45  8   0.0894685897   0.0575645012  -0.0172007366  -0.0268012871   0.0083992413
45  9   0.1066509137  -0.0270583388   0.0008690141  -0.1258867345  -0.0925692386
45 10   0.0266409120  -0.1129608402   0.1460144018  -0.0026049766  -0.0260416717
45 11   0.0459405171   0.0886514804  -0.0268432986  -0.0126823980  -0.2072610098
45 12   0.0017930702   0.0112226842  -0.0077050849  -0.0024814658   0.0014096877
45 13  -0.0001541462   0.0086280382   0.0002125128   0.0605739678  -0.0159953819
45 14   0.3907121475   0.6862833203  -0.4792571025   0.1650451591   0.1222292808
45 15  -0.0411198206  -0.0117501649   0.0000522326   0.0000368536   0.0126964716
45 16   0.0000506847  -0.0000120689  -0.0005125642
46  1  -0.0202908282  -0.0726286624   0.1733839434   0.0488640333   0.0787089897
46  2  -0.0099382310   0.0405042038  -0.0511613221   0.0640460265  -0.0247684639
46  3  -0.0805125364   0.0179222468   0.0541304708   0.0865030370   0.0519563759
46  4   0.0057994385   0.0083230985  -0.1195914776  -0.0734936996   0.2991891103
46  5   0.0147300995  -0.0283269345  -0.1218378205  -0.1335033099   0.1219626407
46  6  -0.0118242639   0.0534535637   0.0125686463   0.0072650932  -0.2728095958
46  7  -0.0946689726  -0.0684931332  -0.0392943219  -0.0734290174  -0.0314072198
46  8  -0.0685961974  -0.1206082544  -0.1501717505   0.4440022596   0.0389051021
46  9  -0.3482009473   0.0591415915   0.0595476305  -0.0605699600  -0.0512965962
46 10  -0.2635730548  -0.2405045745   0.0164345861   0.1874635482  -0.0549547999
46 11  -0.1757646071   0.6363534501   0.3328513943   0.4076870837  -0.0696128748
46 12  -0.0914788254  -0.0750091845   0.0495845000   0.0114298648  -0.0061479037
46 13  -0.0019049189  -0.0239485726   0.0003678231  -0.0565559477  -0.0068924142
46 14   0.0501360250  -0.0030063564   0.0253193028  -0.0331805666  -0.0269803468
46 15   0.0096514111   0.0008062298   0.0000246130   0.0000137283  -0.0014680610
46 16   0.0000259997  -0.0000062825  -0.0000451082
47  1  -0.2094588835  -0.0946882228  -0.0607963566   0.0050676177   0.0760123808
47  2   0.1654525732   0.1106774889  -0.1361287406   0.0680521888   0.1136398352
47  3  -0.1108342891  -0.3895451849   0.0982498601  -0.2597887848  -0.0985923647
47  4   0.0695527552  -0.2937597935   0.0986698813   0.1000463836   0.2795980636
47  5  -0.1879370223   0.0428350911  -0.1407380187  -0.2704497157   0.0366209848
47  6   0.0005893910   0.0669079823   0.0196620141  -0.0442115518  -0.2660764765
47  7   0.2455138901   0.1599063616  -0.2082883421   0.2803675384   0.0222707088
47  8   0.1749362642  -0.0982157076   0.1278986670   0.0887361109  -0.0242676793
47  9   0.0154668430  -0.0002807766  -0.0171656863  -0.0319903235  -0.0314947398
47 10   0.1131484429   0.0890216343   0.1280270766   0.0478713813  -0.0680234658
47 11   0.0097744615  -0.0647702191  -0.0324875797  -0.0440260055  -0.0869628708
47 12   0.0171752717  -0.5962081120   0.2803553983   0.1226511954   0.0038045225
47 13  -0.0007226570  -0.0348943517  -0.0014984671   0.0079513584   0.0204074758
47 14  -0.2499007755   0.0001891314  -0.1277759094   0.1276739580   0.1204156271
47 15  -0.0516149490   0.0004464109  -0.0000005437   0.0000180062  -0.0006429485
47 16  -0.0000815589   0.0000053029  -0.0002308810
48  1  -0.0017662745   0.1587218155   0.0544128320   0.0345130428  -0.0212233651
48  2   0.0766008556   0.0695187790  -0.0100861635   0.0383866766  -0.1337179709
48  3  -0.1143462879  -0.0319382742  -0.1064596776   0.0074225580  -0.1279933147
48  4   0.0000855815   0.0413076597  -0.0391872578  -0.0334268699   0.0116379340
48  5   0.1439927823  -0.0343524728   0.0657919682   0.1144152840   0.0162634457
48  6  -0.0064384703  -0.0231705716   0.0232278899   0.0164868892   0.1669924461
48  7  -0.1068452561  -0.0713757504   0.1058590715  -0.1572158817  -0.0098423951
48  8  -0.1842702536   0.0551599536  -0.1500897407  -0.0659169155   0.0204995857
48  9  -0.0675370183  -0.0482601386   0.0324764223   0.0458041918   0.0520968616
48 10  -0.0967184323  -0.0762364340  -0.1185313158  -0.0524553905   0.0759784471
48 11  -0.0032856166   0.0809500385   0.0237659412   0.0429035811   0.0262595554
48 12  -0.0199789537   0.1771134791  -0.0775686816  -0.0347424296   0.0011076724
48 13  -0.0005150753   0.0023303070   0.0009337603  -0.0163873290   0.0518555413
48 14  -0.6771873603  -0.0072343874  -0.3329047129   0.3828280637   0.3584039132
48 15  -0.1555671927   0.0004672815  -0.0000339964   0.0000943933   0.0005726998
48 16  -0.0000072066   0.0000064799  -0.0003034085
49  1  -0.0352252164  -0.0591745704   0.1596628674   0.1131958941  -0.0097741312
49  2  -0.0251459166  -0.0214994815   0.0606009476  -0.0224606286  -0.0511535685
49  3   0.0528417895  -0.0331415893   0.1552072930   0.0264515123   0.0713361511
49  4  -0.0130565639   0.1503531692  -0.1547974773  -0.0953588564   0.1169357449
49  5   0.0412547286  -0.0444475783   0.0286038240   0.0807022732   0.0462061496
49  6  -0.0069514165  -0.0119763173  -0.0786074423  -0.0072094076  -0.2383576310
49  7   0.0083397748  -0.0006682470   0.1554619360  -0.0890955595   0.0284582252
49  8   0.3577491012  -0.3456767959  -0.4442529614  -0.2427613163   0.0026015580
49  9   0.1132344749  -0.0723319701  -0.0595321476  -0.0289233928  -0.1326897232
49 10   0.1523386186  -0.3425852383   0.0040452964   0.2492485929   0.1699458064
49 11   0.1753172663  -0.4778387321   0.3287198222   0.5747209707   0.0855767278
49 12  -0.1021762095  -0.0900179231   0.0555415693   0.0158982468  -0.0242638224
49 13  -0.0037583361  -0.0288914979   0.0015407043   0.0187215915  -0.0037008666
49 14   0.0353057726  -0.0079174477   0.0409842167   0.0530085247   0.0440635712
49 15  -0.0166336794   0.0004566005   0.0000368279   0.0000209425   0.0004474195
49 16   0.0004331169   0.0000001695   0.0001780673
50  1  -0.1848606986  -0.0145251911  -0.0624087880   0.0586388143   0.0517315553
50  2   0.0354973173   0.0797587215  -0.1349233658  -0.0054197020   0.1012143087
50  3  -0.1007044996  -0.1374926150   0.0392398999  -0.0805979789   0.0203936190
50  4   0.0370113617  -0.1264776620   0.0627592043   0.0495122942   0.0786461814
50  5  -0.1396653216   0.0235397577  -0.0406976690  -0.0672028278  -0.0230274533
50  6   0.0068677814  -0.0083414837  -0.0427296062  -0.0004977970  -0.0214376458
50  7  -0.0402460756  -0.0274841918   0.0735147608  -0.0761751777  -0.0081782121
50  8   0.0581611065   0.0455468542   0.0909276500  -0.0056502999  -0.0051588265
50  9   0.0917566251   0.0400385503  -0.0135891707  -0.0062705918  -0.0127097941
50 10  -0.0475554676   0.0030006566  -0.0600106442  -0.0422489982   0.0229078863
50 11  -0.0444274601   0.0517050544  -0.0249608542  -0.0596761387   0.0125436962
50 12   0.0112021381   0.0543340698  -0.0300106674  -0.0115096295   0.0011731672
50 13   0.0014891405   0.0028073444  -0.0011573616  -0.0021280256  -0.0316975519
50 14   0.3904617972  -0.1170192402   0.4786078651   0.5533915291   0.4828168258
50 15  -0.2301327592  -0.0015101200  -0.0000130173   0.0000450452  -0.0001170733
50 16   0.0005104343   0.0000066186   0.0007885980
51  1  -0.0372463074   0.0417361546   0.0570603336  -0.0448772144   0.0160583095
51  2   0.2661061054   0.1154651861  -0.0204556836   0.1410417654  -0.1118078146
51  3  -0.1273059867  -0.3992220568  -0.0106574472  -0.2542197490  -0.2850112420
51  4   0.0549329081  -0.2028540079   0.0106568542   0.0391259305   0.2994792617
51  5   0.0443556720  -0.0021955328  -0.1017523125  -0.1922560511   0.1057790796
51  6  -0.0147339334   0.0894884153   0.0788354992  -0.0491424927  -0.2123962535
51  7   0.3113819820   0.2022194766  -0.2957384056   0.3797929450   0.0198669364
51  8   0.0057487641  -0.1391417641  -0.1125295298   0.1172681515   0.0096785297
51  9  -0.1587315537  -0.0697280691   0.0138903408   0.0072079609   0.0082628504
51 10   0.1319248860   0.0087313966   0.1740416506   0.1137168490  -0.0617592170
51 11   0.0795714802  -0.0780858868   0.0382578697   0.0876844597   0.0726230957
51 12  -0.0134297056   0.6055848385  -0.2856228004  -0.1256299390  -0.0098476127
51 13  -0.0008320637   0.0411582239   0.0029966832  -0.0085630732  -0.0000656036
51 14   0.0019680547   0.0030570137  -0.0065007774  -0.0196682625  -0.0170034864
51 15   0.0090691870  -0.0003421618  -0.0000155479  -0.0000076162   0.0003912572
51 16   0.0000535156  -0.0000046635   0.0004750106
52  1   0.0529331466  -0.0349950234   0.0970827399   0.1735043697   0.0206683283
52  2   0.0111288100  -0.0640759773  -0.0495132635  -0.0862833507   0.0313027404
52  3  -0.1228321183  -0.0136069462  -0.0245497362  -0.0907634036  -0.1398500870
52  4   0.0100162502   0.0242808461   0.0283671429   0.0354499825   0.1930052143
52  5   0.3689941591  -0.0231520073   0.0397826819   0.1067395571   0.0674717348
52  6  -0.0153265894  -0.0791902640   0.0987584809  -0.0391611447  -0.0738721521
52  7   0.0614226991   0.0237268509   0.1618521759  -0.3070164818   0.0186486187
52  8  -0.2490359667  -0.0264183557   0.4705183974   0.0945259215  -0.1649768221
52  9  -0.0081929447  -0.1094361157   0.0328815393   0.0904756955   0.0144955725
52 10  -0.3137016281  -0.2427286489   0.1196546459   0.4468946484  -0.4993689484
52 11   0.0203408350  -0.3124825786   0.2258836454  -0.2829843362   0.0039582263
52 12   0.2968951057   0.0180378673   0.0304190510   0.0425536905   0.0219462963
52 13  -0.0152322167   0.0040930235   0.0108663807   0.0080249759  -0.0064687294
52 14  -0.0226747617   0.0404535816   0.0346693835   0.0221147085  -0.0171938667
52 15   0.0219223508  -0.0000185305  -0.0001374177  -0.0000494991   0.0001244428
52 16  -0.0004795916  -0.0000301897  -0.0000635573
53  1  -0.1115245709   0.1388275944  -0.0736269032   0.1472370692   0.0500075498
53  2  -0.1990356425  -0.0092795016  -0.2777463317  -0.1155775010   0.1007845749
53  3  -0.3722540769   0.4053414434  -0.1742664724   0.1629516799   0.1052239778
53  4  -0.0092648924   0.0243111228   0.0867149172   0.0440197460  -0.0289538364
53  5  -0.0083873585   0.0170793558  -0.0213903913  -0.0441019918  -0.0138787996
53  6   0.0034146034  -0.0104995099   0.0050599372  -0.1138181800  -0.1595334570
53  7   0.4266949979   0.2572080130   0.1187200362  -0.0156389731  -0.0254797757
53  8   0.1140069137  -0.0769587384  -0.1126782494  -0.1965945801  -0.0306673922
53  9  -0.0466714634   0.0151772421   0.0200574986   0.0350661673   0.0236088383
53 10  -0.1427993784  -0.0314829117  -0.1318055474  -0.0929097912  -0.0264447315
53 11   0.0049117013   0.0972038586  -0.0074948487  -0.0025258581  -0.0084481438
53 12  -0.0114706720   0.3076624812   0.5360827254   0.2338814130  -0.0038383351
53 13   0.0014851651   0.0008807981   0.0003618759  -0.0023316223   0.0521519751
53 14   0.1229913016  -0.2056718354  -0.1888453317  -0.0881686238   0.0982272597
53 15  -0.0966472929  -0.0001248045   0.0000917972   0.0001085443   0.0002995658
53 16   0.0003199059  -0.0000250908  -0.0000745886
54  1  -0.0313806015   0.1342221226   0.0807521690  -0.0146531359  -0.0003646984
54  2   0.0879715527   0.1100470603  -0.0034125817   0.0954913684  -0.1528104382
54  3  -0.0866425034  -0.0563168358  -0.0590285205   0.0598892902  -0.0781192739
54  4   0.0010254424   0.0136672789  -0.0914256854  -0.0660482829   0.0585500933
54  5   0.0028709776  -0.0226934511  -0.0043511875   0.0162491944   0.0286178817
54  6  -0.0026222732   0.0344951146  -0.0020740027   0.0423187442   0.0154171259
54  7  -0.1991622031  -0.1261232377  -0.0666358604  -0.0172912132   0.0583845669
54  8  -0.0636279105   0.0840388782   0.1143173675   0.1735455563   0.0323489914
54  9   0.1351281641   0.0035415425  -0.0331194978  -0.0297998607  -0.0407285666
54 10   0.1012197876   0.0258741182   0.1203064891   0.0982299373   0.0078537360
54 11  -0.0113245650  -0.1119593947  -0.0036284638  -0.0224963871   0.0071372902
54 12   0.0240623500  -0.0999322304  -0.1669599379  -0.0683341056  -0.0034751604
54 13   0.0009669752  -0.0001483829  -0.0018247959   0.0076990005   0.1380580761
54 14   0.3198373045  -0.5276501210  -0.4914847804  -0.2598107844   0.2794773769
54 15  -0.2740645720  -0.0002631459   0.0004183971   0.0001944774   0.0004887430
54 16   0.0004057887  -0.0000372712  -0.0006892405
55  1   0.0684855909  -0.0483120825   0.1104101010   0.1094573338   0.1095191031
55  2   0.0266075827   0.0413968175   0.0192368926   0.0362794559   0.0486931254
55  3   0.1402361174   0.0169822399  -0.0890233594   0.0628096790  -0.0574099419
55  4  -0.0246501127   0.0828293979   0.0362836441   0.0012638223   0.1289255127
55  5   0.3789080318  -0.0416128074   0.0265331586   0.0881453129   0.0627449944
55  6  -0.0184956278  -0.0537188744   0.1100889134   0.0513459107  -0.0838146340
55  7  -0.0518584494  -0.0156884235  -0.2738724132   0.2662743711   0.0703709521
55  8   0.0696390920  -0.3499632917   0.2771749681  -0.1856635612  -0.2002788443
55  9   0.1196623969  -0.0857290370  -0.1041976226   0.0774564020  -0.1669182270
55 10   0.2116946547  -0.2933032946  -0.2180430843   0.2919708305   0.4725432571
55 11  -0.4011326779   0.1868534855   0.1655620769  -0.4288937796  -0.0116806595
55 12   0.2470713757   0.0352844040   0.0406516122   0.0492490805   0.0690167378
55 13  -0.0127656739  -0.0014226343   0.0093049209  -0.0048398746  -0.0010724561
55 14  -0.0158487174   0.0341137568   0.0282287078  -0.0615372885   0.0350949053
55 15  -0.0488258048   0.0000945791  -0.0002187712  -0.0000506322  -0.0006484520
55 16  -0.0022645331  -0.0001095180   0.0000713871
56  1  -0.1361241585   0.0595494187  -0.0719478005   0.0944013934   0.0735558680
56  2  -0.0706610117   0.0636782927  -0.1876011624  -0.0394103855   0.1188578534
56  3  -0.1642722558   0.1317031236  -0.1084174290   0.0735832557   0.0735023183
56  4   0.0101157774  -0.0439049623   0.1007965164   0.0524431746   0.0038924285
56  5  -0.0251759767   0.0182940939  -0.0062507878  -0.0318685594  -0.0232594531
56  6   0.0034539303  -0.0327678755  -0.0027732524   0.0003839194   0.0639083050
56  7  -0.0190167923  -0.0120199957   0.0227334588  -0.0046214952  -0.0601654197
56  8  -0.0525407756  -0.0165588382  -0.0218168474   0.0288950446  -0.0155791809
56  9  -0.1571359509  -0.0352207971   0.0306619409  -0.0029775346   0.0186496070
56 10   0.0429290927   0.0333408738   0.0763499273   0.0034950261  -0.0010216388
56 11   0.0571827057  -0.0575794000  -0.0108830853   0.0601168929   0.0016483429
56 12  -0.0222246524  -0.0284466847  -0.0504194856  -0.0270999567  -0.0094040550
56 13  -0.0026815218   0.0000032695   0.0028397994  -0.0014702857  -0.0099600730
56 14  -0.1788157747   0.3636292448   0.3064169361  -0.6043640350   0.4002581046
56 15  -0.4558929461  -0.0006162012  -0.0000361314   0.0001138033  -0.0005798039
56 16   0.0011678180   0.0000714653   0.0001282660
57  1   0.0046207933   0.2522457724   0.0778410928   0.0657445141  -0.0380986834
57  2  -0.1029514819   0.0017622909  -0.1357811752  -0.0276896926  -0.1710548873
57  3  -0.3932725480   0.3414507624  -0.1515104904   0.1903109096  -0.0245605647
57  4  -0.0357862302   0.1010867481  -0.0966631276  -0.0609677722   0.0023730846
57  5   0.0281609169  -0.0021739128  -0.0186517349  -0.0031185841   0.0345758639
57  6  -0.0030654323   0.0552010258   0.0226805843  -0.1288668358  -0.2807951103
57  7   0.4580713468   0.2704346290   0.0747352716  -0.0370050103   0.1063903104
57  8   0.1546211359   0.0323625754  -0.0179218463  -0.1669757468   0.0388073060
57  9   0.2562297181   0.0576856517  -0.0296553548   0.0204926636   0.0213526447
57 10  -0.1557467571  -0.0639087602  -0.1759984909  -0.0524804718  -0.0180425658
57 11  -0.0775512019   0.1217452084   0.0228542818  -0.0471523429   0.0044161215
57 12   0.0206979824  -0.3260170267  -0.5752265557  -0.2517669598   0.0056145448
57 13   0.0014231176  -0.0050238271  -0.0030488040  -0.0058689897  -0.0032505725
57 14  -0.0011338769  -0.0006787377   0.0000054201   0.0229195290  -0.0164906532
57 15   0.0190388617   0.0001084843   0.0000919168  -0.0000055980  -0.0002778860
57 16   0.0008320722   0.0000408887  -0.0000976040
58  1  -0.0084588187  -0.0694034555   0.1650125943   0.0568732436   0.0828897519
58  2  -0.0050593560   0.0110019024  -0.0022190114   0.0508856927   0.0806862972
58  3   0.1779063504  -0.0064082465   0.1986388671  -0.0269360516   0.0304958125
58  4   0.0095550703  -0.0361103649   0.1332172953   0.1073937039   0.0432986636
58  5   0.2129698956   0.0938303531   0.0252418306   0.0558921869  -0.0842964448
58  6  -0.0036883489  -0.1730633164   0.1297550114  -0.0143147578  -0.0008927609
58  7   0.1759424443   0.1194270464   0.1154452502  -0.1942095172   0.0922083483
58  8  -0.1160780085   0.1890605904  -0.1930629784   0.1111809474   0.2832450723
58  9   0.0525875811   0.0406426902   0.0618288074  -0.0090261075   0.1037011252
58 10  -0.2487452853  -0.0204741619   0.3025052258   0.4492203873   0.3074407395
58 11  -0.4400021047  -0.1158296447  -0.4613058561  -0.0563445314   0.0012206192
58 12  -0.5222551961  -0.0045729674   0.0041806547   0.0076208755  -0.0575278281
58 13   0.0701070503  -0.0002518819  -0.0341411096   0.0019955082   0.0607097841
58 14   0.0020431356   0.0053923732   0.0084536686  -0.0003845176   0.0042539309
58 15   0.0173531544  -0.0000309176   0.0003685045  -0.0006380257  -0.0000145733
58 16   0.0019641137   0.0001450591   0.0000598025
59  1  -0.1321550418  -0.0751630760  -0.0832603252  -0.0195601228   0.1914661154
59  2   0.1719881073   0.3305752698   0.0447210594   0.1414282969   0.1596791510
59  3   0.3675841516  -0.2157097878  -0.3504858005   0.3473922848   0.1638003664
59  4  -0.0042894762   0.0254306708   0.1168985400  -0.0574301095  -0.0153916147
59  5   0.0584832602  -0.0591734886   0.0081945702   0.0206669657  -0.0017841952
59  6   0.0263145267  -0.0409726255   0.0321474635  -0.1712085243  -0.0504446288
59  7   0.2312651343   0.1143765808   0.2244601267  -0.2741818585  -0.0187017285
59  8  -0.2007830259   0.0365827181   0.0062861981   0.1991304508  -0.0256152956
59  9  -0.0095375833  -0.0291130315  -0.0722865788  -0.0357654266  -0.1183393623
59 10   0.3386597301  -0.0147742103  -0.0979022220  -0.0801187793  -0.0175014155
59 11   0.0308269162   0.0241355802   0.0417069153  -0.0103308233   0.0042907472
59 12  -0.0842397905  -0.0026463681  -0.2685401681   0.6109178013   0.0791904300
59 13  -0.0424596752  -0.0014738419   0.0149967932   0.0005155042  -0.2914627297
59 14  -0.0021406519  -0.0285971879  -0.0322734507  -0.0052283398  -0.0034257206
59 15  -0.0361534458   0.0000282796   0.0003319142   0.0002271718  -0.0000259858
59 16  -0.0001270288   0.0001108940  -0.0000783548
60  1  -0.0638204013   0.1407373073   0.1206069413  -0.0607135408   0.0178060367
60  2   0.0334880406   0.1096293657  -0.0158009527   0.1381090308  -0.1311666980
60  3  -0.0095831956   0.0300528265   0.0894345262   0.0731559090   0.0322362241
60  4   0.0023506131  -0.0107893769  -0.0417861533  -0.0118388600  -0.0276989685
60  5  -0.1039124704   0.0562124655  -0.0245395964  -0.0324929905  -0.0562702970
60  6   0.0012602637  -0.0471464131  -0.0068259745   0.0779367280   0.0248494456
60  7  -0.0821757883  -0.0287002550  -0.0884680673   0.1298271844  -0.0093376897
60  8   0.1233700489  -0.0026466555   0.0523406287  -0.1473740028   0.0261816273
60  9  -0.0696647939   0.0019563523   0.0667781767   0.0171014305   0.1212812299
60 10  -0.2120654759  -0.0202922610   0.0560140918   0.0843775841  -0.0135134936
60 11  -0.0356626031  -0.0309385246  -0.0459949576  -0.0042555249  -0.0018869265
60 12  -0.0141309491   0.0013659069   0.0736692654  -0.1622252384  -0.0401080095
60 13   0.0089603880   0.0004294149   0.0016929559  -0.0017956912  -0.9217621844
60 14  -0.0082210032  -0.0900126031  -0.1033169533  -0.0014780230  -0.0430672466
60 15  -0.1540653772   0.0001375981   0.0013311376  -0.0001640576  -0.0000184830
60 16   0.0023664464   0.0004850552  -0.0001792774
61  1  -0.0195661353  -0.0549340130   0.1486223892   0.1236774119  -0.0041088950
61  2  -0.0186745876  -0.0150113370  -0.0780138147  -0.1085271924   0.0952381182
61  3  -0.1245509082   0.0366725752   0.0181030396   0.1228858055   0.0608904133
61  4   0.0115406552  -0.0547384275   0.1463692702   0.0910062804   0.0794296703
61  5   0.1782741144   0.0843711414   0.0007639340   0.0176974553  -0.0953742298
61  6   0.0276475231  -0.2204986473   0.1464808836   0.0460912152   0.1081822569
61  7  -0.1696744682  -0.0640517942  -0.2403456465   0.2104701750   0.1021539664
61  8   0.0035658306  -0.0892658864  -0.2790670665   0.0271370838   0.2595302645
61  9   0.1813370117  -0.0127775240  -0.1181786206  -0.0593839446   0.0032515526
61 10   0.2735685863  -0.3070715707  -0.4582117187   0.0157000554  -0.5249007681
61 11  -0.1067876156  -0.0166251253  -0.1469659639  -0.1224355467  -0.0036674930
61 12  -0.5295689447  -0.0057885920   0.0194524784  -0.0454747586   0.1380104113
61 13   0.0593970721   0.0015168955  -0.0246173651   0.0019377191   0.0163118878
61 14  -0.0000191858   0.0019254948   0.0011524705   0.0280807596  -0.0793457276
61 15  -0.1114718590  -0.0000623156   0.0003879841   0.0003433736   0.0000250360
61 16  -0.0002576365   0.0003717268  -0.0000445273
62  1  -0.1036623912   0.0114388081  -0.0855961054   0.0373003309   0.1685004538
62  2   0.0326220655   0.1702758298  -0.0613042669   0.1055281333   0.1109038088
62  3   0.1613976509  -0.0158810137  -0.1691051384   0.0779814178   0.0194726151
62  4  -0.0012241713   0.0150848887   0.0531923702  -0.0082454526   0.0139388634
62  5   0.0683462490  -0.0535926794   0.0154276638   0.0184761206   0.0477706405
62  6  -0.0151897595   0.0773305552  -0.0169780620   0.0137865615  -0.0218645802
62  7   0.0057455018  -0.0013458847  -0.0205162831   0.0217936286   0.0212981080
62  8   0.0181883414  -0.0172412856  -0.0678953418  -0.0167657238  -0.0418146059
62  9   0.0923553866   0.0258948551   0.0012303760   0.0379200951  -0.0497093347
62 10  -0.1620022367   0.0661150650   0.0770208520  -0.0152294553   0.0260190495
62 11   0.0250351324  -0.0073505816  -0.0077750552   0.0475315791   0.0031325206
62 12   0.1135514674  -0.0021006991  -0.0040337269  -0.0024793962  -0.0693829810
62 13  -0.0023133115  -0.0005573502  -0.0056463620   0.0011631450   0.1688026596
62 14  -0.0074182906   0.0212547320   0.0064383388   0.2058781354  -0.5814391606
62 15  -0.7588360581  -0.0002109262  -0.0031982385   0.0006038087  -0.0001684061
62 16  -0.0127621023  -0.0008686307  -0.0001063695
63  1  -0.0997079639   0.0276106538   0.1250011503  -0.1397994651   0.0547861958
63  2   0.2147279754   0.3183842663   0.1254235523   0.1949304930  -0.0614490492
63  3   0.2844632153  -0.2286500883  -0.1363948749   0.3944773414   0.2019241331
63  4  -0.0020283944   0.0086588359   0.0366094551  -0.0748036610  -0.0620348780
63  5  -0.0967436883   0.0418932676  -0.0254603530  -0.0197658730  -0.0954411065
63  6   0.0447054015  -0.1885414187   0.0550904212  -0.1551563462  -0.0309716835
63  7   0.2365235506   0.1307419345   0.2538192247  -0.2866514107  -0.0576039019
63  8  -0.1803714205   0.0504963248   0.1778353107   0.1428679735   0.0142474919
63  9  -0.1560950226  -0.0549220542  -0.0250230725  -0.0617450061   0.0006477738
63 10   0.3728496777  -0.0522015144  -0.0874042507  -0.0274260879   0.0304288221
63 11   0.0171383724   0.0187769625   0.0825227587  -0.0525249532  -0.0082252238
63 12   0.0253226532   0.0069464052   0.2950133235  -0.6553456764   0.0684645062
63 13   0.0320919045   0.0020172076  -0.0031099828  -0.0016075523   0.0264351332
63 14   0.0001893969   0.0020494394   0.0018297285   0.0057345488  -0.0172264571
63 15  -0.0211392326   0.0000175440  -0.0003374025   0.0001412359   0.0000087534
63 16  -0.0007425569   0.0001075691   0.0000527664
64  1   0.0849659514  -0.0421163550   0.0963891824   0.1278488755   0.1072545359
64  2   0.0325235500  -0.0525441845   0.0795943596  -0.0318878299  -0.0966910019
64  3  -0.0496273176  -0.0156254735   0.0990603706   0.0837396015  -0.1271845840
64  4  -0.0002955191  -0.0238037440  -0.1126907103   0.0570232314  -0.0306366051
64  5  -0.0876616206   0.2197236440   0.0050074176  -0.0012371370  -0.0983539642
64  6  -0.0033961142   0.0145187002   0.0056401901  -0.1505267061   0.0381947807
64  7  -0.0041900504   0.0008980687   0.0099093509  -0.0113942793   0.0139739643
64  8   0.0247200339   0.1966505494   0.0418816782  -0.0074232824  -0.0764919616
64  9  -0.2329195118  -0.1514314732   0.0038740915   0.2215334480  -0.4450618145
64 10   0.1532392424  -0.1213188965  -0.1686756954   0.0731089067  -0.1141225235
64 11  -0.1764205182   0.0192588965  -0.4421801258   0.2486477850   0.0033017794
64 12   0.3198299949  -0.0058278289  -0.0151112320   0.0145687086  -0.8391953905
64 13  -0.2263904481  -0.0031165076   0.1451635130   0.0051918966   0.0004177544
64 14   0.0007781940  -0.0028715227  -0.0030431753   0.0021115436   0.0010704948
64 15   0.0078500254   0.0000169235   0.0004459647  -0.0094859788   0.0000776587
64 16  -0.2108567454  -0.0062327349   0.0000521176
65  1  -0.0580811173   0.0975081727  -0.0932606794   0.0846902877   0.1750575574
65  2  -0.0966420779   0.0372061100  -0.1442593438   0.1795137632   0.0339109831
65  3   0.1127972639   0.1267563387   0.0429428953  -0.2267487218  -0.1819606498
65  4  -0.0043687650   0.0127602160   0.0380133423  -0.1127437972   0.0019393105
65  5   0.0046855313  -0.3308807028  -0.0957825511  -0.0228238725  -0.1725793712
65  6   0.0550528818  -0.0191898974  -0.0052862981   0.0887009770  -0.0180497351
65  7  -0.0065103967   0.0403124802   0.0112170908  -0.0142469743   0.0180238196
65  8   0.0424941683   0.0923324601   0.0058830279   0.0018322508   0.0334094664
65  9  -0.0164037216   0.0237421306   0.0373357339  -0.0441792874   0.1023968116
65 10   0.0296069082  -0.0113980892  -0.0005472096   0.0037354208  -0.0020741502
65 11   0.0174150060  -0.0060351673   0.0597676819  -0.0452371357  -0.0013864715
65 12  -0.0648396952  -0.0006498752   0.0051124888  -0.0121015310   0.1441482470
65 13   0.0197637963   0.0007066173  -0.0126468165  -0.0024388065  -0.0033328456
65 14   0.0002094465   0.0005081069   0.0011644599  -0.0037048740   0.0089566358
65 15   0.0086770288  -0.0002332310   0.0115446021  -0.0435571201   0.0004557243
65 16  -0.9219582148  -0.0173742913   0.0000869011
66  1  -0.0542106168   0.2323795590   0.1396686203  -0.0251947951  -0.0007012985
66  2  -0.1381740701  -0.0112294792  -0.1716276986   0.2804804377  -0.1313548917
66  3   0.0530692557   0.1628818195   0.3369071928  -0.2831052637  -0.1343666148
66  4  -0.0003212481  -0.0485152873   0.1824491128  -0.2213894070  -0.0487207627
66  5  -0.0711733345  -0.6820312550  -0.2625989980  -0.0983078653  -0.5561490698
66  6   0.1921658797  -0.4820698144   0.1573232802   0.1180964567   0.0955453916
66  7  -0.0154018549   0.1152435368  -0.0025078630  -0.0113210689  -0.0376202130
66  8  -0.1841103694  -0.2575300973  -0.0589978236   0.0490248624  -0.1288991227
66  9   0.1018714906  -0.0148841196  -0.0722992982   0.0264020609  -0.1055251238
66 10   0.0047811886  -0.0019076534  -0.0287208955  -0.0041273032  -0.0298583794
66 11  -0.0246629703   0.0040473497  -0.0952722911   0.0615320873   0.0006630533
66 12   0.0990854072  -0.0068046608  -0.0143841562   0.0089277873  -0.2234856882
66 13   0.0001576037  -0.0006816792  -0.0338452490   0.0021604961   0.0018620177
66 14  -0.0002987033   0.0004991521   0.0006033263   0.0012556803  -0.0007080250
66 15   0.0029117852   0.0000641007  -0.0017309936   0.0146205343  -0.0001545619
66 16   0.3120020083   0.0056829364   0.0000091800
67  1  -0.0154906506  -0.0591957541   0.1531847392   0.1036146378   0.0228397763
67  2  -0.0142197442   0.0114186051  -0.0813527923  -0.0373868271   0.1660846603
67  3   0.0548604903   0.0272237874  -0.0711319988   0.0051002384  -0.3168881098
67  4  -0.0061415799  -0.0267337994  -0.0801376153  -0.0267848614  -0.0894298377
67  5  -0.1700284500   0.0303942842   0.0145201850  -0.0311730670   0.0997475103
67  6  -0.0090322494  -0.1782307976   0.0464554594  -0.0027240067   0.0118557048
67  7   0.0109492184  -0.0108553278  -0.0015583258   0.0015766384  -0.0175221315
67  8  -0.0384097066  -0.0959464285   0.0098444857  -0.0005124624   0.0618314348
67  9   0.0340719387   0.0121188251   0.0135663782   0.0096966000  -0.0178401049
67 10  -0.0130899940   0.0124576160   0.0098791747  -0.0088429329   0.0061600826
67 11   0.0123412856  -0.0002011087   0.0271779651  -0.0181664694  -0.0004766263
67 12  -0.0261294298  -0.0000876694   0.0005597401  -0.0010602762  -0.0125094253
67 13  -0.0591293164   0.0001242484   0.0472825360  -0.0015455584   0.0019724817
67 14  -0.0001697937   0.0004442378   0.0004486509   0.0007386006  -0.0018064531
67 15  -0.0020347631   0.0016976290   0.9916999961  -0.0038236783   0.0001452227
67 16   0.0110985758  -0.0158208048  -0.0000401662
68  1  -0.0082670311  -0.0154394781  -0.1171329919  -0.0354187224   0.3530332044
68  2   0.1316971878  -0.0490909089   0.3005734913  -0.2039788745  -0.0741358491
68  3  -0.0971891565  -0.0581992032  -0.0406553683   0.1151934901   0.1276465527
68  4  -0.0022223532   0.0269509866  -0.0767038923   0.1038326856   0.0599778173
68  5   0.1033029311   0.0303793847  -0.0300391394   0.0310940445  -0.2210106503
68  6   0.1088659846   0.4428653439  -0.1598758602   0.4841622525  -0.0098100639
68  7  -0.2376044875   0.4893725752   0.0604598937  -0.0449084595  -0.0323154500
68  8  -0.0532452066  -0.0297270027  -0.0145950110   0.0160144633  -0.1413649351
68  9  -0.1299197448  -0.1939421113  -0.5984741155  -0.2592012384   0.3304001042
68 10  -0.0631168148  -0.0232484522  -0.0062547764   0.0350090339  -0.0089479413
68 11  -0.0868858833   0.0004363831  -0.2003364304   0.1421337369   0.0081898259
68 12   0.1660129517   0.0019994462   0.0024150256  -0.0020073769   0.1892304968
68 13  -0.1347041703   0.0006661001   0.1108928761  -0.0034641569   0.0016875553
68 14  -0.0001358104   0.0003443226   0.0003366118   0.0004182138  -0.0009522592
68 15  -0.0008217499   0.0001608409   0.0941284100   0.0012488338   0.0000091660
68 16  -0.0008159005  -0.0035960358   0.0000130123
69  1  -0.1851413171   0.0162249463   0.2205463058  -0.2677766517   0.1066442059
69  2   0.1285290812  -0.0158297813   0.1959266255  -0.3322202162   0.2490936987
69  3  -0.0503272404  -0.0383018539  -0.1700471250   0.0893986317  -0.0443646578
69  4  -0.0062380709   0.0091666558  -0.1236128715   0.0950443902  -0.0511774321
69  5  -0.0825197049  -0.0607723308   0.0256116016  -0.0281037382   0.2062707040
69  6   0.0631721106  -0.1484836959   0.0071163969   0.6440051021  -0.0593404732
69  7  -0.3049594129   0.6241209439   0.0320363560  -0.0489697919   0.0259235300
69  8  -0.0042140816   0.0295166820   0.0203626911   0.0090086503   0.1080849618
69  9   0.1000218994   0.1532812276   0.4942730613   0.2221630706  -0.2995404319
69 10   0.0778798864   0.0187274792   0.0031506221  -0.0287332192   0.0138016649
69 11   0.0681615562   0.0008895326   0.1578241818  -0.1123140082  -0.0070250192
69 12  -0.1240024175  -0.0021102293  -0.0041640852   0.0040843972  -0.1888287584
69 13   0.1079498820  -0.0005169489  -0.0951489472   0.0024870198  -0.0003889001
69 14   0.0001128146  -0.0002000870  -0.0001183972  -0.0002012016   0.0010278198
69 15   0.0017370122  -0.0000963453  -0.0459775295   0.0023345236   0.0000050330
69 16  -0.0024688867   0.0022201019   0.0000076922
70  1   0.0706067578  -0.0405020758   0.0988869455   0.1416118882   0.0759329210
70  2   0.0237478635  -0.0015206638   0.0311955990   0.0218463848  -0.0885369244
70  3  -0.0167771875  -0.0134653660   0.1241074204   0.1205524977  -0.0628575695
70  4   0.0045825817  -0.0698786279  -0.0032673275   0.1309792950  -0.0872715319
70  5  -0.0271495663  -0.0738320770   0.0192038262   0.0102568688   0.0505291756
70  6   0.1708498255   0.1789462591  -0.0597110238   0.0419035541   0.0139347727
70  7   0.0470390218  -0.0641275473   0.0162729479  -0.0020584731  -0.0463902773
70  8  -0.0665669255  -0.1739068974  -0.0043235272   0.0138061344  -0.0741824542
70  9   0.1116645599   0.1128653794   0.1770818785  -0.0342444953   0.1113579990
70 10   0.0530699528  -0.0298128180  -0.0230984520   0.0224745022  -0.0138885718
70 11  -0.0365737172   0.0006842382  -0.0855019236   0.0580278211   0.0024126930
70 12   0.0658356526   0.0004542719   0.0002744784   0.0004812565   0.0684464210
70 13  -0.0116161362  -0.0004038403   0.0725638167  -0.0018189000  -0.0000288711
70 14   0.0000212454  -0.0000631745  -0.0000956464   0.0001004834  -0.0002688728
70 15  -0.0006120984  -0.0001163776  -0.0128623785  -0.5702284789  -0.0001840808
70 16   0.0419728120  -0.7615862208  -0.0000013158
71  1   0.0406884179   0.1047393403  -0.1232885651   0.0385128939   0.3371881732
71  2  -0.0566610831  -0.2789277418   0.1185698634   0.0019858703  -0.1814871476
71  3  -0.0757097570  -0.0779627097   0.0904187447   0.0455857279   0.0803445067
71  4   0.0085107309  -0.0836784434   0.3691471918  -0.2981352171  -0.0589845957
71  5  -0.0788086715  -0.0546224511   0.0257329377  -0.0257527261   0.1679280611
71  6  -0.5602478536  -0.2787868744   0.0667947492  -0.0757594850  -0.0615804085
71  7  -0.1117107138   0.1468882415  -0.0166472048  -0.0007877227   0.0700311610
71  8   0.1363976582   0.2956927039   0.0659819378  -0.0452209383   0.2865193209
71  9  -0.2464601303  -0.2285212661  -0.3460785321   0.0640802312  -0.2060278935
71 10  -0.0966963325   0.0531794906   0.0413246130  -0.0407097124   0.0256350127
71 11   0.0693208546  -0.0013027706   0.1634332096  -0.1120994886  -0.0047694835
71 12  -0.1294453351  -0.0002969696   0.0017063115  -0.0044115390  -0.1322033930
71 13  -0.2037266995   0.0063171507  -0.4230233109   0.0016357051  -0.0003093326
71 14  -0.0000797426   0.0000585370   0.0000271297  -0.0001442295   0.0002470482
71 15   0.0002694586  -0.0000510354  -0.0077603272  -0.1782951988  -0.0000550516
71 16   0.0115478599  -0.2436235310   0.0000184029
72  1  -0.1582987028   0.1405093361   0.2303460084  -0.1993497579   0.0734202582
72  2  -0.0866500303  -0.2518527235  -0.0472378632  -0.1125135962   0.2196506558
72  3   0.0097577748  -0.0292177956  -0.0964272674  -0.0993101871  -0.1313069518
72  4  -0.0033768214  -0.0068950078   0.3933962244  -0.5626256924   0.1042875354
72  5   0.0064598750   0.3034556953  -0.0157886078   0.0162543438  -0.2474639149
72  6  -0.3824274917   0.1546388930  -0.0464798644  -0.0686540476   0.0217450094
72  7  -0.0894153300   0.1358030358   0.0110937631  -0.0007920988  -0.0378012849
72  8  -0.0798892234  -0.1730905337  -0.0350632212   0.0234233710  -0.1488933591
72  9   0.1386259336   0.1225838164   0.1850414043  -0.0297889304   0.1023793908
72 10   0.0475384391  -0.0258057681  -0.0226315014   0.0205903431  -0.0142687830
72 11  -0.0366579524   0.0019997108  -0.1001310038   0.0762620752   0.0025174866
72 12   0.1019730335  -0.0003337469  -0.0052002018   0.0112409609   0.0776945068
72 13   0.4431498835  -0.0108924619   0.6131258052  -0.0006923377   0.0004524363
72 14   0.0000789191  -0.0000133059   0.0000262106   0.0001211692  -0.0001986049
72 15  -0.0000758029  -0.0000069849   0.0011935149  -0.0145680501   0.0000007637
72 16   0.0012984963  -0.0491615574   0.0000105614
73  1   0.1126322001  -0.0303594220   0.0709725697   0.1644830456   0.0970152148
73  2   0.0417547552   0.0120915633   0.0830776323   0.0588326933  -0.2183522986
73  3  -0.0496290489  -0.0204046943   0.2452814239   0.1773332802   0.0328170797
73  4   0.0112596145  -0.1269871298   0.0362625451   0.2540371047  -0.1876344804
73  5  -0.0615760861  -0.3300412951   0.0404299491  -0.0077585221   0.2793610294
73  6   0.0443831049   0.0180558447  -0.0240410451  -0.0983006274  -0.0408587497
73  7  -0.0125648719  -0.0133758814   0.0084269506  -0.0014934073  -0.0068614731
73  8   0.0619716755   0.0453108374   0.1654931545  -0.0679373275   0.5382978136
73  9  -0.2170767107  -0.1848706207  -0.2199031580   0.0996542688  -0.2383708783
73 10  -0.0583454933   0.0313246647   0.0140882442  -0.0245875601   0.0075469596
73 11   0.0297133504   0.0037244123   0.0328191070   0.0009275042  -0.0012008837
73 12   0.0360817279  -0.0005990247  -0.0090142564   0.0188049881   0.0009204558
73 13   0.7238352563  -0.0134317379   0.5318643558   0.0066029715  -0.0009550320
73 14  -0.0000533345  -0.0001316107  -0.0001247334  -0.0001036581   0.0003243271
73 15   0.0006089029   0.0000493195  -0.0003214072   0.2685110281   0.0000755192
73 16  -0.0083764043  -0.1873099261  -0.0000102174
74  1   0.0233360176   0.1701587111  -0.1130209411   0.1020044488   0.2536764757
74  2  -0.1827570426  -0.3579772668  -0.0953243091   0.1584526651  -0.0976592277
74  3   0.0277224727  -0.1677579971  -0.1629562189   0.1891267641   0.0840573874
74  4   0.0010138380   0.0525654458  -0.4501579146   0.4434392694  -0.0466212533
74  5  -0.0309190878  -0.1797915263  -0.0880681206  -0.0310977820  -0.2575615159
74  6  -0.5969213516  -0.2178143680   0.0674848880  -0.1238203046   0.0127731197
74  7  -0.0258647329   0.0340954979  -0.0117517352   0.0009534966   0.0199865300
74  8  -0.0339589058  -0.0045688980  -0.1323123475   0.0572587037  -0.4075548065
74  9   0.1648101029   0.1333129779   0.1382070189  -0.0884811772   0.1939610366
74 10   0.0440016906  -0.0171227036  -0.0085678923   0.0099212805  -0.0040767955
74 11  -0.0109905898  -0.0015487941  -0.0102525022  -0.0007765044   0.0003770512
74 12  -0.0154697905  -0.0000665777   0.0030703271  -0.0059195548   0.0148699654
74 13  -0.1149143097   0.0004464425   0.0800963384  -0.0033991244   0.0003708512
74 14   0.0000195233   0.0000342308   0.0000937487   0.0000023400   0.0001293654
74 15   0.0005131383   0.0000285837  -0.0019156314   0.3353771120   0.0001136884
74 16  -0.0127055146  -0.2370064295  -0.0000047026
75  1  -0.1067728382   0.2149132297   0.1950010120  -0.1063773028   0.0326712687
75  2  -0.1702110631  -0.3081541367  -0.1551351351   0.0846426459   0.0873262106
75  3   0.0475549804  -0.1273144568  -0.1331436303   0.1312342197   0.0402796975
75  4   0.0012423695   0.0232127377  -0.2669915457   0.3066600411  -0.0380081052
75  5   0.0122836028  -0.1828506719  -0.0512179955  -0.0067459533  -0.1449666931
75  6  -0.2608542462   0.0229894641  -0.0121435965  -0.0995793441  -0.0009697226
75  7  -0.0048929047  -0.0077997022   0.0062626108  -0.0007847438  -0.0143446435
75  8  -0.0077917121  -0.0447952708   0.0513160063  -0.0162388267   0.1719230132
75  9  -0.0412966058  -0.0411072796  -0.0501613926   0.0245302416  -0.0597957555
75 10  -0.0121419995   0.0096621182   0.0029918193  -0.0090664092   0.0011155923
75 11   0.0098987400   0.0013202160   0.0082589050   0.0040418671  -0.0002943689
75 12   0.0160217406  -0.0001238429  -0.0026816844   0.0060944404   0.0144405063
75 13   0.2228650685  -0.0041308219   0.1718960721   0.0013157326   0.0002315469
75 14   0.0000060942  -0.0000645652  -0.0001383503   0.0002507283  -0.0005665306
75 15  -0.0007297484  -0.0000540421   0.0051379862  -0.6729595765  -0.0002184108
75 16   0.0233051026   0.5093337461   0.0000830942
76  1  -0.0360849261  -0.0471818271   0.1433259044   0.1645511853  -0.0681304794
76  2  -0.0318142523  -0.0659576137   0.3412880962   0.2551824934   0.1814070187
76  3  -0.0534353749   0.0636971572  -0.1074619762  -0.0348052798   0.1133785549
76  4  -0.0039155097  -0.1160597258  -0.0425639189  -0.0204757233   0.2596810036
76  5  -0.1470142326  -0.1060644201   0.7214648743  -0.4196405329  -0.2789041775
76  6   0.0129610411  -0.0231683608   0.0823409859   0.0029560068  -0.3581535360
76  7  -0.0256863287  -0.0168252015   0.0491333353   0.0443141269  -0.0543176564
76  8  -0.0447699759   0.0383905482   0.0037932942   0.0030200930   0.0005758449
76  9   0.0395231228  -0.1458780819   0.0597967396  -0.1732671659  -0.0669752690
76 10  -0.0370304358   0.1301451953  -0.1364539222   0.1583323468   0.0172198006
76 11   0.1098844303   0.0354878784  -0.0277266131  -0.0147993072  -0.0059282857
76 12  -0.0006045023   0.0093025590  -0.0048691332  -0.0021826668   0.0034864187
76 13  -0.0012657445  -0.0014640516   0.0001829937  -0.1514623460   0.0000123201
76 14  -0.0004074845   0.0000280363  -0.0017309453  -0.0017846127  -0.0015093151
76 15   0.0007478168   0.0007698876   0.0000578718   0.0000722705  -0.0014425227
76 16   0.0000500290  -0.0000118752   0.5332671604
77  1  -0.2256217431   0.0588489060  -0.0443007239   0.1411032333  -0.0781833161
77  2  -0.1173370121   0.0393423502   0.1120841091  -0.0069732441   0.0507350394
77  3  -0.0266126606  -0.0611301360   0.0938498499   0.0147953437  -0.0500014929
77  4   0.0298383703   0.2367234064  -0.0089431955  -0.0191245816  -0.1651463749
77  5   0.2147842131  -0.0017312668   0.1354216407  -0.4129177095  -0.0413789712
77  6   0.0008986095   0.0010683869  -0.1585477603  -0.0053366541   0.0220860337
77  7  -0.0004882136  -0.0028370209  -0.1275589372  -0.0952077374   0.1255750812
77  8  -0.0200338799  -0.0418365948   0.0146339227  -0.0014618861  -0.0012670958
77  9  -0.1181062738   0.4733091841  -0.1919824778   0.5974259169   0.2386246955
77 10   0.0910271302  -0.3568817975   0.3581386367  -0.4451967789  -0.0407129665
77 11  -0.2866456100  -0.0758107976   0.0485166032   0.0036360182  -0.0093109762
77 12   0.0103804598  -0.0041793635   0.0027504991   0.0017412183  -0.0048688480
77 13   0.0018972382   0.0065345192  -0.0004477365   0.4231533543  -0.0000639169
77 14   0.0025251664   0.0052345073  -0.0040002711   0.0017073887   0.0016550156
77 15  -0.0006445956   0.0006869318  -0.0000158600  -0.0000063669  -0.0008358267
77 16   0.0000101454  -0.0000200096   0.2512690053
78  1   0.0000000000   0.0000000000   0.0000000000   0.0000000000   0.0000000000
78  2   0.3974142305  -0.1441729042  -0.2145201474  -0.0717405141  -0.1435098078
78  3   0.0769869147   0.0677069543  -0.0787857578  -0.0353236581   0.0545303083
78  4  -0.0238356929  -0.0884662665   0.0379069976   0.0280139736  -0.0486630489
78  5  -0.1098496312   0.0591085186  -0.4867482132   0.4715565562   0.1802920918
78  6  -0.0080751356   0.0550108586   0.2505928994   0.0054940869   0.1539495608
78  7   0.0045439277   0.0058286393   0.0754388863   0.0386812598  -0.0322674702
78  8   0.0220351561   0.0070521982  -0.0052202012  -0.0014676087   0.0016112656
78  9   0.0042533741   0.0249799934  -0.0109867894   0.0115811055   0.0007307050
78 10   0.0084341903  -0.0002152860  -0.0000926702   0.0204597572   0.0010234496
78 11   0.0180122621  -0.0003574017   0.0020112702   0.0093515576  -0.0023458401
78 12  -0.0032188466  -0.0056761016   0.0024358331   0.0010375926  -0.0006517974
78 13   0.0000884985  -0.0009379675   0.0000888484  -0.0165999458  -0.0000427717
78 14  -0.0001403836  -0.0010723894   0.0006804872   0.0007088520   0.0006958986
78 15  -0.0006730922   0.0014389716   0.0000019235   0.0000290692  -0.0025266207
78 16   0.0000665434  -0.0000296670   0.8053576610
$end
