$coord
5.97336333231917 -2.19250135400083 1.31326932341021 o
4.80722576448183 0.00635842537692 0.27517412732882 c
2.04035096778139 0.22989787090726 1.04685404799841 c
1.07447047710116 2.3868543806696 -0.26891393804881 o
-1.46133194112467 2.95545374750321 0.42228412249359 c
-2.23373593392169 5.08696246129325 -0.92738606125391 o
-3.21600925434069 0.77361430401169 -0.28962245815894 c
-5.72580507327651 1.27354167237272 0.54114826520508 o
-2.32149913715132 -1.66380394557409 0.96968630531342 c
-3.7912679597232306 -3.7850024176062096 0.21251336744407 o
0.48532929924662993 -2.13025756555624 0.44453869155684 c
0.68744785765902 -2.84078981374148 -2.16360699999472 o
6.16439003848165 -1.96120424417057 3.1138315073931 h
4.9283047988155 -0.17467497029854 -1.77235482756905 h
5.80610708397485 1.72392606101623 0.83940145214268 h
1.92196381558974 0.55990573377403 3.09461785763334 h
-1.54807028737094 3.3015586996752 2.46717989027749 h
-1.57220709497534 6.58591030904503 -0.12038133022400999 h
-3.15606442143283 0.55793971693179 -2.34861854713746 h
-6.28913741095336 2.80290801164886 -0.28446477619883 h
-2.5891038199775 -1.47118825903689 3.00706693014777 h
-3.15500332751287 -4.29535525755951 -1.4281026166367 h
1.13301614138151 -3.67773835500407 1.64376820588649 h
2.0372660849283 -4.05231521167755 -2.34324929203143 h
$user-defined bonds 
 
$end
