$dipgrad          cartesian dipole gradients
  -.79567618195153D+00  0.15748445161450D+00  -.11246866558889D+00
  0.21491591570772D+00  -.67295641509075D+00  0.19222500737787D+00
  -.18451283139031D+00  0.21523248957948D+00  -.33614494467403D+00
  0.53464966061662D+00  -.15427645127406D+00  0.11245673858492D+00
  -.22665336785838D+00  0.51415466853465D+00  -.14702449379303D+00
  0.11530499052957D+00  -.18935041555021D+00  0.30464567282319D+00
  0.27867353289250D+00  -.14670957458531D+00  0.46594930568652D-01
  -.23260536877263D+00  0.52269877942847D+00  -.10282875121126D+00
  0.25674283966728D+00  -.15260987847810D+00  0.38235706385088D+00
  -.11583449368344D+01  0.45097998634701D+00  -.79645743476908D-01
  0.27788500300343D+00  -.83008340201872D+00  0.11153042725369D+00
  0.16644199874147D-01  0.22766521769307D-01  -.44188796116152D+00
  0.10528425501502D+01  -.37440347675998D+00  0.30185065582529D-01
  -.33847949480536D+00  0.10603335023441D+01  -.14869514090755D+00
  -.54750010750232D-01  -.10941329411462D+00  0.58278037852490D+00
  -.56119824597696D+00  0.20825777054570D+00  0.45649831819229D-01
  0.26766654850254D+00  -.98011633761289D+00  0.23007021895097D+00
  -.64449039666493D-03  0.29160907468162D+00  -.44493780597145D+00
  0.68105977167195D+00  -.13083246956549D+00  -.88186042341165D-01
  -.20010693058936D+00  0.75149462459405D-01  0.75415489870326D-01
  -.69906826081844D-01  0.60052049485951D-01  0.21898656610786D+00
  -.10140182695047D+01  0.15161003129518D+00  0.16606858547843D-01
  0.12805817176589D+00  -.36944559201900D+00  -.11895745512167D+00
  0.82386720280149D-01  -.10164738364387D+00  -.38879478897234D+00
  0.39436818871523D+00  0.19271008922809D+00  0.92094449436342D-01
  0.19130086787389D+00  0.67436929414594D+00  0.56672285231019D-01
  0.21833112202062D-01  0.93534270711181D-01  0.27425763757830D+00
  -.65545431608808D+00  -.22010737785091D+00  -.13114037030628D+00
  -.19483213948252D+00  -.83853715142306D+00  -.60356470022375D-01
  -.17036264793367D+00  -.53991748332231D-01  -.32616401619965D+00
  0.16046131965229D+00  -.12746406337029D+00  -.65701722192281D-01
  0.60068356341442D-01  0.27145965867254D+00  0.14262266851229D+00
  -.10285456923454D+00  0.24552157525052D+00  0.57572393673019D+00
  -.50710909743318D+00  -.10224055079955D+00  0.11493405310227D+00
  -.72150539084436D-01  -.54050244770534D+00  -.20622436269884D+00
  0.10289029929644D+00  -.28076719527253D+00  -.76109923806104D+00
  0.38310846617674D+00  0.12719408144887D-01  0.65644882876139D-01
  0.14034729950190D-01  0.22672676356199D+00  -.77996410643699D-01
  0.23319541215965D-01  -.50176899589279D-01  0.13924093524489D+00
  0.52646902520067D-01  0.28779456770914D-01  -.16106344516552D-01
  0.44055575341654D-01  0.35795074712715D-01  -.25214760280614D-01
  0.18493493645617D-01  0.10673936644978D-01  -.72900380416487D-01
  -.60377408391543D-01  -.63172626183925D-01  -.33269362237883D-01
  -.63564758702088D-01  -.13691307572290D+00  -.24744901555585D-02
  -.50098193038555D-01  -.59194735906732D-01  0.33890532690793D-01
  -.54855103364839D-02  0.77536997293025D-02  0.28061058623041D-01
  0.29054486636857D-01  -.30196203865162D-01  -.47738056054850D-01
  -.37309759968943D-01  0.12791421292473D-01  -.20632120543766D+00
  -.35431911159105D-01  0.42162507152017D-01  -.32882283040666D-01
  0.23931546445931D-02  -.42641654053910D-01  -.35924154470459D-02
  0.32152256011740D-01  -.22803589554846D-01  -.20067740060160D+00
  0.27109406446267D+00  -.76851749199317D-01  -.68135586429654D-01
  -.48026262201875D-01  0.28221729876259D+00  -.23991253975812D-01
  -.71070453579706D-01  -.51847826699606D-01  0.23004826074748D+00
  -.17877923608147D-01  0.71144721915801D-02  0.94804859351020D-02
  -.31186891310200D-03  0.27988404389024D-01  -.19415538825810D-01
  0.41145122991842D-01  -.25459250724065D-01  -.10289319525652D+00
  0.34527481165798D+00  -.78507168146347D-02  0.42489287051806D-01
  0.35603643366315D-01  0.21486533063492D+00  0.72007990113768D-01
  0.40364786304380D-01  0.76571946952554D-01  0.24516887014731D+00
  0.41076228610179D-01  -.34290685785073D-03  0.77575645570157D-02
  -.98521378167703D-02  0.98850256470204D-02  -.30419755655503D-01
  -.10481182896331D-01  -.30384816633421D-01  -.10180130920441D+00
  0.35105853106683D+00  0.18445315528129D-01  0.71860804015359D-01
  -.48053655750913D-02  0.30727352520082D+00  0.41404880549738D-01
  0.50147392083039D-01  0.15588399159727D-01  0.19210309747103D+00
  0.45095518700205D-01  0.57935893018024D-01  -.35569176573843D-01
  0.71358910563575D-01  -.78939540964593D-01  0.54098220550403D-01
  -.75146197069708D-02  0.15984971305130D-01  -.67687326237862D-01
  0.21956425437370D+00  0.68298881695800D-01  -.20710713996127D-01
  0.54992870103798D-01  0.29741503196497D+00  0.38882166383570D-01
  -.41919169124517D-01  0.67320377666607D-01  0.27210662026076D+00
$end
