$coord
-6.59611446778259 1.02723393820506 -1.08228501771872 c
-4.96074455970283 -0.85546102366989 -0.70600207173452 c
-2.2199015754164 -0.63304999193389 -0.32764682472841 c
-0.81227065981705 -2.82886446641647 0.11073579634245 c
1.7864730034515 -2.7317445110759 0.48548346255798 c
2.99731779267662 -0.4095735464047 0.4185494755972 c
1.64584492924946 1.81020334836333 -0.01660869871222 c
-0.93912670111515 1.69153012472182 -0.38586375608589 c
6.36178018721497 -0.22161473655061 0.89405408857181 s
7.45228703472764 1.01897560084857 -1.44160496333821 o
6.77825308674428 1.52415121608599 3.12170101551287 o
7.28671097817964 -2.85092699617521 1.32217391252812 o
-8.58894650866689 0.63983412068319 -1.3390407518651 h
-6.02993193309051 2.99425369788831 -1.14774030014616 h
-5.67700768455612 -2.77906977025399 -0.65939291692002 h
-1.76591303646311 -4.64009079482983 0.16147330582726 h
2.85546837759557 -4.43962635160882 0.82474591332401 h
2.6005943384214 3.61821619729574 -0.06904464073441 h
-1.96731810893609 3.42642343961671 -0.72437478790619 h
9.10006522614497 4.6392005052129 0.76505519229906 na
$user-defined bonds 
 
$end
