$dipgrad          cartesian dipole gradients
  -.27740584175912D+00  0.10794424178679D+00  -.75355918689639D-02
  0.14727769620454D+00  0.24857401697517D-01  -.21786675703322D-02
  -.10221950096085D-01  -.93380773878876D-02  -.28174152186902D+00
  0.38553498149163D+00  -.15077689793583D-01  0.78995468616409D-01
  0.12764176889886D+00  0.16095395025961D+00  -.75919447885052D-02
  0.78243920117243D-01  -.29379821068684D-01  -.14408144427666D+00
  0.15134850539677D+00  -.56790009465960D-01  0.21021398734265D-01
  -.10736733787009D+00  -.78727594623022D-02  -.12176801629281D-01
  0.16240856695359D-01  -.66710968599401D-02  0.41284982579255D-01
  -.13402959117071D+00  0.15576074958491D+00  -.13945552828919D-01
  0.62981382363464D-01  0.70793436830976D-01  -.11846280113909D-01
  -.54555746699293D-02  0.24101011756102D-02  -.14003415625663D+00
  -.90053292939538D-01  -.17248938566463D+00  0.18647819338808D-01
  0.35829291314328D-01  0.11229107050834D-02  -.50521761038627D-02
  0.14139354513523D-02  -.35947172602179D-01  -.92083968781794D-01
  -.32289546053023D+00  0.42322743438630D-01  -.22894087031494D-01
  0.17844347182764D-02  -.13904705893343D+00  -.53557009243300D-02
  -.20090547891830D-01  0.13871327880333D-02  -.19400521640249D+00
  -.14574411650964D+00  0.12349833409559D+00  -.26211442713577D-01
  -.26297731689259D-01  0.52900524276502D-01  -.15004153253596D-01
  -.11271962456745D-01  0.53004405784525D-02  -.55251065277768D-01
  -.14438064782420D+00  -.85681539283513D-01  0.48282806407172D-02
  -.55423242226289D-01  0.12773919900392D-01  -.22266087172475D-01
  0.26785424804551D-02  -.24812593763871D-01  -.10466014182032D+00
  0.27726727797000D+01  0.24640076638603D-01  0.88334727087033D-01
  0.20426124474471D+00  0.20151092250408D+01  0.43299808371425D-01
  0.70241892672915D-01  0.16383781053111D-01  0.21446056741372D+01
  -.12412900987726D+01  -.19789108243575D+00  0.23145458413405D+00
  -.39511013283713D+00  -.86114784143726D+00  0.31633809106712D+00
  0.43226901993109D+00  0.26451159323473D+00  -.10900310794091D+01
  -.10592991541700D+01  -.15512096322920D+00  -.20155580323798D+00
  -.36428320696529D+00  -.10150597225659D+01  -.46669786019607D+00
  -.36006584980369D+00  -.35444132769796D+00  -.11143658321241D+01
  -.98935273585640D+00  0.21859850407766D+00  -.75134330043638D-01
  0.34507309174125D+00  -.10751528521483D+01  0.98991437506236D-01
  -.87108728710832D-01  0.83005957767404D-01  -.66178705049288D+00
  -.95339988965195D-01  -.74141599082308D-02  -.34777496879636D-01
  -.41439478843972D-01  0.59023725411113D-01  0.70342389404748D-03
  -.33559752849100D-01  0.66419057008604D-02  0.14432581595586D+00
  0.51800971811515D-01  -.81153451817838D-01  -.72352095296870D-02
  -.40578505090632D-01  -.63203063019981D-01  0.96291426489236D-02
  -.11265549752224D-01  0.35931408319635D-02  0.14323345552889D+00
  0.66308186558778D-02  -.11531342035742D-01  -.16991459734823D-01
  -.86545466439861D-01  -.86383685233740D-01  0.42489882820620D-02
  -.10737599303206D-01  0.15672973577478D-01  0.12526146415650D+00
  -.15531656554900D-02  -.91189677325261D-01  -.96305997317715D-02
  -.78518692767519D-01  -.40332083532361D-01  0.62357727814824D-02
  -.11312648361821D-01  0.43085479025411D-02  0.12502984973816D+00
  0.11328054487069D+00  0.40231430990377D-01  -.53024890410409D-02
  0.25904277957279D-01  0.49104006851989D-01  0.11287555940457D-01
  -.34656930730732D-02  0.13271747370277D-01  0.11800584416235D+00
  0.38483925874467D-01  -.82306632281676D-01  -.25023717025814D-02
  -.83647134968776D-01  -.49055531188482D-01  0.53421005012059D-02
  -.27581515732910D-02  0.58685880025965D-02  0.11488772561635D+00
  0.85942537959013D-02  0.76311774427356D-01  -.25651949255756D-01
  0.67296744423717D-01  -.35247256023553D-01  0.27147325665989D-01
  -.24828835431953D-01  0.27917694354784D-01  0.11711976737211D+00
  0.97299731256830D+00  0.16733807820162D+00  0.60861050483854D-02
  0.26116099733245D+00  0.92586275258522D+00  0.24946025093450D-01
  -.89453233747440D-02  0.10316485042652D-01  0.80428689747799D+00
$end
