$hessian (projected)
 1  1   0.7088316425  -0.0839268060   0.0928735815  -0.2756985547   0.2006422325
 1  2  -0.0472212198  -0.0359194814   0.0263415126  -0.0080671221  -0.0005346779
 1  3  -0.0066122321   0.0002988078  -0.0026668099   0.0001733850  -0.0004128239
 1  4   0.0000117330   0.0008438962  -0.0000915370  -0.0006666758   0.0012567184
 1  5  -0.0002119900   0.0012427981   0.0040061540  -0.0002323098   0.0019288163
 1  6   0.0003245218   0.0003985680  -0.0007098384  -0.0003587608   0.0002820954
 1  7  -0.0006082072  -0.0004452640  -0.0004768808  -0.0005748617   0.0002512462
 1  8  -0.0001788825  -0.3220586471  -0.0599008688  -0.0371301009  -0.0808629283
 1  9  -0.0745911791  -0.0009208453   0.0094293206  -0.0087110509   0.0012623198
 1 10   0.0001534127   0.0005756812  -0.0000261476  -0.0004179549  -0.0000796294
 1 11  -0.0000347147  -0.0000629680  -0.0001031075   0.0000013009  -0.0009636128
 1 12  -0.0000288853  -0.0001233895   0.0001474946   0.0003424361   0.0000112907
 2  1  -0.0839268060   0.7399685011  -0.0596416709   0.1879751397  -0.3509380681
 2  2   0.0496953869   0.0157342983   0.0113557640   0.0018184811  -0.0045074439
 2  3   0.0017906404  -0.0006071784   0.0003989260   0.0011356456  -0.0000857755
 2  4  -0.0013411044   0.0014995821  -0.0003632429   0.0032940066  -0.0015467321
 2  5   0.0005500635  -0.0058077082  -0.0030623603  -0.0005127770  -0.0001226217
 2  6  -0.0000753078  -0.0001042455   0.0002604084  -0.0001522183   0.0000896816
 2  7   0.0003098169  -0.0001443285   0.0001035214   0.0002332500   0.0000600409
 2  8   0.0000821447  -0.0546675851  -0.0680968632  -0.0051199685  -0.0781248036
 2  9  -0.3097890896   0.0091305249   0.0222700170  -0.0222656556   0.0051988703
 2 10  -0.0002828097   0.0005036225  -0.0001108802  -0.0001642836  -0.0000809395
 2 11  -0.0000281201   0.0000342817  -0.0000065640   0.0000030895  -0.0012623383
 2 12  -0.0002118187  -0.0000306567  -0.0003026402   0.0000561489  -0.0000672483
 3  1   0.0928735815  -0.0596416709   0.1227351242  -0.0461041068   0.0513571651
 3  2  -0.0619324235  -0.0073454045   0.0032618051   0.0042811840  -0.0000516296
 3  3  -0.0008867157   0.0019431713  -0.0003570662  -0.0000580695  -0.0001546142
 3  4   0.0001421433  -0.0000875497  -0.0000205866  -0.0003756094   0.0002623326
 3  5  -0.0005427527   0.0006181797   0.0010256365   0.0011003799   0.0003785492
 3  6  -0.0000281089  -0.0009142671  -0.0002105038  -0.0000725427   0.0003517604
 3  7  -0.0001075291   0.0000001401   0.0002485253  -0.0001623514   0.0000877736
 3  8   0.0004982871  -0.0374736082  -0.0058752193  -0.0368817079  -0.0007278721
 3  9   0.0096687911  -0.0360937457  -0.0011879497   0.0009268640   0.0057543092
 3 10   0.0000345516   0.0000409631   0.0000638749  -0.0000257237  -0.0000167115
 3 11  -0.0001383075  -0.0000184322  -0.0000118373   0.0000350621   0.0000144605
 3 12  -0.0000085106  -0.0001163778   0.0000863208   0.0000554650  -0.0002168954
 4  1  -0.2756985547   0.1879751397  -0.0461041068   0.6380550882  -0.1018896440
 4  2   0.0800286713  -0.2155700726  -0.0089010313  -0.0213798161  -0.0343052575
 4  3   0.0128872423  -0.0067873887   0.0044061462   0.0025320098  -0.0007827638
 4  4  -0.0032458284   0.0020284614  -0.0006758778   0.0090367260  -0.0035418181
 4  5   0.0007629614  -0.0286835075  -0.0179226744  -0.0028868015  -0.0010591666
 4  6   0.0003284973   0.0000340574   0.0006122209   0.0001020714  -0.0001848528
 4  7   0.0005994998   0.0002236734   0.0003394015   0.0004288353  -0.0003951967
 4  8   0.0000786977  -0.0172153231   0.0266343869  -0.0050551558   0.0122486659
 4  9  -0.0087923652   0.0014816643  -0.0896301347  -0.0902323629  -0.0001652821
 4 10   0.0007738183  -0.0024974775   0.0010001714  -0.0001722193  -0.0001292677
 4 11  -0.0000072451   0.0001493965   0.0001799834   0.0000042453  -0.0005566067
 4 12   0.0017954415   0.0002994194  -0.0001737261  -0.0003850694   0.0000000008
 5  1   0.2006422325  -0.3509380681   0.0513571651  -0.1018896440   0.7665429117
 5  2  -0.0641605370  -0.0313448309  -0.1080221924  -0.0004802213   0.0347909423
 5  3   0.0029621424   0.0051358181   0.0014336192  -0.0052595497   0.0015015296
 5  4   0.0021626824  -0.0015822449   0.0004494313  -0.0037579762  -0.0051956716
 5  5   0.0007536958  -0.0284627951   0.0057923632  -0.0045713634  -0.0022108032
 5  6  -0.0010149607  -0.0003707729   0.0007150906   0.0004599851  -0.0002288545
 5  7   0.0006260408   0.0004757274   0.0003438690   0.0006123429   0.0002113262
 5  8   0.0000876678  -0.0060275051   0.0068539371  -0.0009924854   0.0199342464
 5  9  -0.0209160720   0.0048389978  -0.0899051615  -0.2910086167   0.0067425399
 5 10   0.0022523648   0.0003043063  -0.0000903773   0.0012903704   0.0001987781
 5 11   0.0001776782  -0.0015325558  -0.0000515550  -0.0002251870   0.0009006464
 5 12   0.0002499170  -0.0002614710  -0.0002293068  -0.0000624634  -0.0000071228
 6  1  -0.0472212198   0.0496953869  -0.0619324235   0.0800286713  -0.0641605370
 6  2   0.1502243246  -0.0194816546   0.0029057959  -0.0662885216  -0.0090807835
 6  3   0.0019672494   0.0024650450  -0.0006305371   0.0016885564   0.0070099351
 6  4  -0.0005540044   0.0004018050  -0.0003172569   0.0007431196   0.0006160865
 6  5   0.0058803136  -0.0015456770  -0.0028956208   0.0024986712   0.0001686415
 6  6   0.0000367165  -0.0012910529   0.0002267553   0.0002190874  -0.0000294771
 6  7  -0.0001386601  -0.0002728641  -0.0000036720  -0.0000050159  -0.0000963648
 6  8   0.0000670218  -0.0026673043   0.0036245174   0.0038598736  -0.0005190819
 6  9   0.0007365880   0.0052627367  -0.0001063909   0.0065145303  -0.0410982424
 6 10   0.0005402765  -0.0008433962  -0.0039136665  -0.0001718035  -0.0000413645
 6 11   0.0000099081   0.0001626276   0.0000376974   0.0001292945   0.0002691534
 6 12  -0.0000946488  -0.0028324473  -0.0000171123  -0.0000392209   0.0002996359
 7  1  -0.0359194814   0.0157342983  -0.0073454045  -0.2155700726  -0.0313448309
 7  2  -0.0194816546   0.6289225491   0.0062424801   0.0703822274  -0.1683242964
 7  3   0.1035259792  -0.0276340207  -0.0319530328   0.0253144583  -0.0073188178
 7  4   0.0036919895  -0.0000657849   0.0006938714  -0.0308323965  -0.0279515499
 7  5  -0.0006766180  -0.1528074823  -0.0913607258  -0.0050598417  -0.0004917352
 7  6  -0.0004420221   0.0000484181  -0.0001693796   0.0000899768   0.0000839495
 7  7  -0.0001850281   0.0001194180  -0.0001068174  -0.0001357119  -0.0001514511
 7  8  -0.0000450763   0.0011546236   0.0012429189  -0.0016449842  -0.0001681177
 7  9  -0.0019462574   0.0012395530  -0.0107693194   0.0000848192  -0.0017521010
 7 10   0.0098688308  -0.0140199236   0.0024951754  -0.0044370272  -0.0015923292
 7 11  -0.0016148068  -0.0049943859   0.0002405606  -0.0022030447   0.0130053503
 7 12   0.0160428671  -0.0000434399   0.0001141238   0.0002370985  -0.0000165672
 8  1   0.0263415126   0.0113557640   0.0032618051  -0.0089010313  -0.1080221924
 8  2   0.0029057959   0.0062424801   0.6553202538  -0.0526268339   0.0461154834
 8  3  -0.2569657571   0.0283565449   0.0698782272   0.0384283121   0.0058269066
 8  4   0.0036665500  -0.0669553461   0.0075336287  -0.0754202402   0.0300204006
 8  5  -0.0148133345  -0.0409259917  -0.2590832214   0.0162755294  -0.0007949486
 8  6  -0.0043090195   0.0002932066  -0.0009438326   0.0004001997  -0.0000471404
 8  7  -0.0008726667   0.0003194774  -0.0003061833   0.0006529249   0.0007085359
 8  8   0.0000439320   0.0030031091  -0.0033288956   0.0015581416  -0.0006921240
 8  9   0.0002512222  -0.0006209155  -0.0293358620  -0.0028202549  -0.0036988877
 8 10   0.0142594708  -0.0195762218   0.0043588005  -0.0017132712   0.0013757687
 8 11   0.0004753111   0.0011789463   0.0018474808   0.0009155191  -0.0116242328
 8 12  -0.0192045094   0.0003401888  -0.0001145034   0.0002380030  -0.0000320148
 9  1  -0.0080671221   0.0018184811   0.0042811840  -0.0213798161  -0.0004802213
 9  2  -0.0662885216   0.0703822274  -0.0526268339   0.1590633430  -0.0219393284
 9  3   0.0367627431  -0.0608251925  -0.0117669204  -0.0007818759  -0.0032681099
 9  4   0.0002218497   0.0070910257  -0.0028108356   0.0038286962  -0.0076049218
 9  5  -0.0014917693  -0.0100821133   0.0085175848  -0.0550489175   0.0001726950
 9  6   0.0003480739  -0.0004884698  -0.0000039602   0.0000875509  -0.0001849162
 9  7   0.0001254765  -0.0002112537  -0.0001547177  -0.0001571439  -0.0000441041
 9  8   0.0003395188  -0.0017153501   0.0012942016   0.0111292942   0.0010249955
 9  9  -0.0007833706  -0.0065786370   0.0003972480   0.0005726421   0.0032395666
 9 10  -0.0003550109   0.0001941698   0.0019925776  -0.0016315261   0.0004958189
 9 11   0.0076783849  -0.0021842543   0.0008141853   0.0086668240   0.0030847496
 9 12   0.0045145654   0.0007213536   0.0000446082   0.0000215386   0.0000280404
10  1  -0.0005346779  -0.0045074439  -0.0000516296  -0.0343052575   0.0347909423
10  2  -0.0090807835  -0.1683242964   0.0461154834  -0.0219393284   0.6747730884
10  3   0.0446686345   0.0771093983  -0.3246694002   0.0267027400  -0.0432282285
10  4  -0.0274826376  -0.0801347324   0.0044995704  -0.0493337192   0.0267162034
10  5  -0.0107773525   0.0583848637   0.0243666741   0.0067821748   0.0036907034
10  6  -0.0041739632  -0.0002387227  -0.0011829839   0.0005332753   0.0001457595
10  7  -0.0016284495   0.0001527441  -0.0004727821   0.0003510352   0.0007608521
10  8   0.0000979723  -0.0008817254   0.0009426169  -0.0000655099   0.0001386808
10  9   0.0002374467  -0.0000822802   0.0007933834   0.0020868431   0.0000416785
10 10  -0.1169684708  -0.1129355963  -0.0001812340  -0.0110055598  -0.0028544132
10 11  -0.0017557889  -0.0008845420   0.0007890718   0.0000429393  -0.0011825369
10 12  -0.0042914950  -0.0007804160   0.0002525024   0.0000341163  -0.0000654367
11  1  -0.0066122321   0.0017906404  -0.0008867157   0.0128872423   0.0029621424
11  2   0.0019672494   0.1035259792  -0.2569657571   0.0367627431   0.0446686345
11  3   0.6986732116  -0.0550978498  -0.0390368415  -0.1280786104   0.0027559056
11  4  -0.0310034830   0.0240642849  -0.0070649943   0.0235307035  -0.0148044377
11  5   0.0050841064  -0.0143245010  -0.0553294131   0.0035200472  -0.0001505465
11  6  -0.0057858365   0.0014396136  -0.0010149413   0.0002715490   0.0005481207
11  7  -0.0004215581   0.0003287319  -0.0009186032   0.0010471476   0.0021764217
11  8  -0.0001703554  -0.0004924017   0.0005744301  -0.0001231349  -0.0000585443
11  9  -0.0001519354   0.0000254031  -0.0023857098   0.0008500087  -0.0005453689
11 10  -0.1136960767  -0.2748495262   0.0088132183   0.0259353593   0.0068322983
11 11   0.0033367678   0.0007039497   0.0004425763  -0.0000363741  -0.0030497512
11 12  -0.0030051609   0.0005348821  -0.0000524292   0.0000043819   0.0000553391
12  1   0.0002988078  -0.0006071784   0.0019431713  -0.0067873887   0.0051358181
12  2   0.0024650450  -0.0276340207   0.0283565449  -0.0608251925   0.0771093983
12  3  -0.0550978498   0.1368457964  -0.0365613806   0.0126662456  -0.0577627544
12  4  -0.0003613000  -0.0146506126   0.0014125774  -0.0103462121   0.0056664154
12  5   0.0006202692   0.0103812534   0.0092725738  -0.0026445842  -0.0006296556
12  6   0.0008843096   0.0081667868  -0.0018656525  -0.0010583088  -0.0006858834
12  7   0.0016557114   0.0010465178  -0.0003487803   0.0000774099  -0.0002298111
12  8  -0.0009350811  -0.0000628018   0.0000833716  -0.0000271683   0.0000253834
12  9   0.0000520839  -0.0000906528   0.0005624790   0.0001639718  -0.0009598581
12 10  -0.0001568636   0.0087810414  -0.0352980881  -0.0047829796  -0.0008721686
12 11   0.0020238991  -0.0000002454  -0.0001073925  -0.0015158499  -0.0008938114
12 12   0.0004657962   0.0069286535  -0.0000281314   0.0000486317   0.0006876945
13  1  -0.0026668099   0.0003989260  -0.0003570662   0.0044061462   0.0014336192
13  2  -0.0006305371  -0.0319530328   0.0698782272  -0.0117669204  -0.3246694002
13  3  -0.0390368415  -0.0365613806   0.6671298642  -0.0351051757   0.0842077613
13  4  -0.1550508224  -0.0541847302  -0.0098228006   0.0603507225  -0.0186367491
13  5   0.0112234814  -0.0459170520  -0.0279229915  -0.0044215084  -0.0162799295
13  6  -0.0199520514  -0.0003031247  -0.0039157426  -0.0013413912   0.0034615396
13  7  -0.0024000768  -0.0021303080  -0.0039401965  -0.0022866996  -0.0013191548
13  8  -0.0002897670  -0.0001391441   0.0000755749   0.0000501542   0.0000387467
13  9  -0.0000930349   0.0000576333  -0.0000578179  -0.0003154654   0.0000339635
13 10  -0.0111112500   0.0011120360  -0.0020641655  -0.1335658736   0.1230213622
13 11  -0.0272481874  -0.0014169548   0.0041628575  -0.0017274060  -0.0006396255
13 12  -0.0006908460   0.0001603717   0.0001447521   0.0006461367  -0.0000618449
14  1   0.0001733850   0.0011356456  -0.0000580695   0.0025320098  -0.0052595497
14  2   0.0016885564   0.0253144583   0.0384283121  -0.0007818759   0.0267027400
14  3  -0.1280786104   0.0126662456  -0.0351051757   0.7144343260  -0.0682178147
14  4  -0.1075555456  -0.2892744346   0.0096539520   0.0260364451  -0.0577575218
14  5   0.0096912560  -0.0298626203  -0.0193316211  -0.0019176491  -0.0146422738
14  6   0.0083788379  -0.0031101416   0.0045112551   0.0002761174  -0.0008536481
14  7   0.0037597972   0.0005621927   0.0019220080  -0.0003148137  -0.0039133923
14  8   0.0004587588   0.0004046109  -0.0003035295  -0.0000569461  -0.0002389305
14  9   0.0000416355   0.0000203063   0.0003365699   0.0002679883   0.0000265691
14 10  -0.0288378157   0.0026430075  -0.0044158815   0.1245033866  -0.2592852176
14 11   0.0419827147   0.0030162073  -0.0026174046   0.0014974583  -0.0007687475
14 12   0.0000520648  -0.0002580171   0.0000350577  -0.0003988463   0.0000622184
15  1  -0.0004128239  -0.0000857755  -0.0001546142  -0.0007827638   0.0015015296
15  2   0.0070099351  -0.0073188178   0.0058269066  -0.0032681099  -0.0432282285
15  3   0.0027559056  -0.0577627544   0.0842077613  -0.0682178147   0.1428342805
15  4  -0.0044747351   0.0177229380  -0.0507895282   0.0066747141   0.0030433707
15  5  -0.0027850855  -0.0040252604  -0.0016744832   0.0036463647  -0.0007401612
15  6  -0.0038429175  -0.0002181627   0.0005736399  -0.0000819739   0.0005748081
15  7  -0.0023505754  -0.0005365345  -0.0012563465  -0.0004422960   0.0002874312
15  8   0.0006730692   0.0000413930  -0.0000116129  -0.0007804867   0.0000218340
15  9  -0.0000071389   0.0000883949  -0.0000235134  -0.0000433050  -0.0000577517
15 10   0.0010970731   0.0001230424   0.0024007012  -0.0274056001   0.0416923345
15 11  -0.0460020564  -0.0016345463   0.0017207807   0.0071966123   0.0001822421
15 12  -0.0002709877  -0.0013734426   0.0000406643   0.0000983044   0.0000241730
16  1   0.0000117330  -0.0013411044   0.0001421433  -0.0032458284   0.0021626824
16  2  -0.0005540044   0.0036919895   0.0036665500   0.0002218497  -0.0274826376
16  3  -0.0310034830  -0.0003613000  -0.1550508224  -0.1075555456  -0.0044747351
16  4   0.5144398266   0.0099098954   0.0555555272  -0.1577885049   0.1045574379
16  5  -0.0270691596  -0.0363060809   0.0245029064  -0.0078812357  -0.1440913694
16  6  -0.0018474276  -0.0136965038  -0.0046744982  -0.0010377843  -0.0035062660
16  7   0.0004291835   0.0023598861   0.0032230893  -0.0033072812  -0.0040726157
16  8  -0.0010878608   0.0000004262  -0.0000558012  -0.0000162353  -0.0000335326
16  9  -0.0000635261   0.0000100518   0.0000381297   0.0000467597  -0.0000406503
16 10  -0.0051979426   0.0000933963  -0.0019504816   0.0123507942   0.0138802121
16 11   0.0000726679   0.0112508180  -0.0131820773   0.0030646905  -0.0051637983
16 12  -0.0007981288  -0.0019389571   0.0001293956  -0.0002222322   0.0002873700
17  1   0.0008438962   0.0014995821  -0.0000875497   0.0020284614  -0.0015822449
17  2   0.0004018050  -0.0000657849  -0.0669553461   0.0070910257  -0.0801347324
17  3   0.0240642849  -0.0146506126  -0.0541847302  -0.2892744346   0.0177229380
17  4   0.0099098954   0.6664257358  -0.0558714998   0.0520307399  -0.2606746176
17  5   0.0308735805   0.0751828765   0.0351911158   0.0068964509  -0.0040823260
17  6  -0.0738261967   0.0019588821  -0.0147842750   0.0048629979   0.0045746340
17  7  -0.0172369829   0.0012232472  -0.0103021436   0.0287254739  -0.0072930603
17  8   0.0058569371   0.0000427825   0.0000396532   0.0000582352   0.0000102880
17  9   0.0000576773  -0.0000746132   0.0003011377   0.0002238025   0.0000727069
17 10   0.0004446766   0.0019222649   0.0006390070  -0.0112422091  -0.0191442919
17 11   0.0005922656   0.0135704360  -0.0190561552   0.0038942073  -0.0016406957
17 12   0.0016269027   0.0005891332   0.0002810722   0.0006690829  -0.0002353896
18  1  -0.0000915370  -0.0003632429  -0.0000205866  -0.0006758778   0.0004494313
18  2  -0.0003172569   0.0006938714   0.0075336287  -0.0028108356   0.0044995704
18  3  -0.0070649943   0.0014125774  -0.0098228006   0.0096539520  -0.0507895282
18  4   0.0555555272  -0.0558714998   0.1425937142  -0.0216318349   0.0384572571
18  5  -0.0538221803  -0.0130905358  -0.0005490824  -0.0037442263  -0.0134840201
18  6   0.0023782158  -0.0516988617   0.0223438587   0.0086707882  -0.0005276095
18  7  -0.0190126186  -0.0095041864  -0.0020912640  -0.0046885166   0.0009691798
18  8   0.0062623094  -0.0000081877  -0.0000102172   0.0000239213  -0.0000037483
18  9  -0.0000231878  -0.0000244180  -0.0000480944  -0.0000096196   0.0000871401
18 10  -0.0018761026   0.0005824511   0.0069111044   0.0026932368   0.0043181332
18 11   0.0022241318   0.0002848258   0.0000310267  -0.0005093312  -0.0018696567
18 12   0.0006523705   0.0084166145   0.0002326410  -0.0003004042  -0.0015754147
19  1  -0.0006666758   0.0032940066  -0.0003756094   0.0090367260  -0.0037579762
19  2   0.0007431196  -0.0308323965  -0.0754202402   0.0038286962  -0.0493337192
19  3   0.0235307035  -0.0103462121   0.0603507225   0.0260364451   0.0066747141
19  4  -0.1577885049   0.0520307399  -0.0216318349   0.6710462702   0.0501113923
19  5   0.0770962314  -0.3416965837   0.0214330610  -0.0463678281  -0.0202268188
19  6   0.0204321217  -0.0044508728  -0.0011552975  -0.0015335130   0.0007835981
19  7  -0.0007278745  -0.0019372607  -0.0011741355  -0.0057396278   0.0044888014
19  8  -0.0017547723  -0.0000245012   0.0000895514   0.0000176885   0.0001021663
19  9   0.0000646957  -0.0000169633   0.0000956672   0.0001768087   0.0000716091
19 10  -0.0008209508   0.0008762228  -0.0000232029  -0.0016067848  -0.0036595795
19 11  -0.0009463517  -0.1167180710  -0.1145983014  -0.0002953600  -0.0129185795
19 12  -0.0024820498  -0.0017847204  -0.0003751662   0.0008243705  -0.0000477936
20  1   0.0012567184  -0.0015467321   0.0002623326  -0.0035418181  -0.0051956716
20  2   0.0006160865  -0.0279515499   0.0300204006  -0.0076049218   0.0267162034
20  3  -0.0148044377   0.0056664154  -0.0186367491  -0.0577575218   0.0030433707
20  4   0.1045574379  -0.2606746176   0.0384572571   0.0501113923   0.7040516187
20  5  -0.0566191027  -0.0460290256  -0.1269535084   0.0028260689   0.0128302026
20  6   0.0122002276   0.0000705840  -0.0013628232  -0.0039645457   0.0015942154
20  7  -0.0010685144  -0.0040911726  -0.0006977853  -0.0052748135   0.0016924869
20  8  -0.0006970835  -0.0000616825   0.0003666532  -0.0000513699  -0.0001850235
20  9   0.0006030341  -0.0000509973  -0.0017126056  -0.0002457477  -0.0002530542
20 10   0.0007159778   0.0001686338   0.0000365372  -0.0034969872  -0.0029664360
20 11   0.0005230332  -0.1139558723  -0.2757051210   0.0094414178   0.0284420096
20 12   0.0043613674   0.0037416708  -0.0013524771   0.0004410900  -0.0003046748
21  1  -0.0002119900   0.0005500635  -0.0005427527   0.0007629614   0.0007536958
21  2   0.0058803136  -0.0006766180  -0.0148133345  -0.0014917693  -0.0107773525
21  3   0.0050841064   0.0006202692   0.0112234814   0.0096912560  -0.0027850855
21  4  -0.0270691596   0.0308735805  -0.0538221803   0.0770962314  -0.0566191027
21  5   0.1272449877  -0.0395382695   0.0128472758  -0.0482783551  -0.0036328849
21  6   0.0010958301  -0.0056387268   0.0001261256  -0.0002974777   0.0018222448
21  7  -0.0006349120   0.0010034213   0.0015646263  -0.0006647892   0.0007703443
21  8   0.0024005148  -0.0000113767  -0.0000093467   0.0001314718   0.0000743210
21  9  -0.0000705742  -0.0003242130   0.0002332421   0.0000637473   0.0000832936
21 10  -0.0000424070  -0.0000249285  -0.0011163600  -0.0009333690   0.0005773664
21 11   0.0070569659  -0.0004395308   0.0092159413  -0.0324233292  -0.0050387446
21 12  -0.0007338282   0.0002572927   0.0001550407   0.0000419640  -0.0006392084
22  1   0.0012427981  -0.0058077082   0.0006181797  -0.0286835075  -0.0284627951
22  2  -0.0015456770  -0.1528074823  -0.0409259917  -0.0100821133   0.0583848637
22  3  -0.0143245010   0.0103812534  -0.0459170520  -0.0298626203  -0.0040252604
22  4  -0.0363060809   0.0751828765  -0.0130905358  -0.3416965837  -0.0460290256
22  5  -0.0395382695   0.6857300421  -0.0339791202   0.0883608262   0.0062476298
22  6   0.0061618544  -0.0004253543   0.0004280170  -0.0011957659   0.0006998624
22  7   0.0004382873  -0.0015523723  -0.0004070153  -0.0015287713  -0.0006210334
22  8  -0.0000877556   0.0003408072  -0.0002436319   0.0000404292  -0.0008782173
22  9  -0.0000340051   0.0000140854  -0.0054107750  -0.0001115936  -0.0011652643
22 10  -0.0011851522   0.0038401930  -0.0015016215  -0.0006776258  -0.0007711420
22 11   0.0001455273  -0.0105928097   0.0010416616  -0.0017303566  -0.1271442631
22 12   0.1177046061  -0.0266778567   0.0000158758  -0.0000098854   0.0000169166
23  1   0.0040061540  -0.0030623603   0.0010256365  -0.0179226744   0.0057923632
23  2  -0.0028956208  -0.0913607258  -0.2590832214   0.0085175848   0.0243666741
23  3  -0.0553294131   0.0092725738  -0.0279229915  -0.0193316211  -0.0016744832
23  4   0.0245029064   0.0351911158  -0.0005490824   0.0214330610  -0.1269535084
23  5   0.0128472758  -0.0339791202   0.6853668547  -0.0668358076   0.0018152600
23  6  -0.0052233054   0.0012798345  -0.0000778999   0.0010972662  -0.0004967820
23  7  -0.0000619651   0.0013656947   0.0003092357   0.0020685862  -0.0005332966
23  8   0.0003375801   0.0000848959  -0.0008436443   0.0000530100   0.0011882115
23  9  -0.0003073377   0.0000760292   0.0019171211   0.0009460248   0.0003942813
23 10   0.0028710527  -0.0026176224   0.0013890936  -0.0007486072   0.0001803969
23 11  -0.0002569536  -0.0292525886   0.0021488376  -0.0045416063   0.1165318214
23 12  -0.2587909596   0.0416886506   0.0005408285  -0.0000122638   0.0000595502
24  1  -0.0002323098  -0.0005127770   0.0011003799  -0.0028868015  -0.0045713634
24  2   0.0024986712  -0.0050598417   0.0162755294  -0.0550489175   0.0067821748
24  3   0.0035200472  -0.0026445842  -0.0044215084  -0.0019176491   0.0036463647
24  4  -0.0078812357   0.0068964509  -0.0037442263  -0.0463678281   0.0028260689
24  5  -0.0482783551   0.0883608262  -0.0668358076   0.1315391766  -0.0000295327
24  6   0.0019299241   0.0043306172  -0.0005774556  -0.0010886001   0.0005985103
24  7   0.0006499832   0.0004730685   0.0003304233  -0.0003543831  -0.0000777852
24  8  -0.0004844353   0.0000901854   0.0000442205  -0.0003958161  -0.0001941824
24  9   0.0000484884  -0.0003073896  -0.0014043843   0.0000437094   0.0021248939
24 10  -0.0014720963   0.0015738680   0.0063423338   0.0001509309  -0.0003223796
24 11  -0.0013126195   0.0015052969  -0.0000147369   0.0008333984  -0.0266070044
24 12   0.0416859711  -0.0410650839  -0.0000508334   0.0000237525  -0.0000633419
25  1   0.0019288163  -0.0001226217   0.0003785492  -0.0010591666  -0.0022108032
25  2   0.0001686415  -0.0004917352  -0.0007949486   0.0001726950   0.0036907034
25  3  -0.0001505465  -0.0006296556  -0.0162799295  -0.0146422738  -0.0007401612
25  4  -0.1440913694  -0.0040823260  -0.0134840201  -0.0202268188   0.0128302026
25  5  -0.0036328849   0.0062476298   0.0018152600  -0.0000295327   0.5095276456
25  6  -0.0102924068  -0.0236702924  -0.1268835774  -0.0515826542   0.0960050456
25  7  -0.0869327604  -0.0290343825  -0.0336861029  -0.1276093302   0.1114966032
25  8  -0.0204000975   0.0002975250  -0.0001456225   0.0000869522  -0.0001870786
25  9   0.0000034966  -0.0000582568   0.0003143696   0.0003017523   0.0000143039
25 10   0.0013511705   0.0006298096   0.0000902214   0.0013364834   0.0022473862
25 11   0.0002578530  -0.0003494489  -0.0026377261   0.0001729006   0.0011923638
25 12  -0.0005470514   0.0002043734  -0.0017754923  -0.0130811474  -0.0012205317
26  1   0.0003245218  -0.0000753078  -0.0000281089   0.0003284973  -0.0010149607
26  2   0.0000367165  -0.0004420221  -0.0043090195   0.0003480739  -0.0041739632
26  3  -0.0057858365   0.0008843096  -0.0199520514   0.0083788379  -0.0038429175
26  4  -0.0018474276  -0.0738261967   0.0023782158   0.0204321217   0.0122002276
26  5   0.0010958301   0.0061618544  -0.0052233054   0.0019299241  -0.0102924068
26  6   0.8395332899  -0.0190141083  -0.0576067160  -0.1426504918   0.1128431340
26  7  -0.0341258059  -0.1998547079  -0.1522679222   0.1164511001  -0.4028426481
26  8   0.0535509002   0.0000352895  -0.0000403553  -0.0000028341  -0.0000526084
26  9  -0.0000312351   0.0000088277  -0.0000365286  -0.0000238419   0.0000145743
26 10  -0.0012104234   0.0001587761  -0.0001608551  -0.0046987450  -0.0039173773
26 11  -0.0004850124   0.0020913121  -0.0040806105   0.0008289594   0.0016703851
26 12   0.0000259598   0.0002788027  -0.0130563837  -0.0166211969   0.0016034901
27  1   0.0003985680  -0.0001042455  -0.0009142671   0.0000340574  -0.0003707729
27  2  -0.0012910529   0.0000484181   0.0002932066  -0.0004884698  -0.0002387227
27  3   0.0014396136   0.0081667868  -0.0003031247  -0.0031101416  -0.0002181627
27  4  -0.0136965038   0.0019588821  -0.0516988617  -0.0044508728   0.0000705840
27  5  -0.0056387268  -0.0004253543   0.0012798345   0.0043306172  -0.0236702924
27  6  -0.0190141083   0.6778277181   0.1023199931   0.1059137847  -0.2894876331
27  7  -0.0387316331  -0.1435315284  -0.2715932454  -0.0211033238   0.0528420159
27  8  -0.0833594533   0.0000554257  -0.0000313202  -0.0001062796  -0.0000476671
27  9   0.0000122153   0.0001694464   0.0000372640   0.0000423919   0.0000950674
27 10   0.0002676173   0.0001109725   0.0003960126   0.0009878100   0.0005578046
27 11  -0.0018163281  -0.0003071465   0.0000578081   0.0002697521  -0.0000489439
27 12  -0.0000591457   0.0002004830  -0.0011255687   0.0016421487   0.0151565969
28  1  -0.0007098384   0.0002604084  -0.0002105038   0.0006122209   0.0007150906
28  2   0.0002267553  -0.0001693796  -0.0009438326  -0.0000039602  -0.0011829839
28  3  -0.0010149413  -0.0018656525  -0.0039157426   0.0045112551   0.0005736399
28  4  -0.0046744982  -0.0147842750   0.0223438587  -0.0011552975  -0.0013628232
28  5   0.0001261256   0.0004280170  -0.0000778999  -0.0005774556  -0.1268835774
28  6  -0.0576067160   0.1023199931   0.1078674007   0.0638521101  -0.1220225690
28  7   0.0189390260  -0.0003117742   0.0010265179   0.0165898323   0.0069950033
28  8  -0.0034483628  -0.0001165158   0.0000598312  -0.0000041704   0.0000762381
28  9  -0.0000001333  -0.0000350109  -0.0000891535  -0.0000938693  -0.0000062282
28 10  -0.0006932701  -0.0001153247  -0.0002846966  -0.0002544458  -0.0000739886
28 11   0.0008106536  -0.0000603159  -0.0001251248   0.0002794925  -0.0003136603
28 12   0.0001464357  -0.0000452931  -0.0042940560  -0.0000294313   0.0007968666
29  1  -0.0003587608  -0.0001522183  -0.0000725427   0.0001020714   0.0004599851
29  2   0.0002190874   0.0000899768   0.0004001997   0.0000875509   0.0005332753
29  3   0.0002715490  -0.0010583088  -0.0013413912   0.0002761174  -0.0000819739
29  4  -0.0010377843   0.0048629979   0.0086707882  -0.0015335130  -0.0039645457
29  5  -0.0002974777  -0.0011957659   0.0010972662  -0.0010886001  -0.0515826542
29  6  -0.1426504918   0.1059137847   0.0638521101   0.1386188353  -0.1289883882
29  7   0.0051724137   0.0199069904  -0.0190898562  -0.0115134923  -0.0156674307
29  8   0.0347721927  -0.0000558371   0.0000308743   0.0000151052   0.0000213807
29  9   0.0000059676  -0.0000039232   0.0000131141  -0.0000407104   0.0000117312
29 10  -0.0001707675  -0.0000717001  -0.0000542398   0.0007947018   0.0006927095
29 11   0.0007226035  -0.0006094076   0.0017559110   0.0009191373  -0.0004652262
29 12   0.0000294185  -0.0000998919  -0.0007144438  -0.0058617251  -0.0004967786
30  1   0.0002820954   0.0000896816   0.0003517604  -0.0001848528  -0.0002288545
30  2  -0.0000294771   0.0000839495  -0.0000471404  -0.0001849162   0.0001457595
30  3   0.0005481207  -0.0006858834   0.0034615396  -0.0008536481   0.0005748081
30  4  -0.0035062660   0.0045746340  -0.0005276095   0.0007835981   0.0015942154
30  5   0.0018222448   0.0006998624  -0.0004967820   0.0005985103   0.0960050456
30  6   0.1128431340  -0.2894876331  -0.1220225690  -0.1289883882   0.3380133359
30  7   0.0161671457   0.0063752409  -0.0389727850   0.0079859540   0.0078377378
30  8  -0.0013256577   0.0000503844  -0.0000109645   0.0000132172  -0.0000223682
30  9   0.0000042060  -0.0000190061   0.0000139678   0.0000394571  -0.0000519209
30 10   0.0003736973   0.0000380737   0.0000156021  -0.0003933564  -0.0004908407
30 11  -0.0005012148   0.0000340606  -0.0007492965  -0.0010538444   0.0003121262
30 12  -0.0000689511   0.0000629091  -0.0002697738  -0.0020096353  -0.0086124396
31  1  -0.0006082072   0.0003098169  -0.0001075291   0.0005994998   0.0006260408
31  2  -0.0001386601  -0.0001850281  -0.0008726667   0.0001254765  -0.0016284495
31  3  -0.0004215581   0.0016557114  -0.0024000768   0.0037597972  -0.0023505754
31  4   0.0004291835  -0.0172369829  -0.0190126186  -0.0007278745  -0.0010685144
31  5  -0.0006349120   0.0004382873  -0.0000619651   0.0006499832  -0.0869327604
31  6  -0.0341258059  -0.0387316331   0.0189390260   0.0051724137   0.0161671457
31  7   0.0615715794   0.0359567177   0.0367842550   0.0165802330   0.0093273574
31  8   0.0056107930  -0.0000923619   0.0000540378  -0.0000430958   0.0000575835
31  9   0.0000090352   0.0000577228  -0.0000818533  -0.0000795109   0.0000046393
31 10  -0.0006223102  -0.0000625880   0.0001020500  -0.0001262830  -0.0003308562
31 11  -0.0006785994  -0.0000938126  -0.0002812921   0.0000382155  -0.0002215117
31 12   0.0001213560  -0.0000573733  -0.0048948634  -0.0007948324   0.0005590042
32  1  -0.0004452640  -0.0001443285   0.0000001401   0.0002236734   0.0004757274
32  2  -0.0002728641   0.0001194180   0.0003194774  -0.0002112537   0.0001527441
32  3   0.0003287319   0.0010465178  -0.0021303080   0.0005621927  -0.0005365345
32  4   0.0023598861   0.0012232472  -0.0095041864  -0.0019372607  -0.0040911726
32  5   0.0010034213  -0.0015523723   0.0013656947   0.0004730685  -0.0290343825
32  6  -0.1998547079  -0.1435315284  -0.0003117742   0.0199069904   0.0063752409
32  7   0.0359567177   0.2071785369   0.1796887200  -0.0027696142  -0.0241377907
32  8  -0.0318218680  -0.0000604849   0.0000303667  -0.0000465686   0.0000250461
32  9   0.0000097020   0.0000032793   0.0000197345  -0.0000507670   0.0000044105
32 10  -0.0002783368  -0.0000696461   0.0000027715   0.0010844091   0.0006211181
32 11  -0.0006870821  -0.0001927807   0.0015921092  -0.0016072851  -0.0005426910
32 12   0.0000548674  -0.0000669195  -0.0006863597  -0.0053203494  -0.0003114794
33  1  -0.0004768808   0.0001035214   0.0002485253   0.0003394015   0.0003438690
33  2  -0.0000036720  -0.0001068174  -0.0003061833  -0.0001547177  -0.0004727821
33  3  -0.0009186032  -0.0003487803  -0.0039401965   0.0019220080  -0.0012563465
33  4   0.0032230893  -0.0103021436  -0.0020912640  -0.0011741355  -0.0006977853
33  5   0.0015646263  -0.0004070153   0.0003092357   0.0003304233  -0.0336861029
33  6  -0.1522679222  -0.2715932454   0.0010265179  -0.0190898562  -0.0389727850
33  7   0.0367842550   0.1796887200   0.3157828272  -0.0023320036  -0.0004455474
33  8   0.0069968789  -0.0000682707   0.0000270362  -0.0000119634   0.0000376465
33  9  -0.0000015999   0.0000028612  -0.0000348350  -0.0000599647  -0.0000518939
33 10  -0.0005193362  -0.0000499378  -0.0000656171   0.0002865573   0.0001798414
33 11  -0.0005337051   0.0003017860   0.0001375472  -0.0008746159  -0.0002799649
33 12   0.0001016054  -0.0000484282   0.0014990872   0.0013261594  -0.0089191076
34  1  -0.0005748617   0.0002332500  -0.0001623514   0.0004288353   0.0006123429
34  2  -0.0000050159  -0.0001357119   0.0006529249  -0.0001571439   0.0003510352
34  3   0.0010471476   0.0000774099  -0.0022866996  -0.0003148137  -0.0004422960
34  4  -0.0033072812   0.0287254739  -0.0046885166  -0.0057396278  -0.0052748135
34  5  -0.0006647892  -0.0015287713   0.0020685862  -0.0003543831  -0.1276093302
34  6   0.1164511001  -0.0211033238   0.0165898323  -0.0115134923   0.0079859540
34  7   0.0165802330  -0.0027696142  -0.0023320036   0.1101065944  -0.1325642680
34  8   0.0220612342  -0.0001142272   0.0000331020  -0.0000258295   0.0000848953
34  9  -0.0000385468   0.0000145685  -0.0000821519  -0.0001016925   0.0000070670
34 10  -0.0002286630  -0.0001644124  -0.0000128643  -0.0012929157   0.0017015593
34 11  -0.0002657286   0.0003005728   0.0005371334   0.0000107142  -0.0008314583
34 12   0.0000114329  -0.0000976613  -0.0007102986   0.0006676003   0.0001549592
35  1   0.0002512462   0.0000600409   0.0000877736  -0.0003951967   0.0002113262
35  2  -0.0000963648  -0.0001514511   0.0007085359  -0.0000441041   0.0007608521
35  3   0.0021764217  -0.0002298111  -0.0013191548  -0.0039133923   0.0002874312
35  4  -0.0040726157  -0.0072930603   0.0009691798   0.0044888014   0.0016924869
35  5   0.0007703443  -0.0006210334  -0.0005332966  -0.0000777852   0.1114966032
35  6  -0.4028426481   0.0528420159   0.0069950033  -0.0156674307   0.0078377378
35  7   0.0093273574  -0.0241377907  -0.0004455474  -0.1325642680   0.4436830393
35  8  -0.0618406301   0.0000277220   0.0000356518   0.0000083359  -0.0000288772
35  9   0.0000621089  -0.0000046520   0.0001167410   0.0000918388   0.0000129145
35 10   0.0004575076   0.0000509580   0.0000563757   0.0020573358   0.0022991502
35 11  -0.0000115779  -0.0004570058   0.0009285075  -0.0001830916   0.0003648485
35 12   0.0000307105   0.0000324956   0.0032655841   0.0023568420   0.0000289598
36  1  -0.0001788825   0.0000821447   0.0004982871   0.0000786977   0.0000876678
36  2   0.0000670218  -0.0000450763   0.0000439320   0.0003395188   0.0000979723
36  3  -0.0001703554  -0.0009350811  -0.0002897670   0.0004587588   0.0006730692
36  4  -0.0010878608   0.0058569371   0.0062623094  -0.0017547723  -0.0006970835
36  5   0.0024005148  -0.0000877556   0.0003375801  -0.0004844353  -0.0204000975
36  6   0.0535509002  -0.0833594533  -0.0034483628   0.0347721927  -0.0013256577
36  7   0.0056107930  -0.0318218680   0.0069968789   0.0220612342  -0.0618406301
36  8   0.0719853693  -0.0000243752   0.0000054816   0.0000248848   0.0000114821
36  9  -0.0000060076   0.0000082517  -0.0000134041  -0.0000242085  -0.0000388972
36 10  -0.0000766265  -0.0000303592  -0.0000595670  -0.0002907273  -0.0000782775
36 11  -0.0008182076   0.0001132443  -0.0000351709  -0.0001416596  -0.0001412802
36 12  -0.0000194256  -0.0001780389  -0.0001344355  -0.0004722088  -0.0019151079
37  1  -0.3220586471  -0.0546675851  -0.0374736082  -0.0172153231  -0.0060275051
37  2  -0.0026673043   0.0011546236   0.0030031091  -0.0017153501  -0.0008817254
37  3  -0.0004924017  -0.0000628018  -0.0001391441   0.0004046109   0.0000413930
37  4   0.0000004262   0.0000427825  -0.0000081877  -0.0000245012  -0.0000616825
37  5  -0.0000113767   0.0003408072   0.0000848959   0.0000901854   0.0002975250
37  6   0.0000352895   0.0000554257  -0.0001165158  -0.0000558371   0.0000503844
37  7  -0.0000923619  -0.0000604849  -0.0000682707  -0.0001142272   0.0000277220
37  8  -0.0000243752   0.3419587406   0.0568309885   0.0415944267  -0.0040860282
37  9   0.0004831529  -0.0010049061   0.0008955998   0.0003384011   0.0012113496
37 10   0.0000121307   0.0000498452  -0.0000278460  -0.0000740418  -0.0000267469
37 11  -0.0000116586  -0.0000301892  -0.0000159921  -0.0000029796   0.0001171905
37 12   0.0000765897   0.0000388140   0.0000556613   0.0000308480  -0.0000033140
38  1  -0.0599008688  -0.0680968632  -0.0058752193   0.0266343869   0.0068539371
38  2   0.0036245174   0.0012429189  -0.0033288956   0.0012942016   0.0009426169
38  3   0.0005744301   0.0000833716   0.0000755749  -0.0003035295  -0.0000116129
38  4  -0.0000558012   0.0000396532  -0.0000102172   0.0000895514   0.0003666532
38  5  -0.0000093467  -0.0002436319  -0.0008436443   0.0000442205  -0.0001456225
38  6  -0.0000403553  -0.0000313202   0.0000598312   0.0000308743  -0.0000109645
38  7   0.0000540378   0.0000303667   0.0000270362   0.0000331020   0.0000356518
38  8   0.0000054816   0.0568309885   0.0650560805   0.0049428340  -0.0261068006
38  9  -0.0021113320  -0.0033849600   0.0002335037   0.0011821349  -0.0006412855
38 10  -0.0000337314  -0.0000342944   0.0000104138   0.0000957475   0.0000120948
38 11   0.0000125901   0.0000435295   0.0000022314   0.0000069181   0.0001744014
38 12   0.0005692785  -0.0000776456  -0.0000237341   0.0000055277   0.0000009869
39  1  -0.0371301009  -0.0051199685  -0.0368817079  -0.0050551558  -0.0009924854
39  2   0.0038598736  -0.0016449842   0.0015581416   0.0111292942  -0.0000655099
39  3  -0.0001231349  -0.0000271683   0.0000501542  -0.0000569461  -0.0007804867
39  4  -0.0000162353   0.0000582352   0.0000239213   0.0000176885  -0.0000513699
39  5   0.0001314718   0.0000404292   0.0000530100  -0.0003958161   0.0000869522
39  6  -0.0000028341  -0.0001062796  -0.0000041704   0.0000151052   0.0000132172
39  7  -0.0000430958  -0.0000465686  -0.0000119634  -0.0000258295   0.0000083359
39  8   0.0000248848   0.0415944267   0.0049428340   0.0277357420   0.0010027322
39  9   0.0004445476   0.0027856839   0.0012054215  -0.0006482378  -0.0075068179
39 10  -0.0000214561   0.0000287755   0.0001877730  -0.0000149697  -0.0000016961
39 11   0.0000126230  -0.0000090753  -0.0000029804  -0.0000003134   0.0000281102
39 12  -0.0000773246  -0.0002493139   0.0000046682   0.0000145614   0.0000553826
40  1  -0.0808629283  -0.0781248036  -0.0007278721   0.0122486659   0.0199342464
40  2  -0.0005190819  -0.0001681177  -0.0006921240   0.0010249955   0.0001386808
40  3  -0.0000585443   0.0000253834   0.0000387467  -0.0002389305   0.0000218340
40  4  -0.0000335326   0.0000102880  -0.0000037483   0.0001021663  -0.0001850235
40  5   0.0000743210  -0.0008782173   0.0011882115  -0.0001941824  -0.0001870786
40  6  -0.0000526084  -0.0000476671   0.0000762381   0.0000213807  -0.0000223682
40  7   0.0000575835   0.0000250461   0.0000376465   0.0000848953  -0.0000288772
40  8   0.0000114821  -0.0040860282  -0.0261068006   0.0010027322   0.0772236844
40  9   0.0819096497   0.0017455458  -0.0017341132   0.0029205436  -0.0021113741
40 10   0.0000644215  -0.0001642432   0.0000059273   0.0000183742   0.0000004994
40 11   0.0000013921  -0.0000099624   0.0000138840  -0.0000028224  -0.0020463149
40 12  -0.0003488218  -0.0003222469  -0.0000471631  -0.0000229723   0.0000001033
41  1  -0.0745911791  -0.3097890896   0.0096687911  -0.0087923652  -0.0209160720
41  2   0.0007365880  -0.0019462574   0.0002512222  -0.0007833706   0.0002374467
41  3  -0.0001519354   0.0000520839  -0.0000930349   0.0000416355  -0.0000071389
41  4  -0.0000635261   0.0000576773  -0.0000231878   0.0000646957   0.0006030341
41  5  -0.0000705742  -0.0000340051  -0.0003073377   0.0000484884   0.0000034966
41  6  -0.0000312351   0.0000122153  -0.0000001333   0.0000059676   0.0000042060
41  7   0.0000090352   0.0000097020  -0.0000015999  -0.0000385468   0.0000621089
41  8  -0.0000060076   0.0004831529  -0.0021113320   0.0004445476   0.0819096497
41  9   0.3322637058  -0.0113692902   0.0031082835  -0.0013223226   0.0014067130
41 10  -0.0000346212   0.0002110489  -0.0000191402   0.0000184362  -0.0000004323
41 11   0.0000010495   0.0000395568  -0.0000112525   0.0000094236  -0.0002926286
41 12   0.0011322646  -0.0000990922   0.0000125446   0.0000026421  -0.0000047047
42  1  -0.0009208453   0.0091305249  -0.0360937457   0.0014816643   0.0048389978
42  2   0.0052627367   0.0012395530  -0.0006209155  -0.0065786370  -0.0000822802
42  3   0.0000254031  -0.0000906528   0.0000576333   0.0000203063   0.0000883949
42  4   0.0000100518  -0.0000746132  -0.0000244180  -0.0000169633  -0.0000509973
42  5  -0.0003242130   0.0000140854   0.0000760292  -0.0003073896  -0.0000582568
42  6   0.0000088277   0.0001694464  -0.0000350109  -0.0000039232  -0.0000190061
42  7   0.0000577228   0.0000032793   0.0000028612   0.0000145685  -0.0000046520
42  8   0.0000082517  -0.0010049061  -0.0033849600   0.0027856839   0.0017455458
42  9  -0.0113692902   0.0227014153  -0.0021154077   0.0014185793   0.0111104666
42 10  -0.0000196870  -0.0000130675   0.0001522222   0.0000001222   0.0000005883
42 11   0.0000011829  -0.0000009049   0.0000029468   0.0000044364  -0.0003646277
42 12  -0.0000001066   0.0011818052  -0.0000020573  -0.0000029572  -0.0000308411
43  1   0.0094293206   0.0222700170  -0.0011879497  -0.0896301347  -0.0899051615
43  2  -0.0001063909  -0.0107693194  -0.0293358620   0.0003972480   0.0007933834
43  3  -0.0023857098   0.0005624790  -0.0000578179   0.0003365699  -0.0000235134
43  4   0.0000381297   0.0003011377  -0.0000480944   0.0000956672  -0.0017126056
43  5   0.0002332421  -0.0054107750   0.0019171211  -0.0014043843   0.0003143696
43  6  -0.0000365286   0.0000372640  -0.0000891535   0.0000131141   0.0000139678
43  7  -0.0000818533   0.0000197345  -0.0000348350  -0.0000821519   0.0001167410
43  8  -0.0000134041   0.0008955998   0.0002335037   0.0012054215  -0.0017341132
43  9   0.0031082835  -0.0021154077   0.0967646589   0.0938266019   0.0026980095
43 10  -0.0001816967   0.0013113419  -0.0002065799  -0.0000330306   0.0000024654
43 11  -0.0000024503  -0.0004703243  -0.0000219041  -0.0000195515   0.0001543691
43 12  -0.0000895014   0.0000340224   0.0000548723   0.0000306414  -0.0000190930
44  1  -0.0087110509  -0.0222656556   0.0009268640  -0.0902323629  -0.2910086167
44  2   0.0065145303   0.0000848192  -0.0028202549   0.0005726421   0.0020868431
44  3   0.0008500087   0.0001639718  -0.0003154654   0.0002679883  -0.0000433050
44  4   0.0000467597   0.0002238025  -0.0000096196   0.0001768087  -0.0002457477
44  5   0.0000637473  -0.0001115936   0.0009460248   0.0000437094   0.0003017523
44  6  -0.0000238419   0.0000423919  -0.0000938693  -0.0000407104   0.0000394571
44  7  -0.0000795109  -0.0000507670  -0.0000599647  -0.0001016925   0.0000918388
44  8  -0.0000242085   0.0003384011   0.0011821349  -0.0006482378   0.0029205436
44  9  -0.0013223226   0.0014185793   0.0938266019   0.3134978479  -0.0088589040
44 10  -0.0002039456   0.0006145026  -0.0001014684  -0.0000267618  -0.0000160841
44 11  -0.0000060208  -0.0000717857   0.0000070866  -0.0000385123   0.0001247493
44 12   0.0000803772   0.0000026540   0.0000407599   0.0000323886   0.0000016940
45  1   0.0012623198   0.0051988703   0.0057543092  -0.0001652821   0.0067425399
45  2  -0.0410982424  -0.0017521010  -0.0036988877   0.0032395666   0.0000416785
45  3  -0.0005453689  -0.0009598581   0.0000339635   0.0000265691  -0.0000577517
45  4  -0.0000406503   0.0000727069   0.0000871401   0.0000716091  -0.0002530542
45  5   0.0000832936  -0.0011652643   0.0003942813   0.0021248939   0.0000143039
45  6   0.0000145743   0.0000950674  -0.0000062282   0.0000117312  -0.0000519209
45  7   0.0000046393   0.0000044105  -0.0000518939   0.0000070670   0.0000129145
45  8  -0.0000388972   0.0012113496  -0.0006412855  -0.0075068179  -0.0021113741
45  9   0.0014067130   0.0111104666   0.0026980095  -0.0088589040   0.0273566581
45 10  -0.0000992142   0.0001647035   0.0002509710   0.0000021608  -0.0000009571
45 11  -0.0000211487  -0.0000180538  -0.0000335588  -0.0002949339   0.0000180401
45 12  -0.0000352063  -0.0000637712  -0.0000069731   0.0000172081   0.0000428694
46  1   0.0001534127  -0.0002828097   0.0000345516   0.0007738183   0.0022523648
46  2   0.0005402765   0.0098688308   0.0142594708  -0.0003550109  -0.1169684708
46  3  -0.1136960767  -0.0001568636  -0.0111112500  -0.0288378157   0.0010970731
46  4  -0.0051979426   0.0004446766  -0.0018761026  -0.0008209508   0.0007159778
46  5  -0.0000424070  -0.0011851522   0.0028710527  -0.0014720963   0.0013511705
46  6  -0.0012104234   0.0002676173  -0.0006932701  -0.0001707675   0.0003736973
46  7  -0.0006223102  -0.0002783368  -0.0005193362  -0.0002286630   0.0004575076
46  8  -0.0000766265   0.0000121307  -0.0000337314  -0.0000214561   0.0000644215
46  9  -0.0000346212  -0.0000196870  -0.0001816967  -0.0002039456  -0.0000992142
46 10   0.1233440601   0.1225235953   0.0015850043   0.0009706078   0.0003113524
46 11   0.0006901940   0.0000311536  -0.0000923656   0.0001558003   0.0003683649
46 12   0.0008712755  -0.0000856782   0.0000717354   0.0001336202  -0.0000197359
47  1   0.0005756812   0.0005036225   0.0000409631  -0.0024974775   0.0003043063
47  2  -0.0008433962  -0.0140199236  -0.0195762218   0.0001941698  -0.1129355963
47  3  -0.2748495262   0.0087810414   0.0011120360   0.0026430075   0.0001230424
47  4   0.0000933963   0.0019222649   0.0005824511   0.0008762228   0.0001686338
47  5  -0.0000249285   0.0038401930  -0.0026176224   0.0015738680   0.0006298096
47  6   0.0001587761   0.0001109725  -0.0001153247  -0.0000717001   0.0000380737
47  7  -0.0000625880  -0.0000696461  -0.0000499378  -0.0001644124   0.0000509580
47  8  -0.0000303592   0.0000498452  -0.0000342944   0.0000287755  -0.0001642432
47  9   0.0002110489  -0.0000130675   0.0013113419   0.0006145026   0.0001647035
47 10   0.1225235953   0.2909888525  -0.0100833606  -0.0001654509   0.0006580027
47 11  -0.0005059406  -0.0000976056  -0.0000342085  -0.0001073689  -0.0008393286
47 12  -0.0010134434   0.0000185802   0.0000498296   0.0000426870   0.0000017181
48  1  -0.0000261476  -0.0001108802   0.0000638749   0.0010001714  -0.0000903773
48  2  -0.0039136665   0.0024951754   0.0043588005   0.0019925776  -0.0001812340
48  3   0.0088132183  -0.0352980881  -0.0020641655  -0.0044158815   0.0024007012
48  4  -0.0019504816   0.0006390070   0.0069111044  -0.0000232029   0.0000365372
48  5  -0.0011163600  -0.0015016215   0.0013890936   0.0063423338   0.0000902214
48  6  -0.0001608551   0.0003960126  -0.0002846966  -0.0000542398   0.0000156021
48  7   0.0001020500   0.0000027715  -0.0000656171  -0.0000128643   0.0000563757
48  8  -0.0000595670  -0.0000278460   0.0000104138   0.0001877730   0.0000059273
48  9  -0.0000191402   0.0001522222  -0.0002065799  -0.0001014684   0.0002509710
48 10   0.0015850043  -0.0100833606   0.0260084492   0.0007429604  -0.0004379811
48 11  -0.0037469572   0.0001582336  -0.0001099804  -0.0009184444   0.0000963287
48 12   0.0002625031   0.0003482848   0.0000027674   0.0000154440   0.0000487935
49  1  -0.0004179549  -0.0001642836  -0.0000257237  -0.0001722193   0.0012903704
49  2  -0.0001718035  -0.0044370272  -0.0017132712  -0.0016315261  -0.0110055598
49  3   0.0259353593  -0.0047829796  -0.1335658736   0.1245033866  -0.0274056001
49  4   0.0123507942  -0.0112422091   0.0026932368  -0.0016067848  -0.0034969872
49  5  -0.0009333690  -0.0006776258  -0.0007486072   0.0001509309   0.0013364834
49  6  -0.0046987450   0.0009878100  -0.0002544458   0.0007947018  -0.0003933564
49  7  -0.0001262830   0.0010844091   0.0002865573  -0.0012929157   0.0020573358
49  8  -0.0002907273  -0.0000740418   0.0000957475  -0.0000149697   0.0000183742
49  9   0.0000184362   0.0000001222  -0.0000330306  -0.0000267618   0.0000021608
49 10   0.0009706078  -0.0001654509   0.0007429604   0.1383469738  -0.1324895520
49 11   0.0304833078   0.0006218260  -0.0009226954   0.0001627353  -0.0000189576
49 12   0.0001033801   0.0001310128   0.0000376605  -0.0002145634   0.0000092212
50  1  -0.0000796294  -0.0000809395  -0.0000167115  -0.0001292677   0.0001987781
50  2  -0.0000413645  -0.0015923292   0.0013757687   0.0004958189  -0.0028544132
50  3   0.0068322983  -0.0008721686   0.1230213622  -0.2592852176   0.0416923345
50  4   0.0138802121  -0.0191442919   0.0043181332  -0.0036595795  -0.0029664360
50  5   0.0005773664  -0.0007711420   0.0001803969  -0.0003223796   0.0022473862
50  6  -0.0039173773   0.0005578046  -0.0000739886   0.0006927095  -0.0004908407
50  7  -0.0003308562   0.0006211181   0.0001798414   0.0017015593   0.0022991502
50  8  -0.0000782775  -0.0000267469   0.0000120948  -0.0000016961   0.0000004994
50  9  -0.0000004323   0.0000005883   0.0000024654  -0.0000160841  -0.0000009571
50 10   0.0003113524   0.0006580027  -0.0004379811  -0.1324895520   0.2734688474
50 11  -0.0457128084   0.0007583647  -0.0008594736   0.0002157915   0.0000981666
50 12   0.0000088115  -0.0000810263  -0.0000138637  -0.0000777237   0.0000185328
51  1  -0.0000347147  -0.0000281201  -0.0001383075  -0.0000072451   0.0001776782
51  2   0.0000099081  -0.0016148068   0.0004753111   0.0076783849  -0.0017557889
51  3   0.0033367678   0.0020238991  -0.0272481874   0.0419827147  -0.0460020564
51  4   0.0000726679   0.0005922656   0.0022241318  -0.0009463517   0.0005230332
51  5   0.0070569659   0.0001455273  -0.0002569536  -0.0013126195   0.0002578530
51  6  -0.0004850124  -0.0018163281   0.0008106536   0.0007226035  -0.0005012148
51  7  -0.0006785994  -0.0006870821  -0.0005337051  -0.0002657286  -0.0000115779
51  8  -0.0008182076  -0.0000116586   0.0000125901   0.0000126230   0.0000013921
51  9   0.0000010495   0.0000011829  -0.0000024503  -0.0000060208  -0.0000211487
51 10   0.0006901940  -0.0005059406  -0.0037469572   0.0304833078  -0.0457128084
51 11   0.0365012868  -0.0000160762  -0.0000302369   0.0001769423   0.0001278387
51 12  -0.0000844616  -0.0009205367  -0.0000078268  -0.0000157992   0.0001257569
52  1  -0.0000629680   0.0000342817  -0.0000184322   0.0001493965  -0.0015325558
52  2   0.0001626276  -0.0049943859   0.0011789463  -0.0021842543  -0.0008845420
52  3   0.0007039497  -0.0000002454  -0.0014169548   0.0030162073  -0.0016345463
52  4   0.0112508180   0.0135704360   0.0002848258  -0.1167180710  -0.1139558723
52  5  -0.0004395308  -0.0105928097  -0.0292525886   0.0015052969  -0.0003494489
52  6   0.0020913121  -0.0003071465  -0.0000603159  -0.0006094076   0.0000340606
52  7  -0.0000938126  -0.0001927807   0.0003017860   0.0003005728  -0.0004570058
52  8   0.0001132443  -0.0000301892   0.0000435295  -0.0000090753  -0.0000099624
52  9   0.0000395568  -0.0000009049  -0.0004703243  -0.0000717857  -0.0000180538
52 10   0.0000311536  -0.0000976056   0.0001582336   0.0006218260   0.0007583647
52 11  -0.0000160762   0.1230122248   0.1246169009   0.0014676601   0.0009657195
52 12   0.0002957792   0.0006916470  -0.0006479263  -0.0001796620  -0.0000911163
53  1  -0.0001031075  -0.0000065640  -0.0000118373   0.0001799834  -0.0000515550
53  2   0.0000376974   0.0002405606   0.0018474808   0.0008141853   0.0007890718
53  3   0.0004425763  -0.0001073925   0.0041628575  -0.0026174046   0.0017207807
53  4  -0.0131820773  -0.0190561552   0.0000310267  -0.1145983014  -0.2757051210
53  5   0.0092159413   0.0010416616   0.0021488376  -0.0000147369  -0.0026377261
53  6  -0.0040806105   0.0000578081  -0.0001251248   0.0017559110  -0.0007492965
53  7  -0.0002812921   0.0015921092   0.0001375472   0.0005371334   0.0009285075
53  8  -0.0000351709  -0.0000159921   0.0000022314  -0.0000029804   0.0000138840
53  9  -0.0000112525   0.0000029468  -0.0000219041   0.0000070866  -0.0000335588
53 10  -0.0000923656  -0.0000342085  -0.0001099804  -0.0009226954  -0.0008594736
53 11  -0.0000302369   0.1246169009   0.2926107710  -0.0104621397  -0.0001514076
53 12   0.0008739982  -0.0005363490   0.0005499409   0.0002128352   0.0000757456
54  1   0.0000013009   0.0000030895   0.0000350621   0.0000042453  -0.0002251870
54  2   0.0001292945  -0.0022030447   0.0009155191   0.0086668240   0.0000429393
54  3  -0.0000363741  -0.0015158499  -0.0017274060   0.0014974583   0.0071966123
54  4   0.0030646905   0.0038942073  -0.0005093312  -0.0002953600   0.0094414178
54  5  -0.0324233292  -0.0017303566  -0.0045416063   0.0008333984   0.0001729006
54  6   0.0008289594   0.0002697521   0.0002794925   0.0009191373  -0.0010538444
54  7   0.0000382155  -0.0016072851  -0.0008746159   0.0000107142  -0.0001830916
54  8  -0.0001416596  -0.0000029796   0.0000069181  -0.0000003134  -0.0000028224
54  9   0.0000094236   0.0000044364  -0.0000195515  -0.0000385123  -0.0002949339
54 10   0.0001558003  -0.0001073689  -0.0009184444   0.0001627353   0.0002157915
54 11   0.0001769423   0.0014676601  -0.0104621397   0.0238637390   0.0007318677
54 12  -0.0004742477  -0.0037454928  -0.0001510413  -0.0000561090   0.0003017537
55  1  -0.0009636128  -0.0012623383   0.0000144605  -0.0005566067   0.0009006464
55  2   0.0002691534   0.0130053503  -0.0116242328   0.0030847496  -0.0011825369
55  3  -0.0030497512  -0.0008938114  -0.0006396255  -0.0007687475   0.0001822421
55  4  -0.0051637983  -0.0016406957  -0.0018696567  -0.0129185795   0.0284420096
55  5  -0.0050387446  -0.1271442631   0.1165318214  -0.0266070044   0.0011923638
55  6   0.0016703851  -0.0000489439  -0.0003136603  -0.0004652262   0.0003121262
55  7  -0.0002215117  -0.0005426910  -0.0002799649  -0.0008314583   0.0003648485
55  8  -0.0001412802   0.0001171905   0.0001744014   0.0000281102  -0.0020463149
55  9  -0.0002926286  -0.0003646277   0.0001543691   0.0001247493   0.0000180401
55 10   0.0003683649  -0.0008393286   0.0000963287  -0.0000189576   0.0000981666
55 11   0.0001278387   0.0009657195  -0.0001514076   0.0007318677   0.1362411955
55 12  -0.1278511297   0.0303990407  -0.0000436281   0.0001811487  -0.0000199241
56  1  -0.0000288853  -0.0002118187  -0.0000085106   0.0017954415   0.0002499170
56  2  -0.0000946488   0.0160428671  -0.0192045094   0.0045145654  -0.0042914950
56  3  -0.0030051609   0.0004657962  -0.0006908460   0.0000520648  -0.0002709877
56  4  -0.0007981288   0.0016269027   0.0006523705  -0.0024820498   0.0043613674
56  5  -0.0007338282   0.1177046061  -0.2587909596   0.0416859711  -0.0005470514
56  6   0.0000259598  -0.0000591457   0.0001464357   0.0000294185  -0.0000689511
56  7   0.0001213560   0.0000548674   0.0001016054   0.0000114329   0.0000307105
56  8  -0.0000194256   0.0000765897   0.0005692785  -0.0000773246  -0.0003488218
56  9   0.0011322646  -0.0000001066  -0.0000895014   0.0000803772  -0.0000352063
56 10   0.0008712755  -0.0010134434   0.0002625031   0.0001033801   0.0000088115
56 11  -0.0000844616   0.0002957792   0.0008739982  -0.0004742477  -0.1278511297
56 12   0.2731981734  -0.0457543317  -0.0000412548  -0.0000682195  -0.0000016355
57  1  -0.0001233895  -0.0000306567  -0.0001163778   0.0002994194  -0.0002614710
57  2  -0.0028324473  -0.0000434399   0.0003401888   0.0007213536  -0.0007804160
57  3   0.0005348821   0.0069286535   0.0001603717  -0.0002580171  -0.0013734426
57  4  -0.0019389571   0.0005891332   0.0084166145  -0.0017847204   0.0037416708
57  5   0.0002572927  -0.0266778567   0.0416886506  -0.0410650839   0.0002043734
57  6   0.0002788027   0.0002004830  -0.0000452931  -0.0000998919   0.0000629091
57  7  -0.0000573733  -0.0000669195  -0.0000484282  -0.0000976613   0.0000324956
57  8  -0.0001780389   0.0000388140  -0.0000776456  -0.0002493139  -0.0003222469
57  9  -0.0000990922   0.0011818052   0.0000340224   0.0000026540  -0.0000637712
57 10  -0.0000856782   0.0000185802   0.0003482848   0.0001310128  -0.0000810263
57 11  -0.0009205367   0.0006916470  -0.0005363490  -0.0037454928   0.0303990407
57 12  -0.0457543317   0.0325002765  -0.0000016691   0.0000383429  -0.0000247394
58  1   0.0001474946  -0.0003026402   0.0000863208  -0.0001737261  -0.0002293068
58  2  -0.0000171123   0.0001141238  -0.0001145034   0.0000446082   0.0002525024
58  3  -0.0000524292  -0.0000281314   0.0001447521   0.0000350577   0.0000406643
58  4   0.0001293956   0.0002810722   0.0002326410  -0.0003751662  -0.0013524771
58  5   0.0001550407   0.0000158758   0.0005408285  -0.0000508334  -0.0017754923
58  6  -0.0130563837  -0.0011255687  -0.0042940560  -0.0007144438  -0.0002697738
58  7  -0.0048948634  -0.0006863597   0.0014990872  -0.0007102986   0.0032655841
58  8  -0.0001344355   0.0000556613  -0.0000237341   0.0000046682  -0.0000471631
58  9   0.0000125446  -0.0000020573   0.0000548723   0.0000407599  -0.0000069731
58 10   0.0000717354   0.0000498296   0.0000027674   0.0000376605  -0.0000138637
58 11  -0.0000078268  -0.0006479263   0.0005499409  -0.0001510413  -0.0000436281
58 12  -0.0000412548  -0.0000016691   0.0119382463   0.0118117790  -0.0002703753
59  1   0.0003424361   0.0000561489   0.0000554650  -0.0003850694  -0.0000624634
59  2  -0.0000392209   0.0002370985   0.0002380030   0.0000215386   0.0000341163
59  3   0.0000043819   0.0000486317   0.0006461367  -0.0003988463   0.0000983044
59  4  -0.0002222322   0.0006690829  -0.0003004042   0.0008243705   0.0004410900
59  5   0.0000419640  -0.0000098854  -0.0000122638   0.0000237525  -0.0130811474
59  6  -0.0166211969   0.0016421487  -0.0000294313  -0.0058617251  -0.0020096353
59  7  -0.0007948324  -0.0053203494   0.0013261594   0.0006676003   0.0023568420
59  8  -0.0004722088   0.0000308480   0.0000055277   0.0000145614  -0.0000229723
59  9   0.0000026421  -0.0000029572   0.0000306414   0.0000323886   0.0000172081
59 10   0.0001336202   0.0000426870   0.0000154440  -0.0002145634  -0.0000777237
59 11  -0.0000157992  -0.0001796620   0.0002128352  -0.0000561090   0.0001811487
59 12  -0.0000682195   0.0000383429   0.0118117790   0.0243611588  -0.0004471864
60  1   0.0000112907  -0.0000672483  -0.0002168954   0.0000000008  -0.0000071228
60  2   0.0002996359  -0.0000165672  -0.0000320148   0.0000280404  -0.0000654367
60  3   0.0000553391   0.0006876945  -0.0000618449   0.0000622184   0.0000241730
60  4   0.0002873700  -0.0002353896  -0.0015754147  -0.0000477936  -0.0003046748
60  5  -0.0006392084   0.0000169166   0.0000595502  -0.0000633419  -0.0012205317
60  6   0.0016034901   0.0151565969   0.0007968666  -0.0004967786  -0.0086124396
60  7   0.0005590042  -0.0003114794  -0.0089191076   0.0001549592   0.0000289598
60  8  -0.0019151079  -0.0000033140   0.0000009869   0.0000553826   0.0000001033
60  9  -0.0000047047  -0.0000308411  -0.0000190930   0.0000016940   0.0000428694
60 10  -0.0000197359   0.0000017181   0.0000487935   0.0000092212   0.0000185328
60 11   0.0001257569  -0.0000911163   0.0000757456   0.0003017537  -0.0000199241
60 12  -0.0000016355  -0.0000247394  -0.0002703753  -0.0004471864   0.0052263994
$end
