$coord
6.1023294498021 -1.49734106364111 1.28820853255648 o
4.74189475827495 0.28113271700462 -0.22235720804686 c
2.01733010216771 0.280686912644 0.6761755959594 c
0.75394961328993 2.22938350701802 -0.71865172195842 o
-1.76786229107845 2.63603308872096 0.133890180312 c
-2.84734767352071 4.54270755969039 -1.33151728545519 o
-3.32837353295499 0.23780410731624002 -0.24926232700039 c
-5.84921877767362 0.55437442288091 0.62316256179126 o
-2.129714882267 -2.00395093763526 1.12171815219403 c
-2.39211161017864 -1.88382185902703 3.8069349434568003 o
0.66990795394534 -2.25005353667322 0.35418726157672 c
0.88343589560218 -3.01756508390363 -2.22326663924767 o
7.810530822942199 -1.58583032059682 0.65645215934784 h
4.81166703174469 -0.23546958777731 -2.21969814761081 h
5.50882952882085 2.18743339036603 0.00680568325344 h
1.99896244596895 0.76192162110212 2.69479392931201 h
-1.72284768310972 3.19716704003904 2.13394197770726 h
-2.2615942697023 6.16834927371138 -0.73958731719807 h
-3.2951626920071 -0.17984163055407 -2.2753327429798 h
-6.59046843478766 1.9304633382684298 -0.32269499127635 h
-3.12065763445214 -3.72516094152982 0.56764451769461 h
-1.9088301033206299 -0.23794571507689 4.42706696491457 h
1.56164034511045 -3.63136292210491 1.60309371490306 h
0.35371163738403 -4.7591133802424 -2.34707454722905 h
$user-defined bonds 
 
$end
