$hessian (projected)
 1  1   0.5878229852  -0.1040256861  -0.1109357413  -0.1164283478   0.0554594171
 1  2  -0.0435017180  -0.0206046124   0.0301623768  -0.0262639522  -0.0141844643
 1  3   0.0023672332   0.0033851650   0.0038646074  -0.0004188537  -0.0024004559
 1  4  -0.0019390424   0.0015599016  -0.0005005945   0.0003170717   0.0003613671
 1  5   0.0003310787  -0.0010269361  -0.0001883389   0.0000462603   0.0004727325
 1  6   0.0008187225  -0.0007510997  -0.0002043132  -0.0001607538   0.0006092336
 1  7   0.0007157926  -0.0001326938   0.0003238653  -0.0000578586  -0.0006864565
 1  8  -0.0006209238  -0.4443715778   0.0051871046   0.1856985333  -0.0018577090
 1  9   0.0051730886  -0.0080147049   0.0067106054   0.0043781437   0.0032984184
 1 10   0.0021276867   0.0001116031  -0.0003503071  -0.0002843253   0.0000656442
 1 11   0.0005038675   0.0001033557  -0.0003476000  -0.0000448045  -0.0000070968
 1 12  -0.0000087900   0.0000124161   0.0002354286   0.0000562922   0.0000410738
 1 13  -0.0000248323  -0.0001311603   0.0000152114   0.0000917753   0.0000326218
 1 14  -0.0003210966  -0.0012776353   0.0002591741  -0.0007253590  -0.0001932900
 1 15   0.0001076426   0.0001656340
 2  1  -0.1040256861   0.1787074060  -0.1104102538   0.0288028527  -0.1312593347
 2  2   0.0685024080   0.0074408200  -0.0048760002   0.0043414932   0.0033316734
 2  3   0.0013414046  -0.0012019667  -0.0023983107   0.0010400031   0.0008726766
 2  4   0.0005927340  -0.0004061681   0.0000887020  -0.0003276696  -0.0007543342
 2  5   0.0000342490   0.0004360164   0.0003777434  -0.0001226480   0.0000032156
 2  6   0.0006870622  -0.0002872760  -0.0000359001   0.0002972758  -0.0001004704
 2  7   0.0008886160  -0.0022097146  -0.0002095107  -0.0009845221   0.0014692092
 2  8   0.0004462486   0.0376766437  -0.0202307960   0.0050552712   0.0030631838
 2  9   0.0016489308   0.0068644357   0.0255544142  -0.0266104362   0.0269231342
 2 10  -0.0008622625  -0.0000368773  -0.0001814699   0.0001581445  -0.0000214608
 2 11  -0.0001675669  -0.0001221610   0.0001512256   0.0000861855  -0.0000003964
 2 12   0.0000211732   0.0000092751  -0.0001610046   0.0000233546  -0.0000153139
 2 13   0.0002851043   0.0000716617  -0.0000558045  -0.0000288721  -0.0001811670
 2 14   0.0001953543  -0.0000942324   0.0007737851  -0.0007795542   0.0008075989
 2 15  -0.0000239461   0.0001124017
 3  1  -0.1109357413  -0.1104102538   0.2239707364  -0.0093404298   0.0546357856
 3  2  -0.1246519024  -0.0010461020  -0.0039559057   0.0053321907   0.0027825148
 3  3  -0.0012638953   0.0010556383   0.0013459740  -0.0005753945   0.0006423143
 3  4  -0.0000840044  -0.0000220459  -0.0000875864   0.0002084729  -0.0000168865
 3  5  -0.0003414818  -0.0002480062  -0.0000304862   0.0000436671   0.0000118057
 3  6  -0.0003094985  -0.0001883667  -0.0000426040  -0.0000571685   0.0005498653
 3  7   0.0001801314   0.0003224059  -0.0011347461  -0.0004772637   0.0000384289
 3  8   0.0007988958   0.1463233896   0.0188872028  -0.0890768246  -0.0242684784
 3  9   0.0335380240  -0.0194833705  -0.0030858622   0.0097027469   0.0005833275
 3 10  -0.0013263115  -0.0000716881   0.0015923065  -0.0002738342   0.0000828157
 3 11   0.0000603985   0.0001972844  -0.0000777561  -0.0000323210   0.0000604177
 3 12  -0.0000166995   0.0001243847   0.0000459708  -0.0000054633   0.0000677992
 3 13  -0.0001027019   0.0000146221  -0.0000468759   0.0000496098   0.0000527494
 3 14  -0.0002438687   0.0000567236  -0.0004601791   0.0002123929  -0.0000309554
 3 15  -0.0000014603   0.0002534268
 4  1  -0.1164283478   0.0288028527  -0.0093404298   0.4965660079   0.0430281949
 4  2  -0.0177835561  -0.1753717792  -0.0128758372   0.0503190457  -0.0184304289
 4  3   0.0091983824  -0.0013674242  -0.0029259364   0.0003980641   0.0005421995
 4  4   0.0014170764  -0.0011975930   0.0005567665  -0.0005483938  -0.0003493219
 4  5   0.0000677469   0.0007836057   0.0001480634  -0.0001182175   0.0003465965
 4  6  -0.0009661641  -0.0005659463   0.0007695289   0.0006379024  -0.0002583126
 4  7  -0.0199430291  -0.0110354526   0.0038616349  -0.0008379333   0.0015071992
 4  8   0.0018497874  -0.0191552479   0.0302194031  -0.0281210311  -0.0535558788
 4  9   0.0035248827   0.0141264407  -0.0906142306  -0.0914769892  -0.0158090802
 4 10  -0.0028683513  -0.0013939535   0.0015564931   0.0001469491   0.0001330399
 4 11  -0.0002520639  -0.0000485648   0.0003003086  -0.0000108150   0.0000511572
 4 12  -0.0000041329  -0.0000059594  -0.0002218820  -0.0000316510  -0.0000260560
 4 13   0.0000816000   0.0002742102   0.0000466058  -0.0005380345  -0.0000303376
 4 14   0.0005781158   0.0007151147   0.0009178944  -0.0004640720   0.0006104020
 4 15   0.0002710351   0.0006181279
 5  1   0.0554594171  -0.1312593347   0.0546357856   0.0430281949   0.5527487553
 5  2   0.0461043805  -0.0153556275  -0.0736495231  -0.0023503666   0.0324769891
 5  3  -0.0087062590  -0.0045023635   0.0004399902  -0.0028542135   0.0026269175
 5  4   0.0015578944  -0.0011044705   0.0004847104   0.0005609206  -0.0007752928
 5  5   0.0002025220  -0.0002239436   0.0001613666  -0.0000438066  -0.0011789353
 5  6  -0.0074610016  -0.0026960108   0.0005983781   0.0004388463   0.0005306850
 5  7  -0.0334874198   0.0037192194   0.0104065278   0.0008922127  -0.0005391665
 5  8   0.0001404023  -0.0017899277  -0.0045651235   0.0049169314   0.0017213664
 5  9  -0.0748577577  -0.0696701613  -0.0904549526  -0.2523985427  -0.0388323021
 5 10   0.0085476087   0.0008252039  -0.0035727124  -0.0000505071   0.0000551665
 5 11  -0.0001123216   0.0003577635   0.0001532490  -0.0000469113  -0.0000432925
 5 12   0.0000574717  -0.0000178665   0.0000132170   0.0000231714   0.0000133910
 5 13  -0.0021346416   0.0001865911   0.0005623304  -0.0000480120   0.0000478751
 5 14   0.0000159084   0.0001110980  -0.0005917642   0.0009677228  -0.0009977910
 5 15   0.0003455336   0.0002366077
 6  1  -0.0435017180   0.0685024080  -0.1246519024  -0.0177835561   0.0461043805
 6  2   0.5668195422   0.0486560202  -0.0036755396  -0.0964919751  -0.0269960872
 6  3   0.0061136332   0.0051547676   0.0010336943   0.0010358885  -0.0038180538
 6  4  -0.0017154559   0.0013874523  -0.0001494420  -0.0001388659   0.0002264663
 6  5   0.0002783013  -0.0001697715  -0.0001589466  -0.0001479493  -0.0010063002
 6  6  -0.0012573622  -0.0012997407   0.0005909374   0.0004702787   0.0004083851
 6  7  -0.0034840502   0.0016222105   0.0051497348   0.0006772699   0.0004152443
 6  8  -0.0012745295   0.0101960264  -0.0085737111   0.0051349350   0.0126525577
 6  9  -0.0768061733  -0.2825475872  -0.0120391647  -0.0367047083  -0.0599529921
 6 10   0.0337615014   0.0005491028  -0.0129926445  -0.0000713120  -0.0000141684
 6 11   0.0007827708  -0.0000560151  -0.0000531316  -0.0000437389  -0.0001066111
 6 12   0.0000067441   0.0000040433   0.0000121325   0.0000579282   0.0000811614
 6 13  -0.0004177746  -0.0000509514   0.0000936156  -0.0006343645   0.0000709009
 6 14   0.0003695116   0.0004428496   0.0006822447  -0.0006600706   0.0000980576
 6 15   0.0000498096  -0.0002461425
 7  1  -0.0206046124   0.0074408200  -0.0010461020  -0.1753717792  -0.0153556275
 7  2   0.0486560202   0.5204175673   0.0123766703  -0.0330861522  -0.1000049095
 7  3   0.0191388546  -0.0033072324  -0.0291720420   0.0309826735  -0.0193016098
 7  4  -0.0039694930   0.0021623835   0.0007092044  -0.0006182580  -0.0033333248
 7  5   0.0000354715   0.0030623451   0.0012951115  -0.0002134197  -0.0242630048
 7  6  -0.0346546865  -0.0011785354  -0.0009251762   0.0005264679  -0.0017188000
 7  7  -0.1054907325  -0.0351789818  -0.0051807974   0.0023383060   0.0007066102
 7  8  -0.0034259547  -0.0000320092   0.0001534743  -0.0006053200  -0.0023779371
 7  9  -0.0005495523   0.0026396066  -0.0149289129  -0.0007264470   0.0082179308
 7 10  -0.0520358478  -0.0002585077   0.0057024414   0.0028416057  -0.0005780220
 7 11  -0.0016759247  -0.0012057631   0.0001364013   0.0001528416  -0.0001123558
 7 12   0.0002046053  -0.0001750239  -0.0002743585   0.0002152369  -0.0003025409
 7 13  -0.0057490650   0.0010694285   0.0015568660   0.0013472151  -0.0007511995
 7 14   0.0003778393   0.0080254463   0.0144216714   0.0020713380  -0.0008962284
 7 15   0.0005559398   0.0010978533
 8  1   0.0301623768  -0.0048760002  -0.0039559057  -0.0128758372  -0.0736495231
 8  2  -0.0036755396   0.0123766703   0.4506515802   0.0385979570   0.0354120706
 8  3  -0.1215358638   0.0481679145   0.0248424171  -0.0139111660  -0.0007588224
 8  4  -0.0035024580   0.0045455560  -0.0017072027  -0.0010531688   0.0051071897
 8  5  -0.0002040554  -0.0022372457  -0.0034326253   0.0005454186  -0.0105679137
 8  6   0.0040265643   0.0083424714   0.0003390936  -0.0023508918  -0.0021770872
 8  7  -0.0407947695  -0.1419198026  -0.0189799374  -0.0048941359  -0.0155467599
 8  8  -0.0099105881   0.0029824529  -0.0037391125   0.0023843085   0.0095432760
 8  9   0.0012962741  -0.0027475255  -0.0310255878  -0.0015640900   0.0111351192
 8 10  -0.0009682249  -0.0695412289  -0.0657019216  -0.0038706366   0.0012605181
 8 11   0.0021411193   0.0001627481  -0.0007399889   0.0001237379   0.0000568725
 8 12  -0.0000197227   0.0000218999   0.0010697531   0.0001514101   0.0002396415
 8 13   0.0039775741   0.0004418326  -0.0001987242  -0.0005869624   0.0010928096
 8 14  -0.0006670005  -0.0083043566  -0.0164217154  -0.0001755027  -0.0002440081
 8 15   0.0006747566  -0.0008397747
 9  1  -0.0262639522   0.0043414932   0.0053321907   0.0503190457  -0.0023503666
 9  2  -0.0964919751  -0.0330861522   0.0385979570   0.5749176965  -0.0229989077
 9  3   0.0554585764  -0.1139024210  -0.0086285446  -0.0047671499   0.0038480409
 9  4   0.0063047296  -0.0036145149   0.0022737759  -0.0009385548  -0.0019741126
 9  5   0.0005489430   0.0025051158   0.0012621747  -0.0005750420   0.0047041623
 9  6   0.0088840618   0.0079242056  -0.0039147604  -0.0014320042  -0.0017468319
 9  7   0.0014986486  -0.0012205620  -0.0777653695  -0.0181891520  -0.0425449610
 9  8  -0.0162676853  -0.0035209697   0.0031958837  -0.0034300866   0.0334811573
 9  9   0.0003635863  -0.0113848471  -0.0046908018  -0.0007706889   0.0014381093
 9 10   0.0055967123  -0.0654479641  -0.2665883120   0.0058301823  -0.0019133889
 9 11  -0.0007048394  -0.0004854737   0.0005913909   0.0004142030  -0.0003260241
 9 12   0.0000052525  -0.0002148222  -0.0005603648   0.0000046132  -0.0001256113
 9 13   0.0021167606  -0.0006403328  -0.0011463439   0.0037294563  -0.0005345707
 9 14  -0.0007218782   0.0087728986   0.0168653605   0.0027809128  -0.0012552114
 9 15  -0.0023597335  -0.0084120121
10  1  -0.0141844643   0.0033316734   0.0027825148  -0.0184304289   0.0324769891
10  2  -0.0269960872  -0.1000049095   0.0354120706  -0.0229989077   0.3731037880
10  3  -0.0943350961  -0.0302879860  -0.1501902731  -0.0210713200   0.0644822735
10  4  -0.0345166432   0.0289209079  -0.0099603478  -0.0358643425   0.0084819057
10  5   0.0148888028  -0.0098212621  -0.0099809803   0.0000556131  -0.0026429802
10  6   0.0038711960   0.0003956570   0.0032926611  -0.0014499957   0.0008046337
10  7   0.0041388803  -0.0024771781   0.0035417012   0.0030560401   0.0006280860
10  8   0.0013002494  -0.0009665600   0.0018584988  -0.0016130178   0.0017617192
10  9   0.0001669542  -0.0000926920   0.0023610022   0.0007759946  -0.0013757530
10 10  -0.0035756947   0.0077908562  -0.0099114259  -0.0190509553   0.0055265744
10 11   0.0155217562  -0.0008077133  -0.0010940355  -0.0001523606   0.0012856322
10 12   0.0015694781  -0.0004788925   0.0024136186   0.0001360563   0.0007385244
10 13   0.0011682994  -0.0005935324   0.0001256053  -0.0024372330   0.0014845615
10 14  -0.0007585915   0.0000982414  -0.0015501760  -0.0003103910  -0.0001864224
10 15   0.0001205112   0.0002991216
11  1   0.0023672332   0.0013414046  -0.0012638953   0.0091983824  -0.0087062590
11  2   0.0061136332   0.0191388546  -0.1215358638   0.0554585764  -0.0943350961
11  3   0.2470024513  -0.1033970939   0.0033045343  -0.0729328485   0.0001306067
11  4   0.0453396265  -0.0158034199   0.0013899096  -0.0191015317   0.0094491531
11  5   0.0097401895  -0.0069978296  -0.0024501108   0.0000480050   0.0061217213
11  6   0.0027795768  -0.0015166970  -0.0013845019   0.0012719531   0.0008232908
11  7   0.0209204929  -0.0408590480   0.0297166493  -0.0003774581   0.0013956436
11  8  -0.0014271960  -0.0001208092  -0.0003049943   0.0003262130  -0.0009650129
11  9   0.0002434827  -0.0001186949   0.0000282479   0.0013427065   0.0001149292
11 10   0.0039084508  -0.0002109138   0.0114684176   0.0159882178   0.0028766690
11 11  -0.0063996672   0.0004506736   0.0022810433  -0.0008643260   0.0008757224
11 12   0.0014081211   0.0007893939  -0.0005631946  -0.0013530929   0.0001310359
11 13  -0.0004384237   0.0007644141  -0.0004926326   0.0010115726  -0.0009877905
11 14   0.0004022748  -0.0051056846  -0.0077019025  -0.0022186338   0.0007358120
11 15   0.0006896245   0.0010457118
12  1   0.0033851650  -0.0012019667   0.0010556383  -0.0013674242  -0.0045023635
12  2   0.0051547676  -0.0033072324   0.0481679145  -0.1139024210  -0.0302879860
12  3  -0.1033970939   0.2251656422   0.0412489413   0.0170434921  -0.1042861984
12  4  -0.0279431891   0.0083330601   0.0114705229   0.0024409709  -0.0010306902
12  5   0.0025058361  -0.0003979076   0.0002912542   0.0028542489  -0.0008741507
12  6  -0.0006225701  -0.0014377380   0.0005228773   0.0006383601   0.0007608415
12  7  -0.0017131646   0.0087062121  -0.0034188437   0.0006859231  -0.0002977186
12  8   0.0031257482   0.0005768355  -0.0003053008   0.0006205461  -0.0007533583
12  9   0.0001607187   0.0010196566   0.0003161055  -0.0003410999   0.0001061737
12 10  -0.0200505926   0.0322517873  -0.0219994982   0.0362716380  -0.0038827838
12 11  -0.0119796987  -0.0001306180  -0.0008592026  -0.0007836171   0.0006066901
12 12   0.0019716482   0.0015416756   0.0002005447   0.0000383618  -0.0004821422
12 13   0.0000504819  -0.0000636346   0.0003442296  -0.0004036557  -0.0004016767
12 14   0.0002829569   0.0004788404  -0.0003110847   0.0013850412   0.0004442656
12 15  -0.0003856230   0.0008966320
13  1   0.0038646074  -0.0023983107   0.0013459740  -0.0029259364   0.0004399902
13  2   0.0010336943  -0.0291720420   0.0248424171  -0.0086285446  -0.1501902731
13  3   0.0033045343   0.0412489413   0.4176307151   0.0152735624   0.0296277752
13  4  -0.0883968396   0.0369324409  -0.0447736643  -0.0842385340  -0.0347218357
13  5  -0.0233193802  -0.0393122853  -0.0182076546   0.0024324754   0.0178413163
13  6   0.0084243718   0.0071576528  -0.0038044497   0.0002880587  -0.0019349618
13  7   0.0062183109  -0.0014223034   0.0019305319  -0.0031588861  -0.0012025523
13  8  -0.0007534575   0.0000167642  -0.0000197723   0.0001300006   0.0000238572
13  9  -0.0000140359   0.0001668478  -0.0002101648  -0.0002021494   0.0000644285
13 10   0.0027776455  -0.0034044010   0.0045798834  -0.0474348647  -0.0091468969
13 11  -0.0137970686   0.0059363802  -0.0112645262   0.0074787823   0.0001348440
13 12  -0.0051543967  -0.0007613215  -0.0044117350  -0.0035298090  -0.0002663374
13 13  -0.0026531962   0.0051003581  -0.0029246213   0.0023098666  -0.0008985237
13 14   0.0003123341  -0.0016947017  -0.0025463941  -0.0004193365   0.0008496013
13 15  -0.0004721718   0.0000693721
14  1  -0.0004188537   0.0010400031  -0.0005753945   0.0003980641  -0.0028542135
14  2   0.0010358885   0.0309826735  -0.0139111660  -0.0047671499  -0.0210713200
14  3  -0.0729328485   0.0170434921   0.0152735624   0.5337486539   0.0150090905
14  4   0.0125321412  -0.1650166141   0.0395052106  -0.0500210949  -0.1432935115
14  5  -0.0310593661   0.0072950911   0.0053835524   0.0010644256  -0.0051941527
14  6  -0.0302735079   0.0038179183  -0.0003041297   0.0001164647  -0.0048235384
14  7   0.0024373402  -0.0019155407  -0.0007350356  -0.0009188644   0.0013641549
14  8   0.0006467624   0.0002142843   0.0000313583   0.0002437791   0.0000998807
14  9  -0.0000008390   0.0000035997   0.0001729286   0.0003701784   0.0000055398
14 10  -0.0013829557   0.0015218912  -0.0013126527  -0.0070876387  -0.0793041101
14 11  -0.0642447744   0.0196722848  -0.0309826453   0.0294521298  -0.0055689877
14 12  -0.0096755630  -0.0021712950   0.0021656704   0.0043050092   0.0001932653
14 13   0.0014507795   0.0003157113   0.0009632094  -0.0002688554   0.0012303931
14 14   0.0008782962  -0.0005050770   0.0009287797   0.0001416021   0.0000472292
14 15  -0.0001955904  -0.0003150025
15  1  -0.0024004559   0.0008726766   0.0006423143   0.0005421995   0.0026269175
15  2  -0.0038180538  -0.0193016098  -0.0007588224   0.0038480409   0.0644822735
15  3   0.0001306067  -0.1042861984   0.0296277752   0.0150090905   0.6002589724
15  4  -0.0464385120   0.0795843788  -0.1460816030  -0.0151266167  -0.0158710670
15  5  -0.0956616033   0.0133929652   0.0110608174   0.0009004222   0.0088618149
15  6   0.0158706739   0.0081197954   0.0005002532  -0.0027710066  -0.0016118307
15  7  -0.0002678547   0.0000382074   0.0005029996   0.0010548297  -0.0001040795
15  8  -0.0006600593  -0.0002984930   0.0003599759  -0.0001136757   0.0002988255
15  9  -0.0000432043   0.0003771282   0.0001003648   0.0001005342  -0.0001081824
15 10  -0.0047662249   0.0035802852  -0.0006508036  -0.0119664269  -0.0722955761
15 11  -0.2544287397   0.0045822804  -0.0115844311   0.0044666132  -0.0195011702
15 12  -0.0327786151  -0.0085016115  -0.0021062712  -0.0006453111   0.0011788460
15 13  -0.0010169120   0.0027686856  -0.0011964946  -0.0002229705   0.0039547228
15 14  -0.0031572382   0.0002175267   0.0007302335   0.0000577149  -0.0002475906
15 15   0.0001643072  -0.0000767529
16  1  -0.0019390424   0.0005927340  -0.0000840044   0.0014170764   0.0015578944
16  2  -0.0017154559  -0.0039694930  -0.0035024580   0.0063047296  -0.0345166432
16  3   0.0453396265  -0.0279431891  -0.0883968396   0.0125321412  -0.0464385120
16  4   0.1935326706   0.0657586264   0.1424856964   0.0036099785  -0.0084784581
16  5   0.0106947280   0.0022250018  -0.0042753425  -0.0003455676  -0.0024203793
16  6  -0.0018478247  -0.0006510351   0.0010408464  -0.0001544988  -0.0001942818
16  7  -0.0016422647   0.0001074988  -0.0008725566   0.0005574639   0.0003364569
16  8   0.0003705085  -0.0000901291   0.0001862937  -0.0001998158  -0.0001067747
16  9   0.0000351681   0.0000934259   0.0001140670  -0.0000322863  -0.0000630603
16 10  -0.0003692495   0.0002485159  -0.0005070121   0.0003018794   0.0085415813
16 11  -0.0083385639  -0.0721985670  -0.1191075516  -0.0745897542   0.0007714567
16 12   0.0005941335   0.0002863007   0.0019146381   0.0013040864   0.0010642500
16 13   0.0004895307  -0.0004893815   0.0003451853  -0.0006813172   0.0001403825
16 14   0.0001830610   0.0004665895   0.0005833739   0.0001311401  -0.0001104991
16 15   0.0000292881  -0.0000162163
17  1   0.0015599016  -0.0004061681  -0.0000220459  -0.0011975930  -0.0011044705
17  2   0.0013874523   0.0021623835   0.0045455560  -0.0036145149   0.0289209079
17  3  -0.0158034199   0.0083330601   0.0369324409  -0.1650166141   0.0795843788
17  4   0.0657586264   0.6216919636   0.0425428796   0.0166528213  -0.0430538696
17  5   0.0275524462  -0.0003492009   0.0010433401   0.0002345904  -0.0067497689
17  6  -0.0043425204  -0.0043151983   0.0002115558  -0.0000637560   0.0016240389
17  7  -0.0012279441   0.0012592254   0.0009293899   0.0002971343  -0.0005906597
17  8  -0.0009138532   0.0000005600  -0.0001245523   0.0000538088   0.0000714229
17  9  -0.0000752947  -0.0000814154   0.0001888181   0.0001605504   0.0000781905
17 10   0.0003094373  -0.0004389019   0.0002397822   0.0041677173  -0.0015044642
17 11   0.0071798333  -0.1504511338  -0.3955082372  -0.1617061584   0.0011289932
17 12   0.0028131519   0.0004606241   0.0004936583  -0.0013990345  -0.0002082021
17 13   0.0011418091  -0.0022788558   0.0012060506   0.0000065215   0.0002837433
17 14  -0.0007782898   0.0001329737  -0.0002419733  -0.0000804061  -0.0001620423
17 15   0.0001552614   0.0003135583
18  1  -0.0005005945   0.0000887020  -0.0000875864   0.0005567665   0.0004847104
18  2  -0.0001494420   0.0007092044  -0.0017072027   0.0022737759  -0.0099603478
18  3   0.0013899096   0.0114705229  -0.0447736643   0.0395052106  -0.1460816030
18  4   0.1424856964   0.0425428796   0.2326476726   0.0022076870   0.0016421991
18  5   0.0047504254   0.0002054296   0.0009648065   0.0015248178  -0.0009064798
18  6  -0.0019929439  -0.0011268375   0.0002043441   0.0011656243   0.0006313663
18  7  -0.0001488226  -0.0004787859  -0.0006940796  -0.0001269542   0.0005910633
18  8   0.0006939486   0.0000292446  -0.0000321377  -0.0000610551  -0.0002219779
18  9   0.0001280114   0.0000740901  -0.0000460801  -0.0000764721  -0.0000030593
18 10   0.0006648818  -0.0005146909   0.0007897802  -0.0204888469   0.0356305784
18 11  -0.0239698724  -0.0712056656  -0.1190460589  -0.0839508932   0.0010879429
18 12   0.0008899118   0.0011970529   0.0000112212   0.0001502690  -0.0014170217
18 13   0.0001205341  -0.0001126838   0.0001350966  -0.0000127570  -0.0011822472
18 14   0.0012684498   0.0000489282   0.0000647605   0.0001069844   0.0000603099
18 15  -0.0000954132  -0.0000225333
19  1   0.0003170717  -0.0003276696   0.0002084729  -0.0005483938   0.0005609206
19  2  -0.0001388659  -0.0006182580  -0.0010531688  -0.0009385548  -0.0358643425
19  3  -0.0191015317   0.0024409709  -0.0842385340  -0.0500210949  -0.0151266167
19  4   0.0036099785   0.0166528213   0.0022076870   0.4793130350  -0.0185162832
19  5   0.0013870116  -0.1897732607   0.0328177859   0.0344124632  -0.0876427233
19  6   0.0273602429  -0.0226157322  -0.0003010080  -0.0026067741   0.0037716734
19  7  -0.0213485773   0.0269670817  -0.0117095318   0.0010152576  -0.0001111083
19  8  -0.0001252679  -0.0000785252  -0.0000210735   0.0000106062   0.0001095189
19  9  -0.0000602458  -0.0000139972   0.0003132636   0.0001678448  -0.0000311254
19 10  -0.0002336911   0.0001282669  -0.0000385396   0.0021284387  -0.0008384421
19 11   0.0016818810  -0.0002582359   0.0035845314  -0.0035172415  -0.0491751513
19 12  -0.0025122030  -0.0102687580  -0.0220646461   0.0007625707   0.0110715179
19 13   0.0077283284  -0.0144534904   0.0073594668   0.0017835812   0.0003994935
19 14  -0.0015389588  -0.0034432963  -0.0001038876   0.0013130785  -0.0007298301
19 15   0.0003254132   0.0001983604
20  1   0.0003613671  -0.0007543342  -0.0000168865  -0.0003493219  -0.0007752928
20  2   0.0002264663  -0.0033333248   0.0051071897  -0.0019741126   0.0084819057
20  3   0.0094491531  -0.0010306902  -0.0347218357  -0.1432935115  -0.0158710670
20  4  -0.0084784581  -0.0430538696   0.0016421991  -0.0185162832   0.4994784055
20  5   0.0157857581  -0.0009499695  -0.0815868898   0.0150875251   0.0137785860
20  6  -0.1498322754   0.0357547716   0.0007883558   0.0060892869   0.0005808580
20  7   0.0074713189  -0.0003573187  -0.0044886517   0.0007706053  -0.0002919774
20  8   0.0008304105   0.0000237102  -0.0000630868   0.0001081515   0.0000510355
20  9   0.0000679401   0.0000054667  -0.0004697877  -0.0001149347   0.0000503354
20 10   0.0002049143  -0.0002875183   0.0001472457  -0.0058656524  -0.0057044103
20 11  -0.0031915486   0.0000376367  -0.0036592056   0.0032059894  -0.0011233071
20 12  -0.0624786282  -0.0484571193   0.0322928697  -0.0049485294  -0.0131963944
20 13   0.0136604779  -0.0256300740   0.0153690150  -0.0014994735   0.0021823452
20 14  -0.0007077103  -0.0027260191   0.0008328268   0.0000077846   0.0001106496
20 15  -0.0003752906   0.0001322037
21  1   0.0003310787   0.0000342490  -0.0003414818   0.0000677469   0.0002025220
21  2   0.0002783013   0.0000354715  -0.0002040554   0.0005489430   0.0148888028
21  3   0.0097401895   0.0025058361  -0.0233193802  -0.0310593661  -0.0956616033
21  4   0.0106947280   0.0275524462   0.0047504254   0.0013870116   0.0157857581
21  5   0.5967262561   0.0641923907   0.0015016594  -0.0981262724  -0.0092452705
21  6   0.0238814042  -0.0928189379  -0.0124467777   0.0279007007  -0.0412337671
21  7   0.0006275668  -0.0064970792   0.0136756428  -0.0034796670   0.0015181857
21  8  -0.0024969011   0.0000358272   0.0000484884   0.0000174140   0.0000488004
21  9  -0.0000205778  -0.0000499950   0.0001495535  -0.0000172112  -0.0000896098
21 10   0.0002967215  -0.0003882386   0.0000218981  -0.0165269420  -0.0288206452
21 11  -0.0048439852  -0.0009408132   0.0051876326  -0.0026773604  -0.0111559850
21 12  -0.0473405715  -0.2895154872  -0.0213181274   0.0032696222   0.0059966440
21 13   0.0032142706  -0.0042518519   0.0040581561  -0.0013159805   0.0019436775
21 14   0.0002107560   0.0036616011   0.0000240454  -0.0013426493   0.0001173722
21 15   0.0000090157   0.0004077775
22  1  -0.0010269361   0.0004360164  -0.0002480062   0.0007836057  -0.0002239436
22  2  -0.0001697715   0.0030623451  -0.0022372457   0.0025051158  -0.0098212621
22  3  -0.0069978296  -0.0003979076  -0.0393122853   0.0072950911   0.0133929652
22  4   0.0022250018  -0.0003492009   0.0002054296  -0.1897732607  -0.0009499695
22  5   0.0641923907   0.3834875303  -0.1728280081   0.0106513835  -0.0307983771
22  6   0.0086374441   0.0061082680   0.0016079814  -0.0004887505  -0.0002956965
22  7   0.0016256276   0.0028452019  -0.0041724455  -0.0006012968   0.0007634768
22  8   0.0010207628   0.0001091407  -0.0000358615   0.0000397196   0.0000090327
22  9   0.0000460041   0.0000131585  -0.0000415760   0.0000033949  -0.0000243864
22 10  -0.0001798289   0.0001244269  -0.0004092637   0.0019573803   0.0005312075
22 11  -0.0014950872   0.0005433871   0.0004680544   0.0000447626  -0.0169552799
22 12   0.0048522560   0.0113106118  -0.1062711802   0.1583674467  -0.1030485716
22 13   0.0013918754  -0.0000378207   0.0003630295  -0.0006658562  -0.0001187039
22 14   0.0002598886  -0.0014272729   0.0002175261   0.0004653425   0.0000715042
22 15  -0.0003202130  -0.0003116928
23  1  -0.0001883389   0.0003777434  -0.0000304862   0.0001480634   0.0001613666
23  2  -0.0001589466   0.0012951115  -0.0034326253   0.0012621747  -0.0099809803
23  3  -0.0024501108   0.0002912542  -0.0182076546   0.0053835524   0.0110608174
23  4  -0.0042753425   0.0010433401   0.0009648065   0.0328177859  -0.0815868898
23  5   0.0015016594  -0.1728280081   0.3672169961  -0.2130730402   0.0360112225
23  6  -0.0030949241  -0.0114023938   0.0000818092   0.0011651357  -0.0000589046
23  7  -0.0000143998  -0.0048963787   0.0052043881   0.0003785602   0.0001307215
23  8  -0.0003457570  -0.0000580439   0.0001316166  -0.0000816618  -0.0000777798
23  9  -0.0000212226   0.0000106788   0.0003824723   0.0001495625  -0.0000334817
23 10  -0.0001287146   0.0002882604  -0.0001564872   0.0014772032   0.0018753809
23 11   0.0007086166  -0.0001492544   0.0007994252  -0.0004140241   0.0093975239
23 12   0.0020737896  -0.0030367130   0.1224250856  -0.2874298220   0.2089808309
23 13  -0.0008079151   0.0023158896  -0.0011331422   0.0003082115  -0.0005140017
23 14   0.0003541149   0.0021348166   0.0000439195  -0.0005648794  -0.0001414337
23 15   0.0002692751   0.0001505762
24  1   0.0000462603  -0.0001226480   0.0000436671  -0.0001182175  -0.0000438066
24  2  -0.0001479493  -0.0002134197   0.0005454186  -0.0005750420   0.0000556131
24  3   0.0000480050   0.0028542489   0.0024324754   0.0010644256   0.0009004222
24  4  -0.0003455676   0.0002345904   0.0015248178   0.0344124632   0.0150875251
24  5  -0.0981262724   0.0106513835  -0.2130730402   0.2465488258  -0.0171509451
24  6   0.0024929662   0.0047076884  -0.0027915130   0.0005565681   0.0037207671
24  7  -0.0013682203   0.0029492284  -0.0041750836   0.0012501000  -0.0005577337
24  8   0.0015790408   0.0000179176  -0.0000221255   0.0000882811  -0.0001250792
24  9  -0.0000141241   0.0001263763  -0.0000126475   0.0000112586   0.0000314993
24 10   0.0000986086   0.0000130947   0.0001826454   0.0008884555   0.0024516912
24 11   0.0017384111   0.0004162843  -0.0003524147  -0.0001170003   0.0403262738
24 12  -0.0036619310  -0.0060137859  -0.0686466270   0.1930069056  -0.1554291399
24 13   0.0001509586  -0.0004417200   0.0002143767   0.0011404586  -0.0002268426
24 14  -0.0000171441  -0.0009652176   0.0000139279   0.0004643756  -0.0001497978
24 15   0.0000407809  -0.0001240262
25  1   0.0004727325   0.0000032156   0.0000118057   0.0003465965  -0.0011789353
25  2  -0.0010063002  -0.0242630048  -0.0105679137   0.0047041623  -0.0026429802
25  3   0.0061217213  -0.0008741507   0.0178413163  -0.0051941527   0.0088618149
25  4  -0.0024203793  -0.0067497689  -0.0009064798  -0.0876427233   0.0137785860
25  5  -0.0092452705  -0.0307983771   0.0360112225  -0.0171509451   0.4894101269
25  6   0.0730487422   0.0264834478  -0.0636241387  -0.0069641789   0.0221357837
25  7  -0.1649122356   0.0068716126   0.0026069824   0.0039207155  -0.0014129209
25  8   0.0015365221  -0.0000482305   0.0000561886  -0.0001147362  -0.0000283695
25  9  -0.0001810585  -0.0000549903  -0.0000802253   0.0002098654   0.0000719138
25 10   0.0001242881   0.0002513163  -0.0000427603  -0.0002148832  -0.0000290818
25 11  -0.0003391168   0.0000854760  -0.0016734176   0.0008482297   0.0018908230
25 12  -0.0006481042  -0.0015308947  -0.0069687774   0.0013686271   0.0031189890
25 13  -0.1114345879  -0.1037929623  -0.0296962530  -0.0033162989  -0.0010473374
25 14  -0.0123970845  -0.0179923405   0.0006174028   0.0032882837   0.0022954774
25 15   0.0011013317  -0.0003089528
26  1   0.0008187225   0.0006870622  -0.0003094985  -0.0009661641  -0.0074610016
26  2  -0.0012573622  -0.0346546865   0.0040265643   0.0088840618   0.0038711960
26  3   0.0027795768  -0.0006225701   0.0084243718  -0.0302735079   0.0158706739
26  4  -0.0018478247  -0.0043425204  -0.0019929439   0.0273602429  -0.1498322754
26  5   0.0238814042   0.0086374441  -0.0030949241   0.0024929662   0.0730487422
26  6   0.6009023607   0.0385843163  -0.0126517544  -0.0958592655   0.0144661111
26  7   0.0029443677  -0.0875795317   0.0087228778   0.0061148793  -0.0022028242
26  8  -0.0116635964   0.0001561906   0.0001099972  -0.0000741149   0.0003127298
26  9   0.0001131714   0.0000010155  -0.0021885870  -0.0000221178   0.0004917628
26 10   0.0006087246   0.0002513395  -0.0005418839   0.0002422794   0.0010790046
26 11  -0.0001640547   0.0000071176  -0.0006060571   0.0014554806  -0.0054219734
26 12   0.0070484841  -0.0037815128  -0.0006042646   0.0002103200   0.0001434007
26 13  -0.1073964848  -0.2343746124  -0.0482236447   0.0039056625  -0.0010667121
26 14  -0.0410160280   0.0261706279  -0.0003536789  -0.0040309223   0.0031084406
26 15  -0.0001388517  -0.0013159384
27  1  -0.0007510997  -0.0002872760  -0.0001883667  -0.0005659463  -0.0026960108
27  2  -0.0012997407  -0.0011785354   0.0083424714   0.0079242056   0.0003956570
27  3  -0.0015166970  -0.0014377380   0.0071576528   0.0038179183   0.0081197954
27  4  -0.0006510351  -0.0043151983  -0.0011268375  -0.0226157322   0.0357547716
27  5  -0.0928189379   0.0061082680  -0.0114023938   0.0047076884   0.0264834478
27  6   0.0385843163   0.4558957382   0.0112178166  -0.0279761448  -0.1944764103
27  7   0.0012563185   0.0006425768  -0.0639994830   0.0313465352  -0.0090846467
27  8  -0.0283969183   0.0000806207  -0.0002142529   0.0001150039   0.0003598745
27  9  -0.0000359197  -0.0001336789  -0.0011236324  -0.0001321337   0.0002090601
27 10  -0.0005349755  -0.0013044966  -0.0024004196  -0.0007274475  -0.0019113613
27 11  -0.0027343640  -0.0002232851  -0.0010525923   0.0011780713  -0.0113838181
27 12   0.0241005212  -0.0162282845   0.0036419576  -0.0012490880  -0.0019587699
27 13  -0.0338725288  -0.0543552604  -0.0577503160   0.0015272553   0.0036397150
27 14  -0.0165903796  -0.0180868248   0.0024622564   0.0040436003   0.0021394567
27 15   0.0001889253  -0.0006525183
28  1  -0.0002043132  -0.0000359001  -0.0000426040   0.0007695289   0.0005983781
28  2   0.0005909374  -0.0009251762   0.0003390936  -0.0039147604   0.0032926611
28  3  -0.0013845019   0.0005228773  -0.0038044497  -0.0003041297   0.0005002532
28  4   0.0010408464   0.0002115558   0.0002043441  -0.0003010080   0.0007883558
28  5  -0.0124467777   0.0016079814   0.0000818092  -0.0027915130  -0.0636241387
28  6  -0.0126517544   0.0112178166   0.0937779338   0.1287109888   0.0081264816
28  7   0.0032546329   0.0036044239   0.0320712416  -0.0067295488   0.0016361627
28  8   0.0077695317   0.0001278588  -0.0000581932   0.0001841962  -0.0002507747
28  9   0.0001085990   0.0002105395  -0.0000464421  -0.0001331937  -0.0000586000
28 10  -0.0003074376   0.0005179916   0.0020374082   0.0002693669  -0.0001137216
28 11  -0.0000230890  -0.0001468089   0.0001461469   0.0001261829  -0.0007051093
28 12   0.0030208723  -0.0014189765   0.0008853166  -0.0005435384  -0.0011491676
28 13   0.0051985714  -0.0001278296  -0.0140174762  -0.0356817056  -0.1228889735
28 14  -0.0276425837   0.0032638201  -0.0009506132   0.0002369262  -0.0007616053
28 15  -0.0005720286  -0.0002931886
29  1  -0.0001607538   0.0002972758  -0.0000571685   0.0006379024   0.0004388463
29  2   0.0004702787   0.0005264679  -0.0023508918  -0.0014320042  -0.0014499957
29  3   0.0012719531   0.0006383601   0.0002880587   0.0001164647  -0.0027710066
29  4  -0.0001544988  -0.0000637560   0.0011656243  -0.0026067741   0.0060892869
29  5   0.0279007007  -0.0004887505   0.0011651357   0.0005565681  -0.0069641789
29  6  -0.0958592655  -0.0279761448   0.1287109888   0.5099310867   0.1460810049
29  7   0.0004334794   0.0020516903  -0.0047517664   0.0030847149   0.0015918642
29  8  -0.0024617276  -0.0000256298   0.0000650498  -0.0000198297  -0.0003141954
29  9  -0.0000463472   0.0001208003   0.0003000105   0.0000980136  -0.0000762472
29 10  -0.0002889864   0.0006197245   0.0010811148   0.0006117254   0.0002696478
29 11   0.0019823714   0.0000499895   0.0001669129  -0.0002261916   0.0030511650
29 12  -0.0041058358   0.0027066882  -0.0007474178   0.0005292745   0.0005839646
29 13   0.0048140962  -0.0002352348  -0.0347298792  -0.1268410336  -0.4230898670
29 14  -0.1089157356  -0.0017171843   0.0003948916  -0.0006182908  -0.0007491996
29 15   0.0006540797   0.0007485163
30  1   0.0006092336  -0.0001004704   0.0005498653  -0.0002583126   0.0005306850
30  2   0.0004083851  -0.0017188000  -0.0021770872  -0.0017468319   0.0008046337
30  3   0.0008232908   0.0007608415  -0.0019349618  -0.0048235384  -0.0016118307
30  4  -0.0001942818   0.0016240389   0.0006313663   0.0037716734   0.0005808580
30  5  -0.0412337671  -0.0002956965  -0.0000589046   0.0037207671   0.0221357837
30  6   0.0144661111  -0.1944764103   0.0081264816   0.1460810049   0.3773539302
30  7   0.0036860678  -0.0007691330  -0.0299361657   0.0080384876  -0.0015125314
30  8  -0.0037351469  -0.0000866432   0.0000224101  -0.0000315062  -0.0004624337
30  9  -0.0002042248   0.0002450218   0.0003791533   0.0000920571  -0.0000252098
30 10   0.0008666942   0.0015400161   0.0009905120   0.0008795020   0.0018834993
30 11   0.0009251428   0.0001368179   0.0001195050   0.0000600274  -0.0024944137
30 12   0.0053081942  -0.0009295014   0.0006373320  -0.0006574562   0.0004276957
30 13   0.0012778843  -0.0062579147  -0.0263498273  -0.0423499848  -0.1566774185
30 14  -0.0881106358  -0.0007952787  -0.0011273456   0.0016558823  -0.0007589382
30 15   0.0012943543   0.0004573954
31  1   0.0007157926   0.0008886160   0.0001801314  -0.0199430291  -0.0334874198
31  2  -0.0034840502  -0.1054907325  -0.0407947695   0.0014986486   0.0041388803
31  3   0.0209204929  -0.0017131646   0.0062183109   0.0024373402  -0.0002678547
31  4  -0.0016422647  -0.0012279441  -0.0001488226  -0.0213485773   0.0074713189
31  5   0.0006275668   0.0016256276  -0.0000143998  -0.0013682203  -0.1649122356
31  6   0.0029443677   0.0012563185   0.0032546329   0.0004334794   0.0036860678
31  7   0.4845600923  -0.0347988930   0.0486959674  -0.0661311249  -0.0000735011
31  8   0.0210975913   0.0002995877  -0.0004784573  -0.0000495156   0.0013018379
31  9  -0.0001793634  -0.0002796208  -0.0054192716   0.0009897567   0.0020830543
31 10   0.0017485313   0.0025395347   0.0010865839  -0.0004072750  -0.0001626996
31 11   0.0002294853   0.0002764720  -0.0001996759   0.0001589679  -0.0000085097
31 12  -0.0001242533  -0.0002771320   0.0000277280   0.0000991696   0.0003825809
31 13  -0.0195700576   0.0017282291   0.0035949736   0.0013842058   0.0002541628
31 14  -0.0001179717  -0.0993574349   0.0750933197  -0.0646015491  -0.0013211865
31 15  -0.0042584108  -0.0122700361
32  1  -0.0001326938  -0.0022097146   0.0003224059  -0.0110354526   0.0037192194
32  2   0.0016222105  -0.0351789818  -0.1419198026  -0.0012205620  -0.0024771781
32  3  -0.0408590480   0.0087062121  -0.0014223034  -0.0019155407   0.0000382074
32  4   0.0001074988   0.0012592254  -0.0004787859   0.0269670817  -0.0003573187
32  5  -0.0064970792   0.0028452019  -0.0048963787   0.0029492284   0.0068716126
32  6  -0.0875795317   0.0006425768   0.0036044239   0.0020516903  -0.0007691330
32  7  -0.0347988930   0.5578585048  -0.0600121557  -0.0084615878  -0.0959548740
32  8   0.0011235150  -0.0000718840   0.0000218905   0.0004681656   0.0009966700
32  9  -0.0000242767  -0.0014315517   0.0029394228   0.0003970677  -0.0010740112
32 10  -0.0042706294  -0.0035231091  -0.0025767274   0.0001716967  -0.0003437998
32 11  -0.0003979933  -0.0001634839   0.0000793906  -0.0000109555  -0.0005079652
32 12   0.0006576078   0.0000391518   0.0016569425   0.0000517489  -0.0004839677
32 13  -0.0296175808   0.0027803300   0.0046318333   0.0018299157  -0.0005218427
32 14  -0.0011079423   0.0769970567  -0.1779944441   0.0994553256   0.0031511101
32 15  -0.0107769940  -0.0439379675
33  1   0.0003238653  -0.0002095107  -0.0011347461   0.0038616349   0.0104065278
33  2   0.0051497348  -0.0051807974  -0.0189799374  -0.0777653695   0.0035417012
33  3   0.0297166493  -0.0034188437   0.0019305319  -0.0007350356   0.0005029996
33  4  -0.0008725566   0.0009293899  -0.0006940796  -0.0117095318  -0.0044886517
33  5   0.0136756428  -0.0041724455   0.0052043881  -0.0041750836   0.0026069824
33  6   0.0087228778  -0.0639994830   0.0320712416  -0.0047517664  -0.0299361657
33  7   0.0486959674  -0.0600121557   0.5073965195   0.0092937287  -0.0460578032
33  8  -0.1981743445   0.0004050709   0.0007143143   0.0000832592   0.0011361372
33  9   0.0008618771  -0.0015265878   0.0023219453   0.0003302318  -0.0014161839
33 10  -0.0138986136  -0.0281212897  -0.0057067945  -0.0003921733  -0.0000131101
33 11  -0.0002596703   0.0001854957  -0.0001880759  -0.0000469959  -0.0005732157
33 12  -0.0000709808  -0.0016599249  -0.0015026450   0.0008201396   0.0008272235
33 13  -0.0063711217  -0.0008453919   0.0019830998   0.0020699279  -0.0003748472
33 14  -0.0007736667  -0.0654508653   0.1029180607  -0.1299214645   0.0016797352
33 15   0.0042240999  -0.0090090750
34  1  -0.0000578586  -0.0009845221  -0.0004772637  -0.0008379333   0.0008922127
34  2   0.0006772699   0.0023383060  -0.0048941359  -0.0181891520   0.0030560401
34  3  -0.0003774581   0.0006859231  -0.0031588861  -0.0009188644   0.0010548297
34  4   0.0005574639   0.0002971343  -0.0001269542   0.0010152576   0.0007706053
34  5  -0.0034796670  -0.0006012968   0.0003785602   0.0012501000   0.0039207155
34  6   0.0061148793   0.0313465352  -0.0067295488   0.0030847149   0.0080384876
34  7  -0.0661311249  -0.0084615878   0.0092937287   0.1052899650   0.1492190737
34  8  -0.0262858532   0.0003854782   0.0002019722   0.0003350522  -0.0004829931
34  9  -0.0004328713  -0.0016882983   0.0003006655  -0.0003235937  -0.0009116699
34 10  -0.0010712198  -0.0036800259  -0.0001266628   0.0002506918   0.0002346235
34 11  -0.0000172765  -0.0000082866   0.0000643571   0.0000614835  -0.0005562051
34 12   0.0004130725   0.0019041889   0.0001967978  -0.0003808770  -0.0001480246
34 13   0.0032871659   0.0010175123  -0.0000080482  -0.0011027466  -0.0003687638
34 14   0.0004024665   0.0054734774  -0.0052365449  -0.0119086046  -0.0453339249
34 15  -0.1366294731   0.0083174097
35  1  -0.0006864565   0.0014692092   0.0000384289   0.0015071992  -0.0005391665
35  2   0.0004152443   0.0007066102  -0.0155467599  -0.0425449610   0.0006280860
35  3   0.0013956436  -0.0002977186  -0.0012025523   0.0013641549  -0.0001040795
35  4   0.0003364569  -0.0005906597   0.0005910633  -0.0001111083  -0.0002919774
35  5   0.0015181857   0.0007634768   0.0001307215  -0.0005577337  -0.0014129209
35  6  -0.0022028242  -0.0090846467   0.0016361627   0.0015918642  -0.0015125314
35  7  -0.0000735011  -0.0959548740  -0.0460578032   0.1492190737   0.5684183229
35  8   0.0801712636  -0.0000406610  -0.0002963215  -0.0002012821  -0.0008406624
35  9  -0.0006232749  -0.0006148510   0.0002198043   0.0001417960  -0.0002916649
35 10  -0.0032277284  -0.0067864124  -0.0010092377  -0.0000997042  -0.0000522770
35 11  -0.0000983534  -0.0000066164   0.0002075642  -0.0001493922   0.0007427007
35 12  -0.0007493980  -0.0009360014  -0.0002162233   0.0000418227  -0.0000242729
35 13   0.0010844802   0.0016435234   0.0011893072  -0.0004411105   0.0002019458
35 14   0.0005193710  -0.0050853771   0.0111609850   0.0136853523  -0.1433994281
35 15  -0.4641336079   0.0053563136
36  1  -0.0006209238   0.0004462486   0.0007988958   0.0018497874   0.0001404023
36  2  -0.0012745295  -0.0034259547  -0.0099105881  -0.0162676853   0.0013002494
36  3  -0.0014271960   0.0031257482  -0.0007534575   0.0006467624  -0.0006600593
36  4   0.0003705085  -0.0009138532   0.0006939486  -0.0001252679   0.0008304105
36  5  -0.0024969011   0.0010207628  -0.0003457570   0.0015790408   0.0015365221
36  6  -0.0116635964  -0.0283969183   0.0077695317  -0.0024617276  -0.0037351469
36  7   0.0210975913   0.0011235150  -0.1981743445  -0.0262858532   0.0801712636
36  8   0.3178712330  -0.0001359381  -0.0003913446  -0.0000608971  -0.0005799469
36  9  -0.0000372255   0.0009649729  -0.0000260951   0.0001360292   0.0005435975
36 10   0.0000011401  -0.0008032657   0.0013409843   0.0000889405   0.0004001656
36 11   0.0003035877   0.0000083508   0.0000293660   0.0000392549   0.0006823583
36 12  -0.0008961853   0.0011129765   0.0001491859  -0.0002081078  -0.0000985802
36 13  -0.0015708063   0.0019742463   0.0010320248   0.0002094384   0.0007686108
36 14   0.0002401878   0.0034398336  -0.0135784510  -0.0386126655  -0.0059999573
36 15  -0.0440297222  -0.0398687250
37  1  -0.4443715778   0.0376766437   0.1463233896  -0.0191552479  -0.0017899277
37  2   0.0101960264  -0.0000320092   0.0029824529  -0.0035209697  -0.0009665600
37  3  -0.0001208092   0.0005768355   0.0000167642   0.0002142843  -0.0002984930
37  4  -0.0000901291   0.0000005600   0.0000292446  -0.0000785252   0.0000237102
37  5   0.0000358272   0.0001091407  -0.0000580439   0.0000179176  -0.0000482305
37  6   0.0001561906   0.0000806207   0.0001278588  -0.0000256298  -0.0000866432
37  7   0.0002995877  -0.0000718840   0.0004050709   0.0003854782  -0.0000406610
37  8  -0.0001359381   0.4610888029  -0.0368231780  -0.1545625416   0.0011239577
37  9  -0.0016095284   0.0002517972   0.0014494692  -0.0006029229   0.0008991677
37 10   0.0004230173  -0.0000431436  -0.0000772181   0.0000153944  -0.0000076937
37 11   0.0000113637  -0.0000327016   0.0000147508   0.0000014752  -0.0000192933
37 12   0.0000102570  -0.0000179591  -0.0000125573   0.0000138597   0.0000010644
37 13   0.0000406381  -0.0000096005  -0.0000077055  -0.0000545217   0.0000149759
37 14   0.0000369684  -0.0001259452   0.0001009167  -0.0000841934  -0.0000928104
37 15  -0.0000055790  -0.0000751073
38  1   0.0051871046  -0.0202307960   0.0188872028   0.0302194031  -0.0045651235
38  2  -0.0085737111   0.0001534743  -0.0037391125   0.0031958837   0.0018584988
38  3  -0.0003049943  -0.0003053008  -0.0000197723   0.0000313583   0.0003599759
38  4   0.0001862937  -0.0001245523  -0.0000321377  -0.0000210735  -0.0000630868
38  5   0.0000484884  -0.0000358615   0.0001316166  -0.0000221255   0.0000561886
38  6   0.0001099972  -0.0002142529  -0.0000581932   0.0000650498   0.0000224101
38  7  -0.0004784573   0.0000218905   0.0007143143   0.0002019722  -0.0002963215
38  8  -0.0003913446  -0.0368231780   0.0277254113  -0.0133446420  -0.0006183529
38  9   0.0010713627   0.0005305808   0.0005966373  -0.0002704375  -0.0007953064
38 10  -0.0003523808  -0.0000895103   0.0000791787   0.0000169240  -0.0000193190
38 11  -0.0000430114   0.0000537704   0.0000178707   0.0000002942  -0.0000093284
38 12   0.0000036698  -0.0000121558  -0.0000005112   0.0000182853   0.0000107133
38 13  -0.0000614250  -0.0000080743  -0.0000039959   0.0000564550  -0.0000189316
38 14   0.0000016394   0.0000715225   0.0004549546  -0.0001490429  -0.0001797106
38 15   0.0000787929   0.0000363453
39  1   0.1856985333   0.0050552712  -0.0890768246  -0.0281210311   0.0049169314
39  2   0.0051349350  -0.0006053200   0.0023843085  -0.0034300866  -0.0016130178
39  3   0.0003262130   0.0006205461   0.0001300006   0.0002437791  -0.0001136757
39  4  -0.0001998158   0.0000538088  -0.0000610551   0.0000106062   0.0001081515
39  5   0.0000174140   0.0000397196  -0.0000816618   0.0000882811  -0.0001147362
39  6  -0.0000741149   0.0001150039   0.0001841962  -0.0000198297  -0.0000315062
39  7  -0.0000495156   0.0004681656   0.0000832592   0.0003350522  -0.0002012821
39  8  -0.0000608971  -0.1545625416  -0.0133446420   0.0858822581  -0.0011201928
39  9  -0.0002149658   0.0001877070   0.0004363334   0.0004533129   0.0001633025
39 10  -0.0000945970   0.0001483208   0.0003959363  -0.0000234505  -0.0000068508
39 11   0.0000190531   0.0000052167  -0.0000095772   0.0000100169  -0.0000235228
39 12  -0.0000024589  -0.0000093113   0.0000104624   0.0000163163   0.0000241032
39 13  -0.0000157253  -0.0000174655   0.0000147990  -0.0000349266   0.0000371732
39 14   0.0000159705  -0.0001168608  -0.0002281256   0.0000325058  -0.0001548668
39 15  -0.0000107780  -0.0000217352
40  1  -0.0018577090   0.0030631838  -0.0242684784  -0.0535558788   0.0017213664
40  2   0.0126525577  -0.0023779371   0.0095432760   0.0334811573   0.0017617192
40  3  -0.0009650129  -0.0007533583   0.0000238572   0.0000998807   0.0002988255
40  4  -0.0001067747   0.0000714229  -0.0002219779   0.0001095189   0.0000510355
40  5   0.0000488004   0.0000090327  -0.0000777798  -0.0001250792  -0.0000283695
40  6   0.0003127298   0.0003598745  -0.0002507747  -0.0003141954  -0.0004624337
40  7   0.0013018379   0.0009966700   0.0011361372  -0.0004829931  -0.0008406624
40  8  -0.0005799469   0.0011239577  -0.0006183529  -0.0011201928   0.0569629974
40  9  -0.0074847925  -0.0090349535   0.0028530330  -0.0053449434  -0.0119248588
40 10  -0.0059780965   0.0000273967   0.0016221142   0.0000487969  -0.0000734878
40 11  -0.0003514188  -0.0000106313  -0.0000362013   0.0000323547  -0.0000706885
40 12   0.0000062130  -0.0000617489   0.0000194747   0.0000193189   0.0000096336
40 13  -0.0000354603  -0.0000742084  -0.0000406630   0.0003453083  -0.0000427630
40 14  -0.0001855843  -0.0001324769  -0.0001402414  -0.0001050908   0.0003282564
40 15   0.0001001475  -0.0004056698
41  1   0.0051730886   0.0016489308   0.0335380240   0.0035248827  -0.0748577577
41  2  -0.0768061733  -0.0005495523   0.0012962741   0.0003635863   0.0001669542
41  3   0.0002434827   0.0001607187  -0.0000140359  -0.0000008390  -0.0000432043
41  4   0.0000351681  -0.0000752947   0.0001280114  -0.0000602458   0.0000679401
41  5  -0.0000205778   0.0000460041  -0.0000212226  -0.0000141241  -0.0001810585
41  6   0.0001131714  -0.0000359197   0.0001085990  -0.0000463472  -0.0002042248
41  7  -0.0001793634  -0.0000242767   0.0008618771  -0.0004328713  -0.0006232749
41  8  -0.0000372255  -0.0016095284   0.0010713627  -0.0002149658  -0.0074847925
41  9   0.0772071562   0.0695128796   0.0010592830  -0.0065300851  -0.0278360608
41 10   0.0003065043   0.0004876272   0.0006702200  -0.0000206940  -0.0000066080
41 11   0.0000785175   0.0000150783   0.0000143659  -0.0000412931  -0.0000050768
41 12   0.0000289870  -0.0000103773   0.0000029310   0.0000116841  -0.0000099315
41 13   0.0000200670   0.0000013116   0.0000224576  -0.0000111871   0.0000122963
41 14   0.0000144901   0.0000771480   0.0000036074  -0.0000897041   0.0000126977
41 15  -0.0000224918   0.0000130000
42  1  -0.0080147049   0.0068644357  -0.0194833705   0.0141264407  -0.0696701613
42  2  -0.2825475872   0.0026396066  -0.0027475255  -0.0113848471  -0.0000926920
42  3  -0.0001186949   0.0010196566   0.0001668478   0.0000035997   0.0003771282
42  4   0.0000934259  -0.0000814154   0.0000740901  -0.0000139972   0.0000054667
42  5  -0.0000499950   0.0000131585   0.0000106788   0.0001263763  -0.0000549903
42  6   0.0000010155  -0.0001336789   0.0002105395   0.0001208003   0.0002450218
42  7  -0.0002796208  -0.0014315517  -0.0015265878  -0.0016882983  -0.0006148510
42  8   0.0009649729   0.0002517972   0.0005305808   0.0001877070  -0.0090349535
42  9   0.0695128796   0.3132795209   0.0008743293  -0.0027266751  -0.0019585286
42 10   0.0013082856   0.0001945228   0.0002931881  -0.0002312167   0.0000874858
42 11   0.0000796463   0.0000203040   0.0000088888  -0.0000295159   0.0000442343
42 12  -0.0000122331   0.0000454524   0.0000008134  -0.0000065179   0.0000014445
42 13   0.0000660368   0.0000574748   0.0000270780  -0.0001562642   0.0000463542
42 14   0.0000469179  -0.0000293785  -0.0000701279   0.0000771621  -0.0002197032
42 15   0.0000355704   0.0002687479
43  1   0.0067106054   0.0255544142  -0.0030858622  -0.0906142306  -0.0904549526
43  2  -0.0120391647  -0.0149289129  -0.0310255878  -0.0046908018   0.0023610022
43  3   0.0000282479   0.0003161055  -0.0002101648   0.0001729286   0.0001003648
43  4   0.0001140670   0.0001888181  -0.0000460801   0.0003132636  -0.0004697877
43  5   0.0001495535  -0.0000415760   0.0003824723  -0.0000126475  -0.0000802253
43  6  -0.0021885870  -0.0011236324  -0.0000464421   0.0003000105   0.0003791533
43  7  -0.0054192716   0.0029394228   0.0023219453   0.0003006655   0.0002198043
43  8  -0.0000260951   0.0014494692   0.0005966373   0.0004363334   0.0028530330
43  9   0.0010592830   0.0008743293   0.0964596738   0.0923905167   0.0160898254
43 10   0.0014727461   0.0001577807   0.0000363298   0.0000241022  -0.0000128038
43 11  -0.0000264144  -0.0000979403   0.0000310921   0.0000087138   0.0000065661
43 12  -0.0000007858   0.0000053239  -0.0000487166  -0.0000187161   0.0000026948
43 13  -0.0006876097   0.0001180734   0.0001853995   0.0000374321  -0.0000681791
43 14  -0.0000096673   0.0001314379   0.0000320119   0.0001185914  -0.0000589743
43 15   0.0000678860   0.0000357018
44  1   0.0043781437  -0.0266104362   0.0097027469  -0.0914769892  -0.2523985427
44  2  -0.0367047083  -0.0007264470  -0.0015640900  -0.0007706889   0.0007759946
44  3   0.0013427065  -0.0003410999  -0.0002021494   0.0003701784   0.0001005342
44  4  -0.0000322863   0.0001605504  -0.0000764721   0.0001678448  -0.0001149347
44  5  -0.0000172112   0.0000033949   0.0001495625   0.0000112586   0.0002098654
44  6  -0.0000221178  -0.0001321337  -0.0001331937   0.0000980136   0.0000920571
44  7   0.0009897567   0.0003970677   0.0003302318  -0.0003235937   0.0001417960
44  8   0.0001360292  -0.0006029229  -0.0002704375   0.0004533129  -0.0053449434
44  9  -0.0065300851  -0.0027266751   0.0923905167   0.2841401953   0.0295493771
44 10  -0.0001518706   0.0006776282   0.0003977438  -0.0000127295  -0.0000149677
44 11  -0.0000109446  -0.0000578824  -0.0000023695   0.0000136232  -0.0000042537
44 12   0.0000004834   0.0000119878  -0.0000207037  -0.0000121318  -0.0000039440
44 13  -0.0000092079   0.0000483399   0.0000037131   0.0000623889  -0.0000512057
44 14  -0.0000124830   0.0000546071   0.0000450516  -0.0001128838   0.0000666607
44 15   0.0000197453   0.0001066290
45  1   0.0032984184   0.0269231342   0.0005833275  -0.0158090802  -0.0388323021
45  2  -0.0599529921   0.0082179308   0.0111351192   0.0014381093  -0.0013757530
45  3   0.0001149292   0.0001061737   0.0000644285   0.0000055398  -0.0001081824
45  4  -0.0000630603   0.0000781905  -0.0000030593  -0.0000311254   0.0000503354
45  5  -0.0000896098  -0.0000243864  -0.0000334817   0.0000314993   0.0000719138
45  6   0.0004917628   0.0002090601  -0.0000586000  -0.0000762472  -0.0000252098
45  7   0.0020830543  -0.0010740112  -0.0014161839  -0.0009116699  -0.0002916649
45  8   0.0005435975   0.0008991677  -0.0007953064   0.0001633025  -0.0119248588
45  9  -0.0278360608  -0.0019585286   0.0160898254   0.0295493771   0.0595896366
45 10  -0.0004968328   0.0005952685   0.0006567452   0.0000236498  -0.0000018768
45 11  -0.0000305132  -0.0000212700  -0.0000138411   0.0000440153   0.0000232534
45 12  -0.0000117455   0.0000322575   0.0000083682  -0.0000054825   0.0000052168
45 13   0.0001974854   0.0000362453  -0.0000316066   0.0000383282   0.0000044278
45 14  -0.0000095933  -0.0001546274  -0.0000463787   0.0000655342  -0.0001445598
45 15   0.0000340692   0.0001570036
46  1   0.0021276867  -0.0008622625  -0.0013263115  -0.0028683513   0.0085476087
46  2   0.0337615014  -0.0520358478  -0.0009682249   0.0055967123  -0.0035756947
46  3   0.0039084508  -0.0200505926   0.0027776455  -0.0013829557  -0.0047662249
46  4  -0.0003692495   0.0003094373   0.0006648818  -0.0002336911   0.0002049143
46  5   0.0002967215  -0.0001798289  -0.0001287146   0.0000986086   0.0001242881
46  6   0.0006087246  -0.0005349755  -0.0003074376  -0.0002889864   0.0008666942
46  7   0.0017485313  -0.0042706294  -0.0138986136  -0.0010712198  -0.0032277284
46  8   0.0000011401   0.0004230173  -0.0003523808  -0.0000945970  -0.0059780965
46  9   0.0003065043   0.0013082856   0.0014727461  -0.0001518706  -0.0004968328
46 10   0.0578826935  -0.0019217202  -0.0025529998   0.0005633336   0.0000096034
46 11   0.0009536261   0.0000412677  -0.0000056742  -0.0000221816   0.0001503103
46 12   0.0000029768   0.0000929673   0.0000092171   0.0000083841  -0.0000013492
46 13   0.0001904234   0.0000132284  -0.0000594222  -0.0014140551  -0.0003069482
46 14   0.0004955745   0.0005027867   0.0002321842   0.0005556981   0.0000195249
46 15  -0.0002839211  -0.0008883108
47  1   0.0001116031  -0.0000368773  -0.0000716881  -0.0013939535   0.0008252039
47  2   0.0005491028  -0.0002585077  -0.0695412289  -0.0654479641   0.0077908562
47  3  -0.0002109138   0.0322517873  -0.0034044010   0.0015218912   0.0035802852
47  4   0.0002485159  -0.0004389019  -0.0005146909   0.0001282669  -0.0002875183
47  5  -0.0003882386   0.0001244269   0.0002882604   0.0000130947   0.0002513163
47  6   0.0002513395  -0.0013044966   0.0005179916   0.0006197245   0.0015400161
47  7   0.0025395347  -0.0035231091  -0.0281212897  -0.0036800259  -0.0067864124
47  8  -0.0008032657  -0.0000431436  -0.0000895103   0.0001483208   0.0000273967
47  9   0.0004876272   0.0001945228   0.0001577807   0.0006776282   0.0005952685
47 10  -0.0019217202   0.0763149621   0.0601256317  -0.0004916333   0.0000201344
47 11  -0.0010987136   0.0000306804   0.0000333015   0.0000133887   0.0000314650
47 12  -0.0002085348   0.0000820151  -0.0000842807  -0.0000202773   0.0000012266
47 13   0.0001479541  -0.0000122950   0.0000534113  -0.0010733692   0.0001113442
47 14   0.0002648546   0.0007147156   0.0003975419   0.0001976983  -0.0004714693
47 15  -0.0003933799  -0.0018602769
48  1  -0.0003503071  -0.0001814699   0.0015923065   0.0015564931  -0.0035727124
48  2  -0.0129926445   0.0057024414  -0.0657019216  -0.2665883120  -0.0099114259
48  3   0.0114684176  -0.0219994982   0.0045798834  -0.0013126527  -0.0006508036
48  4  -0.0005070121   0.0002397822   0.0007897802  -0.0000385396   0.0001472457
48  5   0.0000218981  -0.0004092637  -0.0001564872   0.0001826454  -0.0000427603
48  6  -0.0005418839  -0.0024004196   0.0020374082   0.0010811148   0.0009905120
48  7   0.0010865839  -0.0025767274  -0.0057067945  -0.0001266628  -0.0010092377
48  8   0.0013409843  -0.0000772181   0.0000791787   0.0003959363   0.0016221142
48  9   0.0006702200   0.0002931881   0.0000363298   0.0003977438   0.0006567452
48 10  -0.0025529998   0.0601256317   0.3021058968  -0.0018785205   0.0007293141
48 11   0.0009701113   0.0001489572  -0.0000519857  -0.0002113556   0.0001956820
48 12   0.0000352799   0.0001389977   0.0000635506   0.0000063982   0.0000183185
48 13  -0.0001369844   0.0000644527   0.0001766477  -0.0007328642   0.0005300303
48 14   0.0005747259  -0.0002276634  -0.0007178091   0.0004879120  -0.0000372219
48 15   0.0002480781  -0.0001867780
49  1  -0.0002843253   0.0001581445  -0.0002738342   0.0001469491  -0.0000505071
49  2  -0.0000713120   0.0028416057  -0.0038706366   0.0058301823  -0.0190509553
49  3   0.0159882178   0.0362716380  -0.0474348647  -0.0070876387  -0.0119664269
49  4   0.0003018794   0.0041677173  -0.0204888469   0.0021284387  -0.0058656524
49  5  -0.0165269420   0.0019573803   0.0014772032   0.0008884555  -0.0002148832
49  6   0.0002422794  -0.0007274475   0.0002693669   0.0006117254   0.0008795020
49  7  -0.0004072750   0.0001716967  -0.0003921733   0.0002506918  -0.0000997042
49  8   0.0000889405   0.0000153944   0.0000169240  -0.0000234505   0.0000487969
49  9  -0.0000206940  -0.0002312167   0.0000241022  -0.0000127295   0.0000236498
49 10   0.0005633336  -0.0004916333  -0.0018785205   0.0605084880  -0.0019833522
49 11   0.0076480313  -0.0004721155  -0.0007184697   0.0010319968  -0.0017870726
49 12  -0.0024983221  -0.0001937708   0.0000950558   0.0000320019  -0.0002561103
49 13   0.0000170595  -0.0000725773   0.0001929022   0.0003813683  -0.0003746340
49 14   0.0002690048   0.0002058833   0.0001976985   0.0000162110  -0.0001043021
49 15   0.0000829422  -0.0001104626
50  1   0.0000656442  -0.0000214608   0.0000828157   0.0001330399   0.0000551665
50  2  -0.0000141684  -0.0005780220   0.0012605181  -0.0019133889   0.0055265744
50  3   0.0028766690  -0.0038827838  -0.0091468969  -0.0793041101  -0.0722955761
50  4   0.0085415813  -0.0015044642   0.0356305784  -0.0008384421  -0.0057044103
50  5  -0.0288206452   0.0005312075   0.0018753809   0.0024516912  -0.0000290818
50  6   0.0010790046  -0.0019113613  -0.0001137216   0.0002696478   0.0018834993
50  7  -0.0001626996  -0.0003437998  -0.0000131101   0.0002346235  -0.0000522770
50  8   0.0004001656  -0.0000076937  -0.0000193190  -0.0000068508  -0.0000734878
50  9  -0.0000066080   0.0000874858  -0.0000128038  -0.0000149677  -0.0000018768
50 10   0.0000096034   0.0000201344   0.0007293141  -0.0019833522   0.0827266290
50 11   0.0654060006   0.0005707995   0.0033154694   0.0010576827  -0.0028886679
50 12  -0.0043621505  -0.0002951652  -0.0001864441  -0.0003677910  -0.0000530512
50 13   0.0000023403   0.0001348450   0.0001988286   0.0003438683  -0.0019396540
50 14   0.0012246183   0.0001352758  -0.0000283663   0.0000332798  -0.0000732445
50 15   0.0000559140   0.0000220177
51  1   0.0005038675  -0.0001675669   0.0000603985  -0.0002520639  -0.0001123216
51  2   0.0007827708  -0.0016759247   0.0021411193  -0.0007048394   0.0155217562
51  3  -0.0063996672  -0.0119796987  -0.0137970686  -0.0642447744  -0.2544287397
51  4  -0.0083385639   0.0071798333  -0.0239698724   0.0016818810  -0.0031915486
51  5  -0.0048439852  -0.0014950872   0.0007086166   0.0017384111  -0.0003391168
51  6  -0.0001640547  -0.0027343640  -0.0000230890   0.0019823714   0.0009251428
51  7   0.0002294853  -0.0003979933  -0.0002596703  -0.0000172765  -0.0000983534
51  8   0.0003035877   0.0000113637  -0.0000430114   0.0000190531  -0.0003514188
51  9   0.0000785175   0.0000796463  -0.0000264144  -0.0000109446  -0.0000305132
51 10   0.0009536261  -0.0010987136   0.0009701113   0.0076480313   0.0654060006
51 11   0.2916132780  -0.0005450369  -0.0003291959   0.0005674834  -0.0000304617
51 12  -0.0003083806   0.0005583529   0.0001922292   0.0000107830  -0.0003313002
51 13   0.0000106830  -0.0001783470   0.0004022980   0.0001234864  -0.0005915868
51 14   0.0012274417   0.0000300222  -0.0001962161  -0.0000046810  -0.0000149094
51 15   0.0000254348   0.0000396884
52  1   0.0001033557  -0.0001221610   0.0001972844  -0.0000485648   0.0003577635
52  2  -0.0000560151  -0.0012057631   0.0001627481  -0.0004854737  -0.0008077133
52  3   0.0004506736  -0.0001306180   0.0059363802   0.0196722848   0.0045822804
52  4  -0.0721985670  -0.1504511338  -0.0712056656  -0.0002582359   0.0000376367
52  5  -0.0009408132   0.0005433871  -0.0001492544   0.0004162843   0.0000854760
52  6   0.0000071176  -0.0002232851  -0.0001468089   0.0000499895   0.0001368179
52  7   0.0002764720  -0.0001634839   0.0001854957  -0.0000082866  -0.0000066164
52  8   0.0000083508  -0.0000327016   0.0000537704   0.0000052167  -0.0000106313
52  9   0.0000150783   0.0000203040  -0.0000979403  -0.0000578824  -0.0000212700
52 10   0.0000412677   0.0000306804   0.0001489572  -0.0004721155   0.0005707995
52 11  -0.0005450369   0.0675410512   0.1296599171   0.0685492214  -0.0000714170
52 12   0.0001233073   0.0001128877   0.0007100008  -0.0000166119  -0.0008037259
52 13   0.0000068098  -0.0000082733   0.0000318002   0.0001396864  -0.0001014242
52 14   0.0000177956  -0.0000461876  -0.0001139139  -0.0000193698   0.0000210461
52 15  -0.0000010118   0.0000185769
53  1  -0.0003476000   0.0001512256  -0.0000777561   0.0003003086   0.0001532490
53  2  -0.0000531316   0.0001364013  -0.0007399889   0.0005913909  -0.0010940355
53  3   0.0022810433  -0.0008592026  -0.0112645262  -0.0309826453  -0.0115844311
53  4  -0.1191075516  -0.3955082372  -0.1190460589   0.0035845314  -0.0036592056
53  5   0.0051876326   0.0004680544   0.0007994252  -0.0003524147  -0.0016734176
53  6  -0.0006060571  -0.0010525923   0.0001461469   0.0001669129   0.0001195050
53  7  -0.0001996759   0.0000793906  -0.0001880759   0.0000643571   0.0002075642
53  8   0.0000293660   0.0000147508   0.0000178707  -0.0000095772  -0.0000362013
53  9   0.0000143659   0.0000088888   0.0000310921  -0.0000023695  -0.0000138411
53 10  -0.0000056742   0.0000333015  -0.0000519857  -0.0007184697   0.0033154694
53 11  -0.0003291959   0.1296599171   0.4240460296   0.1271616764   0.0002914022
53 12   0.0007551934   0.0001015438  -0.0005510633  -0.0001661786  -0.0000449395
53 13   0.0002846894  -0.0002938902   0.0002212227  -0.0000563164  -0.0001715701
53 14   0.0002438988   0.0000739060   0.0001218360   0.0000177593  -0.0000010257
53 15  -0.0000127346  -0.0000196817
54  1  -0.0000448045   0.0000861855  -0.0000323210  -0.0000108150  -0.0000469113
54  2  -0.0000437389   0.0001528416   0.0001237379   0.0004142030  -0.0001523606
54  3  -0.0008643260  -0.0007836171   0.0074787823   0.0294521298   0.0044666132
54  4  -0.0745897542  -0.1617061584  -0.0839508932  -0.0035172415   0.0032059894
54  5  -0.0026773604   0.0000447626  -0.0004140241  -0.0001170003   0.0008482297
54  6   0.0014554806   0.0011780713   0.0001261829  -0.0002261916   0.0000600274
54  7   0.0001589679  -0.0000109555  -0.0000469959   0.0000614835  -0.0001493922
54  8   0.0000392549   0.0000014752   0.0000002942   0.0000100169   0.0000323547
54  9  -0.0000412931  -0.0000295159   0.0000087138   0.0000136232   0.0000440153
54 10  -0.0000221816   0.0000133887  -0.0002113556   0.0010319968   0.0010576827
54 11   0.0005674834   0.0685492214   0.1271616764   0.0811765828  -0.0000199636
54 12   0.0001643057   0.0003668565   0.0001911837   0.0001653308  -0.0000780394
54 13  -0.0002066172   0.0003931260  -0.0002945316  -0.0001066807   0.0001475500
54 14  -0.0000692700  -0.0000113903   0.0000198668   0.0000114764  -0.0000043871
54 15  -0.0000011155   0.0000000379
55  1  -0.0000070968  -0.0000003964   0.0000604177   0.0000511572  -0.0000432925
55  2  -0.0001066111  -0.0001123558   0.0000568725  -0.0003260241   0.0012856322
55  3   0.0008757224   0.0006066901   0.0001348440  -0.0055689877  -0.0195011702
55  4   0.0007714567   0.0011289932   0.0010879429  -0.0491751513  -0.0011233071
55  5  -0.0111559850  -0.0169552799   0.0093975239   0.0403262738   0.0018908230
55  6  -0.0054219734  -0.0113838181  -0.0007051093   0.0030511650  -0.0024944137
55  7  -0.0000085097  -0.0005079652  -0.0005732157  -0.0005562051   0.0007427007
55  8   0.0006823583  -0.0000192933  -0.0000093284  -0.0000235228  -0.0000706885
55  9  -0.0000050768   0.0000442343   0.0000065661  -0.0000042537   0.0000232534
55 10   0.0001503103   0.0000314650   0.0001956820  -0.0017870726  -0.0028886679
55 11  -0.0000304617  -0.0000714170   0.0002914022  -0.0000199636   0.0630871511
55 12   0.0007148934   0.0000912485   0.0015528285  -0.0009471294   0.0009438670
55 13   0.0005706019   0.0000420667   0.0007337026  -0.0000327572   0.0000262154
55 14   0.0005891460   0.0001082315  -0.0000097340   0.0001377173  -0.0001086659
55 15   0.0001710919   0.0000926521
56  1  -0.0000087900   0.0000211732  -0.0000166995  -0.0000041329   0.0000574717
56  2   0.0000067441   0.0002046053  -0.0000197227   0.0000052525   0.0015694781
56  3   0.0014081211   0.0019716482  -0.0051543967  -0.0096755630  -0.0327786151
56  4   0.0005941335   0.0028131519   0.0008899118  -0.0025122030  -0.0624786282
56  5  -0.0473405715   0.0048522560   0.0020737896  -0.0036619310  -0.0006481042
56  6   0.0070484841   0.0241005212   0.0030208723  -0.0041058358   0.0053081942
56  7  -0.0001242533   0.0006576078  -0.0000709808   0.0004130725  -0.0007493980
56  8  -0.0008961853   0.0000102570   0.0000036698  -0.0000024589   0.0000062130
56  9   0.0000289870  -0.0000122331  -0.0000007858   0.0000004834  -0.0000117455
56 10   0.0000029768  -0.0002085348   0.0000352799  -0.0024983221  -0.0043621505
56 11  -0.0003083806   0.0001233073   0.0007551934   0.0001643057   0.0007148934
56 12   0.0667259223   0.0538332274   0.0002162446   0.0001144693  -0.0010896277
56 13  -0.0007853401   0.0007971945  -0.0000243907  -0.0001732577  -0.0005726383
56 14  -0.0002092124  -0.0002059633  -0.0000172691   0.0000440663   0.0003872392
56 15  -0.0003159787   0.0000638807
57  1   0.0000124161   0.0000092751   0.0001243847  -0.0000059594  -0.0000178665
57  2   0.0000040433  -0.0001750239   0.0000218999  -0.0002148222  -0.0004788925
57  3   0.0007893939   0.0015416756  -0.0007613215  -0.0021712950  -0.0085016115
57  4   0.0002863007   0.0004606241   0.0011970529  -0.0102687580  -0.0484571193
57  5  -0.2895154872   0.0113106118  -0.0030367130  -0.0060137859  -0.0015308947
57  6  -0.0037815128  -0.0162282845  -0.0014189765   0.0027066882  -0.0009295014
57  7  -0.0002771320   0.0000391518  -0.0016599249   0.0019041889  -0.0009360014
57  8   0.0011129765  -0.0000179591  -0.0000121558  -0.0000093113  -0.0000617489
57  9  -0.0000103773   0.0000454524   0.0000053239   0.0000119878   0.0000322575
57 10   0.0000929673   0.0000820151   0.0001389977  -0.0001937708  -0.0002951652
57 11   0.0005583529   0.0001128877   0.0001015438   0.0003668565   0.0000912485
57 12   0.0538332274   0.3160395302   0.0005702910   0.0004318409   0.0004730995
57 13   0.0004808465   0.0002142168   0.0007376176   0.0004294443  -0.0000267317
57 14   0.0005671701  -0.0000458552  -0.0000318988   0.0000968119  -0.0000602341
57 15   0.0000749720   0.0000364498
58  1   0.0002354286  -0.0001610046   0.0000459708  -0.0002218820   0.0000132170
58  2   0.0000121325  -0.0002743585   0.0010697531  -0.0005603648   0.0024136186
58  3  -0.0005631946   0.0002005447  -0.0044117350   0.0021656704  -0.0021062712
58  4   0.0019146381   0.0004936583   0.0000112212  -0.0220646461   0.0322928697
58  5  -0.0213181274  -0.1062711802   0.1224250856  -0.0686466270  -0.0069687774
58  6  -0.0006042646   0.0036419576   0.0008853166  -0.0007474178   0.0006373320
58  7   0.0000277280   0.0016569425  -0.0015026450   0.0001967978  -0.0002162233
58  8   0.0001491859  -0.0000125573  -0.0000005112   0.0000104624   0.0000194747
58  9   0.0000029310   0.0000008134  -0.0000487166  -0.0000207037   0.0000083682
58 10   0.0000092171  -0.0000842807   0.0000635506   0.0000950558  -0.0001864441
58 11   0.0001922292   0.0007100008  -0.0005510633   0.0001911837   0.0015528285
58 12   0.0002162446   0.0005702910   0.1328137850  -0.1571266675   0.0882482396
58 13   0.0001215877  -0.0000935884   0.0001787182  -0.0000995948   0.0001280852
58 14  -0.0002564894  -0.0006038259  -0.0001074795   0.0002035613  -0.0000182033
58 15  -0.0000016141   0.0000247624
59  1   0.0000562922   0.0000233546  -0.0000054633  -0.0000316510   0.0000231714
59  2   0.0000579282   0.0002152369   0.0001514101   0.0000046132   0.0001360563
59  3  -0.0013530929   0.0000383618  -0.0035298090   0.0043050092  -0.0006453111
59  4   0.0013040864  -0.0013990345   0.0001502690   0.0007625707  -0.0049485294
59  5   0.0032696222   0.1583674467  -0.2874298220   0.1930069056   0.0013686271
59  6   0.0002103200  -0.0012490880  -0.0005435384   0.0005292745  -0.0006574562
59  7   0.0000991696   0.0000517489   0.0008201396  -0.0003808770   0.0000418227
59  8  -0.0002081078   0.0000138597   0.0000182853   0.0000163163   0.0000193189
59  9   0.0000116841  -0.0000065179  -0.0000187161  -0.0000121318  -0.0000054825
59 10   0.0000083841  -0.0000202773   0.0000063982   0.0000320019  -0.0003677910
59 11   0.0000107830  -0.0000166119  -0.0001661786   0.0001653308  -0.0009471294
59 12   0.0001144693   0.0004318409  -0.1571266675   0.2900073764  -0.1952379258
59 13  -0.0001612458   0.0001964846  -0.0000203460   0.0002086474   0.0000508594
59 14   0.0001283922   0.0000704650   0.0000070545  -0.0000971039   0.0000940831
59 15  -0.0000454672   0.0000259014
60  1   0.0000410738  -0.0000153139   0.0000677992  -0.0000260560   0.0000133910
60  2   0.0000811614  -0.0003025409   0.0002396415  -0.0001256113   0.0007385244
60  3   0.0001310359  -0.0004821422  -0.0002663374   0.0001932653   0.0011788460
60  4   0.0010642500  -0.0002082021  -0.0014170217   0.0110715179  -0.0131963944
60  5   0.0059966440  -0.1030485716   0.2089808309  -0.1554291399   0.0031189890
60  6   0.0001434007  -0.0019587699  -0.0011491676   0.0005839646   0.0004276957
60  7   0.0003825809  -0.0004839677   0.0008272235  -0.0001480246  -0.0000242729
60  8  -0.0000985802   0.0000010644   0.0000107133   0.0000241032   0.0000096336
60  9  -0.0000099315   0.0000014445   0.0000026948  -0.0000039440   0.0000052168
60 10  -0.0000013492   0.0000012266   0.0000183185  -0.0002561103  -0.0000530512
60 11  -0.0003313002  -0.0008037259  -0.0000449395  -0.0000780394   0.0009438670
60 12  -0.0010896277   0.0004730995   0.0882482396  -0.1952379258   0.1507496041
60 13  -0.0000644470   0.0001172912  -0.0000713317   0.0001342976   0.0000854552
60 14   0.0001342100   0.0002680155  -0.0001277367  -0.0000521526   0.0000415821
60 15  -0.0000049086   0.0000587228
61  1  -0.0000248323   0.0002851043  -0.0001027019   0.0000816000  -0.0021346416
61  2  -0.0004177746  -0.0057490650   0.0039775741   0.0021167606   0.0011682994
61  3  -0.0004384237   0.0000504819  -0.0026531962   0.0014507795  -0.0010169120
61  4   0.0004895307   0.0011418091   0.0001205341   0.0077283284   0.0136604779
61  5   0.0032142706   0.0013918754  -0.0008079151   0.0001509586  -0.1114345879
61  6  -0.1073964848  -0.0338725288   0.0051985714   0.0048140962   0.0012778843
61  7  -0.0195700576  -0.0296175808  -0.0063711217   0.0032871659   0.0010844802
61  8  -0.0015708063   0.0000406381  -0.0000614250  -0.0000157253  -0.0000354603
61  9   0.0000200670   0.0000660368  -0.0006876097  -0.0000092079   0.0001974854
61 10   0.0001904234   0.0001479541  -0.0001369844   0.0000170595   0.0000023403
61 11   0.0000106830   0.0000068098   0.0002846894  -0.0002066172   0.0005706019
61 12  -0.0007853401   0.0004808465   0.0001215877  -0.0001612458  -0.0000644470
61 13   0.1189875249   0.1123873297   0.0334635019   0.0006124351   0.0010564710
61 14   0.0016984190   0.0012513655   0.0004229497  -0.0002961541  -0.0009890080
61 15   0.0006761424   0.0012239105
62  1  -0.0001311603   0.0000716617   0.0000146221   0.0002742102   0.0001865911
62  2  -0.0000509514   0.0010694285   0.0004418326  -0.0006403328  -0.0005935324
62  3   0.0007644141  -0.0000636346   0.0051003581   0.0003157113   0.0027686856
62  4  -0.0004893815  -0.0022788558  -0.0001126838  -0.0144534904  -0.0256300740
62  5  -0.0042518519  -0.0000378207   0.0023158896  -0.0004417200  -0.1037929623
62  6  -0.2343746124  -0.0543552604  -0.0001278296  -0.0002352348  -0.0062579147
62  7   0.0017282291   0.0027803300  -0.0008453919   0.0010175123   0.0016435234
62  8   0.0019742463  -0.0000096005  -0.0000080743  -0.0000174655  -0.0000742084
62  9   0.0000013116   0.0000574748   0.0001180734   0.0000483399   0.0000362453
62 10   0.0000132284  -0.0000122950   0.0000644527  -0.0000725773   0.0001348450
62 11  -0.0001783470  -0.0000082733  -0.0002938902   0.0003931260   0.0000420667
62 12   0.0007971945   0.0002142168  -0.0000935884   0.0001964846   0.0001172912
62 13   0.1123873297   0.2501797961   0.0607624407  -0.0002486040   0.0021451812
62 14   0.0002633823  -0.0006312096   0.0006910238   0.0001574325  -0.0009861977
62 15   0.0001189062   0.0003919376
63  1   0.0000152114  -0.0000558045  -0.0000468759   0.0000466058   0.0005623304
63  2   0.0000936156   0.0015568660  -0.0001987242  -0.0011463439   0.0001256053
63  3  -0.0004926326   0.0003442296  -0.0029246213   0.0009632094  -0.0011964946
63  4   0.0003451853   0.0012060506   0.0001350966   0.0073594668   0.0153690150
63  5   0.0040581561   0.0003630295  -0.0011331422   0.0002143767  -0.0296962530
63  6  -0.0482236447  -0.0577503160  -0.0140174762  -0.0347298792  -0.0263498273
63  7   0.0035949736   0.0046318333   0.0019830998  -0.0000080482   0.0011893072
63  8   0.0010320248  -0.0000077055  -0.0000039959   0.0000147990  -0.0000406630
63  9   0.0000224576   0.0000270780   0.0001853995   0.0000037131  -0.0000316066
63 10  -0.0000594222   0.0000534113   0.0001766477   0.0001929022   0.0001988286
63 11   0.0004022980   0.0000318002   0.0002212227  -0.0002945316   0.0007337026
63 12  -0.0000243907   0.0007376176   0.0001787182  -0.0000203460  -0.0000713317
63 13   0.0334635019   0.0607624407   0.0840789888  -0.0014738095   0.0002041303
63 14  -0.0068251453  -0.0003048736  -0.0002095276   0.0002749983   0.0003399042
63 15  -0.0002958626   0.0001394463
64  1   0.0000917753  -0.0000288721   0.0000496098  -0.0005380345  -0.0000480120
64  2  -0.0006343645   0.0013472151  -0.0005869624   0.0037294563  -0.0024372330
64  3   0.0010115726  -0.0004036557   0.0023098666  -0.0002688554  -0.0002229705
64  4  -0.0006813172   0.0000065215  -0.0000127570   0.0017835812  -0.0014994735
64  5  -0.0013159805  -0.0006658562   0.0003082115   0.0011404586  -0.0033162989
64  6   0.0039056625   0.0015272553  -0.0356817056  -0.1268410336  -0.0423499848
64  7   0.0013842058   0.0018299157   0.0020699279  -0.0011027466  -0.0004411105
64  8   0.0002094384  -0.0000545217   0.0000564550  -0.0000349266   0.0003453083
64  9  -0.0000111871  -0.0001562642   0.0000374321   0.0000623889   0.0000383282
64 10  -0.0014140551  -0.0010733692  -0.0007328642   0.0003813683   0.0003438683
64 11   0.0001234864   0.0001396864  -0.0000563164  -0.0001066807  -0.0000327572
64 12  -0.0001732577   0.0004294443  -0.0000995948   0.0002086474   0.0001342976
64 13   0.0006124351  -0.0002486040  -0.0014738095   0.0376865543   0.1233775734
64 14   0.0380901171  -0.0001604176   0.0002569008   0.0000321844   0.0000651098
64 15  -0.0000906639  -0.0001297461
65  1   0.0000326218  -0.0001811670   0.0000527494  -0.0000303376   0.0000478751
65  2   0.0000709009  -0.0007511995   0.0010928096  -0.0005345707   0.0014845615
65  3  -0.0009877905  -0.0004016767  -0.0008985237   0.0012303931   0.0039547228
65  4   0.0001403825   0.0002837433  -0.0011822472   0.0003994935   0.0021823452
65  5   0.0019436775  -0.0001187039  -0.0005140017  -0.0002268426  -0.0010473374
65  6  -0.0010667121   0.0036397150  -0.1228889735  -0.4230898670  -0.1566774185
65  7   0.0002541628  -0.0005218427  -0.0003748472  -0.0003687638   0.0002019458
65  8   0.0007686108   0.0000149759  -0.0000189316   0.0000371732  -0.0000427630
65  9   0.0000122963   0.0000463542  -0.0000681791  -0.0000512057   0.0000044278
65 10  -0.0003069482   0.0001113442   0.0005300303  -0.0003746340  -0.0019396540
65 11  -0.0005915868  -0.0001014242  -0.0001715701   0.0001475500   0.0000262154
65 12  -0.0005726383  -0.0000267317   0.0001280852   0.0000508594   0.0000854552
65 13   0.0010564710   0.0021451812   0.0002041303   0.1233775734   0.4220474779
65 14   0.1486251583   0.0001036314  -0.0002549999  -0.0000400849  -0.0000203865
65 15  -0.0000358903  -0.0000546493
66  1  -0.0003210966   0.0001953543  -0.0002438687   0.0005781158   0.0000159084
66  2   0.0003695116   0.0003778393  -0.0006670005  -0.0007218782  -0.0007585915
66  3   0.0004022748   0.0002829569   0.0003123341   0.0008782962  -0.0031572382
66  4   0.0001830610  -0.0007782898   0.0012684498  -0.0015389588  -0.0007077103
66  5   0.0002107560   0.0002598886   0.0003541149  -0.0000171441  -0.0123970845
66  6  -0.0410160280  -0.0165903796  -0.0276425837  -0.1089157356  -0.0881106358
66  7  -0.0001179717  -0.0011079423  -0.0007736667   0.0004024665   0.0005193710
66  8   0.0002401878   0.0000369684   0.0000016394   0.0000159705  -0.0001855843
66  9   0.0000144901   0.0000469179  -0.0000096673  -0.0000124830  -0.0000095933
66 10   0.0004955745   0.0002648546   0.0005747259   0.0002690048   0.0012246183
66 11   0.0012274417   0.0000177956   0.0002438988  -0.0000692700   0.0005891460
66 12  -0.0002092124   0.0005671701  -0.0002564894   0.0001283922   0.0001342100
66 13   0.0016984190   0.0002633823  -0.0068251453   0.0380901171   0.1486251583
66 14   0.1113532368   0.0001148137   0.0001810505   0.0000770748  -0.0001975167
66 15   0.0001015980   0.0001502101
67  1  -0.0012776353  -0.0000942324   0.0000567236   0.0007151147   0.0001110980
67  2   0.0004428496   0.0080254463  -0.0083043566   0.0087728986   0.0000982414
67  3  -0.0051056846   0.0004788404  -0.0016947017  -0.0005050770   0.0002175267
67  4   0.0004665895   0.0001329737   0.0000489282  -0.0034432963  -0.0027260191
67  5   0.0036616011  -0.0014272729   0.0021348166  -0.0009652176  -0.0179923405
67  6   0.0261706279  -0.0180868248   0.0032638201  -0.0017171843  -0.0007952787
67  7  -0.0993574349   0.0769970567  -0.0654508653   0.0054734774  -0.0050853771
67  8   0.0034398336  -0.0001259452   0.0000715225  -0.0001168608  -0.0001324769
67  9   0.0000771480  -0.0000293785   0.0001314379   0.0000546071  -0.0001546274
67 10   0.0005027867   0.0007147156  -0.0002276634   0.0002058833   0.0001352758
67 11   0.0000300222  -0.0000461876   0.0000739060  -0.0000113903   0.0001082315
67 12  -0.0002059633  -0.0000458552  -0.0006038259   0.0000704650   0.0002680155
67 13   0.0012513655  -0.0006312096  -0.0003048736  -0.0001604176   0.0001036314
67 14   0.0001148137   0.1057202695  -0.0821824224   0.0697496193   0.0002988710
67 15  -0.0002903178  -0.0010928372
68  1   0.0002591741   0.0007737851  -0.0004601791   0.0009178944  -0.0005917642
68  2   0.0006822447   0.0144216714  -0.0164217154   0.0168653605  -0.0015501760
68  3  -0.0077019025  -0.0003110847  -0.0025463941   0.0009287797   0.0007302335
68  4   0.0005833739  -0.0002419733   0.0000647605  -0.0001038876   0.0008328268
68  5   0.0000240454   0.0002175261   0.0000439195   0.0000139279   0.0006174028
68  6  -0.0003536789   0.0024622564  -0.0009506132   0.0003948916  -0.0011273456
68  7   0.0750933197  -0.1779944441   0.1029180607  -0.0052365449   0.0111609850
68  8  -0.0135784510   0.0001009167   0.0004549546  -0.0002281256  -0.0001402414
68  9   0.0000036074  -0.0000701279   0.0000320119   0.0000450516  -0.0000463787
68 10   0.0002321842   0.0003975419  -0.0007178091   0.0001976985  -0.0000283663
68 11  -0.0001962161  -0.0001139139   0.0001218360   0.0000198668  -0.0000097340
68 12  -0.0000172691  -0.0000318988  -0.0001074795   0.0000070545  -0.0001277367
68 13   0.0004229497   0.0006910238  -0.0002095276   0.0002569008  -0.0002549999
68 14   0.0001810505  -0.0821824224   0.1853768235  -0.1071319067  -0.0004116170
68 15   0.0023730326   0.0002749807
69  1  -0.0007253590  -0.0007795542   0.0002123929  -0.0004640720   0.0009677228
69  2  -0.0006600706   0.0020713380  -0.0001755027   0.0027809128  -0.0003103910
69  3  -0.0022186338   0.0013850412  -0.0004193365   0.0001416021   0.0000577149
69  4   0.0001311401  -0.0000804061   0.0001069844   0.0013130785   0.0000077846
69  5  -0.0013426493   0.0004653425  -0.0005648794   0.0004643756   0.0032882837
69  6  -0.0040309223   0.0040436003   0.0002369262  -0.0006182908   0.0016558823
69  7  -0.0646015491   0.0994553256  -0.1299214645  -0.0119086046   0.0136853523
69  8  -0.0386126655  -0.0000841934  -0.0001490429   0.0000325058  -0.0001050908
69  9  -0.0000897041   0.0000771621   0.0001185914  -0.0001128838   0.0000655342
69 10   0.0005556981   0.0001976983   0.0004879120   0.0000162110   0.0000332798
69 11  -0.0000046810  -0.0000193698   0.0000177593   0.0000114764   0.0001377173
69 12   0.0000440663   0.0000968119   0.0002035613  -0.0000971039  -0.0000521526
69 13  -0.0002961541   0.0001574325   0.0002749983   0.0000321844  -0.0000400849
69 14   0.0000770748   0.0697496193  -0.1071319067   0.1579875169   0.0006144286
69 15   0.0013808920   0.0007757867
70  1  -0.0001932900   0.0008075989  -0.0000309554   0.0006104020  -0.0009977910
70  2   0.0000980576  -0.0008962284  -0.0002440081  -0.0012552114  -0.0001864224
70  3   0.0007358120   0.0004442656   0.0008496013   0.0000472292  -0.0002475906
70  4  -0.0001104991  -0.0001620423   0.0000603099  -0.0007298301   0.0001106496
70  5   0.0001173722   0.0000715042  -0.0001414337  -0.0001497978   0.0022954774
70  6   0.0031084406   0.0021394567  -0.0007616053  -0.0007491996  -0.0007589382
70  7  -0.0013211865   0.0031511101   0.0016797352  -0.0453339249  -0.1433994281
70  8  -0.0059999573  -0.0000928104  -0.0001797106  -0.0001548668   0.0003282564
70  9   0.0000126977  -0.0002197032  -0.0000589743   0.0000666607  -0.0001445598
70 10   0.0000195249  -0.0004714693  -0.0000372219  -0.0001043021  -0.0000732445
70 11  -0.0000149094   0.0000210461  -0.0000010257  -0.0000043871  -0.0001086659
70 12   0.0003872392  -0.0000602341  -0.0000182033   0.0000940831   0.0000415821
70 13  -0.0009890080  -0.0009861977   0.0003399042   0.0000651098  -0.0000203865
70 14  -0.0001975167   0.0002988710  -0.0004116170   0.0006144286   0.0463451573
70 15   0.1393160330   0.0037407377
71  1   0.0001076426  -0.0000239461  -0.0000014603   0.0002710351   0.0003455336
71  2   0.0000498096   0.0005559398   0.0006747566  -0.0023597335   0.0001205112
71  3   0.0006896245  -0.0003856230  -0.0004721718  -0.0001955904   0.0001643072
71  4   0.0000292881   0.0001552614  -0.0000954132   0.0003254132  -0.0003752906
71  5   0.0000090157  -0.0003202130   0.0002692751   0.0000407809   0.0011013317
71  6  -0.0001388517   0.0001889253  -0.0005720286   0.0006540797   0.0012943543
71  7  -0.0042584108  -0.0107769940   0.0042240999  -0.1366294731  -0.4641336079
71  8  -0.0440297222  -0.0000055790   0.0000787929  -0.0000107780   0.0001001475
71  9  -0.0000224918   0.0000355704   0.0000678860   0.0000197453   0.0000340692
71 10  -0.0002839211  -0.0003933799   0.0002480781   0.0000829422   0.0000559140
71 11   0.0000254348  -0.0000010118  -0.0000127346  -0.0000011155   0.0001710919
71 12  -0.0003159787   0.0000749720  -0.0000016141  -0.0000454672  -0.0000049086
71 13   0.0006761424   0.0001189062  -0.0002958626  -0.0000906639  -0.0000358903
71 14   0.0001015980  -0.0002903178   0.0023730326   0.0013808920   0.1393160330
71 15   0.4710353012   0.0393127095
72  1   0.0001656340   0.0001124017   0.0002534268   0.0006181279   0.0002366077
72  2  -0.0002461425   0.0010978533  -0.0008397747  -0.0084120121   0.0002991216
72  3   0.0010457118   0.0008966320   0.0000693721  -0.0003150025  -0.0000767529
72  4  -0.0000162163   0.0003135583  -0.0000225333   0.0001983604   0.0001322037
72  5   0.0004077775  -0.0003116928   0.0001505762  -0.0001240262  -0.0003089528
72  6  -0.0013159384  -0.0006525183  -0.0002931886   0.0007485163   0.0004573954
72  7  -0.0122700361  -0.0439379675  -0.0090090750   0.0083174097   0.0053563136
72  8  -0.0398687250  -0.0000751073   0.0000363453  -0.0000217352  -0.0004056698
72  9   0.0000130000   0.0002687479   0.0000357018   0.0001066290   0.0001570036
72 10  -0.0008883108  -0.0018602769  -0.0001867780  -0.0001104626   0.0000220177
72 11   0.0000396884   0.0000185769  -0.0000196817   0.0000000379   0.0000926521
72 12   0.0000638807   0.0000364498   0.0000247624   0.0000259014   0.0000587228
72 13   0.0012239105   0.0003919376   0.0001394463  -0.0001297461  -0.0000546493
72 14   0.0001502101  -0.0010928372   0.0002749807   0.0007757867   0.0037407377
72 15   0.0393127095   0.0549789734
$end
