$vibrational normal modes
 1  1  -0.0805719856   0.0712631315   0.1673734432   0.0270109596  -0.0771167070
 1  2  -0.0031410089   0.0045353062  -0.0882731404   0.0414041829   0.1611130609
 1  3  -0.0831633657  -0.0763496268  -0.0416626242  -0.0915608157  -0.0799896053
 1  4   0.0049610431  -0.0455312410  -0.0183491246   0.3154856516   0.0177809185
 1  5   0.0130262017  -0.0595506251  -0.0261595110   0.0846292831  -0.0232682603
 1  6  -0.1257341823   0.0530020718   0.0065109993  -0.0225554517   0.0115595689
 1  7   0.0014417627  -0.0169690812  -0.0474510601  -0.0503562657  -0.0229357697
 1  8   0.1352862281   0.0185058693   0.0230581963  -0.0000010423  -0.0047534018
 1  9   0.0033170792   0.0159812052   0.0088481283   0.0056437856  -0.0009245453
 1 10  -0.0099666840   0.0249697928  -0.0017563377  -0.0045591280   0.0048823951
 1 11   0.0044826560   0.0132486474  -0.0050900083   0.0036507508   0.0001258961
 1 12   0.0033714101   0.0023146609  -0.0233057687  -0.0119042289   0.0017599498
 1 13  -0.0001148143   0.0001783859  -0.0017992229  -0.0000328777  -0.0002346758
 1 14  -0.0001678595   0.0004084168   0.0001530577  -0.0002159403   0.0004842801
 1 15   0.0003531586  -0.0591792785
 2  1  -0.0504234467   0.0927019358   0.0638541016   0.3201277364   0.0971296000
 2  2  -0.0627465300   0.1571562119  -0.1942140004   0.0373417078   0.0955455759
 2  3  -0.0576306592  -0.0289199631   0.0230492078   0.0290927743   0.0013081334
 2  4   0.0428408018   0.0162056788  -0.0223979380  -0.1361314828  -0.0021157218
 2  5  -0.0264484402   0.0147004149   0.0016538861  -0.0247172645  -0.0184519732
 2  6   0.0728623613  -0.0254963668   0.0012384661  -0.0036067655  -0.0190363739
 2  7   0.0058382338   0.0369556339   0.0401151748   0.0593173419   0.0203916349
 2  8  -0.2310112818  -0.0224690732   0.0036218760   0.0069453661  -0.0394085878
 2  9  -0.0293730090   0.0154880605   0.0130595686   0.0187500819   0.0021793999
 2 10   0.0078909038   0.0236119530  -0.0046483169  -0.0113693291   0.0042529120
 2 11   0.0096121365   0.0129110429  -0.0082966714  -0.0027311905   0.0028991353
 2 12   0.0024078314   0.0035000673  -0.0200954044  -0.0101732837   0.0090751060
 2 13   0.0000386152  -0.0000640811   0.0009545230  -0.0000052743  -0.0002212453
 2 14   0.0000705093  -0.0004443100  -0.0000046601   0.0000025462  -0.0000479553
 2 15  -0.0000473450   0.0045603923
 3  1   0.1823512165  -0.0647912320   0.1476068227  -0.0630437657   0.2330363867
 3  2  -0.1579095411   0.2768273542  -0.0929522421  -0.0801721349  -0.0519438207
 3  3   0.0628791258   0.0685573162   0.0350594377  -0.0041529122  -0.0069528220
 3  4   0.0252147830  -0.0261053114  -0.0253178418   0.0445194888  -0.0071038315
 3  5   0.0184386991   0.0088620567   0.0117535197   0.0061523116   0.0237061435
 3  6  -0.0192250080   0.0330101209   0.0078310016  -0.0160484145   0.0043291762
 3  7   0.0028177228   0.0008793831  -0.0586527488  -0.0508652767  -0.0318131351
 3  8   0.2052539496   0.0113523610   0.0031579081  -0.0179568682   0.0115622127
 3  9  -0.0153701651  -0.0007503949   0.0046972192   0.0137886559   0.0108368120
 3 10   0.0426374769  -0.0132050499   0.0002985706  -0.0023158467  -0.0088945637
 3 11  -0.0086996561  -0.0205328551   0.0086826304  -0.0022815389  -0.0021327720
 3 12  -0.0046903042  -0.0034095278   0.0346596389   0.0173779256  -0.0119261566
 3 13   0.0000156630   0.0001873037  -0.0008357616  -0.0000231565   0.0001016432
 3 14   0.0001933625  -0.0004832378  -0.0000606322   0.0000909718  -0.0001667362
 3 15  -0.0001278999   0.0201825227
 4  1   0.0106136640   0.0669983416   0.1707152883  -0.0383736556  -0.0643891198
 4  2   0.0021292719   0.0148587924   0.0089929329  -0.0112157414  -0.0139073860
 4  3   0.0129610620  -0.0028149957  -0.0800614658  -0.0374262133  -0.0060026964
 4  4  -0.0099229419  -0.0922503225  -0.0063952647   0.1938681742  -0.0312716010
 4  5   0.1165595118   0.0659524926   0.0668057355  -0.0463397706   0.0874944882
 4  6   0.0976415126   0.1213645686   0.0290117021   0.1382166483   0.0157475732
 4  7  -0.0251263119  -0.0689073359   0.0844280408   0.0012299328   0.0221925424
 4  8  -0.2729890763  -0.0014973203   0.0719461865   0.0519600040  -0.0342345860
 4  9   0.0297608454   0.0155515483  -0.0104472220  -0.0165107482   0.0032564321
 4 10   0.0041189182  -0.0357693613   0.0001288983   0.0048881924  -0.0077346954
 4 11  -0.0065989074  -0.0268505859   0.0113498339  -0.0110732289  -0.0002062703
 4 12  -0.0198405927   0.0020286443   0.1596515726   0.0849419639   0.0087589391
 4 13   0.0002152990   0.0016307208   0.0318418765   0.0000030393   0.0005993181
 4 14  -0.0034244690   0.0099231716   0.0000061281  -0.0000625331  -0.0000534186
 4 15  -0.0000166087  -0.0006067308
 5  1  -0.0050030097   0.0330984378   0.0721493865   0.2827488011   0.0748393256
 5  2   0.0245773532  -0.0392417410   0.0730672326   0.0287067219  -0.0220935953
 5  3  -0.0265120430  -0.1610594521  -0.0835965731   0.0855700875   0.0421620015
 5  4   0.0299108942  -0.0457697123  -0.0060056692  -0.1225722779  -0.0245241890
 5  5   0.0342372319   0.0543649925   0.0338674513  -0.0655335866   0.0234520001
 5  6   0.0828916535   0.0124162673   0.0028002375   0.0943998749   0.0393470186
 5  7  -0.0343069279  -0.1096212962   0.0178967499  -0.0875323578  -0.0080570229
 5  8   0.3111969827   0.0436182004   0.0227769767   0.0191924994   0.0813504259
 5  9   0.0964353847  -0.0253627330  -0.0235265290  -0.0338485750  -0.0076118597
 5 10  -0.0002760856  -0.0264028893  -0.0031318686  -0.0079275424  -0.0090906084
 5 11   0.0122429854   0.0059917463  -0.0173572496  -0.0189318950   0.0091329761
 5 12  -0.0000030839   0.0194869108  -0.0273138858  -0.0112873359   0.0493014529
 5 13   0.0007234022   0.0076669414   0.0545815480  -0.0001927743   0.0036484040
 5 14  -0.0167933469   0.0509374673  -0.0000078585  -0.0000542550   0.0000046559
 5 15   0.0000120029  -0.0008816335
 6  1   0.1537042905  -0.1311248497   0.1543636187  -0.0481658680   0.1953301697
 6  2  -0.0598447169   0.0326272468   0.1350435211  -0.0383521831  -0.0281746590
 6  3   0.0060519404  -0.1681632731  -0.0583080369   0.0253367695  -0.0197907507
 6  4   0.0309238696  -0.0492736308  -0.0115596244   0.0864302064   0.0093339802
 6  5  -0.0233851656  -0.0495716430  -0.0370358209   0.0443504271  -0.0617612250
 6  6  -0.0979493742  -0.0663472395  -0.0252427207  -0.0254217303   0.0098161718
 6  7  -0.0049957153  -0.0021429334   0.0868619583   0.1046716273   0.0767937269
 6  8  -0.2072546579   0.0007919242  -0.1299842560  -0.0104493204   0.0677530693
 6  9   0.0357237069  -0.0643013683  -0.0192782320  -0.0218607554  -0.0251938602
 6 10  -0.0486557664   0.0390713389  -0.0069372587  -0.0247905135   0.0109201501
 6 11   0.0234727222   0.0299139670  -0.0189055416  -0.0063043032   0.0042215810
 6 12   0.0052316908   0.0018857524  -0.0146989081  -0.0085910536  -0.0578935337
 6 13   0.0000814473   0.0059896908  -0.0261765386  -0.0005403279   0.0032922174
 6 14  -0.0237892427   0.0714474716   0.0000007696   0.0000264605   0.0000012707
 6 15  -0.0000170170   0.0015532400
 7  1  -0.0166657276   0.0608037759   0.1559827531  -0.0285157439  -0.0973161186
 7  2  -0.0010478589  -0.0173956646  -0.0130712248   0.0014183343   0.0181000780
 7  3   0.0004397876   0.0473408971  -0.0382146076  -0.0453086451  -0.0008871251
 7  4  -0.0162410950  -0.0446849682  -0.0029465288   0.0661075997  -0.0239140072
 7  5   0.0787395103   0.0529111816   0.0451260828  -0.0965295886   0.0840564394
 7  6   0.1357152805  -0.0520564782  -0.0222662087   0.0900353436  -0.0055051844
 7  7  -0.0194460722   0.1183784300   0.0575776702   0.0883196520  -0.0266990577
 7  8   0.0947142741  -0.1323302461  -0.1354484370  -0.0811503164   0.1034058596
 7  9  -0.0281902090  -0.0750261789   0.0036115209   0.0359939898  -0.0478509454
 7 10  -0.0011970250   0.0651072787   0.0068010643  -0.0249169404  -0.0111871198
 7 11  -0.0409940845  -0.0939032988   0.0685921599   0.0399294809  -0.0302496382
 7 12   0.0070238981  -0.0778984657  -0.0691818194  -0.0590931455   0.0115311204
 7 13   0.0005808975   0.0023885656  -0.0006101602   0.0000198759  -0.0005976671
 7 14  -0.0007202119  -0.0001501061   0.0000864926   0.0000212790  -0.0000716222
 7 15  -0.0000382447   0.0002538102
 8  1   0.0580773357   0.0393737709   0.0246246410   0.2079535186   0.0033624497
 8  2  -0.0275067067  -0.0460835207   0.0434698706   0.0120923552  -0.0790053262
 8  3   0.0088754496   0.0808157518  -0.0656001364  -0.0033067854   0.0341769318
 8  4  -0.0004822045  -0.0112919158  -0.0071540363  -0.0054245878  -0.0161167224
 8  5   0.0996307686  -0.0099613487  -0.0165759280  -0.0236225081  -0.0851518436
 8  6  -0.1754766666  -0.0287263789  -0.0333583115   0.1872535852   0.0737355247
 8  7  -0.0115411027  -0.0129922340  -0.1054670502   0.0018919360   0.0608249512
 8  8  -0.0137476448   0.1974246940  -0.0749779726  -0.0567492965  -0.0467675753
 8  9  -0.1630125242   0.0199911703   0.0158537859   0.0086512948   0.0054820448
 8 10  -0.0388757034   0.0125503819   0.0027619637   0.0199928672   0.0435405857
 8 11  -0.0167906534   0.0569903536   0.0326096104   0.1056487805  -0.0385125367
 8 12   0.0093842734  -0.0558617247   0.0173336274   0.0088708133   0.0088105023
 8 13  -0.0031220428  -0.0227039416   0.0021783518   0.0002950740  -0.0008295301
 8 14  -0.0015894617   0.0029040608  -0.0000295541   0.0001281131  -0.0002994868
 8 15   0.0000011233   0.0000694057
 9  1   0.0710179996  -0.1499051292   0.1096674971  -0.0183114504   0.0954522337
 9  2  -0.0695043725  -0.0752675355   0.0660142370   0.0028666112   0.0844487664
 9  3  -0.0492839466  -0.0126332258   0.0452257534  -0.0495994633  -0.0362966476
 9  4   0.0047724037   0.0510392637  -0.0012573533  -0.0235457991   0.0254342340
 9  5  -0.0289687073  -0.0753086166  -0.0582190094  -0.0731806645   0.0380612144
 9  6   0.0090060606  -0.1994462362  -0.0743631696   0.2145394453   0.0164130346
 9  7  -0.0390834083   0.0666788865   0.0385544430  -0.0348851917  -0.1093327147
 9  8   0.0101297818  -0.1660820497   0.1414957232  -0.0015448023  -0.0608154541
 9  9  -0.0530042688   0.0464733592   0.0039437258   0.0080670231  -0.0249253128
 9 10   0.0003226343  -0.0954362549   0.0030084025   0.0342582777  -0.0090369843
 9 11  -0.0089861715  -0.0079355759  -0.0111917256  -0.0220683935   0.0060136380
 9 12   0.0031135328  -0.0115254693  -0.0036173737   0.0032015908  -0.0007657855
 9 13  -0.0074134180  -0.0775770315   0.0031346626   0.0008037704  -0.0052681362
 9 14  -0.0030906256   0.0087981471   0.0000335526  -0.0001219283   0.0000801579
 9 15   0.0000422978  -0.0000870347
10  1   0.0753475884   0.0543350619   0.1553746535  -0.0973060630  -0.0929129006
10  2   0.0038063860   0.0033101307   0.0046621599  -0.0084930425   0.0321857602
10  3  -0.0184668017   0.0287187293  -0.0344291343   0.0171097814  -0.0002946094
10  4  -0.0149779959  -0.0701871755  -0.0104415543  -0.0265823183  -0.0017570476
10  5   0.0091987474  -0.0050340534  -0.0258317179   0.0579071797  -0.2204812815
10  6   0.2089994560  -0.1879223884   0.0245836587  -0.0297925972  -0.0397060813
10  7   0.0197126035   0.0273788721   0.0284788212   0.1162181070   0.1116890153
10  8   0.1187530031   0.2082866780   0.0651781903   0.0286949907  -0.0234441569
10  9   0.0069898824   0.0605226869   0.0072553586  -0.0188650351   0.0141568188
10 10   0.0072771668  -0.0086776074   0.0024638262   0.0161224613  -0.0111678482
10 11   0.0054510618   0.0088914265  -0.0096304668  -0.0047291068  -0.0004000906
10 12   0.0016442624   0.0083957402  -0.0014965963   0.0122479966   0.0008706474
10 13  -0.0026305740  -0.0011507246   0.0002028420   0.0001198721   0.0000266858
10 14   0.0000868754  -0.0000521095  -0.0000817087   0.0002564061  -0.0000232528
10 15   0.0000505080   0.0000436041
11  1   0.1002007872  -0.0157222478   0.0321977961   0.1732413486  -0.0173921585
11  2   0.0531261989  -0.0580032895   0.0312339851  -0.0123386327  -0.0016945141
11  3   0.0020607855   0.1142178234   0.0834064612   0.1351054475   0.0323400766
11  4  -0.0313771909  -0.1262491402  -0.0136443569   0.0043145540  -0.0247150868
11  5   0.0881704920  -0.0169387578  -0.0227950839   0.2029985084  -0.1952092438
11  6  -0.0358373433   0.0338708799   0.0973122137  -0.0701040230   0.1271518745
11  7  -0.1020173950   0.0477007894   0.0490093437  -0.0159743602  -0.0889856227
11  8  -0.0139976484  -0.1547826475   0.0045863840   0.0315958745   0.0138441039
11  9   0.0296307375   0.0087676326  -0.0018770761  -0.0004644971   0.0022578245
11 10   0.0035718082  -0.0137896813  -0.0079172797  -0.0090462737   0.0147575555
11 11   0.0042254569  -0.0089272845  -0.0024068120  -0.0098093343   0.0048407565
11 12  -0.0001163964   0.0053485087  -0.0064537307   0.0139212605  -0.0016367392
11 13   0.0008366363   0.0017940973  -0.0003721024  -0.0000351529  -0.0004493989
11 14   0.0000066567  -0.0002547539  -0.0001542353  -0.0002130357  -0.0000653574
11 15  -0.0001118543  -0.0000449923
12  1   0.0465260777  -0.2210200088   0.1207986547  -0.0044998055   0.0624679542
12  2   0.0387501107  -0.1162985971   0.0242121817  -0.0362225038   0.1653505268
12  3  -0.0637787030   0.0448837109   0.2472119717   0.0860094049  -0.0070278603
12  4  -0.0329763038  -0.0553462160  -0.0043889625  -0.0729916235  -0.0171995113
12  5   0.0628145423   0.0195922528   0.0150455299  -0.0040198204   0.1054253993
12  6   0.0578467342   0.0184103218  -0.0334165355  -0.0140768257  -0.0689612666
12  7   0.0405131207  -0.0942025557  -0.1018298393  -0.0477501441   0.0156938584
12  8  -0.0709758399   0.0908339219  -0.0661536782   0.0145993465  -0.0040097927
12  9  -0.0270818544  -0.0265515241  -0.0079417724  -0.0017056617   0.0219276613
12 10  -0.0140635704   0.0323869374  -0.0046373548   0.0006318459   0.0124716157
12 11   0.0008445484  -0.0345974413   0.0154655019  -0.0234195048   0.0028943961
12 12  -0.0031063568  -0.0028836475  -0.0019239998  -0.0149523329   0.0006965711
12 13   0.0007473540  -0.0012115132   0.0000717328  -0.0002533781   0.0003446098
12 14   0.0000155313  -0.0000566506   0.0000625140   0.0001344744   0.0000440546
12 15  -0.0000370598   0.0000216145
13  1   0.0598432275   0.0450963414   0.1364900237  -0.0991299527  -0.1339156250
13  2   0.0007756300   0.0390017396  -0.0173564451   0.0209145779  -0.0011569406
13  3   0.0058996832  -0.0005956797  -0.1021741779   0.0181369170   0.0063110870
13  4   0.0047549965  -0.0142888570  -0.0012216016  -0.0764210090   0.0012082248
13  5  -0.0887983578   0.0090419962  -0.0058211498  -0.0392028847  -0.2274782934
13  6   0.0816702039  -0.0922034773   0.0317303385   0.0152287278  -0.0165304860
13  7   0.0715557298  -0.0979842980  -0.0803915997  -0.2304345468  -0.0680864170
13  8  -0.1270029723  -0.1600733396  -0.1673108401  -0.0329140296   0.0104869947
13  9  -0.0014592495   0.0360696194   0.0174373573  -0.0041351253  -0.0003453487
13 10  -0.0062380331   0.0077928860   0.0042918379   0.0011475637  -0.0849196102
13 11  -0.0227996804   0.0367649941  -0.0404553021   0.0531559842  -0.0142196424
13 12   0.0250109431   0.0193118753   0.0256772329  -0.0236174272  -0.0006074044
13 13   0.0057825948   0.0005893645   0.0000157156   0.0002855948   0.0001334474
13 14  -0.0001451382  -0.0001396751   0.0000623870   0.0009231300  -0.0000116376
13 15   0.0000316505  -0.0000448267
14  1   0.1584385647  -0.0092454639  -0.0121315406   0.1040124154  -0.0836927396
14  2   0.0037105586  -0.0064307130   0.0110424192   0.0078594503  -0.0255019352
14  3  -0.0201920967   0.0295455495   0.0627219149   0.0952024033   0.1130064157
14  4   0.0075415221  -0.0049622696  -0.0006651907   0.1371166059   0.0216143288
14  5  -0.1524797572  -0.0172354421   0.0163190973   0.0117564870   0.0461377431
14  6   0.0111803415  -0.0255240459   0.1026512162   0.0254648149   0.0228985470
14  7   0.0829479704   0.0342406345   0.0515244192  -0.0620767519   0.1115832037
14  8   0.0346443188   0.0127518164   0.0906115580   0.0021339575  -0.0949257839
14  9  -0.0146292927  -0.2058550164  -0.0395032505   0.0258613467  -0.0029989460
14 10  -0.0034844600   0.0155853974   0.0153310767  -0.0032558544  -0.0391693839
14 11  -0.0072763488   0.0247964968   0.0244664423  -0.0160383227  -0.0133391009
14 12  -0.0020435961   0.0022403849   0.0748244019  -0.1578880614  -0.0001678368
14 13   0.0247104275  -0.0024074155  -0.0001674668   0.0018982486  -0.0004050566
14 14  -0.0008292432  -0.0002490235   0.0005489890   0.0006845754  -0.0001019163
14 15   0.0003309358   0.0000254187
15  1  -0.0271142321  -0.2514373954   0.0860824984   0.0231262970  -0.0271933921
15  2   0.0533556719  -0.0572948945  -0.0527617069   0.0012203605   0.0330848976
15  3   0.0159807820   0.0150144277   0.0494726890   0.0565795799   0.0026059265
15  4  -0.0053352576   0.0041088917   0.0026910871   0.0181646224  -0.0405321608
15  5  -0.1066591411   0.0725700929   0.0408823417  -0.1573852955  -0.0420159533
15  6  -0.1472546866   0.0915047003   0.0540801993   0.0124684954   0.0475697703
15  7   0.0818077782   0.0956187748   0.1321122574  -0.0042002999   0.1332618968
15  8   0.0811283213   0.0076341438  -0.0536937624  -0.0755565576  -0.0006817836
15  9   0.0554426460   0.1663131659   0.0514267375  -0.0138144850   0.0160362196
15 10  -0.0100586155  -0.0349611578  -0.0352068932  -0.0216368041  -0.0460746612
15 11  -0.0291818994   0.0456349085   0.0291881817  -0.0151345986  -0.0051002407
15 12   0.0028760420   0.0053063189  -0.0086915329   0.0261779521   0.0003404946
15 13   0.0774569002  -0.0071917419   0.0000257557   0.0082255495  -0.0014741023
15 14   0.0006496587   0.0003762153   0.0002609979   0.0016328615  -0.0002746431
15 15   0.0005471672  -0.0000224422
16  1   0.1529270601   0.0394614814   0.1375460576  -0.1675398275  -0.1259175007
16  2   0.0058811183   0.0162067313  -0.0251377368   0.0070482796   0.0639086413
16  3  -0.0643086674  -0.0697051806   0.0371742842  -0.0741531448   0.1834859128
16  4   0.0269684186   0.1169147018  -0.0013140121  -0.1876074248   0.0329151080
16  5   0.1210294434   0.0479950159   0.0604579798  -0.0352397995  -0.1307935734
16  6  -0.1521869829   0.0743506204  -0.0127295038  -0.0211893995   0.0563887119
16  7  -0.0234911030   0.0189400335   0.0198194455   0.0006283932   0.0142965882
16  8   0.0127179922  -0.0132076987   0.0451090680   0.0163975447  -0.0322517423
16  9  -0.0052521653  -0.0698393161  -0.0014826870  -0.0072638494  -0.0152789588
16 10   0.0094140366   0.0044192730   0.0142626656   0.0044189604   0.0250837786
16 11   0.0096264513  -0.0209867768  -0.0093042765   0.0023907456   0.0092178383
16 12  -0.0042988012  -0.0046407577  -0.0118932253   0.0205124862   0.0000353729
16 13   0.0001079357  -0.0001653121   0.0000497901   0.0000403173  -0.0000188326
16 14  -0.0000379817  -0.0000164415   0.0037971782   0.0183978285  -0.0003159765
16 15   0.0002853844  -0.0000594036
17  1   0.1963749854  -0.0650831206  -0.0011883197   0.0743484077  -0.0995550621
17  2   0.0884334882  -0.0201816958  -0.0754646318   0.0366741205  -0.0607267849
17  3   0.0408469160  -0.0448738451   0.0434513827  -0.0345067949   0.1590345123
17  4   0.0223535611   0.0571059223  -0.0026996149   0.0551723126   0.0580418186
17  5   0.0442857573  -0.0732001017   0.0007016049   0.1854159796   0.2116039333
17  6   0.0652985363  -0.0347213717   0.0999920624   0.0536562193  -0.1058921032
17  7   0.0082247135   0.0005328168   0.0093739217  -0.0075301704  -0.0040376438
17  8   0.0014853405   0.0073392621  -0.0804800862  -0.0377117595   0.0238395550
17  9   0.0222484930   0.1094592062   0.0248740555  -0.0142233747   0.0014253892
17 10   0.0018009523  -0.0067905610  -0.0002982137   0.0013911251   0.0109767219
17 11   0.0031848456  -0.0032930450  -0.0066049781   0.0050876525   0.0071054568
17 12  -0.0075302786  -0.0030554911  -0.0117112731   0.0237321149   0.0000117042
17 13  -0.0014969771   0.0001531481  -0.0000427338  -0.0000619681   0.0000517200
17 14   0.0000641245   0.0000236437   0.0113136240   0.0553791309  -0.0009829115
17 15   0.0008486519  -0.0002222612
18  1  -0.0463240644  -0.3199381283   0.0995430458   0.0349235984  -0.0537239950
18  2   0.1598296394  -0.0612114548  -0.1666446165   0.0468376657  -0.0671621750
18  3   0.1553106818  -0.0385420740  -0.0909289276  -0.0718329507  -0.0645501374
18  4  -0.0006558765  -0.0060321960  -0.0005134707  -0.0273455570  -0.0439468647
18  5   0.0131463973   0.0041566329  -0.0536220467   0.0075767258  -0.0478410738
18  6   0.0206556650  -0.0206881001  -0.0396775607  -0.0192129003   0.0263467773
18  7  -0.0087954544  -0.0105413439  -0.0161508681  -0.0114605847   0.0088422965
18  8  -0.0032685597   0.0028931081   0.0568909643   0.0286883788  -0.0412553284
18  9  -0.0208903738  -0.1243108440  -0.0175346902   0.0013612184  -0.0153440357
18 10   0.0077431909   0.0170387746   0.0197823730   0.0088195992   0.0093301929
18 11   0.0069895867  -0.0260996140  -0.0246213691   0.0187860833   0.0115754989
18 12   0.0012957569  -0.0036586180  -0.0187054581   0.0352193689   0.0000924435
18 13   0.0003543081   0.0000806770   0.0000365313  -0.0002065903   0.0000415222
18 14  -0.0000764205  -0.0000472044   0.0039492793   0.0185838056  -0.0002711276
18 15   0.0002088113  -0.0000600078
19  1   0.0103254520   0.0675417048   0.1716788017  -0.0374787694  -0.0623638895
19  2   0.0022261356  -0.0340558703  -0.0051027764  -0.0075130032   0.0059593365
19  3   0.0220219992   0.0428475930  -0.0744926500   0.0935028348   0.0312914550
19  4  -0.0035548296  -0.0651388682  -0.0069061465  -0.1058139233   0.0129014155
19  5  -0.1675456503  -0.0286261171  -0.0284582388   0.0065285300   0.0522728297
19  6  -0.0390527364   0.0652877570   0.0042271325   0.0115889011  -0.0187261465
19  7  -0.0644357377  -0.0237062059  -0.0571576519   0.0108952332  -0.0544618897
19  8  -0.1041110193   0.0587848248   0.1276754512  -0.3323004438   0.0772732632
19  9   0.0608680847  -0.0184770864  -0.0158098314   0.0169126904  -0.0014521777
19 10   0.0144265445   0.0193418874   0.0391568497   0.0287523748   0.0101485355
19 11  -0.0073014995   0.0428165948   0.0510790304  -0.0307727883   0.0628892490
19 12  -0.0901092517  -0.0421584367  -0.0277789482   0.0343634635  -0.0000033675
19 13  -0.0014931974   0.0001463399  -0.0000699874   0.0026691318   0.0000981280
19 14   0.0015904632   0.0005270906  -0.0002323768  -0.0001364192  -0.0000236650
19 15   0.0000272307  -0.0000155288
20  1   0.2009483059  -0.0343997400  -0.0246763247   0.0611582844  -0.1184912975
20  2   0.0258116134   0.0207119995  -0.0149130643   0.0269247235  -0.0266788285
20  3  -0.0286497611  -0.0051201151   0.0564915609   0.0545723032   0.0491351007
20  4   0.0068449815   0.0153945358   0.0047816541   0.1282402628   0.0017522343
20  5  -0.1294783980   0.0037319839   0.0123010846  -0.1241042823   0.0083730876
20  6   0.0503202406  -0.0011421690  -0.1030343016  -0.0417555600   0.1435444106
20  7   0.0404060249  -0.0551261859  -0.1041554576   0.1055836069  -0.0786096289
20  8  -0.0509247355  -0.0234209443   0.0666609624   0.1165728059   0.1080116068
20  9  -0.0617778955   0.0086848128   0.0267888193  -0.0420963908  -0.0361263584
20 10   0.0300002741   0.0168513840   0.0386295162   0.0137644456  -0.0063939533
20 11   0.0014987144   0.0412256368   0.0723795468  -0.0543639666  -0.0914896260
20 12   0.0755406937   0.0276299829  -0.0366768956   0.0801074913   0.0004715782
20 13  -0.0015364851   0.0005238106   0.0000388342   0.0161525251  -0.0020621917
20 14   0.0020311280   0.0008765991  -0.0010640253   0.0001648576  -0.0000372510
20 15   0.0001823528  -0.0000088462
21  1  -0.0915143012  -0.1854076249   0.0212852742   0.0402647844  -0.1007995334
21  2  -0.0908869445   0.0483234979   0.0250999474  -0.0065673037  -0.0071942854
21  3  -0.0349110392   0.0213013490  -0.0286020265   0.0792238219   0.0273299439
21  4   0.0095525957   0.0431065238   0.0050119539   0.0796147363  -0.0085709840
21  5  -0.1265398379   0.0833108192   0.0595495704  -0.0357233012  -0.0772173015
21  6  -0.0969445726  -0.0523760904   0.1400855166   0.0364572072  -0.1954809580
21  7  -0.1809891529  -0.0240151851  -0.0338708852   0.0943029191  -0.1321031399
21  8   0.0212194046   0.0352991724  -0.0471760835   0.1415397204  -0.0185613533
21  9  -0.0114299944   0.0097544783   0.0019759221  -0.0183148540  -0.0127392863
21 10   0.0106782794   0.0036364361   0.0728178818  -0.0064783360   0.0031706853
21 11   0.0216905769  -0.0075696709  -0.0232655137   0.0183750399   0.0220949799
21 12  -0.0496296458  -0.0147966596   0.0100983573  -0.0253692384  -0.0004922158
21 13  -0.0061862630   0.0019867911  -0.0001418966   0.0800557434  -0.0074243541
21 14   0.0090498364   0.0038011635   0.0011432511  -0.0004702332  -0.0000610165
21 15   0.0001617767   0.0000082956
22  1  -0.0080789707   0.0589096172   0.1535537120  -0.0366114322  -0.1019354835
22  2  -0.0008713305   0.0393625773   0.0235527768   0.0109590321  -0.0204108594
22  3  -0.0032884000   0.0286429962  -0.0475684650   0.0290578553  -0.0043480817
22  4  -0.0172896094  -0.1143188926  -0.0124431188  -0.1946123125   0.0209688874
22  5  -0.1250126898  -0.0653591382  -0.0832837442   0.0565354447   0.1173508267
22  6  -0.0319387925   0.2072891711  -0.1008560528   0.0705740471  -0.0386854121
22  7   0.0254934651   0.0147935766   0.0296436138   0.0511910068   0.0235169630
22  8   0.0776499600  -0.0365891571  -0.0610363868   0.2134149237  -0.0279059575
22  9  -0.0386748172   0.0054916908   0.0093928558  -0.0055983675   0.0030243114
22 10  -0.0055574399  -0.0060588443   0.0051719281  -0.0119626627  -0.0027921649
22 11  -0.0036780474  -0.0024969523  -0.0046666243   0.0037664392   0.0090824007
22 12  -0.0036884331  -0.0017406427   0.0035793732  -0.0071388425  -0.0000485899
22 13   0.0006452637  -0.0001872834   0.0000120791  -0.0013055045   0.0001387470
22 14  -0.0004027371  -0.0001421833   0.0266140888  -0.0055616182   0.0001779784
22 15   0.0002841938   0.0001138896
23  1   0.2590201407  -0.0272782949  -0.0693190179  -0.0080437818  -0.1849046848
23  2  -0.0247541131   0.0973941195   0.0033335159   0.0590100041  -0.0112993839
23  3  -0.0748288206  -0.0257756704  -0.0505821723   0.1672293265  -0.2689670188
23  4  -0.0140361509   0.0509791909   0.0049959227  -0.0517009728   0.0005010388
23  5   0.0905110904   0.0779802184  -0.0677491786  -0.0020784090   0.1217562120
23  6  -0.0457915221  -0.0183931648   0.0337736240  -0.0140391449   0.0092415800
23  7   0.0076798510   0.0086850975   0.0088681246  -0.0058174526   0.0138379108
23  8  -0.0039599271   0.0065897297   0.0208191405  -0.0239559641   0.0147371758
23  9  -0.0027681781  -0.0029126625   0.0127648054   0.0079496334   0.0189277365
23 10  -0.0152736681  -0.0125639834   0.0108507647  -0.0248861842   0.0006639415
23 11  -0.0012942426  -0.0100588567  -0.0121059115   0.0094586660   0.0203074168
23 12  -0.0193788936  -0.0061372346   0.0028006990  -0.0094186962  -0.0000996869
23 13  -0.0000974338  -0.0000244117  -0.0000394414   0.0003839579  -0.0000661566
23 14   0.0000165096  -0.0000104465  -0.0455550746   0.0093324129  -0.0002289171
23 15  -0.0005339655  -0.0001648454
24  1  -0.1657654157  -0.2129338860  -0.0148874612   0.0678817667  -0.1910415229
24  2  -0.0814885705   0.2482230400   0.1175412677   0.0478124190  -0.0791561038
24  3  -0.0900754320  -0.0203316958   0.1258985003  -0.1807078665   0.0386491508
24  4  -0.0259361644  -0.0923912019  -0.0117421716  -0.0367534148   0.0127756889
24  5   0.0242470901   0.0104514434  -0.0359824234   0.0210185403  -0.0013722702
24  6   0.0180131270  -0.0032870061  -0.0034005481  -0.0073527400   0.0145721872
24  7   0.0012330960   0.0038801669   0.0032469048  -0.0257778005   0.0107496385
24  8  -0.0220708800   0.0132590922   0.0202537254  -0.1150425681  -0.0016100363
24  9   0.0323747021  -0.0014814796  -0.0122325050   0.0101597955  -0.0018289643
24 10   0.0046436823   0.0049640306  -0.0214545115   0.0241893869   0.0097135978
24 11   0.0149553616  -0.0099674157  -0.0018813730  -0.0053451496  -0.0351445809
24 12   0.0336814424   0.0117944992  -0.0004657275   0.0061772709   0.0002342657
24 13  -0.0004735818   0.0000891802   0.0000052245  -0.0003319328   0.0001363299
24 14  -0.0000614986  -0.0000621391   0.0306530077  -0.0062921368   0.0001494311
24 15   0.0003280572   0.0001068065
25  1  -0.0884360159   0.0765947182   0.1762100777   0.0390969253  -0.0588657853
25  2  -0.0025320936  -0.0116231765   0.0260768067  -0.0276429460  -0.0327678495
25  3   0.0336033353   0.0300210774  -0.0142327240   0.0148222954   0.0472538704
25  4   0.0024855327  -0.0345553986   0.0006005842  -0.0396340761   0.0004778655
25  5   0.0023305216  -0.0077062250  -0.0006695843  -0.0600335096   0.2075021540
25  6  -0.1099570602  -0.1656370332  -0.0075070951  -0.1851303861   0.0021929687
25  7  -0.0294527160   0.0334185708   0.0833892051  -0.1229197556  -0.0959849238
25  8  -0.0757685983   0.1543685994   0.0736635560   0.0348081219   0.0435434110
25  9  -0.1042894337   0.0077130429   0.0142505178  -0.0703006006  -0.0359385054
25 10  -0.0000757321  -0.0152430921  -0.0405919765  -0.1060270552   0.0012617262
25 11  -0.0696095311  -0.0284451429  -0.0370316599   0.0146514275  -0.0280110341
25 12   0.0080297585   0.0345539285   0.0034872760  -0.0141236497  -0.0002094589
25 13   0.0004728147   0.0003145038   0.0000326834  -0.0055165487  -0.0083683106
25 14   0.0369535310   0.0127746543  -0.0000620147   0.0001855709   0.0002280842
25 15  -0.0012788550  -0.0000186848
26  1   0.1606444723   0.0193982595  -0.0326397284   0.0940929593  -0.0991255401
26  2  -0.0534444626  -0.0293959247  -0.0066207215  -0.0078032480  -0.0113893717
26  3   0.0164885088  -0.0019914294   0.0354054734  -0.0164239289   0.0358019663
26  4   0.0020502910  -0.0074733548   0.0040564727   0.1068323909  -0.0068097983
26  5  -0.0378207227   0.0035671855   0.0155663148  -0.0987252671   0.0119842200
26  6   0.0635431899   0.0001426093  -0.3229688205  -0.1311822210  -0.0147496140
26  7  -0.1716328056   0.0106562096   0.0212343699  -0.0537882847   0.0513458497
26  8   0.0261137246  -0.0076623579  -0.0739627683  -0.0117472668  -0.0748555128
26  9   0.0473937648   0.0139572210   0.0164943924   0.0267578527   0.0254865309
26 10  -0.0174232082  -0.0134745604  -0.0572471306   0.0516570837  -0.0175400176
26 11   0.0417400092   0.0085362715  -0.0407477478   0.0047189106  -0.0227723751
26 12  -0.0982121272  -0.0564162252   0.0028237483  -0.0013407704   0.0007064027
26 13   0.0003338804   0.0001881341   0.0002460082  -0.0095767378  -0.0139189055
26 14   0.0656302908   0.0226682174   0.0001892570  -0.0000135711   0.0007369423
26 15  -0.0020728334   0.0000076006
27  1  -0.0710691046  -0.1053550890   0.0043022072   0.0271671177  -0.0721920863
27  2  -0.2163221483  -0.0533828339   0.0014156098  -0.0474291900   0.0320916282
27  3   0.0071464848   0.0173964713  -0.1319533423   0.0465735366   0.0129230663
27  4   0.0114928570   0.0431315732   0.0016374910  -0.0181538528   0.0056646640
27  5  -0.0087241640   0.0376822175   0.0411998423   0.1702089230   0.0408159310
27  6  -0.0006192554  -0.0177260441  -0.0173140209  -0.0174606408  -0.0366804666
27  7  -0.0601225837  -0.0129190228  -0.0647588181  -0.0315538712   0.2532329930
27  8  -0.0133724260  -0.1520504138   0.1018494095   0.0519838430   0.1265995853
27  9  -0.0859345897   0.0051749978   0.0253605112  -0.0184032018  -0.0085347556
27 10   0.0205442901   0.0234359899  -0.0850363473   0.0753098087   0.0216542897
27 11  -0.0452507049   0.0132144177  -0.0050179513   0.0049392947   0.0520352148
27 12   0.0601036689  -0.0099426620   0.0149277402  -0.0105432972   0.0014035486
27 13   0.0010223983  -0.0007431289   0.0001605782  -0.0018994509  -0.0055739917
27 14   0.0190439702   0.0067906292  -0.0000985823   0.0000876086  -0.0003096358
27 15   0.0003077956   0.0000129646
28  1  -0.1668622189   0.0570796801   0.1307187996   0.0652217272  -0.1601788306
28  2  -0.0120316245   0.0786820968   0.0645812343  -0.0994711639   0.0080595077
28  3   0.1485149929  -0.0397046133   0.1701874261   0.2051942242  -0.0249856790
28  4   0.0373391936   0.1547004288   0.0231277649   0.0635421268   0.0266832243
28  5   0.0902223991  -0.0719592317  -0.0670087154  -0.1127659383  -0.0566344097
28  6   0.0424252364   0.0475893286   0.0156167300   0.0136612188   0.0086502998
28  7  -0.0045381893   0.0029097401  -0.0159571297   0.0039980726   0.0304939090
28  8   0.0026716770  -0.0132103377  -0.0037507676   0.0044051099  -0.0005676685
28  9   0.0150125602   0.0104672927  -0.0095692641   0.0072611398   0.0003173259
28 10   0.0022919990   0.0012150469   0.0075316324   0.0050634161  -0.0002018467
28 11   0.0119735682   0.0003527551   0.0111315028   0.0038024047   0.0149280029
28 12   0.0138576833  -0.0019903777   0.0016457623  -0.0001000439   0.0000076144
28 13   0.0001202534   0.0004413945   0.0000390943   0.0000886166   0.0003053242
28 14  -0.0006568256  -0.0002916115   0.0001563707   0.0003014812   0.0066643708
28 15  -0.0144035466  -0.0000254194
29  1   0.1482523046   0.1032158332  -0.0796947360   0.0869320579  -0.1237824509
29  2  -0.2087804075  -0.1055773291  -0.0232393956  -0.0830590608   0.0444117679
29  3   0.1403677344  -0.0970756539   0.1421866135  -0.2235941108  -0.0852513059
29  4  -0.0327454392  -0.0959144994  -0.0072233712  -0.0759467621  -0.0182352848
29  5  -0.0637779935   0.0272925759   0.0165265522  -0.0058448560  -0.0112598338
29  6  -0.0462166275  -0.0167601285   0.0570580365   0.0091321333  -0.0138128766
29  7  -0.0030390987  -0.0016764956   0.0060024388   0.0006413861  -0.0158002186
29  8  -0.0010788555   0.0120123074  -0.0019614181  -0.0036993367  -0.0059491658
29  9  -0.0021616638   0.0173668837  -0.0164722190   0.0012591908  -0.0025553440
29 10   0.0005508032  -0.0029312752   0.0344168552  -0.0201147940  -0.0017089277
29 11   0.0146765749  -0.0036788903   0.0218258211   0.0052894394   0.0315983395
29 12   0.0448700665   0.0014218294   0.0043987253  -0.0015442883   0.0002949497
29 13  -0.0001337998   0.0004111786  -0.0000073527   0.0002831482   0.0001519147
29 14  -0.0014739258  -0.0005604347   0.0006961038   0.0010548640   0.0230694864
29 15  -0.0507198413  -0.0001234055
30  1  -0.0781784447  -0.1110118427   0.0019619537   0.0300403662  -0.0809892157
30  2  -0.2103011379  -0.0420099196   0.0072625497  -0.0516017093   0.0343071652
30  3   0.0170951770   0.0120158249  -0.1145979380   0.0794436695   0.0110505224
30  4   0.0164577445   0.0794981888   0.0020392693   0.0045148780   0.0116875272
30  5  -0.0075125642   0.0421436426   0.0476099810   0.2296030894   0.0098653949
30  6   0.0450750549   0.0162296506  -0.1268624116   0.0240173383   0.1010614045
30  7   0.1456965603   0.0021069237   0.0527829042   0.0345777878  -0.1870086186
30  8   0.0025024371   0.0950036234  -0.0401520906  -0.0341681679  -0.0442493482
30  9   0.0421710766  -0.0333729773   0.0256587358  -0.0016803285   0.0071183585
30 10  -0.0069092543  -0.0079127457  -0.0129902773  -0.0029431525  -0.0058579997
30 11   0.0070491229  -0.0009507437  -0.0032557165  -0.0022093917  -0.0017594760
30 12  -0.0075107908  -0.0048678701  -0.0009386025   0.0017746918   0.0002638037
30 13  -0.0001036383   0.0003270471  -0.0000251780  -0.0008314029   0.0003592775
30 14   0.0011627556   0.0002890235   0.0001636238   0.0004551841   0.0094124703
30 15  -0.0209413028  -0.0000645408
31  1  -0.0714181909   0.0839213718   0.1917653759   0.0374440906  -0.0248290356
31  2   0.0001916625  -0.0267460332   0.0269136040   0.0091335821  -0.0417392771
31  3   0.0159712902   0.0280870652  -0.0237437616  -0.0204894291   0.0112707958
31  4  -0.0006825811  -0.0234573842   0.0035679093  -0.0283461687  -0.0094059348
31  5   0.0271471178   0.0373342979   0.0309607715  -0.0409322062   0.2222096699
31  6  -0.0914697281  -0.2007883712   0.0387853083  -0.0975959625   0.1048003160
31  7   0.0341793185  -0.0466190951  -0.0681342062   0.1232888900   0.0256903891
31  8   0.0711235910  -0.1436769788  -0.0825252538   0.0050525948  -0.1067715718
31  9   0.0840158778   0.0030295249   0.0054440640   0.0496148084   0.0647267584
31 10  -0.0174550319   0.0062422837   0.0569784134   0.0839115830   0.0387184213
31 11  -0.0450470987   0.0378022815  -0.0220170804  -0.0331248460   0.0246449956
31 12   0.0093308339   0.0758497508   0.0146828150   0.0126071380  -0.0047800003
31 13  -0.0000740142   0.0031489337  -0.0002712043  -0.0023726992  -0.0350748390
31 14  -0.0074674924  -0.0014541533  -0.0000134191  -0.0000085447   0.0005373648
31 15   0.0003244610   0.0000688057
32  1   0.0947194849   0.0179375407   0.0136482873   0.1709512989  -0.0267448258
32  2  -0.0089351696  -0.0309456694   0.0400645933   0.0026467227  -0.0352796423
32  3   0.0051473786   0.0845684325  -0.0552755195  -0.0352823407   0.0225512248
32  4  -0.0055405859  -0.0012351905  -0.0080782064   0.0532016990  -0.0177462551
32  5   0.1068765788  -0.0056031684  -0.0084034022  -0.0621686410  -0.1263233080
32  6  -0.1132299608   0.0038890157  -0.1631411333   0.0016353492  -0.2687073126
32  7   0.1496727943   0.0279201127  -0.0080415475   0.0109773489  -0.0171067596
32  8  -0.0226235399  -0.0441315951   0.0609359773   0.0059575603   0.0455298973
32  9   0.0888791487  -0.0147473626  -0.0008623361   0.0206961045  -0.0223927336
32 10   0.0130482645  -0.0019479975   0.0133172314   0.0098808377   0.0061332226
32 11  -0.0232068962  -0.0237598289   0.0308617070   0.0033691794   0.0300348351
32 12  -0.0229307993   0.1586935056  -0.0112606294  -0.0038821525  -0.0101458952
32 13   0.0003218195  -0.0040810090  -0.0009838700   0.0035574743   0.0567673518
32 14   0.0138152171   0.0023260403  -0.0000342438   0.0000372321   0.0012762301
32 15   0.0004936394  -0.0000500627
33  1   0.0121429237  -0.0781622377   0.0461993707  -0.0035057209   0.0287510557
33  2  -0.2206586028  -0.1124919490  -0.0032634796   0.0554317585  -0.0024137253
33  3  -0.0316300405   0.0453912726  -0.0790853532  -0.0618958004   0.0110137545
33  4   0.0075121142   0.0370755711   0.0106657474  -0.0237739388   0.0192786700
33  5   0.0194306823  -0.0533353583  -0.0363375980  -0.1021171015   0.0534961400
33  6   0.0708018556   0.0327603911   0.0965044769  -0.0074391012   0.1072013072
33  7  -0.0371477734   0.1363509752  -0.1392103282  -0.0673347928   0.0441770519
33  8  -0.1054814534   0.0889741280  -0.0101139318   0.1337438858   0.0277460385
33  9   0.2183649663  -0.0000570627  -0.0193028374  -0.0002191434   0.0046008970
33 10   0.0330763603   0.0006498792  -0.0039162627  -0.0420797743   0.0033809093
33 11   0.0244561248  -0.0080633837   0.0412250139   0.0669398810  -0.0142491109
33 12  -0.0384628113   0.0462179198  -0.0102889296  -0.0052659654  -0.0045875833
33 13  -0.0002956711   0.0018639464   0.0001299758  -0.0026015966  -0.0468446985
33 14  -0.0097740773  -0.0006096866   0.0000936252  -0.0000118839  -0.0012687628
33 15  -0.0005358180   0.0000519098
34  1  -0.0127680064   0.1080385134   0.2432915706   0.0302756595   0.0880571223
34  2   0.0093359863  -0.0765685632   0.0372473029   0.1059924812  -0.1383414017
34  3  -0.0198387502   0.0282158744   0.2195658026  -0.1005805115  -0.1436886821
34  4   0.0222444666   0.1209314797   0.0694701443   0.0119084858   0.0079689669
34  5  -0.0866260205   0.0661851007   0.0417340272   0.1621541025  -0.0565005861
34  6   0.0136646581   0.0306913682  -0.0418469038   0.0066034120  -0.0239441387
34  7   0.0013490295   0.0090365308  -0.0020346913  -0.0101581470   0.0122613980
34  8  -0.0063059541  -0.0044603006   0.0194583059   0.0023576788   0.0130799464
34  9   0.0006505959  -0.0001678747  -0.0061739932  -0.0216520978   0.0088425675
34 10   0.0080557439   0.0067357233  -0.0126759677  -0.0110408646  -0.0026963130
34 11   0.0097491884  -0.0003683609   0.0053463932   0.0093038091  -0.0028924373
34 12  -0.0009786475  -0.0112642662  -0.0009884439  -0.0004825966   0.0002727034
34 13   0.0000400740   0.0001278538  -0.0000944144  -0.0003703866  -0.0000187642
34 14  -0.0003275015   0.0001914839  -0.0001525997   0.0001959780   0.0160563135
34 15   0.0072202885   0.0002015415
35  1   0.1075918072  -0.0628328347   0.0583528217   0.1767721423  -0.0039967471
35  2   0.1401653165   0.0259597768   0.1170691918  -0.1157252781   0.0762524884
35  3  -0.0259335105   0.1032808713  -0.1734668013  -0.2379454774  -0.0645618169
35  4   0.0060809276   0.1336199942   0.0050423919  -0.0273924602   0.0212891196
35  5  -0.0345225153  -0.0194610045  -0.0108170517  -0.0405230587   0.0084238884
35  6   0.0656782228   0.0818672959   0.0750514504  -0.0771992217   0.0013436558
35  7   0.0025628244  -0.0351529585   0.0227066465   0.0207457963  -0.0042070271
35  8   0.0144381930  -0.0169962123  -0.0029095349  -0.0156463910  -0.0121431753
35  9   0.0008627272  -0.0019154224  -0.0091445806  -0.0213280062   0.0238481098
35 10   0.0072897540   0.0101089479   0.0021280936  -0.0141943376   0.0051746997
35 11  -0.0068048782   0.0079877085  -0.0124852743  -0.0041239722  -0.0090818215
35 12   0.0117167176  -0.0414623317   0.0024354363   0.0003735947   0.0027017268
35 13   0.0000066196   0.0004092594  -0.0000804907   0.0001459794  -0.0013488843
35 14  -0.0006919153  -0.0001507074  -0.0003920739   0.0006336689   0.0543976547
35 15   0.0247932498   0.0006081119
36  1   0.0131686635  -0.0521125461   0.0371559639  -0.0058329108   0.0313291565
36  2  -0.2643000336  -0.1356831526  -0.0260074383   0.0994182593  -0.0475355277
36  3  -0.0276702375   0.0352144080  -0.0199228300  -0.0056883508   0.0212487285
36  4   0.0094252573   0.0121312889   0.0229227794   0.0071355537   0.0116107255
36  5   0.0616220068  -0.0623830854  -0.0462923837  -0.1345134300  -0.0280225675
36  6   0.0748124740   0.1083042845   0.1087453346  -0.1133412661  -0.0165389627
36  7   0.0022019823  -0.1178546111   0.1076536334   0.0486786061  -0.0274519182
36  8   0.0687112903  -0.0265949151  -0.0185931168  -0.0716765106  -0.0186049456
36  9  -0.1275228777  -0.0026788058   0.0147727807   0.0142498804  -0.0162558280
36 10  -0.0209583666  -0.0036900785  -0.0023619733   0.0196398756  -0.0092629106
36 11   0.0151639787  -0.0063040386   0.0101438186  -0.0026389894   0.0073378681
36 12  -0.0084618719   0.0348768986   0.0005922184   0.0023478301  -0.0008213166
36 13  -0.0000254670   0.0006091756   0.0000508162  -0.0002218210  -0.0004533401
36 14  -0.0004757584  -0.0004120825  -0.0000546511   0.0000575355   0.0055496735
36 15   0.0026522386   0.0000569651
37  1  -0.0636560271   0.0763517653   0.1788021343   0.0225181920  -0.0518364346
37  2  -0.0009036317   0.0304721080  -0.0736457034   0.0212448511   0.1250545957
37  3  -0.0564219582  -0.1144820078  -0.1183890719  -0.0447394120   0.0170430842
37  4  -0.2403969726   0.0220303457   0.1327385580   0.2956227507   0.0139081539
37  5   0.0309616542  -0.0449624029  -0.0131552624   0.0544158422   0.0005890934
37  6  -0.0766827599   0.0585693462   0.0063630846   0.0365985442   0.0138142630
37  7  -0.0097034795  -0.0537030066  -0.0025944131  -0.0769933427  -0.0412137632
37  8   0.0632364601  -0.0102480628   0.1537277371   0.0566304963  -0.0617675067
37  9   0.0629601508   0.0892665602   0.0372814960   0.0105904844  -0.0314562604
37 10  -0.1150885072   0.1425645506  -0.0072671612  -0.0200390509   0.0284282436
37 11   0.0252546495   0.0616290028  -0.0227497346   0.0128375654   0.0027800374
37 12   0.0152426841   0.0085533298  -0.1028719686  -0.0527045220   0.0122822242
37 13  -0.0000776577   0.0011275784  -0.0013181400  -0.0000090664   0.0004480434
37 14   0.0009668485  -0.0021827371  -0.0024414483   0.0040715665  -0.0077456780
37 15  -0.0057256056   0.9373398546
38  1  -0.0894863466   0.0865769710   0.0947685819   0.3670204971   0.1424108327
38  2  -0.0261346238   0.1325053973  -0.1493413505   0.0424842403   0.1529935126
38  3  -0.0846826522  -0.2845999055  -0.1923356861   0.1132662220   0.1897034059
38  4  -0.6159433144   0.2304509901   0.3852938219  -0.0087913519   0.0437267497
38  5  -0.0898763248  -0.1059053846  -0.0826518254   0.0748762364  -0.1252193386
38  6  -0.1652777914  -0.1176434081  -0.0459077765  -0.1075297983  -0.0001302160
38  7   0.0225914079   0.0801212802  -0.0567892246   0.1289964285   0.1030522041
38  8   0.0340267295   0.0891914437  -0.4164867237  -0.1502438129   0.1859670900
38  9  -0.1465568048  -0.2366930738  -0.0957051236  -0.0248217694   0.0889766447
38 10   0.3148191684  -0.3609010308   0.0149194862   0.0414496110  -0.0725717478
38 11  -0.0580901766  -0.1440114842   0.0504433168  -0.0320423139  -0.0060239741
38 12  -0.0374926788  -0.0146264667   0.2409207392   0.1227734926  -0.0295543595
38 13   0.0001994937  -0.0007496497   0.0047348119   0.0000039803  -0.0014061986
38 14   0.0009601194  -0.0033392731   0.0001399957  -0.0003255375   0.0003974139
38 15   0.0003019682  -0.0575086440
39  1   0.2335616386  -0.0501741974   0.1741786266  -0.0817599319   0.2950490470
39  2  -0.1569880934   0.3499748288  -0.0592996006  -0.1350534015  -0.1577465606
39  3   0.1389775887   0.0017489505  -0.1411427070   0.1110163102   0.2288071663
39  4  -0.5430225894   0.1263827099   0.3249504232  -0.0329830303  -0.0241195473
39  5   0.0750129644   0.0667108357   0.0592665707  -0.0920259584   0.1031745260
39  6   0.1545902589   0.0578665253   0.0137436519   0.1595455039   0.0051783373
39  7  -0.0291659770  -0.1003892672   0.0883551190  -0.1209297381  -0.0877173097
39  8  -0.0818604117  -0.0886024668   0.4247393010   0.1645380540  -0.1857992544
39  9   0.1646818542   0.2410524428   0.1012072874   0.0352256148  -0.0896674460
39 10  -0.3035312472   0.3795913671  -0.0187600723  -0.0552891439   0.0717364424
39 11   0.0636229973   0.1461767450  -0.0533185284   0.0284979863   0.0077186264
39 12   0.0368376918   0.0175015656  -0.2443230919  -0.1257814357   0.0271072529
39 13   0.0000969679   0.0017155972  -0.0051980038   0.0000262325   0.0002708288
39 14  -0.0004336643   0.0013725480   0.0008990352  -0.0014594603   0.0028831376
39 15   0.0021766101  -0.3376326996
40  1   0.0580561982   0.0850419848   0.2097023185  -0.0460748622   0.0212152461
40  2   0.0092123442   0.1337806399   0.0275723145  -0.0484233602  -0.0909240458
40  3   0.0676004277  -0.1246998516  -0.1418937577   0.0492532682   0.0277589797
40  4  -0.0074116611  -0.1850679451   0.0032513778   0.2341236212  -0.0645680111
40  5   0.1523666496   0.1672249892   0.1512566763  -0.0054774645   0.1130660088
40  6   0.2691667045   0.4877223724   0.1693848077  -0.2082280107  -0.1260462961
40  7   0.0987642777   0.1980721183  -0.2462373713  -0.0347896573  -0.0562829990
40  8  -0.3748267734   0.0410939046   0.0592293870  -0.0194133535  -0.1660298576
40  9  -0.1896309039  -0.0047956645  -0.1512557894  -0.2456738571   0.0653886783
40 10  -0.1551873075  -0.5714326699   0.0771439943   0.3191932992   0.0080599185
40 11  -0.0796772251   0.0610449062   0.0075015093   0.0864738855  -0.0107064574
40 12   0.0637065197  -0.0258911170  -0.5562501415  -0.2751379409  -0.1582003871
40 13   0.0012864137  -0.0001324284  -0.0072431551   0.0000495531   0.0013246251
40 14  -0.0123576843   0.0384709928   0.0000111400   0.0000571223  -0.0004392757
40 15  -0.0001430990   0.0023747212
41  1   0.0074119961  -0.0302829506   0.1056388123   0.2846319407   0.0901727680
41  2   0.1401156609  -0.2319154330   0.3530544514   0.0400762269  -0.0750198387
41  3  -0.0393387157  -0.4917161092  -0.2314126505   0.1887765983   0.0661115496
41  4   0.0402410446  -0.1396313632   0.0157497254  -0.1090400671  -0.0404265236
41  5   0.0297123795   0.0966971909   0.0656477853  -0.0481277381  -0.0139657523
41  6   0.2430114442   0.1871701013   0.0815199863  -0.1401924395  -0.1010602196
41  7   0.0645260110   0.2461096116  -0.2321607886  -0.0820660993  -0.1642310067
41  8   0.1885369391  -0.0655693817   0.1957821711  -0.0488213795  -0.2176875923
41  9  -0.2477133673   0.1852211958   0.1527350202   0.2165849203   0.0465295822
41 10   0.1974318307   0.2160099242  -0.0242743956  -0.0926299676  -0.0087903980
41 11  -0.0136300570  -0.0517504612   0.0292712693   0.0051895812  -0.0194378114
41 12   0.0014709303  -0.0707166069   0.1155534456   0.0540789060  -0.6697660699
41 13  -0.0013619121  -0.0176910196   0.1377202647   0.0016651924  -0.0103701115
41 14   0.0727267886  -0.2189832754   0.0000342404  -0.0000401161  -0.0000782975
41 15   0.0000234737  -0.0027973897
42  1   0.1521505011  -0.1141012576   0.1470636628  -0.0489219558   0.1943546324
42  2  -0.0894806958   0.0854706380   0.0628642413  -0.0424200781  -0.0173173184
42  3   0.0104931821  -0.0842084774  -0.0206094616  -0.0015715545  -0.0270260718
42  4   0.0294774105  -0.0261913526  -0.0178080000   0.0854858685   0.0127906321
42  5  -0.0216112751  -0.0575469748  -0.0424298761   0.0421420103  -0.0506015105
42  6  -0.1336434745  -0.0967233604  -0.0403981367   0.0218703654   0.0396709688
42  7  -0.0252279896  -0.0795999063   0.1315460188   0.0958999668   0.1088868595
42  8  -0.1594220325   0.0279625605  -0.1726919432   0.0042614479   0.1432180311
42  9   0.1199264481  -0.1204062413  -0.0724940301  -0.0990732779  -0.0410158538
42 10  -0.1147332909  -0.0465953498   0.0017969628   0.0111021499   0.0131958886
42 11   0.0280660846   0.0508150416  -0.0315403623  -0.0081139535   0.0118151792
42 12   0.0078972523   0.0271632332  -0.0857919873  -0.0431065966   0.1469598296
42 13  -0.0047760953  -0.0723034597   0.4470137731   0.0060259150  -0.0378087434
42 14   0.2678015051  -0.8062676963  -0.0000061634  -0.0000565146  -0.0002284265
42 15  -0.0000631110  -0.0014458380
43  1   0.0522623673   0.0496771059   0.1439811578  -0.0882050164  -0.1185002215
43  2   0.0012428940  -0.0653021741   0.0836527968  -0.0246917202  -0.0971146551
43  3   0.0539555818   0.1382848135  -0.0792470412  -0.0745102420   0.0119705567
43  4  -0.0200908210  -0.0807820146  -0.0120914693   0.2098838220  -0.0400806107
43  5   0.1867360377   0.0570873526   0.0607114522  -0.0966734166   0.1250246251
43  6  -0.0534280461   0.0024815288  -0.0393280719   0.4385437951   0.1822010764
43  7  -0.1321571246  -0.3257477809   0.1995284611  -0.0227012352   0.1410141217
43  8  -0.2533765113   0.1659385669  -0.0718964886   0.0389787789   0.0249234549
43  9  -0.0789495251  -0.0431398964   0.0562997115   0.1811623200   0.1504023992
43 10   0.5713932845  -0.0456777490  -0.0891744554  -0.2151561229  -0.0370546338
43 11   0.1759212604   0.1725763693  -0.2180047168  -0.1655886350   0.0919429229
43 12   0.0373394260   0.1507770490  -0.4277877255  -0.1996444843  -0.0335277577
43 13  -0.0024925880  -0.0286856297  -0.3311951013   0.0005122974  -0.0103154954
43 14   0.0554467845  -0.1653807718  -0.0000271635   0.0001008094   0.0000074058
43 15  -0.0002590548   0.0017995831
44  1  -0.0261853571   0.0467691588   0.0776468407   0.3038107225   0.0916621219
44  2   0.0113521076   0.0106281355   0.0099597810   0.0355523848   0.0229269444
44  3  -0.0448248266  -0.1791856507  -0.0660780817   0.0852037098   0.0300210904
44  4   0.0349199113  -0.0365411927  -0.0064688767  -0.1324804706  -0.0178854083
44  5   0.0041798131   0.0485523859   0.0285141571  -0.0486156391   0.0059559181
44  6   0.1211603979   0.0266879002   0.0153389006   0.0130546537  -0.0094132843
44  7  -0.0060224448  -0.0512556955   0.0205881742  -0.0633929373  -0.0269662117
44  8   0.2699123642  -0.0088835561   0.0553211886   0.0338941948   0.0927560688
44  9   0.1796657479  -0.0260094105  -0.0691734080  -0.1428315027  -0.0768284880
44 10  -0.2630246135  -0.0369459118   0.0348045466   0.0880937551   0.0054722766
44 11  -0.0618024312  -0.0690614999   0.0751625054   0.0486129575  -0.0309331045
44 12  -0.0193366846  -0.0521593259   0.2088916071   0.1040216215  -0.0554522786
44 13  -0.0069898388  -0.0750061880  -0.8066797000   0.0009778646  -0.0279075915
44 14   0.1283872163  -0.3862888506   0.0000025626   0.0001913351  -0.0000358417
44 15  -0.0002692029  -0.0016757045
45  1   0.1905256288  -0.1868766627   0.1981033953  -0.0566007047   0.2364815865
45  2   0.0531364396  -0.1165206625   0.4180776049  -0.0461556515  -0.1260495268
45  3   0.0235465296  -0.4987498303  -0.2152493997   0.1521742607   0.0214335766
45  4   0.0339523368  -0.1678535943   0.0119451510   0.1059028650  -0.0229968245
45  5   0.0002146421   0.0379755458   0.0335743088   0.0568134727  -0.0572758994
45  6   0.1246459718   0.2333774743   0.0969051873  -0.3308024356  -0.1588188872
45  7   0.1223871371   0.4099371580  -0.2976330278   0.0390064389  -0.1277211497
45  8  -0.1858625458  -0.1013495737   0.0539592868  -0.0914715050  -0.2393903847
45  9  -0.3394516462   0.1251234836   0.1073937393   0.1727379873   0.0419683435
45 10   0.1615357753   0.0870417111  -0.0132974062  -0.0374555843   0.0022041068
45 11   0.0058428119  -0.0075079017   0.0072206406  -0.0005454562   0.0043370268
45 12  -0.0185073233   0.0399113811   0.0432539394   0.0185478804   0.6982134902
45 13  -0.0006687582  -0.0081412913  -0.1205094811  -0.0000441993  -0.0034221881
45 14   0.0143934008  -0.0443377768  -0.0000198366   0.0000468057  -0.0000832880
45 15  -0.0000249229   0.0015416591
46  1  -0.0656557074   0.0429053895   0.1170729887  -0.0196102815  -0.1828523846
46  2  -0.0082047552  -0.0846232121  -0.1012011453  -0.0121909289   0.0617813038
46  3  -0.0355646940   0.1873937089   0.0632637768  -0.0677794776   0.0044997800
46  4  -0.0533548308  -0.0241579607   0.0085653893   0.0165581466  -0.0376932705
46  5   0.1395580088   0.0975824382   0.0835972480  -0.1912697058   0.1866184836
46  6   0.3056169770   0.1137420905   0.0406735513   0.0933820341  -0.1172300697
46  7   0.0706411445   0.4870419718  -0.2901085636   0.0648787612  -0.1066175453
46  8   0.3089058488  -0.1333413542  -0.2222187478  -0.2288646911   0.1662822971
46  9  -0.2617551848  -0.2491624035  -0.1152069554  -0.0754437745  -0.2117069299
46 10  -0.1626693324  -0.0678380032  -0.1119692060  -0.2134832336   0.1352623480
46 11   0.3315400523   0.5239735552  -0.3883779222  -0.2024183631   0.1150530003
46 12   0.0258103149   0.1623511664   0.2176076970   0.1578354810  -0.0504283959
46 13  -0.0060699349  -0.0111989841   0.0000312343  -0.0003652427   0.0021785428
46 14  -0.0014663202   0.0054028514   0.0000122269   0.0000324665   0.0006672552
46 15  -0.0007710629   0.0006324162
47  1   0.0442005082   0.1038609404  -0.0085930396   0.2074821733  -0.0108838984
47  2  -0.1442737468  -0.0469024781   0.0237671544   0.0472892846  -0.1673693786
47  3   0.0115420112   0.0985392494  -0.2294864831  -0.1324685389   0.0168197485
47  4   0.0165511278   0.0825772120  -0.0015594613   0.0330569752   0.0074824560
47  5   0.0707900862  -0.0650641962  -0.0524119871  -0.1041468878  -0.1264946379
47  6  -0.1961127059  -0.0040030157   0.0283276684   0.3119033724   0.2195241932
47  7  -0.1028499007   0.2672159037  -0.2713045579  -0.0917552773   0.0302932138
47  8  -0.1407518766   0.2405681883  -0.1251175197  -0.0569623174  -0.0623259994
47  9  -0.2141558742   0.0962162253   0.0099072054  -0.2344181410   0.1152203021
47 10  -0.1774647140   0.2096231013   0.0194029465   0.1520870116  -0.3719425581
47 11   0.0482204488  -0.4271451003  -0.1400074357  -0.6265522724   0.1724406337
47 12   0.0063433147   0.0854954640  -0.0521738330  -0.0368555723  -0.0107739253
47 13   0.0294486334   0.2410345990  -0.0111876213  -0.0020608464   0.0183638778
47 14   0.0098717677  -0.0251485796  -0.0000237489  -0.0000761169   0.0003971392
47 15  -0.0000148624  -0.0002860372
48  1   0.0738804425  -0.1654416054   0.1172324832  -0.0181180507   0.0980702306
48  2  -0.0417324573  -0.0778002064   0.0671338253  -0.0082091223   0.1014806781
48  3  -0.0548162018  -0.0174198404   0.0814207431  -0.0181469440  -0.0304502416
48  4   0.0009282473   0.0255409950  -0.0040852207  -0.0356322883   0.0191169628
48  5  -0.0181506965  -0.0591316276  -0.0476865243  -0.0564281129   0.0466624699
48  6   0.0140190260  -0.2025224342  -0.0906148585   0.1819829679  -0.0276901568
48  7  -0.0100514870  -0.0031737709   0.0642569668  -0.0088797320  -0.0850734056
48  8   0.0349730779  -0.1504184257   0.1504744787   0.0037022316  -0.0548494647
48  9  -0.0423488877   0.0242546008   0.0038895070   0.0652860676  -0.0549336320
48 10   0.0297143968  -0.1505687531  -0.0082909082  -0.0006375957   0.1057538173
48 11  -0.0186989630   0.1236216072   0.0321978023   0.1604208645  -0.0468650326
48 12   0.0008104623  -0.0495999532   0.0202677804   0.0157481458   0.0022887625
48 13   0.0915205375   0.9533055637  -0.0359295316  -0.0102698577   0.0595083811
48 14   0.0355838457  -0.0972530703  -0.0001190815   0.0003484767  -0.0014985872
48 15   0.0008854101  -0.0007165894
49  1   0.0134538082   0.0266662981   0.0969218196  -0.0926217733  -0.2206871748
49  2  -0.0063188048   0.1122566641  -0.0737960368   0.0610462192  -0.1156438962
49  3   0.0782183961  -0.0410886985  -0.2935299792  -0.0310485201   0.0226758626
49  4   0.0348648451   0.0513553833   0.0043088485   0.0506818384  -0.0234178916
49  5  -0.2619091441   0.0348199422  -0.0017543045  -0.1438100798  -0.3901220328
49  6   0.0630174937  -0.2210332961   0.1138262602   0.0479377515  -0.0435251195
49  7   0.1035516669  -0.1052396325  -0.0631255264  -0.2511175080  -0.0294668564
49  8  -0.0339822104  -0.0853505608  -0.1876567930   0.1592251898  -0.0578100336
49  9  -0.0830731396   0.0652061021  -0.0434007105   0.1076013178   0.1601626500
49 10  -0.1526274488  -0.1702981898  -0.3321879662  -0.2427117276   0.6444481422
49 11   0.0795064566  -0.1510839207   0.3963826173  -0.4148882598   0.0381504280
49 12  -0.0961106772  -0.0585637311  -0.0206702111  -0.0854832426  -0.0011612240
49 13  -0.0299040952  -0.0055867735  -0.0000802479  -0.0048314814   0.0002266557
49 14  -0.0008754755   0.0011693731   0.0003527346   0.0004319165   0.0001096405
49 15  -0.0004569981   0.0000706134
50  1   0.1430776801   0.0551705313  -0.0442818291   0.1052810907  -0.0962922808
50  2  -0.1119799770   0.0368880195   0.1071546182  -0.0104237788   0.0247206062
50  3  -0.0912740719   0.0685204971   0.0968007256   0.2036760396   0.1449449851
50  4   0.0115647345   0.0105034410   0.0051529246   0.2398552884   0.0266649558
50  5  -0.3522803174   0.0244466277   0.0926188491  -0.1131109400   0.0357327941
50  6  -0.0550974190  -0.0559585132   0.2801224623   0.1086817281  -0.1192869379
50  7   0.1130456097   0.0354177031   0.0644479021  -0.0449404122   0.0503725603
50  8   0.0647121001   0.0485758525   0.0505046541   0.1452454516  -0.0771938316
50  9  -0.0558846432  -0.2611161510  -0.2766032018   0.3064233111   0.2131670016
50 10  -0.1887499682  -0.0029000843  -0.3066309003  -0.1143125971  -0.2089672725
50 11  -0.1394387035  -0.1003616483  -0.1179850469   0.1580850362   0.1134936503
50 12   0.0786544821  -0.0101398214  -0.3411974718   0.6737523457   0.0040378693
50 13  -0.2766654832   0.0287163520   0.0003715497  -0.0270592607   0.0051975269
50 14  -0.0018278719  -0.0021976512  -0.0017617338  -0.0064621055   0.0013650959
50 15  -0.0030874120  -0.0000103976
51  1  -0.0217605130  -0.2690951285   0.0959931245   0.0226238800  -0.0217055254
51  2   0.0859734475  -0.0692359818  -0.0768619809   0.0079850503   0.0241522239
51  3   0.0371574692   0.0049633250   0.0435615844   0.0266688797  -0.0062911474
51  4  -0.0067004070   0.0007477748   0.0014383010  -0.0201545983  -0.0445699536
51  5  -0.0424796933   0.0593804447   0.0185639645  -0.1170366912  -0.0377955510
51  6  -0.1311484773   0.1072399784   0.0015141576  -0.0125820352   0.0883251447
51  7   0.0666985620   0.0875068570   0.1177316841  -0.0202647107   0.1400190747
51  8   0.0563293938  -0.0234392977  -0.0455540698  -0.1083205312  -0.0036772839
51  9   0.0673100573   0.1673846496   0.1252238524  -0.0993340020  -0.0499898501
51 10   0.0470395937  -0.0224203658   0.0644060392   0.0198380426  -0.0289222925
51 11  -0.0006212346   0.0842042688   0.0573169718  -0.0543086941  -0.0442060359
51 12  -0.0175956447   0.0118165481   0.1160348627  -0.2253247495  -0.0005367149
51 13  -0.9479810650   0.0903068536   0.0008020740  -0.0814049519   0.0153699285
51 14  -0.0047453834  -0.0053080491  -0.0005115710  -0.0032472424   0.0008721478
51 15  -0.0021759704  -0.0000714233
52  1   0.1764110696   0.0219552268   0.1082443448  -0.2056899518  -0.1865967842
52  2   0.0037232218   0.0723629972  -0.0351455834   0.0618942465   0.0797203639
52  3  -0.0275883644  -0.1307041768   0.0252187227  -0.2600340401   0.3869386943
52  4   0.1034591975   0.4095426019   0.0506247598  -0.1107066579  -0.7354013783
52  5   0.0931893216  -0.0940331020  -0.2741205235   0.3687145948   0.2304792705
52  6  -0.0300276958   0.0483294407   0.0288184695   0.0050861017  -0.0843760575
52  7  -0.1581853447  -0.0255981799  -0.0640415141   0.1944969016  -0.2251056962
52  8  -0.0253723530   0.0714505721   0.0617179113   0.0454183365   0.1534137302
52  9  -0.0005997657   0.1285736672  -0.1561451726   0.1654498983   0.1388544842
52 10  -0.0897754146  -0.0284497425  -0.1484276516  -0.0377598989  -0.1951054434
52 11  -0.0688746387   0.1418633190   0.0860076490  -0.0423611635  -0.0697136464
52 12   0.0358874313   0.0305477776   0.1027679569  -0.1833391397  -0.0001749602
52 13   0.0077097536   0.0000395223   0.0001638762   0.0002888803   0.0000446709
52 14   0.0001491453   0.0000638754  -0.0629143844  -0.3053311270   0.0053535143
52 15  -0.0048395491   0.0010789828
53  1   0.1772340789  -0.0412921417  -0.0038043080   0.0904414542  -0.0895578307
53  2   0.0542168712  -0.0177958949  -0.0404006080   0.0223999144  -0.0496753219
53  3   0.0163124215  -0.0062638206   0.0469338028   0.0408384357   0.1108925356
53  4   0.0088648311   0.0010401023  -0.0050455873   0.1009348039   0.0977142381
53  5  -0.0626712560  -0.0428580823   0.0327147548   0.0649404470   0.1179666615
53  6   0.0611117960  -0.0481462579   0.1090709233   0.0478730175  -0.0351453055
53  7   0.1301247346   0.0246381953   0.0678822384  -0.1844868933   0.1895681092
53  8   0.0255146400  -0.0489125029  -0.1120737211  -0.0798786122  -0.1309724205
53  9   0.0236713762  -0.0488572932   0.1504729252  -0.1596311649  -0.1280380820
53 10   0.0866755853   0.0267888311   0.1399554373   0.0427732354   0.1807407817
53 11   0.0669248285  -0.1319176618  -0.0914833130   0.0502776883   0.0698950609
53 12  -0.0391829417  -0.0296312496  -0.1053014899   0.1941941851  -0.0001704276
53 13   0.0018089813   0.0001631364  -0.0003155904   0.0018149908  -0.0000828926
53 14   0.0006856807   0.0000901356  -0.1808201864  -0.8745889014   0.0154321604
53 15  -0.0138847389   0.0033743321
54  1  -0.0169955653  -0.3679526926   0.1357234032   0.0284786423  -0.0211336861
54  2   0.2559355271  -0.1233345831  -0.2521912369   0.0320411671  -0.1121387024
54  3   0.1864623126  -0.0836509394  -0.0862281726  -0.0962448240  -0.1319268515
54  4  -0.0388152676  -0.1407547093  -0.0449581801  -0.2256556762   0.5985934438
54  5   0.3337759617   0.0559784877   0.1871865147  -0.0537015181  -0.1379777805
54  6  -0.0813960498   0.0382107600  -0.1018186756  -0.0266042777  -0.0367128254
54  7  -0.2084064092  -0.0332436235  -0.0952057720   0.2866032947  -0.2896475213
54  8  -0.0325485467   0.0786053676   0.1156501874   0.1077590738   0.2130943583
54  9  -0.0255586222   0.1441791113  -0.2086612801   0.2342671563   0.1964371396
54 10  -0.1326840198  -0.0472728256  -0.2152878775  -0.0674360117  -0.2553032358
54 11  -0.0975407571   0.1852444972   0.1273429403  -0.0680892329  -0.0937750263
54 12   0.0517361343   0.0390217825   0.1411888335  -0.2622754079   0.0006872612
54 13   0.0049537986  -0.0010227327  -0.0002313671  -0.0009878782  -0.0000154764
54 14  -0.0000234098   0.0000944852  -0.0640960084  -0.3107334245   0.0053402573
54 15  -0.0046849151   0.0011722699
55  1   0.0611628510   0.0849664395   0.2099444016  -0.0482118875   0.0219207674
55  2   0.0094068443  -0.2003438502  -0.0783355329  -0.0469438960   0.0604689951
55  3   0.0763270689   0.0756644989  -0.1625639477   0.2535511348   0.0688209981
55  4   0.0186461886   0.0045975611   0.0005359569  -0.0393053452  -0.0019520549
55  5  -0.3207711176  -0.0039530818   0.0219134711  -0.0361053964   0.0328493013
55  6  -0.1200541397   0.1654918973  -0.0036831693   0.0775004707  -0.1023005812
55  7  -0.1077912044   0.0124386021  -0.0551035070   0.1160023100   0.0825346656
55  8  -0.0491245820   0.0062262346   0.2060696625  -0.3950197183   0.2190784192
55  9   0.1135924811   0.0172854350   0.1585704390   0.1854407367   0.2741967093
55 10  -0.1723003642  -0.1472803462   0.0940533151  -0.0362013052   0.1627327825
55 11   0.3452077393  -0.4022594911  -0.3680502914   0.1463738232  -0.4393858858
55 12   0.3949743161   0.1751072826   0.1020583906  -0.1180669760   0.0011697878
55 13  -0.0023636106   0.0009284064   0.0000437375  -0.0041615608   0.0016437759
55 14  -0.0037752046  -0.0016324894  -0.0030790576   0.0003336061  -0.0002987103
55 15   0.0001106071  -0.0000277534
56  1   0.2144996481  -0.0990029741   0.0088420624   0.0620370659  -0.1038380619
56  2   0.1430103091   0.0324912575  -0.0326532851   0.0543037597  -0.0348757038
56  3  -0.0306402477  -0.0040850833   0.1522053141   0.0222500588   0.0636417887
56  4  -0.0005135517  -0.0352437042   0.0117646604   0.1630906892  -0.0289173029
56  5  -0.2709078796   0.0162147409   0.0397600509  -0.3793017448  -0.0824556139
56  6  -0.0597930810   0.0286509855   0.0527271902  -0.0126199595   0.3620096070
56  7   0.3876361311   0.0097183628   0.0469172193   0.1591197006  -0.3250115338
56  8  -0.0573647605   0.1311177332   0.0498754042   0.1918316386   0.3083796219
56  9  -0.1202288472   0.4343520360  -0.3770538417   0.0446499645  -0.0661294499
56 10   0.1311350569   0.1526980250  -0.1666354228   0.3442580919   0.2361451760
56 11   0.0320408816  -0.2084135767  -0.3641993094   0.2210662798   0.2776122555
56 12  -0.1655684599  -0.0762234091   0.1252686637  -0.2402622054  -0.0018611204
56 13   0.0142826019  -0.0049996613   0.0003227917  -0.1987597242   0.0177724304
56 14  -0.0201240848  -0.0085081309   0.0006444226  -0.0014923014   0.0007690057
56 15  -0.0010138004   0.0000272083
57  1  -0.0934744046  -0.1718049608   0.0150031733   0.0399077014  -0.1024385174
57  2  -0.1149280924   0.0438030819   0.0289319848  -0.0125085856  -0.0016560122
57  3  -0.0318106569   0.0219357473  -0.0511375721   0.0843344737   0.0263218812
57  4   0.0108522302   0.0530876333   0.0031899032   0.0724830035  -0.0027118091
57  5  -0.0967823977   0.0832932566   0.0523623604   0.0126665683  -0.0566093506
57  6  -0.0761771308  -0.0617024206   0.1120977509   0.0267353620  -0.2361918479
57  7  -0.2536604464  -0.0344880313  -0.0663415018   0.0810820706  -0.0726755100
57  8   0.0184348178   0.0037364864  -0.0361257273   0.1118050201  -0.0525416792
57  9   0.0045905681  -0.0737143272   0.0891698315  -0.0380068410  -0.0068439398
57 10  -0.0085408426  -0.0245159071   0.1174038178  -0.0728087489  -0.0485427597
57 11   0.0142021111   0.0487745434   0.0694211248  -0.0383677268  -0.0482674568
57 12  -0.0083599050   0.0022694892  -0.0245854789   0.0419261573  -0.0001500325
57 13   0.0858892518  -0.0246161293   0.0014903137  -0.9603334188   0.0895348064
57 14  -0.1111890646  -0.0464132743  -0.0008140429  -0.0007805875  -0.0003074972
57 15   0.0001195899  -0.0000467162
58  1   0.0557100900   0.0540718785   0.1524827781  -0.0847597422  -0.1002598416
58  2   0.0024182399  -0.0050498878  -0.0214953314   0.0209959623   0.0159959984
58  3   0.0200384162   0.0387290051  -0.1983345353   0.2596570259  -0.3143826025
58  4  -0.0098814622  -0.0287826062   0.0142360984  -0.3054093008  -0.0648791179
58  5  -0.0622575613  -0.2859262807   0.2528211427   0.0311653402   0.1103074878
58  6  -0.1806995541   0.0714108225   0.1228586946   0.0582804742  -0.2811642693
58  7  -0.2071579129   0.0703336738   0.1439965537  -0.0840351781  -0.1431194911
58  8   0.0589119112   0.1737734583  -0.2000187354  -0.1213423824  -0.3456507879
58  9   0.1792584922   0.0277632039  -0.2800337985  -0.0687847920  -0.2660940640
58 10   0.2084049733   0.1622540933  -0.2919124101   0.3403873337   0.0563414834
58 11   0.0520801620   0.0299452621   0.1061521377  -0.1107236956  -0.3185602327
58 12   0.3118942147   0.1076027162  -0.0124999142   0.0669666892   0.0012370136
58 13  -0.0005763141   0.0000197941   0.0001541597  -0.0051331582   0.0004240439
58 14  -0.0013894810  -0.0004491910  -0.4127013334   0.0856919978  -0.0020336905
58 15  -0.0043255336  -0.0015292920
59  1   0.2846407451  -0.0636864446  -0.0627918256  -0.0284121634  -0.1962099028
59  2   0.0299291222   0.0943467407  -0.0323854300   0.0915536254  -0.0026319667
59  3  -0.0257501396  -0.0221216256  -0.1258570442   0.2985469829  -0.5306300467
59  4  -0.0033952560   0.0822136351   0.0431583595  -0.2074093501  -0.1573720020
59  5   0.1169198355  -0.5089913115   0.5582448951  -0.0523030945   0.0165995683
59  6  -0.0774816664  -0.0860699068   0.0702661667  -0.0295335264  -0.0218448639
59  7  -0.0427776528   0.0181122747   0.0163288901  -0.0075559840  -0.0083961869
59  8  -0.0025930429   0.0569454848   0.0201054230  -0.0711184620  -0.0364191484
59  9   0.0269821611  -0.0166978668  -0.0256218621  -0.0067493579  -0.0225610430
59 10   0.0174292253   0.0127040436  -0.0220251302   0.0214579625   0.0065980688
59 11   0.0035246287   0.0029740001   0.0127541820  -0.0101558314  -0.0255842858
59 12   0.0208690231   0.0096224152   0.0002268042   0.0003686127  -0.0000104922
59 13   0.0005395145   0.0000925434  -0.0000390220  -0.0021805446   0.0008730637
59 14  -0.0004241782  -0.0001913632   0.7317103004  -0.1508694458   0.0034748935
59 15   0.0080059069   0.0026147178
60  1  -0.1784812729  -0.2621113536  -0.0045520504   0.0759815213  -0.2088021825
60  2  -0.0045101706   0.2782323694   0.1005446897   0.0866172806  -0.0955106902
60  3  -0.0376651696  -0.0232831579   0.1353400516  -0.1729334599  -0.0952868644
60  4  -0.0165961742  -0.1151845411   0.0221221110  -0.1757453565  -0.1481957967
60  5   0.0101741492  -0.6649947145   0.6025269356  -0.0322505768  -0.1466894453
60  6   0.0898125942   0.0120048548  -0.1308542369  -0.0167637636   0.1611214560
60  7   0.1154931742  -0.0267375113  -0.0774458549   0.0843390665   0.1149147035
60  8   0.0000295137  -0.0868692211   0.1288827687   0.1045966336   0.1800113781
60  9  -0.1054157158  -0.0417991494   0.1681853922   0.0409059711   0.1585623787
60 10  -0.1240907348  -0.0966753769   0.1772333181  -0.2003375012  -0.0310881480
60 11  -0.0253717677  -0.0174559903  -0.0576650346   0.0618569730   0.1754635453
60 12  -0.1756171038  -0.0583775610   0.0110505210  -0.0463454250  -0.0008071732
60 13   0.0013229453  -0.0001972811   0.0000294481   0.0016431889  -0.0004891660
60 14   0.0004383828   0.0002349713  -0.4994281871   0.1035860152  -0.0025812573
60 15  -0.0050828719  -0.0017965233
61  1  -0.1155054779   0.0946289452   0.2060426838   0.0802859348   0.0027173959
61  2  -0.0005042406  -0.0311895508   0.0528145240   0.0115784533  -0.0419556957
61  3   0.0267943276   0.0835110511  -0.0995634639  -0.0496987163   0.0368997600
61  4  -0.0104101336  -0.0507757553  -0.0112582983  -0.0503202502  -0.0194765893
61  5   0.1684920057   0.0108632079   0.0124364934  -0.1200269574   0.2324075245
61  6  -0.2044585094  -0.2891690288   0.0135328020  -0.2879710124  -0.2057236841
61  7   0.1612721453   0.1821566153   0.3295217091  -0.4340209638  -0.1401439901
61  8  -0.1034358409   0.1701106573   0.0428875407   0.4264506838   0.3128977660
61  9  -0.0585736727  -0.1048189313   0.1223596868   0.1404087509   0.1772495611
61 10  -0.0082231107   0.0143725335   0.0778635958   0.3806918438  -0.0936724222
61 11   0.4350230235   0.1502923786   0.1524134019  -0.0544495833   0.0226147174
61 12   0.0296182961  -0.3553344780  -0.0000761015   0.0936736254   0.0131471381
61 13  -0.0023773886  -0.0056608265  -0.0002825100   0.0687827181   0.0968419121
61 14  -0.4384163185  -0.1517169153  -0.0003527899  -0.0004875293  -0.0034463374
61 15   0.0066018795   0.0001323079
62  1   0.1898470917  -0.0065261797  -0.0355260131   0.0668750104  -0.1190976004
62  2  -0.0214338025  -0.0086240191  -0.0186541207  -0.0015736476  -0.0153322085
62  3  -0.0077363055  -0.0095068286   0.0528262210   0.0421447065   0.0712373009
62  4   0.0079395681   0.0032818948   0.0037686968   0.1350962361   0.0039001119
62  5  -0.1517073645  -0.0086913968   0.0096064186  -0.0986519506   0.0191956578
62  6   0.1156213789   0.0648964129  -0.3539118184  -0.0966317281   0.0893396483
62  7  -0.3231876728  -0.0813919051  -0.1646165283   0.1725384379   0.0290451491
62  8   0.0213418870   0.0081398119  -0.0388255640  -0.2348775215  -0.2175864487
62  9   0.0896585374   0.0161354233   0.0701630789  -0.1198098425  -0.1014169864
62 10  -0.0062689067  -0.0520223257  -0.2420386591  -0.1817543302   0.0246951632
62 11  -0.2172889061  -0.0968857385  -0.0960432688   0.0975663063   0.1542746559
62 12   0.0788904625   0.1308927846   0.0436731709  -0.0914816632  -0.0048479676
62 13  -0.0011932270  -0.0076484498  -0.0018121516   0.1151953780   0.1712686144
62 14  -0.7643306036  -0.2646692623  -0.0002473975  -0.0004039196  -0.0041322752
62 15   0.0119157258   0.0000916268
63  1  -0.1133731453  -0.0570753731  -0.0400863019   0.0380534967  -0.1202891178
63  2  -0.3193888729  -0.0892375008  -0.0145665856  -0.1448512943   0.0531061440
63  3   0.0875195280  -0.0600957772  -0.0340698564  -0.0207013306  -0.0784694755
63  4   0.0083274277   0.0459231527   0.0100806776  -0.0859330203   0.0067569752
63  5   0.0448312902   0.0430466610   0.0376918708   0.2830614455  -0.0245640573
63  6   0.0075985054  -0.0024620617   0.0132217772   0.0517799895   0.0258637432
63  7   0.0886532965   0.0128157510   0.0702909001  -0.1769182393   0.3599182265
63  8   0.0371605069  -0.2075688080   0.0474796880   0.0439866554   0.0933578213
63  9  -0.2716469471   0.2037696234  -0.3278739051   0.0669637075  -0.0020556239
63 10   0.0025882765   0.0851182715   0.2675635479  -0.0537295511   0.0585379710
63 11  -0.1419400520   0.0248589856  -0.1750083755  -0.1657625874  -0.5981257954
63 12  -0.5856639619   0.1220873990  -0.1175438546   0.0878039866  -0.0087126486
63 13  -0.0027179162  -0.0014142356  -0.0006545257   0.0369916759   0.0553805735
63 14  -0.2401284643  -0.0833068975  -0.0000900303  -0.0002019626  -0.0004962828
63 15   0.0028984160  -0.0000039964
64  1  -0.1437181665   0.0392118058   0.1007106394   0.0268250382  -0.2223771178
64  2  -0.0142900489  -0.4682212440  -0.5459870070  -0.8526041770  -0.7099139090
64  3  -0.7222968398  -0.2486320929   0.2142657022  -0.0566140785  -0.1821942134
64  4  -0.0272522490  -0.0179243234  -0.0286925439  -0.0469608411  -0.0497221704
64  5   0.0199436729  -0.1210574394  -0.0846299991  -0.1084175638  -0.0902277033
64  6  -0.0010129430  -0.0026391477   0.1233020954   0.0754105722  -0.0287524723
64  7   0.0615455734  -0.0141696823  -0.0205886937   0.0295528939  -0.1060842761
64  8  -0.0270100493  -0.0289520989   0.0058467488   0.0105515980   0.0110560585
64  9   0.0789189299  -0.0955842279   0.0960792004   0.0055836465   0.0205760847
64 10   0.0023914960  -0.0126602667  -0.0906508161   0.0587192897  -0.0006460365
64 11  -0.0249022259   0.0005462311  -0.0159847813   0.0071442750  -0.0270030653
64 12  -0.0522144639  -0.0135644910  -0.0118874225  -0.0019425862   0.0004090544
64 13  -0.0022131611  -0.0038916683  -0.0003575169  -0.0027908451  -0.0025179236
64 14   0.0068052608   0.0029582808  -0.0028122319  -0.0050245709  -0.1077757498
64 15   0.2366589229   0.0004853554
65  1   0.1315236132   0.1270637632  -0.0840067394   0.1002119345  -0.1164352456
65  2  -0.2446324522   0.0628011244   0.1760019431   0.1424151203   0.2945128411
65  3   0.4607579982  -0.0538756179   0.1648284825  -0.1728514568  -0.0684636719
65  4  -0.0173432119  -0.0454577108   0.0093694674  -0.0749886438   0.0053589415
65  5  -0.0429835491   0.0469651917   0.0184264285   0.0153878097  -0.0309699429
65  6  -0.0480031969   0.0152506322   0.1639558502   0.0738812337  -0.0001407501
65  7   0.0851177883  -0.0058017264  -0.0227495454   0.0988033901  -0.1392174906
65  8  -0.0063538716   0.0574870862   0.0101202474   0.0263361434   0.0215994187
65  9   0.0497032571  -0.1217950644   0.1394068407  -0.0373555341   0.0122636042
65 10   0.0003569717  -0.0005183018  -0.1300911941   0.0633498555  -0.0010102629
65 11  -0.0357316681   0.0129599669  -0.0494414771  -0.0112553860  -0.0630719042
65 12  -0.0881791101  -0.0057813297  -0.0022427483  -0.0053351781  -0.0001714755
65 13  -0.0005607581  -0.0000838724  -0.0001226897  -0.0015375038  -0.0030559094
65 14   0.0147523344   0.0049814887  -0.0105963806  -0.0170596744  -0.3723243431
65 15   0.8173278285   0.0019689769
66  1  -0.0518158947  -0.1603812105   0.0367922990   0.0247179151  -0.0520168496
66  2  -0.1133871297  -0.0666485501  -0.0506719964  -0.0675305727  -0.0769124880
66  3  -0.1654299034   0.0621468063  -0.2149722791   0.1491670382   0.0905747795
66  4   0.0259664082   0.0798342342  -0.0019157134   0.0901862310   0.0079051792
66  5  -0.0085191401   0.0306459403   0.0577123140   0.1790734041   0.0917458153
66  6   0.0873052688  -0.0309691611  -0.5038904038  -0.1966743036   0.0976710805
66  7  -0.1278510321   0.0280486481   0.1360555465  -0.2425383135   0.2170241717
66  8   0.0372652600  -0.0008733972  -0.0850347837  -0.1168742852  -0.1290661701
66  9  -0.1378637358   0.4009171886  -0.4587195649   0.1005489565  -0.0444097531
66 10  -0.0090768360  -0.0037782384   0.4785515713  -0.2611998375  -0.0075138641
66 11   0.1647076822  -0.0470569369   0.1923120972   0.0374028050   0.2709802890
66 12   0.3756779589   0.0214803714   0.0231509781   0.0184271648   0.0009598499
66 13  -0.0080368602   0.0025714801  -0.0000627391  -0.0024077455   0.0002508002
66 14  -0.0012299097  -0.0007204936  -0.0039485157  -0.0072646167  -0.1443928256
66 15   0.3168635707   0.0008558787
67  1  -0.1445370624   0.0867117284   0.1879285622   0.0890563996  -0.0374884188
67  2  -0.0041692590  -0.0202091326   0.0392157778  -0.0365706527  -0.0466014946
67  3   0.0343520503   0.0690755885  -0.1324006296   0.0199398155   0.0510297086
67  4  -0.0062448040  -0.0625815204  -0.0159593299  -0.1234143326  -0.0126799219
67  5   0.0448740341   0.0368504917   0.0308981828   0.1067990012   0.2574004790
67  6  -0.2869516885  -0.2597584877   0.2114201982  -0.1876132284   0.1655120876
67  7   0.2549320684  -0.2690046181  -0.3948079493   0.3087486926   0.2598704257
67  8  -0.0134923822  -0.2934162860   0.1255710059   0.0140800799  -0.1956694104
67  9   0.0927477946   0.1797809161  -0.0566054212   0.0198865256  -0.3536931071
67 10  -0.0085910955  -0.1745682747  -0.2138658733  -0.1936764379  -0.2747368732
67 11   0.4314967656  -0.1767604356   0.0768599667   0.0565624756  -0.0687384688
67 12  -0.1782767968  -0.2497675695  -0.0437164348  -0.0261383880   0.0010120419
67 13   0.0006643954  -0.0320780622  -0.0029010399   0.0295167425   0.4173007116
67 14   0.0950717577   0.0137986345  -0.0001567354   0.0000023602   0.0012700244
67 15   0.0008584249  -0.0001845791
68  1   0.0631085725   0.0652922616   0.0039811288   0.1954565251  -0.0139038650
68  2  -0.0811421625  -0.0650833229   0.0184041177   0.0574644347  -0.1135971420
68  3   0.0233513819   0.0994024076  -0.0233517292   0.0452235201   0.0476811929
68  4  -0.0073510373  -0.0394544597  -0.0082725030   0.0331099118  -0.0286262495
68  5   0.1530551099  -0.0105136673  -0.0168614184   0.0046443910  -0.2184045314
68  6  -0.2279019724   0.0579623041  -0.0890415209  -0.1081352846  -0.3188916755
68  7   0.2878744954  -0.1607937513  -0.1447107455   0.0907647271   0.0874377120
68  8  -0.0962803696   0.0420724944   0.1122883119   0.0417600724   0.0031493223
68  9   0.2140160196   0.0845382508   0.0108146492   0.2209581030  -0.3673999000
68 10  -0.0031472334  -0.1701115873   0.0173862798  -0.1195639620  -0.0643865396
68 11  -0.0965237465  -0.0647029828  -0.2037224759  -0.2363172407  -0.0434560698
68 12   0.1037700869  -0.4476986572  -0.0151077233  -0.0263865325   0.0187175043
68 13  -0.0015358633   0.0422212871   0.0044247357  -0.0447646040  -0.6593969680
68 14  -0.1488754871  -0.0200656685   0.0005224529  -0.0003962526  -0.0051375340
68 15  -0.0025616338   0.0004985333
69  1   0.0293884235  -0.0277795458   0.0382468730  -0.0132543043   0.0519922854
69  2  -0.2974068827  -0.1547830474  -0.0390917232   0.1483700170  -0.0844800210
69  3  -0.0277020853   0.0312028197   0.0347242422  -0.0031594918   0.0086481200
69  4   0.0107597252   0.0186988106   0.0294309037   0.0259074835   0.0100536748
69  5   0.0577607484  -0.0594287083  -0.0468307789  -0.1307739508  -0.0771077138
69  6   0.0833772669   0.1363782492   0.0676106452  -0.0752857814   0.0071905663
69  7  -0.0407242086   0.0763028072  -0.0469548214  -0.1024125841  -0.0053832357
69  8  -0.1255854477   0.2751476081  -0.0982964929   0.1696668647   0.0445913535
69  9   0.3444057106  -0.0153359880   0.0390595386   0.2460455049  -0.0831011813
69 10   0.0109614199  -0.0595759758   0.1975420267   0.0109260051   0.1525858356
69 11  -0.4120110370   0.1018768432  -0.2990939576  -0.2721941537  -0.0327265312
69 12   0.2546086896  -0.4304433324   0.0298464979  -0.0036431912   0.0250565156
69 13   0.0019046708  -0.0402098534  -0.0034930258   0.0387539540   0.5720366873
69 14   0.1263576462   0.0168790809  -0.0004020258   0.0001026305  -0.0004528392
69 15  -0.0001596779  -0.0003394436
70  1  -0.0534134088   0.1232726216   0.2663119991   0.0767377449   0.1343556565
70  2   0.0098432617  -0.0855484264   0.1471260621   0.1105426618  -0.1509110254
70  3   0.0451004356  -0.0693633798   0.0765716715  -0.0378583030  -0.0861719860
70  4  -0.4463354182   0.6525643486  -0.7822015641   0.0365193372  -0.0278507364
70  5  -0.1616549687   0.0018343743   0.0624946181   0.0511988305  -0.0072016709
70  6   0.1378322681   0.1146841346   0.0569763459  -0.0939855650   0.0592357374
70  7  -0.0626885563  -0.0290062994   0.0302802854  -0.0356031431   0.0286338379
70  8  -0.0257849101   0.0680472761  -0.0357333591   0.0275255148   0.0265373362
70  9  -0.0549272017   0.0042527381   0.0281595643   0.0782950203  -0.0750221114
70 10  -0.0239945708  -0.0254504390   0.0027523376   0.0370172799  -0.0020688003
70 11  -0.0073878269  -0.0110766938   0.0061514578   0.0019425995   0.0094745707
70 12  -0.0235543980   0.0705899388  -0.0009848140  -0.0025051102  -0.0068059979
70 13   0.0001381059  -0.0008182593  -0.0004537895  -0.0001574303   0.0041470533
70 14   0.0045508601   0.0019784106   0.0020227076  -0.0031573072  -0.2586493460
70 15  -0.1178133214  -0.0028509709
71  1   0.1219775233  -0.0711712896   0.0539921748   0.1622251704  -0.0158520941
71  2   0.1473058043   0.0306069302   0.0865595406  -0.1211314294   0.0842569319
71  3  -0.0483212744   0.1350242473  -0.1310784270  -0.2704942344  -0.0902622420
71  4   0.1532073933  -0.0217331241   0.2730382454  -0.0387267581   0.0350033945
71  5  -0.0214537680   0.0005419241  -0.0168700598  -0.0011380136  -0.0047439229
71  6   0.0450081188   0.0719892649   0.0643125119  -0.0575695490  -0.0021723796
71  7   0.0037759607  -0.0372793041   0.0297088208   0.0205991587  -0.0048573200
71  8   0.0234787266  -0.0072083144  -0.0042962120  -0.0210148109  -0.0076094358
71  9  -0.0118651262  -0.0038243605  -0.0010028491  -0.0068663822   0.0094815539
71 10   0.0009649807   0.0052740591   0.0019861215  -0.0059258817   0.0008375376
71 11  -0.0006094099   0.0027915145  -0.0040993270  -0.0055986423  -0.0018783897
71 12   0.0082885685  -0.0192586847   0.0007485283   0.0009077992   0.0020057910
71 13   0.0000860840  -0.0005584470   0.0000008360   0.0008357308   0.0038379910
71 14  -0.0018841322  -0.0004045625   0.0063385645  -0.0103812541  -0.8675389573
71 15  -0.3951361633  -0.0095317184
72  1  -0.0152831832   0.0000000000   0.0000000000   0.0000000000   0.0000000000
72  2  -0.3669123840  -0.1642804584  -0.0610158291   0.1590846770  -0.1072900731
72  3   0.0124179703   0.0030577745  -0.0099686241   0.1813842711   0.1404108829
72  4  -0.0827613781  -0.0389500692  -0.1502138584   0.0657047209  -0.0283041339
72  5   0.1987510679  -0.0810789622  -0.0555784173  -0.2553580932  -0.0539088566
72  6  -0.1352919530  -0.0812221834  -0.1304950715  -0.0053821467  -0.3211820815
72  7   0.2527367950  -0.0057877196  -0.0537142615   0.1929940578  -0.0936155055
72  8   0.0872120678  -0.4808952468   0.1960634769  -0.1461117081  -0.1433257787
72  9   0.1710894874   0.0002713492  -0.2099647670  -0.5306112170   0.4774244117
72 10   0.1626001667   0.1880154402  -0.0511528037  -0.2289852205   0.0387980005
72 11   0.0079449387   0.0922968738  -0.0845259353   0.0337197996  -0.1076166448
72 12   0.1000791273  -0.4527153569   0.0238612126   0.0059725235   0.0295874954
72 13  -0.0002406175   0.0004207261   0.0002934356   0.0001825702  -0.0048183026
72 14  -0.0045933990  -0.0023680203   0.0004552455  -0.0007801138  -0.0708301205
72 15  -0.0323870339  -0.0009133152
$end
