$dipgrad          cartesian dipole gradients
  -.44979543293812D+00  0.41626852511622D-02  -.11501978846367D+00
  0.63746074127891D-01  -.69319664984744D+00  -.15229027052870D+00
  -.13174010565854D+00  -.10681656157336D+00  -.36991547960352D+00
  0.25606987559896D+00  -.97836042190619D-01  0.19235136783326D-01
  -.98828957227806D-01  0.54103762755774D+00  0.11343484266738D+00
  0.18191083031030D+00  0.96045581016222D-02  0.16650624295685D+00
  0.21619976724428D+00  0.56100459025237D-01  -.15607419691841D+00
  0.15888506056023D+00  0.81466614039033D-01  -.12986626099030D+00
  -.17266365179861D+00  -.50841465467895D-01  0.30154260594522D+00
  -.31923416477011D+00  0.14097690694621D-01  0.10732905326244D-01
  -.76359895352219D-01  -.81322516924570D-02  0.17038056359666D+00
  0.37367133346749D-01  0.10204449893954D+00  -.11030936364610D+00
  -.10831494567965D-01  0.81503145262743D-01  0.59110714567005D-01
  -.71637525646064D-02  0.17670129066980D+00  0.51225294851891D-01
  -.18651131797394D-01  0.84295618465730D-01  0.24749941816594D+00
  0.24519352036582D+00  0.11439869591047D-01  0.22115097509222D-01
  0.61918727045715D-02  0.16548134898019D+00  0.26426402253266D-02
  0.23255223337997D-01  0.82827750479008D-01  0.18279618529554D-01
  -.41285263847596D-01  -.28026902861925D-01  0.11569594855647D+00
  0.31062025623349D-01  -.52560854981507D-02  0.29728245965271D-01
  0.10730076389566D+00  0.73303815799743D-01  -.10273027132258D+00
  -.32876198261837D-01  -.41407545468191D-01  -.61048092197907D-01
  -.32198724626531D-01  -.15009987735046D+00  -.84018284981417D-01
  -.10560370164542D+00  -.12684740010291D+00  -.60517344011520D-01
  -.23255937793864D-01  -.28667832551819D-01  0.17928206253963D-01
  -.43743156349599D-01  0.56199214345977D-01  -.26994629372561D-01
  -.49926503766594D-02  -.60550601658864D-02  -.13162283285648D+00
  0.37448850113964D-01  0.23555278693106D-03  0.41503147173359D-01
  0.28510913607211D-01  -.10215700508635D+00  0.36977696250774D-01
  0.52441705123322D-01  0.17704688788545D-01  0.38426379590766D-01
  0.12236647890949D+00  0.28398920460804D-01  0.45820921410351D-01
  -.30101460502491D-01  -.62044226064999D-01  -.11219837684268D-01
  0.31375585262530D-01  -.79220443264118D-01  0.28410263048280D-02
$end
