$hessian (projected)
 1  1   0.5164845603  -0.1111534122  -0.1675290561  -0.0836074897   0.0277311514
 1  2   0.0178329646  -0.0043993608   0.0406790339   0.0017774662   0.0004359945
 1  3   0.0016132079  -0.0011542525  -0.3843825293   0.0685618339   0.0577486210
 1  4  -0.0491497160  -0.0030617113   0.0883739521   0.0019513305  -0.0135936430
 1  5  -0.0004608957   0.0061188279  -0.0132412828   0.0024092632   0.0030534963
 1  6  -0.0006755863   0.0006225176  -0.0069048060   0.0027579270   0.0003508085
 1  7   0.0003996923   0.0003824815   0.0000286110
 2  1  -0.1111534122   0.4119926749  -0.1238999818  -0.0070249211  -0.1988782744
 2  2  -0.0108224087   0.0092746452  -0.0188365123   0.0000363168  -0.0006631912
 2  3   0.0002993734   0.0008718935   0.0984578175  -0.0629044231   0.0054970946
 2  4   0.0047682563  -0.0806253746   0.1293715116   0.0033368290  -0.0192936876
 2  5   0.0017845495   0.0019579952  -0.0337370475  -0.0019010427  -0.0002758660
 2  6   0.0015568984   0.0004584655   0.0009897037   0.0002264113  -0.0009700382
 2  7   0.0003321436   0.0001999617  -0.0004263601
 3  1  -0.1675290561  -0.1238999818   0.4837385182   0.0166195970   0.0224270364
 3  2  -0.0837779018   0.0024855655  -0.0045275795   0.0019994651   0.0000472210
 3  3  -0.0022915635   0.0003910172   0.0998487937   0.0021462461  -0.0464495983
 3  4   0.0475716347   0.0966931428  -0.3652688377  -0.0047235136   0.0328724853
 3  5   0.0011042361   0.0041005642  -0.0232406190   0.0068971387   0.0009814748
 3  6   0.0006434815  -0.0001139597   0.0012361723  -0.0008786884   0.0008931899
 3  7  -0.0006384535   0.0000560401   0.0005867322
 4  1  -0.0836074897  -0.0070249211   0.0166195970   0.4990044582   0.0317516540
 4  2  -0.0025697067  -0.1861250812   0.0201287724  -0.0092681298  -0.0139020060
 4  3  -0.0004764986   0.0119094994  -0.0038708127   0.0397567849  -0.0037657835
 4  4   0.0005430007  -0.0085234644  -0.0028331510  -0.0831635630  -0.0265893376
 4  5   0.0810952570  -0.1105713293  -0.0528970361  -0.0900580241  -0.0187833658
 4  6   0.0053580360   0.0006526385   0.0005250317  -0.0019400162  -0.0011423939
 4  7  -0.0000488429   0.0004560267  -0.0006398028
 5  1   0.0277311514  -0.1988782744   0.0224270364   0.0317516540   0.4783110952
 5  2  -0.0080716878   0.0254655138  -0.0839158797  -0.0043760604  -0.0071082979
 5  3   0.0006500779   0.0043545411  -0.0065143062  -0.0121695132  -0.0026931602
 5  4  -0.0037809826  -0.0173221336  -0.0045117032  -0.0315524793  -0.0706749999
 5  5   0.0688355506  -0.0510870897  -0.0919276540  -0.0751985638  -0.0151561251
 5  6   0.0037723817  -0.0004268993   0.0322962351  -0.0076312193  -0.0000942991
 5  7  -0.0020452735  -0.0002138807  -0.0002447542
 6  1   0.0178329646  -0.0108224087  -0.0837779018  -0.0025697067  -0.0080716878
 6  2   0.6018347304  -0.0045625349  -0.0036099617  -0.0725131705   0.0287105148
 6  3  -0.0010723141  -0.0133593957  -0.0027864077  -0.0088412734  -0.0011201765
 6  4  -0.0044723130   0.0397232630  -0.0017872361   0.0811444923   0.0618132383
 6  5  -0.2450742198  -0.0860698682  -0.0752353223  -0.1862407200  -0.0252041315
 6  6   0.0066808883   0.0022090748  -0.0018505710  -0.0004127007  -0.0005225618
 6  7  -0.0001724385  -0.0001517209   0.0003515768
 7  1  -0.0043993608   0.0092746452   0.0024855655  -0.1861250812   0.0254655138
 7  2  -0.0045625349   0.4339693479   0.0033875589   0.0868837322  -0.0439208170
 7  3  -0.0101703002   0.0290034751   0.0005470129  -0.0013364419  -0.0006415736
 7  4   0.0011198818  -0.0004378952  -0.0000697261  -0.0140621180   0.0017629203
 7  5   0.0008020094  -0.0208256436   0.0044131560   0.0020735413  -0.1171693900
 7  6  -0.0550000564  -0.1126397074  -0.0488206907   0.0230020706  -0.0051969292
 7  7  -0.0003131414  -0.0003611709   0.0018621477
 8  1   0.0406790339  -0.0188365123  -0.0045275795   0.0201287724  -0.0839158797
 8  2  -0.0036099617   0.0033875589   0.5667453613   0.0643529425   0.0000079514
 8  3  -0.0478910286  -0.0118777567   0.0023057464  -0.0074701644   0.0022014721
 8  4   0.0011755049   0.0003051144   0.0005394563  -0.0085744256   0.0026198503
 8  5  -0.0003038797  -0.0130904808   0.0050283017   0.0006714311  -0.0553998127
 8  6  -0.0948100124  -0.0869950832   0.0198908636  -0.3146904961   0.0147396793
 8  7  -0.0105107124  -0.0070845342   0.0248092794
 9  1   0.0017774662   0.0000363168   0.0019994651  -0.0092681298  -0.0043760604
 9  2  -0.0725131705   0.0868837322   0.0643529425   0.4106604053   0.0325265487
 9  3   0.0141893792  -0.0993009430  -0.0001832412   0.0005198110  -0.0004261562
 9  4  -0.0019456502   0.0010925122  -0.0001441335   0.0276829720  -0.0068708857
 9  5  -0.0021111637  -0.0264571054   0.0063130593  -0.0005828306  -0.1053389194
 9  6  -0.0866422977  -0.1963999669  -0.0037941947   0.0119801248  -0.0441862426
 9  7  -0.0018834783  -0.0005949020   0.0030047365
10  1   0.0004359945  -0.0006631912   0.0000472210  -0.0139020060  -0.0071082979
10  2   0.0287105148  -0.0439208170   0.0000079514   0.0325265487   0.0647922310
10  3   0.0329078789  -0.0650625942   0.0002285972  -0.0008333767   0.0005178841
10  4   0.0001149318  -0.0004356380   0.0000246435  -0.0052838292   0.0022804282
10  5   0.0002582986   0.0020591717  -0.0001634739  -0.0001743426   0.0035751837
10  6   0.0007163097  -0.0011830493  -0.0008897259  -0.0013043092   0.0022288703
10  7  -0.0072097318  -0.0254042813   0.0021060051
11  1   0.0016132079   0.0002993734  -0.0022915635  -0.0004764986   0.0006500779
11  2  -0.0010723141  -0.0101703002  -0.0478910286   0.0141893792   0.0329078789
11  3   0.2952536027   0.0354962300   0.0001134177   0.0001797226  -0.0001157693
11  4  -0.0002474428   0.0007901000   0.0002199983   0.0007179448   0.0006365395
11  5  -0.0001494838   0.0001003967  -0.0000710891  -0.0000447334   0.0036186931
11  6   0.0019827933  -0.0044125181  -0.0131364078  -0.0052643001   0.0235570716
11  7  -0.0150408897  -0.2465657916  -0.0653762969
12  1  -0.0011542525   0.0008718935   0.0003910172   0.0119094994   0.0043545411
12  2  -0.0133593957   0.0290034751  -0.0118777567  -0.0993009430  -0.0650625942
12  3   0.0354962300   0.1673620440  -0.0006593301   0.0003191955   0.0003400621
12  4   0.0005343363  -0.0008279887   0.0001593461   0.0019349933  -0.0011059420
12  5   0.0016615628  -0.0005162534   0.0000551612   0.0018578061   0.0160263133
12  6   0.0116958938  -0.0242789919   0.0013498755   0.0019720670  -0.0039543567
12  7   0.0066339375  -0.0409532946  -0.0308781510
13  1  -0.3843825293   0.0984578175   0.0998487937  -0.0038708127  -0.0065143062
13  2  -0.0027864077   0.0005470129   0.0023057464  -0.0001832412   0.0002285972
13  3   0.0001134177  -0.0006593301   0.3949952199  -0.0945243608  -0.0928743992
13  4  -0.0091575868   0.0009030656  -0.0037689219   0.0007827026  -0.0000135206
13  5  -0.0003638649   0.0007153038  -0.0008102198   0.0004366645   0.0003792518
13  6  -0.0001525478   0.0001624666  -0.0005023603   0.0002050764   0.0003153753
13  7   0.0002652010   0.0000298317  -0.0001271351
14  1   0.0685618339  -0.0629044231   0.0021462461   0.0397567849  -0.0121695132
14  2  -0.0088412734  -0.0013364419  -0.0074701644   0.0005198110  -0.0008333767
14  3   0.0001797226   0.0003191955  -0.0945243608   0.0772780012   0.0040925495
14  4  -0.0138451592   0.0034379012   0.0015908725   0.0000199406   0.0013714075
14  5   0.0007457392  -0.0000701742   0.0002834892  -0.0006707486  -0.0001596306
14  6   0.0001254495   0.0000966474   0.0021091495  -0.0003253854   0.0001345887
14  7   0.0003214346   0.0001935148  -0.0001336279
15  1   0.0577486210   0.0054970946  -0.0464495983  -0.0037657835  -0.0026931602
15  2  -0.0011201765  -0.0006415736   0.0022014721  -0.0004261562   0.0005178841
15  3  -0.0001157693   0.0003400621  -0.0928743992   0.0040925495   0.0574489833
15  4   0.0389462280  -0.0099714541  -0.0101409321  -0.0003033279   0.0005600452
15  5   0.0001894261   0.0006821412   0.0001273530  -0.0001624763   0.0001519014
15  6  -0.0001692244   0.0001061948  -0.0004973523   0.0007028008   0.0004503623
15  7   0.0000356609  -0.0002317070  -0.0002356893
16  1  -0.0491497160   0.0047682563   0.0475716347   0.0005430007  -0.0037809826
16  2  -0.0044723130   0.0011198818   0.0011755049  -0.0019456502   0.0001149318
16  3  -0.0002474428   0.0005343363  -0.0091575868  -0.0138451592   0.0389462280
16  4   0.0584169573   0.0103529923  -0.0818597266   0.0003458255   0.0010861734
16  5  -0.0003810830   0.0001301613   0.0007665607   0.0010416606  -0.0001637235
16  6  -0.0000306916   0.0000203707  -0.0002402810  -0.0001608734   0.0004625041
16  7  -0.0019594510  -0.0000843378   0.0000820384
17  1  -0.0030617113  -0.0806253746   0.0966931428  -0.0085234644  -0.0173221336
17  2   0.0397232630  -0.0004378952   0.0003051144   0.0010925122  -0.0004356380
17  3   0.0007901000  -0.0008279887   0.0009030656   0.0034379012  -0.0099714541
17  4   0.0103529923   0.0984238588  -0.1261923018   0.0016083325  -0.0072250577
17  5  -0.0002378800  -0.0007205612   0.0018080083   0.0000133303  -0.0000102806
17  6  -0.0000424830  -0.0000910925  -0.0000291656   0.0001324766  -0.0002176194
17  7   0.0003543259   0.0003175896   0.0000160883
18  1   0.0883739521   0.1293715116  -0.3652688377  -0.0028331510  -0.0045117032
18  2  -0.0017872361  -0.0000697261   0.0005394563  -0.0001441335   0.0000246435
18  3   0.0002199983   0.0001593461  -0.0037689219   0.0015908725  -0.0101409321
18  4  -0.0818597266  -0.1261923018   0.3735591965  -0.0000263388   0.0000588809
18  5   0.0018506763   0.0000052595  -0.0007773808   0.0017914352   0.0000574883
18  6   0.0001320239  -0.0000895346  -0.0001173173   0.0000084635   0.0000813140
18  7   0.0002138382  -0.0004398214  -0.0000112941
19  1   0.0019513305   0.0033368290  -0.0047235136  -0.0831635630  -0.0315524793
19  2   0.0811444923  -0.0140621180  -0.0085744256   0.0276829720  -0.0052838292
19  3   0.0007179448   0.0019349933   0.0007827026   0.0000199406  -0.0003033279
19  4   0.0003458255   0.0016083325  -0.0000263388   0.0899088124   0.0296665933
19  5  -0.0905915003   0.0071230730   0.0050415351  -0.0144107212   0.0010339415
19  6  -0.0006560841  -0.0005400010   0.0011978211   0.0002590677  -0.0001097216
19  7   0.0001660035   0.0001327458  -0.0000573331
20  1  -0.0135936430  -0.0192936876   0.0328724853  -0.0265893376  -0.0706749999
20  2   0.0618132383   0.0017629203   0.0026198503  -0.0068708857   0.0022804282
20  3   0.0006365395  -0.0011059420  -0.0000135206   0.0013714075   0.0005600452
20  4   0.0010861734  -0.0072250577   0.0000588809   0.0296665933   0.0866486812
20  5  -0.0761586061   0.0055319738   0.0055270415  -0.0111063589  -0.0003133160
20  6   0.0001053867   0.0002500216  -0.0002759363   0.0002932787  -0.0002496244
20  7   0.0004576646  -0.0000084401  -0.0000632541
21  1  -0.0004608957   0.0017845495   0.0011042361   0.0810952570   0.0688355506
21  2  -0.2450742198   0.0008020094  -0.0003038797  -0.0021111637   0.0002582986
21  3  -0.0001494838   0.0016615628  -0.0003638649   0.0007457392   0.0001894261
21  4  -0.0003810830  -0.0002378800   0.0018506763  -0.0905915003  -0.0761586061
21  5   0.2623988997   0.0088105190   0.0060379394  -0.0209315876   0.0002988793
21  6  -0.0000007774   0.0007247455   0.0004426750  -0.0005166877   0.0001578533
21  7   0.0000897055  -0.0000364640   0.0000295714
22  1   0.0061188279   0.0019579952   0.0041005642  -0.1105713293  -0.0510870897
22  2  -0.0860698682  -0.0208256436  -0.0130904808  -0.0264571054   0.0020591717
22  3   0.0001003967  -0.0005162534   0.0007153038  -0.0000701742   0.0006821412
22  4   0.0001301613  -0.0007205612   0.0000052595   0.0071230730   0.0055319738
22  5   0.0088105190   0.1202718011   0.0550249989   0.0985703589  -0.0059935014
22  6   0.0020369007   0.0004666840   0.0008504657   0.0003331886   0.0002605126
22  7   0.0001216698  -0.0000171479   0.0001471876
23  1  -0.0132412828  -0.0337370475  -0.0232406190  -0.0528970361  -0.0919276540
23  2  -0.0752353223   0.0044131560   0.0050283017   0.0063130593  -0.0001634739
23  3  -0.0000710891   0.0000551612  -0.0008102198   0.0002834892   0.0001273530
23  4   0.0007665607   0.0018080083  -0.0007773808   0.0050415351   0.0055270415
23  5   0.0060379394   0.0550249989   0.1122782638   0.0871670625   0.0023791612
23  6   0.0002921805  -0.0005611559  -0.0007297733   0.0005112062   0.0001418760
23  7   0.0002163738   0.0000072994  -0.0000279735
24  1   0.0024092632  -0.0019010427   0.0068971387  -0.0900580241  -0.0751985638
24  2  -0.1862407200   0.0020735413   0.0006714311  -0.0005828306  -0.0001743426
24  3  -0.0000447334   0.0018578061   0.0004366645  -0.0006707486  -0.0001624763
24  4   0.0010416606   0.0000133303   0.0017914352  -0.0144107212  -0.0111063589
24  5  -0.0209315876   0.0985703589   0.0871670625   0.1960393486   0.0007428231
24  6   0.0005068849   0.0013413851  -0.0007461592   0.0004239650   0.0000095483
24  7   0.0001149354   0.0001387737  -0.0000190475
25  1   0.0030534963  -0.0002758660   0.0009814748  -0.0187833658  -0.0151561251
25  2  -0.0252041315  -0.1171693900  -0.0553998127  -0.1053389194   0.0035751837
25  3   0.0036186931   0.0160263133   0.0003792518  -0.0001596306   0.0001519014
25  4  -0.0001637235  -0.0000102806   0.0000574883   0.0010339415  -0.0003133160
25  5   0.0002988793  -0.0059935014   0.0023791612   0.0007428231   0.1323891577
25  6   0.0636244252   0.1108275025   0.0014743795   0.0012977702   0.0026255733
25  7   0.0002045705   0.0003949811  -0.0011689050
26  1  -0.0006755863   0.0015568984   0.0006434815   0.0053580360   0.0037723817
26  2   0.0066808883  -0.0550000564  -0.0948100124  -0.0866422977   0.0007163097
26  3   0.0019827933   0.0116958938  -0.0001525478   0.0001254495  -0.0001692244
26  4  -0.0000306916  -0.0000424830   0.0001320239  -0.0006560841   0.0001053867
26  5  -0.0000007774   0.0020369007   0.0002921805   0.0005068849   0.0636244252
26  6   0.0973359381   0.0910314378  -0.0158225093  -0.0111024809  -0.0238725443
26  7   0.0006018038   0.0007839482  -0.0000057663
27  1   0.0006225176   0.0004584655  -0.0001139597   0.0006526385  -0.0004268993
27  2   0.0022090748  -0.1126397074  -0.0869950832  -0.1963999669  -0.0011830493
27  3  -0.0044125181  -0.0242789919   0.0001624666   0.0000966474   0.0001061948
27  4   0.0000203707  -0.0000910925  -0.0000895346  -0.0005400010   0.0002500216
27  5   0.0007247455   0.0004666840  -0.0005611559   0.0013413851   0.1108275025
27  6   0.0910314378   0.2109577333   0.0019726725   0.0009327249   0.0035925643
27  7  -0.0003620948  -0.0002825482   0.0019507553
28  1  -0.0069048060   0.0009897037   0.0012361723   0.0005250317   0.0322962351
28  2  -0.0018505710  -0.0488206907   0.0198908636  -0.0037941947  -0.0008897259
28  3  -0.0131364078   0.0013498755  -0.0005023603   0.0021091495  -0.0004973523
28  4  -0.0002402810  -0.0000291656  -0.0001173173   0.0011978211  -0.0002759363
28  5   0.0004426750   0.0008504657  -0.0007297733  -0.0007461592   0.0014743795
28  6  -0.0158225093   0.0019726725   0.0546217481  -0.0242277336  -0.0016625716
28  7  -0.0013115821  -0.0010644262   0.0036667707
29  1   0.0027579270   0.0002264113  -0.0008786884  -0.0019400162  -0.0076312193
29  2  -0.0004127007   0.0230020706  -0.3146904961   0.0119801248  -0.0013043092
29  3  -0.0052643001   0.0019720670   0.0002050764  -0.0003253854   0.0007028008
29  4  -0.0001608734   0.0001324766   0.0000084635   0.0002590677   0.0002932787
29  5  -0.0005166877   0.0003331886   0.0005112062   0.0004239650   0.0012977702
29  6  -0.0111024809   0.0009327249  -0.0242277336   0.3367615310  -0.0150574632
29  7  -0.0002221681   0.0010889779   0.0008453941
30  1   0.0003508085  -0.0009700382   0.0008931899  -0.0011423939  -0.0000942991
30  2  -0.0005225618  -0.0051969292   0.0147396793  -0.0441862426   0.0022288703
30  3   0.0235570716  -0.0039543567   0.0003153753   0.0001345887   0.0004503623
30  4   0.0004625041  -0.0002176194   0.0000813140  -0.0001097216  -0.0002496244
30  5   0.0001578533   0.0002605126   0.0001418760   0.0000095483   0.0026255733
30  6  -0.0238725443   0.0035925643  -0.0016625716  -0.0150574632   0.0490493181
30  7   0.0018679721   0.0018883730  -0.0055709891
31  1   0.0003996923   0.0003321436  -0.0006384535  -0.0000488429  -0.0020452735
31  2  -0.0001724385  -0.0003131414  -0.0105107124  -0.0018834783  -0.0072097318
31  3  -0.0150408897   0.0066339375   0.0002652010   0.0003214346   0.0000356609
31  4  -0.0019594510   0.0003543259   0.0002138382   0.0001660035   0.0004576646
31  5   0.0000897055   0.0001216698   0.0002163738   0.0001149354   0.0002045705
31  6   0.0006018038  -0.0003620948  -0.0013115821  -0.0002221681   0.0018679721
31  7   0.0096856120   0.0255352974  -0.0058995845
32  1   0.0003824815   0.0001999617   0.0000560401   0.0004560267  -0.0002138807
32  2  -0.0001517209  -0.0003611709  -0.0070845342  -0.0005949020  -0.0254042813
32  3  -0.2465657916  -0.0409532946   0.0000298317   0.0001935148  -0.0002317070
32  4  -0.0000843378   0.0003175896  -0.0004398214   0.0001327458  -0.0000084401
32  5  -0.0000364640  -0.0000171479   0.0000072994   0.0001387737   0.0003949811
32  6   0.0007839482  -0.0002825482  -0.0010644262   0.0010889779   0.0018883730
32  7   0.0255352974   0.2512813548   0.0406072711
33  1   0.0000286110  -0.0004263601   0.0005867322  -0.0006398028  -0.0002447542
33  2   0.0003515768   0.0018621477   0.0248092794   0.0030047365   0.0021060051
33  3  -0.0653762969  -0.0308781510  -0.0001271351  -0.0001336279  -0.0002356893
33  4   0.0000820384   0.0000160883  -0.0000112941  -0.0000573331  -0.0000632541
33  5   0.0000295714   0.0001471876  -0.0000279735  -0.0000190475  -0.0011689050
33  6  -0.0000057663   0.0019507553   0.0036667707   0.0008453941  -0.0055709891
33  7  -0.0058995845   0.0406072711   0.0307917987
$end
