$vibrational normal modes
 1  1   0.0075849778   0.0800509898  -0.0311909797   0.1587483705   0.1012238652
 1  2   0.0018569576  -0.0786456788   0.0687742833   0.0971727279   0.0178214190
 1  3  -0.0500213583   0.0526083450   0.0262505354   0.0192391641   0.0224632285
 1  4   0.0669350886   0.1367380699  -0.0110454763  -0.1724353154   0.0364653605
 1  5  -0.0496448742  -0.0080563974  -0.0086146795   0.0841514516   0.0191246977
 1  6   0.0910977848  -0.0337385553   0.0053652919   0.0520947378   0.0935775734
 1  7  -0.2354333970  -0.0532182517   0.0354055512  -0.0262786590  -0.0092765826
 1  8   0.1665215897   0.0650988883  -0.0461162118   0.1356432884   0.0229941012
 1  9  -0.0716581820   0.0379514594   0.0000590460  -0.0670448569   0.0850905069
 1 10  -0.0040005151   0.1746198252  -0.1876231727   0.0257723222  -0.0602182701
 1 11  -0.0216205536  -0.0055247749  -0.0151020282  -0.0094866265   0.0042085337
 1 12  -0.0037282655  -0.0127449214  -0.0124879792   0.0193105140  -0.0075342054
 1 13   0.0061755282  -0.0161557680  -0.0180491188  -0.0214851398  -0.0012585799
 1 14   0.0170897683   0.3651164443   0.3632289199  -0.0000047428   0.0001069337
 1 15   0.0000344136  -0.0001318007
 2  1  -0.0319730216   0.3008664765   0.0934312925  -0.0711346096  -0.1491519606
 2  2   0.1217554168   0.0491149704  -0.1724118758  -0.1133200615   0.0249145864
 2  3  -0.0629150214   0.0679068892  -0.1074949814  -0.1522749207  -0.1854725600
 2  4   0.1486799354   0.0934058736   0.0904148914  -0.1646767444   0.0346176441
 2  5   0.1292496060   0.0016244559  -0.1902757666  -0.2663492220  -0.0011528736
 2  6   0.0850329848  -0.0161575747   0.0000715790  -0.0037111112  -0.0688761740
 2  7   0.0692644628  -0.0439764626   0.0028140802   0.1349785489   0.0483883368
 2  8   0.0271299810   0.0420953821   0.0196220760   0.1549106441   0.1098030333
 2  9   0.0390519161  -0.0054857402   0.0055425669  -0.0850540975  -0.0249994569
 2 10   0.0464604631  -0.1068115208   0.0091929987   0.0159078023  -0.0224512493
 2 11   0.0006626607  -0.0037408350  -0.0017449433   0.0327155645  -0.0012771161
 2 12   0.0004847485  -0.0116213900  -0.0167822311   0.0022370410  -0.0095095689
 2 13  -0.0000203140  -0.0013950265   0.0018550130  -0.0027949332   0.0031827415
 2 14  -0.0013759498  -0.0162345566  -0.0186085856   0.0000021045  -0.0000123832
 2 15   0.0000102760   0.0000801824
 3  1   0.0017774930  -0.1549238531   0.1012264428   0.1645105737  -0.0036352121
 3  2   0.3575381454  -0.4217736201   0.2598024842   0.2405470550  -0.0110690947
 3  3  -0.3774723999   0.1265601978   0.0065241204  -0.0902688496   0.0238136120
 3  4   0.0444482167  -0.0185955292  -0.0027628320   0.0105623195  -0.0139927625
 3  5   0.0614140013   0.0031168041  -0.0360880972  -0.0456730231  -0.0044785152
 3  6  -0.0019187271   0.0051826927  -0.0011383562  -0.0103770124  -0.0325975028
 3  7   0.0673216794  -0.0041771387  -0.0002811706   0.0272122498   0.0033683528
 3  8   0.0111242886   0.0129719068  -0.0074796164   0.0721960071  -0.2574804707
 3  9   0.0121930208  -0.0277946800  -0.0048857058  -0.0109850708  -0.0294793865
 3 10   0.0039498748  -0.0566862951   0.0387538965  -0.0047441234   0.0092390181
 3 11   0.0040378641   0.0006047952   0.0025985163   0.0065514972  -0.0009870887
 3 12   0.0008206874   0.0008126560  -0.0002347020  -0.0040090960   0.0000754478
 3 13  -0.0012325643   0.0032338204   0.0039413852   0.0040380751   0.0006304750
 3 14  -0.0033602096  -0.0694921910  -0.0704267684   0.0000004812  -0.0000222939
 3 15  -0.0000063118   0.0000340371
 4  1   0.0026474537   0.0839233403  -0.0353971248   0.1491678007   0.1077456898
 4  2  -0.0104453712  -0.0376504644   0.0373597188   0.0566577644   0.0156996918
 4  3   0.0234112804   0.0156500456   0.0232782719   0.0447400996   0.0100167265
 4  4   0.0507489611   0.1337878703  -0.0039622584  -0.1642585066   0.0358524623
 4  5  -0.0680174451  -0.0060628102   0.0138544279   0.0907354222   0.0108453701
 4  6   0.0799933121  -0.0309967204   0.0047038682   0.0490368224   0.0870389436
 4  7  -0.2056636463  -0.0401488283   0.0211833726  -0.0346737121  -0.0065275239
 4  8   0.0959337906   0.0303784611  -0.0261304239   0.0357348763   0.1929718288
 4  9  -0.0579656935   0.0435498698   0.0026011534  -0.0347596654   0.0648734608
 4 10  -0.0124854498   0.1235336871  -0.1227655634  -0.0057879115  -0.0194326995
 4 11  -0.0177923933   0.0006430970  -0.0220198973  -0.0342174046   0.0129714546
 4 12   0.0069110389  -0.0048442261   0.0235843640   0.0019724087  -0.0064597891
 4 13  -0.0064323333   0.0230836482   0.0189360972   0.0212730869   0.0039058749
 4 14  -0.0259842893  -0.5696848518  -0.5991853216   0.0000109464  -0.0002099618
 4 15  -0.0000818846   0.0001365597
 5  1  -0.0117470371   0.2490883476   0.1124664010  -0.0650523097  -0.0999008183
 5  2   0.0932057971   0.0344500214  -0.0721894953  -0.0547960633  -0.0006587935
 5  3  -0.0962048189   0.0494978822  -0.0445968461  -0.0735856376  -0.0577643298
 5  4   0.0630723906   0.0338520176   0.0637308558  -0.0544336374  -0.0170058822
 5  5   0.0058936159   0.0102142547   0.1049140960   0.0599283648  -0.0904801545
 5  6   0.0060847832  -0.0020267507  -0.0002875295   0.0766994471  -0.0052320928
 5  7   0.0450548626  -0.0451891006  -0.0527985754  -0.1519396518  -0.0471351877
 5  8  -0.0126852502  -0.0580477151  -0.0452871945  -0.1414414939  -0.1914974560
 5  9  -0.1187388391   0.0202613358  -0.0141872859  -0.0583264695   0.0313776808
 5 10  -0.0677625824  -0.0932578220  -0.1169961776  -0.1836766760   0.1687410977
 5 11  -0.0427813238   0.0287296162  -0.0285593325  -0.3279071745   0.0391345206
 5 12   0.0040430415   0.0691851155   0.1522462006   0.0183568969   0.0495618061
 5 13  -0.0036963041   0.0341068292  -0.0096440084   0.0296168091  -0.0238069065
 5 14   0.0076084506   0.0251376860   0.0513607297   0.0000284888   0.0000795573
 5 15  -0.0000633292  -0.0003689393
 6  1  -0.0284661662  -0.1226960340   0.0750350278   0.1136836498   0.0183155919
 6  2   0.3008856247  -0.2088528347   0.0765583920   0.0224555364  -0.0153510143
 6  3   0.0102968847  -0.0572984367  -0.0191946870   0.0220318513  -0.0632050115
 6  4  -0.0150554559   0.0045310867   0.0377734170  -0.0085790489  -0.0023717962
 6  5  -0.0189869387   0.0095431380   0.0111002856  -0.0381981637  -0.0220043799
 6  6  -0.0080465349   0.0024594584  -0.0008831410   0.0097233381  -0.0175750753
 6  7   0.0251982571   0.0095739717  -0.0281579397  -0.0164868733   0.0147689978
 6  8  -0.1330003310  -0.0708344026   0.0446511194  -0.2480177152   0.7990769011
 6  9   0.0148209221   0.0551846174   0.0119778147   0.0282371071   0.0277115725
 6 10   0.0136019362  -0.0262546818   0.0027094652  -0.0200871605   0.0293703708
 6 11  -0.0034865932   0.0046974578  -0.0004467237  -0.0505456764   0.0043482648
 6 12  -0.0009040377   0.0119797564   0.0221028991   0.0059599448   0.0097901543
 6 13   0.0014731322  -0.0015741642  -0.0067684228  -0.0021033468  -0.0040034138
 6 14   0.0056830735   0.1055341901   0.1181611845  -0.0000000250   0.0000580337
 6 15   0.0000032403  -0.0001021809
 7  1   0.0027460685   0.1335355017  -0.0556254173   0.1368963674   0.0686763488
 7  2   0.0220603090   0.0011681781  -0.0037468753  -0.0213120011   0.0044248992
 7  3  -0.0073609040   0.0062519470  -0.0340267771   0.0036353379  -0.0882855164
 7  4   0.0976609707   0.1275346433  -0.0127542798  -0.1384239240   0.0611027124
 7  5  -0.0228291062  -0.0088988860  -0.0765021446   0.0123497268   0.0710322354
 7  6   0.0115319149  -0.0072714929   0.0016971653  -0.0638239262   0.0903835850
 7  7  -0.1371489367   0.1102740374   0.0562594280  -0.0141758308  -0.0317627997
 7  8  -0.1476588139  -0.0631585642   0.0469462960  -0.1829677032  -0.1274428275
 7  9  -0.0201578957   0.0007268920  -0.0035605522   0.1590705113  -0.0676695788
 7 10  -0.1479827525   0.1640111633   0.3010557071   0.0060084342   0.1191609109
 7 11   0.0898184376   0.0123716194   0.1018532007   0.0780000595  -0.0560380371
 7 12  -0.0156592101   0.0771896642  -0.0017867922  -0.0803861310   0.0867526008
 7 13   0.0032636994  -0.0559422999  -0.0010633812  -0.0034071929  -0.0042528334
 7 14  -0.0051363047   0.0215362602   0.0298917354  -0.0000114255   0.0001311776
 7 15   0.0000473510  -0.0001714615
 8  1  -0.0144207437   0.2137531447   0.1275826657  -0.0539995427  -0.0748059687
 8  2   0.0712805171  -0.0063403864  -0.0439437278   0.0166777763   0.0140437516
 8  3  -0.0642311571   0.0625410599   0.0053686800  -0.0466049107   0.0353614149
 8  4   0.0089962117   0.0114425436   0.0517632922  -0.0218124208  -0.0503822050
 8  5  -0.0181647235   0.0108514656   0.1671653244   0.1221388490  -0.1206127752
 8  6   0.0116685866  -0.0039664174   0.0009047698   0.1642671204  -0.0509731289
 8  7   0.0436193032  -0.1688526879  -0.0811517337  -0.1915114949  -0.0350048618
 8  8   0.2013548740   0.0270732383  -0.1112697861  -0.0751136069   0.0387025909
 8  9   0.0256280862  -0.0196213920  -0.0050501732   0.2544388043   0.1310995393
 8 10   0.1912386690  -0.0549018083   0.2440532360   0.0978664361   0.0011754428
 8 11   0.0313228984  -0.0054075726   0.0308954199   0.1062121491  -0.0213904398
 8 12  -0.0097101828  -0.0203086420  -0.0678825748  -0.0065695511  -0.0110218926
 8 13   0.0135665250  -0.0493505121   0.0002659045  -0.0461670494   0.0232094542
 8 14  -0.0067308717   0.0012032187  -0.0077119954   0.0000030528   0.0000544856
 8 15   0.0000361139   0.0000875676
 9  1   0.0500182967  -0.0936544654   0.0418332240   0.0368326878   0.0777276177
 9  2   0.2829756808   0.1479047448   0.2195139861  -0.3363586396  -0.2077886464
 9  3  -0.0002302515  -0.3691954475  -0.0838665508   0.2684117747  -0.2125128173
 9  4  -0.0620289343   0.0358037680   0.0874952293  -0.0397770056   0.0377519643
 9  5  -0.1376203305   0.0201274139   0.0367465787  -0.0916072220  -0.0392300544
 9  6   0.0023301410  -0.0130859530  -0.0044156018   0.0339901996   0.0021817833
 9  7  -0.0323133765  -0.0206980093  -0.0889474099  -0.0330840680   0.0484260551
 9  8   0.0616967234   0.0369957086  -0.0067326234   0.0544906129  -0.1530231570
 9  9   0.0015049570   0.0121760561   0.0037568854   0.0112772114   0.0208176917
 9 10   0.0285474592  -0.0111352737   0.0053643440   0.0092964144  -0.0053125947
 9 11  -0.0004425160  -0.0012790853  -0.0009061716   0.0052392966   0.0004491376
 9 12  -0.0005972144  -0.0049447781  -0.0061704826   0.0045283763  -0.0048591048
 9 13   0.0022439915  -0.0037239177  -0.0004251900  -0.0063795152   0.0032562180
 9 14  -0.0007950700  -0.0029771058  -0.0046759637  -0.0000021114  -0.0000036204
 9 15  -0.0000006745  -0.0000008426
10  1   0.0018644739   0.1311002701  -0.0550983023   0.1359699597   0.0722910052
10  2   0.0178338173  -0.0021811257  -0.0065779220  -0.0111694995   0.0063406472
10  3   0.0049875332   0.0098707715  -0.0254753394   0.0015136826  -0.0632167386
10  4   0.0759993915   0.0993193725  -0.0255198510  -0.0735272093   0.0390134176
10  5  -0.0329656908  -0.0090104414  -0.0449750349   0.0486655121   0.0872995078
10  6  -0.0392174285   0.0096067391   0.0004522845  -0.0715714548   0.0652509398
10  7  -0.0617039217   0.0986228785   0.0376884729  -0.0824473444  -0.0487254563
10  8  -0.1253402947  -0.0695835421   0.0205069176  -0.2305491351  -0.1289117564
10  9   0.0256542656  -0.0263227254  -0.0049653791   0.1311701872  -0.0465562468
10 10   0.0628965348  -0.2616158425   0.0609988028  -0.0372033212  -0.0718683935
10 11  -0.0778314927  -0.0176841052  -0.1322632643   0.0180909037   0.0785637703
10 12   0.0178458596  -0.2041483713  -0.0548742449   0.1088304096  -0.2966746166
10 13  -0.0140922973   0.1941598079   0.1115839820  -0.0093051897   0.1331250884
10 14   0.0083460985   0.0209790572   0.0391547666  -0.0000314278  -0.0002254887
10 15  -0.0000143767   0.0008196879
11  1  -0.0098924666   0.1515253593   0.1530116065  -0.0384041259  -0.0258381480
11  2   0.0340375601  -0.0157146821   0.0068932154   0.0448428263   0.0114512303
11  3  -0.0019215441  -0.0003481649   0.0532944357   0.0655159381   0.0930569280
11  4  -0.0897379258   0.0054846469   0.0706945333   0.0252416611  -0.0444510274
11  5  -0.0869914537   0.0008780068   0.0384039775  -0.0250830083   0.0721338730
11  6   0.0132543847  -0.0097758949   0.0011150771  -0.0124993990   0.0130976259
11  7  -0.1019842321  -0.0589679785  -0.0258578431  -0.0161819520   0.0623508832
11  8   0.1059405631   0.0631098582  -0.0021054766  -0.0227328938   0.0382050140
11  9   0.1827604520  -0.0462004598   0.0131097897   0.1328639112  -0.1522619078
11 10  -0.1494077427  -0.0491536237  -0.0472691841  -0.2111915759  -0.0247117947
11 11  -0.0355447333  -0.0141855012  -0.0455845430   0.0966434546   0.0049015753
11 12   0.0000621206  -0.0083502637   0.0603279091  -0.2754652321   0.0927257368
11 13  -0.0989519395   0.2260990284   0.1339785146   0.4071983983  -0.1390851170
11 14   0.0514653018   0.0029276975   0.0671784185  -0.0001005269  -0.0007022600
11 15  -0.0000829598  -0.0002835167
12  1   0.0131562166  -0.0559863334   0.0113578574  -0.0221299314   0.1028167898
12  2   0.2162855264   0.1407688200   0.0713337392  -0.1641616431  -0.1611630430
12  3   0.1286198095  -0.0860518224  -0.0195685050  -0.1158672677   0.0728390836
12  4   0.0685197008   0.0058162507  -0.1568258258  -0.0401563856  -0.1306347512
12  5   0.1961432569  -0.0031556355  -0.0968678366   0.2519012881   0.0613297306
12  6   0.0917541601   0.0290136813   0.0101898077   0.0212822937  -0.1658316846
12  7   0.0842871917  -0.0769088279   0.4204845043   0.0505725838  -0.3399975835
12  8   0.0727644321  -0.0086386563  -0.0717481972   0.0056471666   0.0554930775
12  9  -0.0314728933  -0.1407301028  -0.0542039486  -0.0074472832  -0.0372548051
12 10  -0.0254290900   0.0000191173  -0.0072695032  -0.0299871555  -0.0034936920
12 11  -0.0059125670  -0.0008816053  -0.0054879204   0.0118461284  -0.0006753725
12 12  -0.0009542813   0.0025213988   0.0087863074  -0.0444443123   0.0180020673
12 13  -0.0143110533   0.0296301054   0.0170615699   0.0561377129  -0.0217098799
12 14   0.0069041898  -0.0060970871   0.0092361180  -0.0000043983  -0.0000894076
12 15   0.0000007631  -0.0000434942
13  1   0.0043097341   0.1827486317  -0.0749122455   0.1272795579   0.0270841598
13  2   0.0587032072   0.0032098426   0.0013001007  -0.0152466048   0.0107066059
13  3   0.0006920726   0.0037010052  -0.0099931868   0.0087185660  -0.0288105085
13  4  -0.0034048377   0.0003835726  -0.0842572434  -0.0275393141   0.0397305146
13  5   0.0007881768  -0.0097274693  -0.0268384239   0.0428550511  -0.0205132164
13  6  -0.1556390935   0.0388288616   0.0002368036   0.0796857458  -0.0152257220
13  7  -0.0626765050   0.0135680041   0.0233539573  -0.0622777583   0.0109587295
13  8   0.0120214930   0.0231561956   0.0203454031  -0.0577576007  -0.0135668126
13  9   0.1551688830  -0.0578989518   0.0075371503   0.0626023839  -0.1675263651
13 10  -0.0097377628  -0.1161055083  -0.1197946912   0.1742873201  -0.0894228528
13 11   0.0308838341   0.0173356124   0.0208608324  -0.0559771303  -0.0058904639
13 12   0.0784238892   0.1298193175  -0.0720441501   0.2173362732   0.0259544851
13 13  -0.0486194693   0.0956819463  -0.3551491318   0.0475791220  -0.3477055985
13 14  -0.0009998214   0.0087235249  -0.0343121842   0.0000160450   0.0000970142
13 15  -0.0000981761  -0.0017705813
14  1  -0.0221187371   0.1210202362   0.1673413445  -0.0247075680  -0.0092996754
14  2   0.0136393493  -0.0192602203   0.0109455284   0.0357408737  -0.0113298954
14  3   0.0102669030  -0.0255723619   0.0428364837   0.0671559012   0.0811832807
14  4  -0.0789776918   0.0638683210   0.0674054382   0.0494498726  -0.0210564447
14  5  -0.1161083904  -0.0069999787  -0.0394923425   0.0121436086   0.2254161937
14  6   0.0843104700  -0.0222760373   0.0007710099  -0.0815323514   0.0247089331
14  7   0.0094973463  -0.0682803670   0.0032767862  -0.0138569659  -0.0660590145
14  8  -0.0124122105  -0.0122214779  -0.0033666295  -0.1150445123  -0.0425218298
14  9   0.1165665009  -0.0538890644   0.0007330569   0.0442957914  -0.1098623969
14 10  -0.0233868265  -0.0910762251  -0.0472586327  -0.0932459566  -0.1090559453
14 11  -0.0025957320  -0.0377404671  -0.0449866071   0.0504745952   0.0490080825
14 12  -0.0333163540  -0.0755080433   0.2799745545   0.1323731108   0.1755248372
14 13   0.0279970726  -0.3105042353  -0.1637933500  -0.3140452992   0.0644116777
14 14  -0.0426517426   0.0066243397  -0.0332899778   0.0000607385   0.0014787229
14 15   0.0000584135  -0.0004627846
15  1   0.1039491953  -0.0295913555  -0.0205850621  -0.0976919123   0.1641086216
15  2   0.2061073762   0.1572811502   0.0217213967  -0.0796706725   0.0209887477
15  3   0.0792793377   0.1320548370   0.0209656465  -0.1073872752   0.0929500796
15  4   0.0892477686   0.0073942774  -0.2626808445  -0.1037435238  -0.3416990783
15  5   0.0217618737  -0.0224696695  -0.0062002351   0.0266586374   0.0269610986
15  6   0.0299970990   0.0271723582   0.0281139698  -0.0373566501  -0.1744608343
15  7  -0.1215589303   0.1185807665  -0.0869880115  -0.1364657387   0.4872808802
15  8  -0.0382381440  -0.0321520713   0.0020952440   0.0128009064  -0.0314663590
15  9   0.0266838458   0.0554804842   0.0324882986  -0.0047672921   0.0065177042
15 10   0.0027894279  -0.0037492024  -0.0023797583  -0.0190227169  -0.0084285511
15 11  -0.0034177253  -0.0053350163  -0.0078766692   0.0088319818   0.0062581312
15 12  -0.0063018372  -0.0138509148   0.0383349084   0.0021503332   0.0248983740
15 13   0.0063059069  -0.0484683365  -0.0016190383  -0.0421423817   0.0254006844
15 14  -0.0058469970   0.0017013264  -0.0030523185  -0.0000025362   0.0001486166
15 15   0.0000085309   0.0000245555
16  1   0.0073713520   0.2314852450  -0.0932084550   0.1203941756  -0.0170338361
16  2   0.0995317481   0.0075294067   0.0141592942  -0.0193528632   0.0187219913
16  3  -0.0028958256  -0.0040717547   0.0222216660   0.0279211389   0.0680976241
16  4  -0.2689502657  -0.2924869284  -0.1877749229  -0.2379726870   0.1438900554
16  5   0.0625966749  -0.0045932953  -0.0471296960  -0.0076703403  -0.1251690764
16  6  -0.0744575329   0.0172741923  -0.0011178430   0.0701042140   0.0100566061
16  7   0.0376314626   0.0784340841   0.0061146419  -0.0012236483  -0.0079959878
16  8  -0.0168147023   0.0128762201   0.0227941113   0.1048220039   0.0350769335
16  9  -0.0796156253   0.0259450576  -0.0035948979   0.1143491316  -0.0101967202
16 10  -0.0447990647  -0.0264430808   0.0278908364  -0.0974041903  -0.0574947967
16 11   0.0153110098  -0.0181962393   0.0134910541  -0.0084256982  -0.0026533108
16 12  -0.0529553789  -0.0423350795   0.0691740113  -0.0150105325   0.0043977133
16 13   0.0278930463  -0.0617434430   0.0529399130  -0.0205708489   0.0451760568
16 14  -0.0022970931  -0.0021582712   0.0011734293  -0.0000002774   0.0003330230
16 15  -0.0030666546  -0.0619955875
17  1  -0.0374619014   0.1489487784   0.1576460913  -0.0261311188  -0.0381566160
17  2   0.0283815999  -0.0244051630   0.0077492334   0.0485392293  -0.0585239747
17  3   0.0153200726  -0.0707458913   0.0541976955   0.0588580355   0.1555707512
17  4  -0.2090618240  -0.1062144129  -0.0462212085  -0.0918228158  -0.0434958362
17  5  -0.0905577396  -0.0180544728  -0.0564907760  -0.0179504841   0.2333174098
17  6   0.1880219654  -0.0423120816   0.0058133724  -0.1367278196   0.0027998232
17  7   0.0583688301  -0.0532546071  -0.0428173292  -0.0018693494   0.0136992883
17  8  -0.0553134188  -0.0582378616  -0.0230443404  -0.1354054438  -0.0758383222
17  9   0.0335004758  -0.0089659513   0.0036681697  -0.1579942902   0.0325648063
17 10   0.0890578396   0.0233293661  -0.0395106163   0.2166774370  -0.0015277525
17 11   0.0282272516   0.0223063675   0.0689283333  -0.0999011775  -0.0380401094
17 12  -0.0255079818   0.0229269778  -0.1151741135  -0.0398201813  -0.0696763093
17 13  -0.0061496598   0.0930239292   0.0240872030   0.0519491982  -0.0064217075
17 14   0.0092559980  -0.0035177277  -0.0016002493  -0.0000215913  -0.0003593857
17 15  -0.0003114002  -0.0053786598
18  1   0.2188324446  -0.0393479073  -0.0222548262  -0.1133507095   0.1970907259
18  2   0.2563963883   0.2116553658   0.1010579075  -0.1709364960   0.3632526261
18  3   0.0434388431   0.3905652523   0.0917767272   0.0574675631   0.0104396436
18  4  -0.0718583587  -0.0084499477   0.1213689703   0.0605461106   0.1388990312
18  5  -0.0370264690   0.0578375821  -0.0394354655   0.0119903774   0.0383487255
18  6   0.0187960071  -0.0156228573  -0.0032098217  -0.0140985122   0.0517609418
18  7   0.0317737572  -0.0395800693  -0.0048767534   0.0247201683  -0.0781800667
18  8  -0.0008530824  -0.0040190724  -0.0050556670  -0.0249110689  -0.0097452199
18  9   0.0085729555  -0.0063464344  -0.0014315802  -0.0240133096   0.0029293985
18 10   0.0123039668   0.0037384613  -0.0066749026   0.0325476431   0.0021187050
18 11   0.0030474802   0.0036442979   0.0084644192  -0.0122066476  -0.0047343752
18 12  -0.0010691486   0.0045562521  -0.0174332529  -0.0040242084  -0.0088645820
18 13  -0.0021354019   0.0143467454   0.0001896472   0.0066240154  -0.0023530941
18 14   0.0011363752  -0.0004008943  -0.0004789657  -0.0000028037  -0.0000530328
18 15   0.0000723626   0.0016737496
19  1   0.0024230381   0.1866912433  -0.0775262805   0.1230009541   0.0276461659
19  2   0.0556013309  -0.0021422628  -0.0042066699   0.0048883380   0.0062148310
19  3   0.0040961740  -0.0149999148  -0.0019043972   0.0236644072  -0.0147674346
19  4  -0.0054851848  -0.0036678491  -0.0787638707   0.0383982675   0.0239301936
19  5  -0.0300382633  -0.0076178274  -0.0312887089   0.0231748112   0.0100363473
19  6  -0.1601845435   0.0364453860  -0.0034986497   0.0644445616  -0.0193148764
19  7  -0.0302335717  -0.0523554200  -0.0108556003  -0.0064959400  -0.0210524578
19  8   0.0283437874   0.0302623409   0.0132481192  -0.0493606628  -0.0007217063
19  9   0.1738627973  -0.0650951136   0.0069316253  -0.1612340507  -0.0731395565
19 10   0.0286985429   0.0144015009  -0.1390355706   0.1803586539   0.0676108377
19 11  -0.0894579612   0.0424629286  -0.0666171694  -0.0090464663  -0.0014264736
19 12   0.0992977816   0.1075756164  -0.0728596785  -0.1954683433   0.1336345745
19 13  -0.0294395348  -0.0994981332   0.2039755917  -0.1598443383   0.3927293836
19 14  -0.0237337444  -0.0058153197   0.0161196047  -0.0000054165   0.0013868865
19 15   0.0001103582   0.0008865245
20  1  -0.0139297718   0.0585315875   0.1924069820  -0.0105722701   0.0417556165
20  2  -0.0232199908  -0.0092433870   0.0209866846   0.0140561741   0.0113993332
20  3   0.0305641268  -0.0028711115   0.0350227236   0.0960827001   0.0212490957
20  4   0.0738775469   0.0435020359   0.0270447526   0.0450433975   0.0257990834
20  5  -0.1205134986  -0.0250170049  -0.1062316512   0.0672068970   0.1967438710
20  6  -0.0664567452   0.0215304961   0.0012164868   0.0513856199  -0.0439939780
20  7   0.1102363507  -0.0288082532   0.0019612988  -0.0482214206   0.0277548796
20  8  -0.0638938640  -0.0206319252   0.0191623864   0.1055345021   0.0146670064
20  9  -0.1018302409   0.0450193211   0.0002864586   0.0835959081   0.0442758741
20 10  -0.0423605141  -0.0525619098   0.0871485097   0.0009777677  -0.1317419629
20 11   0.0075367475   0.0075983773  -0.0410271006  -0.0225552893  -0.0233486888
20 12   0.0973800979   0.2140352628   0.0346028922   0.0891871890  -0.0743757320
20 13   0.2442255813  -0.2145559417   0.2766214439   0.2171431945  -0.0977210022
20 14   0.0321254335  -0.0172250153   0.0276907312   0.0000274070  -0.0016408170
20 15  -0.0000297665  -0.0008096617
21  1   0.0765973490   0.0091932657  -0.0529263428  -0.1615156279   0.1939154624
21  2   0.1407637678   0.0725394039  -0.1247084410   0.1512126769  -0.0514714459
21  3  -0.0172286552  -0.0607814701  -0.0151635744  -0.0892623971   0.0771951512
21  4   0.0899846051  -0.0024722479  -0.2280814656  -0.0739654715  -0.2588829916
21  5  -0.1358731767   0.0205768995   0.0213922031  -0.1445972957  -0.0063712670
21  6  -0.0611427616  -0.0123803110  -0.0301669410  -0.0196147267   0.1410902879
21  7  -0.0212782790   0.0024136362  -0.4465065028   0.1394295792  -0.3836239861
21  8  -0.0030288996   0.0846266745   0.0893977252  -0.0211650579   0.0181209684
21  9  -0.0375737686  -0.0309175725  -0.0310814801   0.0278307040  -0.0006177696
21 10  -0.0098779654  -0.0117834334   0.0100615521  -0.0060787283  -0.0174516096
21 11   0.0032479415  -0.0003362374   0.0004316154  -0.0023153088  -0.0048834951
21 12   0.0033028119   0.0185383300   0.0056592179   0.0222900787  -0.0124025836
21 13   0.0220162451  -0.0124724027   0.0128902020   0.0292227427  -0.0270077339
21 14   0.0050366293  -0.0011551676   0.0014220671   0.0000244275  -0.0002171615
21 15   0.0000066558  -0.0001510295
22  1   0.0035583399   0.2367155806  -0.0973722971   0.1124337651  -0.0137526431
22  2   0.0914854689  -0.0048221533  -0.0070728833   0.0106445683   0.0088972200
22  3  -0.0204160046  -0.0269859678  -0.0074239512  -0.0198370903   0.0144564316
22  4  -0.2217013588   0.3014309340  -0.1626076565   0.3103873213  -0.0257465825
22  5  -0.0829387121  -0.0161403650  -0.1011302274   0.0172433525   0.0140540067
22  6  -0.0564860013   0.0174857909   0.0011682609   0.0306885134  -0.0409547453
22  7   0.1033740179  -0.0292244935  -0.0285707591  -0.0081354780   0.0092542984
22  8  -0.0254619396   0.0010629813   0.0160213281   0.1061216145   0.0302390803
22  9  -0.0553987236   0.0250038748   0.0012546474  -0.0797244806   0.0377045224
22 10   0.0569131287   0.1019937997  -0.0019331518  -0.0203424076   0.0955845380
22 11  -0.0239786555   0.0063251178  -0.0074344669   0.0470716196  -0.0359040817
22 12  -0.0953388949  -0.0364799095   0.0478104614   0.0320349658  -0.0545087067
22 13   0.0085595511   0.0395210841  -0.0249494910   0.0381927779  -0.0619281759
22 14   0.0072160596   0.0022756609  -0.0054476159   0.0000054240   0.0374909230
22 15   0.0002743651   0.0002258903
23  1  -0.0208156949   0.0267153165   0.2065957369   0.0012558023   0.0620366632
23  2  -0.0436255568  -0.0052419130   0.0313641403  -0.0023978234  -0.0041219121
23  3   0.0611946258   0.0299651055   0.0439558302   0.1196503908   0.0118947039
23  4   0.2139422885  -0.1242370076   0.0543006459  -0.1023673267   0.0247121759
23  5  -0.1292450625  -0.0242562689  -0.0862324168   0.0712193674   0.2515045478
23  6  -0.1866390641   0.0470805946  -0.0094561623   0.0877395683  -0.0387293956
23  7   0.0781780710  -0.0804302641  -0.0485617133  -0.0720491907  -0.0269336486
23  8  -0.0708858834   0.0087236589   0.0534994821   0.1282962313   0.0321100917
23  9   0.0213667117  -0.0063631398   0.0041205999  -0.1564333361   0.0307965882
23 10   0.1098227184   0.1662859299   0.0148841619  -0.0799842967   0.0840478812
23 11   0.0161895902  -0.0198639851   0.0425613615   0.0087818183   0.0126990413
23 12  -0.0657144999  -0.1129854916  -0.0143366933   0.0171602396   0.0049380703
23 13  -0.0734346148   0.0746308642  -0.0636528222  -0.0056402160  -0.0077320416
23 14   0.0028772376   0.0045213740  -0.0088605666  -0.0000070328  -0.0491104754
23 15  -0.0003778203  -0.0000282455
24  1   0.1602497485   0.0361459172  -0.0847217093  -0.2360140245   0.2531069415
24  2   0.1275312505   0.0285174793  -0.2426062337   0.3513880318   0.1469896049
24  3  -0.1911076206  -0.4187595016  -0.0748790957   0.0021789858   0.0046632963
24  4  -0.0010776600  -0.0178127483   0.1059398408   0.0013302760   0.1190072964
24  5   0.0234786623   0.0032776327  -0.0219019058   0.0582097572   0.0239405747
24  6  -0.0094070865  -0.0017042745   0.0715771126   0.0083604113  -0.0529326251
24  7   0.0139468427  -0.0044097379   0.1035781215  -0.0351191882   0.0655116075
24  8  -0.0057675887  -0.0143452612  -0.0110263402   0.0131242303  -0.0032019369
24  9   0.0056046910   0.0023492001   0.0041207987  -0.0127644526   0.0023006476
24 10   0.0089363377   0.0121530248   0.0025237277  -0.0061277182   0.0038367611
24 11   0.0023648246  -0.0022233784   0.0040148845  -0.0008679467   0.0028814297
24 12  -0.0023559354  -0.0096734112  -0.0030563544   0.0001954359   0.0026453963
24 13  -0.0074614586   0.0056746682  -0.0055392615  -0.0025882209   0.0016480999
24 14  -0.0001356251   0.0002711283  -0.0007437288  -0.0000001521  -0.0062900675
24 15  -0.0000497929  -0.0000152864
25  1   0.0005567663   0.1350630787  -0.0574129908   0.1326958455   0.0717165749
25  2   0.0164824648  -0.0011274749  -0.0002303305   0.0036372267   0.0052339063
25  3   0.0271130584  -0.0141086546   0.0020026375   0.0434329249  -0.0237028226
25  4   0.0766717162  -0.1004693937  -0.0213379210   0.0774447702   0.0040982402
25  5   0.0236388126   0.0035109775   0.0195879751  -0.0101202938  -0.0655509596
25  6  -0.0551653566   0.0140213918  -0.0031668569  -0.1029361109  -0.0439661224
25  7  -0.0222957104  -0.0685399659   0.0116626576   0.1502585019   0.0452849446
25  8   0.1625423793   0.0153137329  -0.0859503576  -0.1765688051  -0.0284123625
25  9   0.0517283788   0.0131279150   0.0003295029  -0.1781317756   0.0950071195
25 10  -0.0041131965   0.0078672841  -0.1153721188   0.0417942167   0.0910637105
25 11   0.1906003357  -0.0130153265   0.0567385354   0.0383343303   0.0886696491
25 12   0.1067764262  -0.1594388256   0.1885655022  -0.1763326237  -0.1475078650
25 13   0.1537199620  -0.0920728781   0.0556309069  -0.0422086544  -0.2211686376
25 14   0.0281906858   0.0051894712   0.0006790290   0.0003557912   0.0000033532
25 15  -0.0002057863  -0.0002080510
26  1  -0.0031478616   0.0269983415   0.2041976749  -0.0062247420   0.0709561109
26  2  -0.0408345422  -0.0039640631   0.0172275042   0.0176674152   0.0306763891
26  3   0.0349837460  -0.0253914146   0.0309690720   0.0949020875   0.0178271656
26  4   0.0913737590  -0.0137434526  -0.0100948393   0.0406858555   0.0206839021
26  5  -0.0579956654  -0.0176531935  -0.0820428152   0.0428349274   0.0037233378
26  6  -0.0219127042   0.0134033154   0.0006274520  -0.0202129753  -0.0435090681
26  7   0.0862954811   0.0352766272  -0.0535108512   0.0812167027   0.0333316389
26  8   0.0601563297   0.0080129776  -0.0330251066   0.0122328014   0.0172936755
26  9  -0.1883040268   0.0716749603  -0.0143750294   0.1779496576   0.0652333771
26 10  -0.1602860095  -0.2022579089  -0.0285808447   0.0897395251  -0.0469862532
26 11  -0.0278280625   0.0512675120  -0.0663072654   0.0319354609  -0.0786583407
26 12  -0.0204359846   0.0864208489   0.0794994210  -0.3509251995  -0.0825134214
26 13  -0.0012457779   0.2159648496  -0.2619387563  -0.2826099235   0.0348744396
26 14  -0.0737595470   0.0194447701  -0.0217792222  -0.0001570756   0.0012253755
26 15   0.0001405170   0.0003896521
27  1  -0.0424704242   0.0207191068  -0.0524653067  -0.1479060002   0.1611923691
27  2   0.0865734135   0.0106805633  -0.0980944619   0.1171580593  -0.2507144565
27  3   0.0457786957   0.1789038051   0.0097130057   0.0088323642   0.0182872326
27  4   0.0437090169  -0.0105699883  -0.1134213146  -0.0109561220  -0.0245257918
27  5  -0.2539006242   0.0329089036   0.0563234699  -0.2288454418  -0.0638565605
27  6  -0.0803625940  -0.0419263607  -0.0315551797   0.0298985631   0.2366980381
27  7   0.1578237861  -0.1135617892   0.4357161953  -0.0456821159   0.0615298738
27  8   0.0356609725  -0.1566560243  -0.1854497666   0.0818959917  -0.0029908057
27  9   0.0412729043   0.0785372364   0.0530190074   0.0222612347  -0.0049458246
27 10  -0.0114354206  -0.0073298950   0.0022322103   0.0082968753  -0.0046300074
27 11   0.0022887412   0.0036093745  -0.0053179440   0.0018478019  -0.0046784260
27 12  -0.0017388574   0.0089654146   0.0049995549  -0.0216982455  -0.0057283396
27 13   0.0013641033   0.0176647950  -0.0220453113  -0.0219053306   0.0041436299
27 14  -0.0089821785   0.0020522498  -0.0021905151  -0.0000658651   0.0001421579
27 15  -0.0000480709   0.0000606789
28  1   0.0000104048   0.1418150835  -0.0604633747   0.1300496884   0.0674828404
28  2   0.0192265708  -0.0041051596   0.0018929060   0.0086611009   0.0045125122
28  3   0.0336900830  -0.0151185432   0.0111363068   0.0662807398  -0.0252066185
28  4   0.1041359387  -0.1357084531  -0.0027167541   0.1270733847  -0.0134091303
28  5   0.0114355214  -0.0003502707  -0.0036763034  -0.0155848914  -0.0812110045
28  6  -0.0196541899   0.0052232497  -0.0027926272  -0.1418222083  -0.0516882219
28  7  -0.0505450990  -0.1550695602  -0.0023620475   0.1104912345   0.0442141900
28  8   0.1600630842   0.0122398115  -0.0832832245  -0.1691170683  -0.0180291405
28  9  -0.0000979101   0.0403705070   0.0052209572  -0.2920376805   0.0856756875
28 10  -0.1028309787   0.0831655388   0.3172609967  -0.0985876302  -0.1143665346
28 11  -0.1092151476  -0.0114468986  -0.0320770317  -0.0389483797  -0.0184126719
28 12  -0.0664866888   0.0660659156  -0.0691613108   0.0962330115   0.0272256325
28 13  -0.0137849185   0.0155504201  -0.0507020357   0.0359210054   0.0291979346
28 14   0.0108293073  -0.0002447112  -0.0084676939   0.0001393735  -0.0001276519
28 15   0.0001341954   0.0000510767
29  1  -0.0004856906  -0.0342615464   0.2294627939   0.0098803024   0.1182341977
29  2  -0.0777643575  -0.0020200655  -0.0131425358  -0.0215754548   0.0268870551
29  3  -0.0116834479  -0.0083302320  -0.0231006766   0.0008856912   0.0011894872
29  4   0.0111619982   0.0052676790  -0.0422251182  -0.0010131318   0.0293485607
29  5  -0.0466438394  -0.0164596516  -0.1029331831   0.0391181654  -0.3091108773
29  6  -0.0007442331   0.0135878445  -0.0026123363  -0.2901450777   0.0032289161
29  7   0.0443803062  -0.0642007712  -0.0200983481  -0.0908866769  -0.0173534496
29  8   0.1192671250   0.0153962408  -0.0040924650  -0.0146250243   0.0275978334
29  9  -0.1045655601   0.0830751811   0.0151977674   0.0477281245  -0.3687279792
29 10   0.1722187417   0.1087575004  -0.0310474231   0.0100433031   0.0258954152
29 11   0.0462271818  -0.0042140969  -0.0315074479  -0.0106414927   0.0205687427
29 12  -0.0060636308   0.0048923892  -0.0407334825   0.0210829122   0.0216435065
29 13  -0.0168472154  -0.0302508857   0.0441807773   0.0077619264   0.0067415648
29 14   0.0513388322  -0.0037190604   0.0034049751  -0.0002922677   0.0000158500
29 15  -0.0001614450  -0.0000187228
30  1  -0.0603677624   0.0591742842  -0.0853691458  -0.2138956025   0.1942025668
30  2   0.0246753588  -0.1144670731  -0.1216695154   0.1358018576  -0.3009322820
30  3   0.0255052817   0.3091810588   0.0572090169   0.3166093105  -0.3104634703
30  4  -0.1100196811  -0.0115354893   0.0739384793   0.0300281593  -0.0141167075
30  5   0.1890411479  -0.0188275692  -0.0463967655   0.1134947548   0.0037807814
30  6   0.0377410979   0.0204254415   0.0115265387  -0.0078609697  -0.0270501610
30  7  -0.0323642115  -0.0010153254  -0.1031233288  -0.0058738209   0.0049686499
30  8  -0.0806153803   0.0823328628  -0.0577507601  -0.0121332012   0.0028429839
30  9  -0.0100355508   0.0046208327  -0.0218330262   0.0102531102  -0.0241271522
30 10   0.0103953395   0.0022643630  -0.0094771923   0.0024354051   0.0046083150
30 11   0.0022281205   0.0002362597  -0.0010826106  -0.0000865712   0.0011606018
30 12   0.0009055784  -0.0016653053  -0.0018248483  -0.0028194378   0.0006615903
30 13  -0.0014234475  -0.0020127737   0.0032190443  -0.0007606217   0.0004031174
30 14   0.0023966991  -0.0003235906   0.0004533061  -0.0000238391  -0.0000130641
30 15   0.0000054616  -0.0000077246
31  1  -0.0012529611   0.0942801848  -0.0417030394   0.1397691940   0.1071786686
31  2  -0.0154256372  -0.0154089384  -0.0220386486  -0.0401274534   0.0117212779
31  3  -0.0141600844  -0.0120571523  -0.0282178056  -0.0229870607  -0.0553546779
31  4   0.0603294167  -0.1521568230  -0.0191378257   0.1698224368  -0.0267871998
31  5   0.0602641124   0.0148632751   0.0774207499  -0.0746403043   0.1174929070
31  6   0.0508988651  -0.0266583623   0.0001822306   0.0360185016  -0.0547431568
31  7  -0.1578623568  -0.2177970140   0.0034460129   0.0214807126  -0.0045362055
31  8  -0.1050888652  -0.0558223056   0.0753594372   0.0676247879  -0.0085889187
31  9  -0.0834220971   0.0111559272   0.0092752703   0.1328888270  -0.0908165558
31 10   0.0779499181  -0.0011948848  -0.0655381126   0.0007523653   0.0131967415
31 11   0.0805064614   0.0053613297  -0.0461444496   0.0018997515   0.0293112805
31 12  -0.0278595136   0.0328120777  -0.0226131920  -0.0054537689  -0.0199823915
31 13  -0.0490995770  -0.0488287447   0.0133702563   0.1034430186   0.0090713955
31 14  -0.7067804065   0.0179719482   0.0261087164  -0.0021124147   0.0001569018
31 15   0.0001363628  -0.0001651378
32  1   0.0077530927  -0.0724661539   0.2443704827   0.0171684629   0.1511191561
32  2  -0.0998205514  -0.0062804497  -0.0538730240  -0.0452803367   0.0027179271
32  3  -0.0584762483   0.0245820825  -0.0549438394  -0.0732727442  -0.0522593698
32  4  -0.0870957938   0.0396260387  -0.0774121827  -0.0318678131   0.0448872445
32  5  -0.0045235805  -0.0056206825  -0.0414302778   0.0136422863  -0.2052252853
32  6  -0.0103518026   0.0072638603  -0.0016808825  -0.1555610767   0.0129010664
32  7  -0.0296995606  -0.0782527309  -0.0012080328  -0.1539771002  -0.0446420784
32  8  -0.0867875674   0.0116867940   0.0531989682   0.0942935457   0.0214076435
32  9   0.1036146716  -0.0708261616   0.0018601497  -0.0460980068   0.1375020071
32 10  -0.1141712041  -0.0266026881   0.0445820444   0.0252130875   0.0012651704
32 11  -0.2590788124   0.0021550809   0.1750044776   0.0044763471  -0.0210905467
32 12   0.0838545648  -0.1028167506   0.0808533035  -0.0163430406  -0.0248026848
32 13   0.0846660866   0.0082423015  -0.0343018329   0.0376256651  -0.0278789307
32 14  -0.3011268118   0.0138316457  -0.0005059714  -0.0020987921  -0.0000315471
32 15   0.0006901959  -0.0000958962
33  1  -0.1732242400   0.0753918842  -0.0896847342  -0.2108021836   0.1686533763
33  2  -0.0344357122  -0.2177142047   0.0557465223  -0.1278767616   0.0173483055
33  3  -0.0085431148   0.0355344517  -0.0599848637   0.0690628687   0.0133041918
33  4  -0.0172657532   0.0039817433   0.0129305552   0.0034296818   0.0007799976
33  5   0.0369173409  -0.0050968140  -0.0133412348   0.0245619084  -0.0022542281
33  6  -0.0015683271  -0.0107657978   0.0012521885   0.0049188503  -0.0241124492
33  7  -0.0040707472   0.0395618907  -0.0379836741   0.0028099305  -0.0198044997
33  8   0.3177866619  -0.2233564677   0.5366718087   0.0176195408  -0.0057078390
33  9  -0.0332895326  -0.1297695839   0.1433123460  -0.0077222093   0.0471706989
33 10  -0.0166853357  -0.0094367753   0.0015084796  -0.0006641838  -0.0010754852
33 11   0.0030601732  -0.0009859994  -0.0025599222  -0.0008347302  -0.0062742741
33 12   0.0009089198  -0.0017576217   0.0009058318   0.0000655283   0.0023517966
33 13   0.0014251458   0.0059148309   0.0013803778  -0.0110980790  -0.0030595120
33 14   0.0474430732  -0.0011505188  -0.0019705110   0.0001402434  -0.0000167175
33 15  -0.0000253095   0.0000168068
34  1  -0.0032692010   0.1078191805  -0.0483087514   0.1328578110   0.1004712138
34  2  -0.0126859739  -0.0274429691  -0.0125938096  -0.0517396435   0.0228163638
34  3  -0.0098919712  -0.0339882481   0.0034327861  -0.0237962555  -0.0435144612
34  4   0.0830028291  -0.1684703323  -0.0076173896   0.1879765186  -0.0393696962
34  5   0.0311608566   0.0091524178   0.0354988427  -0.0712729355   0.0247551443
34  6   0.0723014627  -0.0281522811   0.0003164757  -0.0058939568  -0.0373911857
34  7  -0.1760162667  -0.2522491256   0.0083564456  -0.0576542644  -0.0277250198
34  8  -0.2073978248  -0.0427472793   0.0597826754   0.1358854121   0.0002770937
34  9  -0.0485239298  -0.0045989859  -0.0050088054   0.1587426826  -0.0364201291
34 10   0.0335517222  -0.0308866937  -0.0530678361   0.0054106998   0.0082098921
34 11  -0.0571590163  -0.0032068798   0.0320534255  -0.0019929562  -0.0892504738
34 12   0.0438337558  -0.0497110670   0.0231943861   0.0038182717   0.0332945337
34 13   0.0187709868   0.0618729334   0.0282053365  -0.1104857453  -0.0301067623
34 14   0.4288636361  -0.0096521988  -0.0157935299   0.0004566707  -0.0000879007
34 15  -0.0001888077   0.0000929335
35  1   0.0157970570  -0.1259872839   0.2657061153   0.0288437224   0.1953801251
35  2  -0.1312376591  -0.0060729502  -0.0922544718  -0.0718143625  -0.0171939999
35  3  -0.1082329295   0.0585542465  -0.0986046564  -0.1744613608  -0.1271880179
35  4  -0.1976270354   0.1139186874  -0.1610061927  -0.1087462006   0.1106363480
35  5   0.1141373089   0.0290108831   0.1881116971  -0.0467625110   0.2487067259
35  6  -0.1099214528   0.0112554679  -0.0042699840   0.0309558624  -0.0910703921
35  7  -0.0739260874  -0.1276937381   0.0089528787   0.1802329579   0.0475846935
35  8   0.0539309885  -0.0201294894  -0.0413299050  -0.0877530922  -0.0251550671
35  9  -0.0417861430   0.0306416732  -0.0016820612  -0.0184060294  -0.0185292645
35 10   0.0288304872   0.0156690918   0.0200029071  -0.0231728157  -0.0141180936
35 11   0.0121908516  -0.0005355803  -0.0191509378  -0.0041247521  -0.0258341229
35 12  -0.0051642778   0.0067249744  -0.0099014871   0.0131688651   0.0151578996
35 13  -0.0101413837   0.0177926927   0.0177985958  -0.0319075268  -0.0083025738
35 14   0.1043669797  -0.0030505895  -0.0028435112   0.0002625895  -0.0000134265
35 15  -0.0001301761   0.0000336167
36  1  -0.1781859472   0.1101355865  -0.1204304696  -0.2737140655   0.2026785665
36  2  -0.0868466996  -0.3792147427   0.0871717310  -0.3495091301   0.1186843166
36  3  -0.0738652720  -0.1763504976   0.2602274755  -0.1868628677  -0.0223849888
36  4   0.0160805142   0.0173797998  -0.0192497371  -0.0269181598   0.0021744557
36  5  -0.0425624445   0.0017848767   0.0041031976  -0.0117058036  -0.0066023893
36  6  -0.0084007404   0.0068341780  -0.0010758365  -0.0019539316   0.0102746684
36  7   0.0173434865   0.0148878612   0.0141598294   0.0034995541   0.0043275132
36  8  -0.0782353048   0.0666234832  -0.1776068877  -0.0126923491  -0.0005467909
36  9   0.0210429384   0.0440846978  -0.0449584318  -0.0136057593  -0.0060354662
36 10  -0.0009128607   0.0047649450   0.0056217594  -0.0003904118  -0.0008682111
36 11   0.0028030145   0.0002489011  -0.0016567909   0.0001813472   0.0074016578
36 12  -0.0033165217   0.0038670558  -0.0017191760  -0.0001373552  -0.0027116386
36 13  -0.0011213376  -0.0048518374  -0.0026509093   0.0086135307   0.0026297965
36 14  -0.0302266283   0.0005505634   0.0011784374  -0.0000262371   0.0000068722
36 15   0.0000062988  -0.0000052631
37  1   0.0010768362   0.0340150898  -0.0158298354   0.1589468337   0.1498960639
37  2  -0.0475604245  -0.0022722815  -0.0524120250  -0.0538987013  -0.0053176675
37  3  -0.0441384249   0.0211111868  -0.0786545681  -0.0884201200  -0.0774551680
37  4   0.0074306039  -0.0815482094  -0.0012026750   0.0812652668  -0.0086608816
37  5   0.0439274380   0.0157838997   0.1000586507  -0.0437254280   0.2059128362
37  6   0.0556050612  -0.0144715568   0.0000598921  -0.0408235259   0.0128941522
37  7   0.1418833297   0.1295591751  -0.0267982480  -0.2041790842  -0.0362438987
37  8   0.0967276197   0.0671621008   0.0024775313   0.1209712791   0.0863744511
37  9  -0.0038055810   0.0162371477  -0.0025792369  -0.0058263353  -0.0820751872
37 10  -0.1716961190  -0.0164527643   0.0463917356   0.1285315452   0.0603544227
37 11  -0.0075023842  -0.0470911419  -0.0098873527  -0.0112540222   0.1495407827
37 12  -0.0333821568   0.0109197143  -0.0281055410  -0.0840268749  -0.0816440619
37 13   0.0686462955  -0.1527019072  -0.2683896019   0.2733456861   0.2140778061
37 14   0.1690846877  -0.0208475892   0.0056087793  -0.0536486568  -0.0000261997
37 15  -0.0000994486   0.0001111263
38  1   0.0014309096  -0.0446888040   0.2335744210   0.0120085589   0.1270379469
38  2  -0.0838334074  -0.0045503149  -0.0348884102  -0.0365960009   0.0193269943
38  3  -0.0458706246   0.0094359558  -0.0537005291  -0.0263141815  -0.0185850610
38  4  -0.0542214512  -0.0076449905  -0.0605102846   0.0307218898   0.0029214046
38  5  -0.0166789211  -0.0131469055  -0.1035347432   0.0109107132  -0.2800156684
38  6   0.0166632128  -0.0022743677   0.0016609277   0.0076489641   0.0333232113
38  7  -0.1414607289  -0.0973250185   0.0238874828  -0.0548661978  -0.0352420288
38  8  -0.2035843881  -0.0296348010   0.0601639714   0.0445737685  -0.0367919377
38  9   0.1479824828  -0.0859199540  -0.0224053197  -0.0629858614   0.2870146994
38 10  -0.0328543849  -0.0553824790  -0.0349493749  -0.0496357321  -0.0270133176
38 11   0.1831908208   0.0377238912  -0.0768752262   0.0261825898   0.1062855170
38 12  -0.0741475638   0.1345926221  -0.0119083554  -0.0277712409  -0.0819105273
38 13  -0.1043689252  -0.1065872423  -0.0660814788   0.0708742309   0.0754867180
38 14   0.1460908625  -0.0134098766   0.0057947639   0.0685001566  -0.0000128333
38 15  -0.0015924706   0.0000748513
39  1  -0.2694930920   0.0493711041  -0.0575806566  -0.1343255245   0.1056956341
39  2  -0.0265215978  -0.0501483208   0.1778595857  -0.0129861910   0.1628794337
39  3   0.0420474152   0.0707287939  -0.5019622654   0.1939837127   0.2041975717
39  4  -0.0066149682  -0.0039408877  -0.0072048769  -0.0003264293  -0.0580953728
39  5   0.0505139454   0.0032308559  -0.0014025275   0.0030976683   0.0189346584
39  6   0.0014593893   0.0041438485   0.0012297435   0.0336258792   0.0713855703
39  7   0.0295552522  -0.0405379446   0.0252379696   0.0077200016   0.0447972016
39  8  -0.0207537077   0.0191827891  -0.0047081000  -0.0057555108  -0.0059930944
39  9   0.0548661759   0.1192903532  -0.2128927993  -0.0013369421  -0.0197509981
39 10   0.0075621639   0.0057124941   0.0040963934   0.0007882768  -0.0007965711
39 11  -0.0112693715  -0.0014568500   0.0030506118  -0.0020890995  -0.0123105231
39 12   0.0047788446  -0.0098610575  -0.0001755266   0.0057454438   0.0098783975
39 13   0.0049428008   0.0125666690   0.0135011308  -0.0132054557  -0.0116284138
39 14  -0.0147119725   0.0013714388  -0.0005437760  -0.0052528555   0.0000007844
39 15   0.0001729928  -0.0000070229
40  1   0.0023225278   0.0258275066  -0.0118210719   0.1631724425   0.1539012606
40  2  -0.0491380232   0.0036811528  -0.0579632089  -0.0510079016  -0.0130490912
40  3  -0.0447084588   0.0235425502  -0.0672322722  -0.0969972138  -0.0752931437
40  4   0.0080242133  -0.0711091412   0.0185117213   0.0641149902  -0.0089169848
40  5   0.0105060335   0.0086427639   0.0604963586  -0.0227152374   0.1346698246
40  6   0.0595550607  -0.0092962573   0.0004013568  -0.0575409734   0.0321633564
40  7   0.1725196927   0.1916410764  -0.0290267719  -0.2050886051  -0.0396763945
40  8   0.0883191773   0.0687840241  -0.0176639119   0.0811891033   0.0670824535
40  9   0.0351914804  -0.0114578587   0.0073729709  -0.0561703046   0.0119657802
40 10  -0.0857251015   0.0004665682   0.0361994176  -0.0159687691  -0.0274068223
40 11  -0.0065238858   0.0696731377   0.0205657574   0.0266406611   0.0897705296
40 12  -0.0422998705   0.0877355160   0.0025072250   0.0277898640  -0.0172183779
40 13  -0.1672294199   0.0479267900   0.3160804648  -0.3620199004  -0.2923405475
40 14  -0.0209283570   0.0243234664  -0.0166522915   0.0043653239   0.0000457247
40 15  -0.0018863930  -0.0000300843
41  1  -0.0039448178   0.0166540071   0.2086247781  -0.0029830972   0.0782952395
41  2  -0.0472552486   0.0010228831   0.0084042863   0.0102567446   0.0393764625
41  3   0.0093829036  -0.0256764324   0.0120789260   0.0670166973  -0.0277933488
41  4   0.0424637461  -0.0418831667  -0.1166574552   0.1149821259   0.0166113713
41  5   0.0312116356  -0.0061361980  -0.0677620875  -0.0306759420  -0.0954693024
41  6   0.0593952833  -0.0247422776   0.0040045533   0.2573284417   0.0248720910
41  7  -0.0730522108   0.1514160908   0.0098270889   0.0883915699  -0.0082523550
41  8  -0.0237449259  -0.0341014874  -0.0496982521  -0.0640838158  -0.0371280315
41  9   0.0055429830   0.0045016214   0.0206783740   0.0132436252  -0.0174482770
41 10   0.0075360505  -0.0110718021  -0.0063444578   0.0914807137   0.0290824034
41 11  -0.0367051476  -0.0374669149   0.0029312616   0.0213533414   0.2043375367
41 12  -0.0775915650  -0.0133501694  -0.0947312889   0.0537803331   0.2201052167
41 13   0.2574583061   0.2766733816   0.0724819556  -0.0712335506  -0.0430408705
41 14  -0.0117240259   0.0188661696  -0.0202023100   0.0016386849  -0.0000471220
41 15   0.0013362104   0.0001353241
42  1  -0.2524990717   0.0106498234  -0.0243558733  -0.0675776669   0.0720720224
42  2   0.0354828362   0.1220799229   0.1174185274   0.1089461123   0.0105913948
42  3   0.0402148074   0.0741548653  -0.1327776407  -0.0650497981   0.0398095904
42  4   0.0027778670  -0.0179294444   0.0275421468   0.0371219953   0.1405694611
42  5  -0.1490707336  -0.0149632116   0.0159129029  -0.0342511457  -0.0266670102
42  6   0.0365093658   0.0096500609  -0.0020547422  -0.0005777380  -0.3044599036
42  7  -0.1905538409   0.2355526663  -0.1420732281   0.0076181176  -0.2238193145
42  8  -0.0389694815  -0.1060370799  -0.3727908594   0.1018073026   0.0011773096
42  9   0.0638994135   0.0525079188   0.1623831917  -0.0105528328  -0.0154712445
42 10   0.0054459039   0.0136649547   0.0089938215  -0.0253899957  -0.0016799041
42 11  -0.0014716608   0.0019382934  -0.0007097579  -0.0083736604  -0.0312341836
42 12   0.0126110457  -0.0032258582   0.0080644788  -0.0131819485  -0.0307569905
42 13  -0.0270851310  -0.0405220136  -0.0161891233   0.0167777748   0.0072957294
42 14  -0.0004333148  -0.0030013347   0.0028735915  -0.0003734181  -0.0000009472
42 15  -0.0001550469  -0.0000022844
43  1   0.0077168142  -0.0337585808   0.0154026538   0.1875231865   0.1901553545
43  2  -0.0716361480   0.0199967919  -0.1263790935  -0.1036480258  -0.0550026146
43  3  -0.1377759480   0.0551906444  -0.0749653570  -0.2181449543  -0.0303736487
43  4  -0.1234312073  -0.1148928418   0.2665955781   0.0367325652  -0.1848109890
43  5  -0.1630292066  -0.0234733477  -0.1268348807   0.0641238738  -0.0384818233
43  6   0.0331961955   0.0118242165   0.0068099207   0.2064342547   0.0672870319
43  7   0.0243824543   0.1322759510   0.0164218992   0.0882651709   0.0296716485
43  8   0.0537993635   0.0028317570  -0.0113741611  -0.0665425039  -0.0140093291
43  9  -0.0008926168   0.0072528352  -0.0031513251  -0.0304322483  -0.0392218657
43 10   0.0556041097   0.0425864006   0.0162376616  -0.0649921016  -0.0256704040
43 11   0.0173955702   0.0695574553  -0.0075892092  -0.0112649525  -0.0869025705
43 12   0.0343172389  -0.0810056411  -0.0023419062   0.0149776610   0.0216454444
43 13   0.0404792189  -0.0030305788  -0.0521473075   0.0585283022   0.0485957473
43 14  -0.0144367742  -0.0064255164   0.0060830057  -0.0004553390   0.0002961158
43 15  -0.0409814564   0.0020323543
44  1  -0.0225062162   0.0418316161   0.2004947657  -0.0022852522   0.0498362528
44  2  -0.0346660634   0.0353004628   0.0597939279   0.0638917624   0.0793274579
44  3   0.0454405522  -0.0663928372   0.0694681430   0.1119362966  -0.1116296801
44  4   0.0995913365  -0.0259428237  -0.2559066933   0.1335384967   0.0711074872
44  5   0.1507789460   0.0137078755   0.0235464630  -0.0777832517  -0.0147620281
44  6   0.1001989485  -0.0292405908   0.0050715607   0.1953562522   0.1099594861
44  7   0.0546358682   0.2382808021   0.0289329338  -0.0664559525  -0.0005832187
44  8   0.0414009358   0.0269853653   0.0253611862  -0.0723697746  -0.0100199204
44  9   0.0562442497  -0.0225552296  -0.0068456204  -0.1177711173  -0.0514214733
44 10   0.1286857645   0.0900038649   0.0271625341  -0.1195704118  -0.0315478867
44 11   0.0116230890   0.0097123734  -0.0016108034  -0.0202041105  -0.1393562047
44 12   0.0552835447  -0.0171738776   0.0373851307  -0.0329137591  -0.0706543834
44 13  -0.0431459881  -0.0733116891  -0.0519314930   0.0349277099   0.0292781401
44 14  -0.0121297370  -0.0095074920   0.0095743839  -0.0002531415  -0.0003210694
44 15   0.0462786831  -0.0023690542
45  1  -0.3407747095  -0.0136801067   0.0055043031   0.0034192515   0.0138565842
45  2   0.0434273000   0.3554395672   0.2246786762   0.2692916042   0.1219777045
45  3   0.0031319536  -0.0619920119   0.1454966688  -0.1913070593  -0.3219123015
45  4  -0.0661709407  -0.0267438654   0.0233229391  -0.0293966216  -0.0688665888
45  5  -0.0362907502  -0.0003638938   0.0095126090   0.0099576201   0.0118934408
45  6   0.0269630441   0.0710086830   0.0099721219  -0.0255822415   0.0944572643
45  7   0.0302321014  -0.1021113561   0.0220377046   0.0156097612   0.0378266008
45  8   0.0299394415  -0.0181641090   0.1011731407   0.0069931291  -0.0003402633
45  9  -0.0068954689   0.0066250559  -0.0382886776   0.0229578698   0.0127078942
45 10  -0.0213368721  -0.0143956688  -0.0057744365   0.0228641807   0.0055781068
45 11  -0.0029625526  -0.0058105578   0.0008402456   0.0040737229   0.0249596358
45 12  -0.0100243720   0.0070112683  -0.0050198145   0.0044486908   0.0094338960
45 13   0.0044136501   0.0117042979   0.0096770041  -0.0080602540  -0.0059848589
45 14   0.0025753102  -0.0005357672  -0.0000005465   0.0000336422   0.0000396378
45 15  -0.0062488284   0.0003197410
46  1  -0.0008115495   0.0815819842  -0.0362777001   0.1437237390   0.1162752544
46  2  -0.0223451291  -0.0027900862  -0.0105707777  -0.0092199349   0.0045496200
46  3   0.0193814575   0.0007103685  -0.0255805338   0.0109854510  -0.0460506967
46  4   0.0726088180  -0.0235232721   0.0064125467   0.0184169031   0.0124220301
46  5   0.0203184950   0.0052002226   0.0429476903   0.0114419477   0.0355814551
46  6   0.0000103315   0.0105591850  -0.0031461622  -0.2094672398  -0.0054477208
46  7   0.1642371477   0.1239436748  -0.0156817356   0.0283834040   0.0083579584
46  8   0.0741304483  -0.0041121977  -0.0711589990  -0.0479334179  -0.0225986219
46  9  -0.0030535088   0.0114167822  -0.0020741140   0.1111705512   0.1966100253
46 10   0.1397309197  -0.1079646100  -0.2677483702  -0.0853266992  -0.0103091553
46 11   0.0674786048  -0.0240996951   0.1162036916   0.1139238693  -0.0472275744
46 12   0.0095749488   0.1514967772   0.1498889505   0.2185764405   0.1011740341
46 13  -0.0088617839   0.2658553272   0.0175054140   0.1358291702   0.2674401099
46 14  -0.0085512613  -0.0095127776   0.0190687448   0.0004415237  -0.0001406124
46 15   0.0004635597   0.0000124392
47  1   0.0048883483   0.0569268280   0.1906496495  -0.0180040068   0.0526841042
47  2  -0.0214086787  -0.0068319661   0.0234706830   0.0315109190   0.0280150709
47  3   0.0450725539  -0.0329106592   0.0507856420   0.1239603908   0.0203297258
47  4   0.0705321881  -0.0257408091  -0.0565152990   0.0731322058  -0.0019387345
47  5  -0.0086453527  -0.0061231100  -0.0500448512  -0.0024374349  -0.0568893748
47  6  -0.0032554295  -0.0018786178  -0.0005174572   0.0753811442  -0.0159286143
47  7   0.0192855277   0.0361604614   0.0141718836   0.1720092909   0.0567338132
47  8   0.0950516009  -0.0043914484  -0.0681056064  -0.0350192556   0.0041071393
47  9  -0.0929714573   0.0463095426  -0.0052568812   0.1631932559   0.0562243618
47 10  -0.2608209503  -0.1734706642  -0.0738972756   0.2198491997   0.0859301584
47 11  -0.0256067461   0.0492305420   0.0238938614   0.0076563448  -0.0117342480
47 12  -0.0056809066  -0.1736709474  -0.0092638796   0.2466098795   0.0545042593
47 13  -0.2365189118  -0.1971877149   0.1258493847   0.1725992546   0.0244486535
47 14   0.0432341524   0.0009163644   0.0031707980  -0.0006147137  -0.0002855273
47 15  -0.0007526530  -0.0002630233
48  1  -0.1342675319  -0.0055984485  -0.0205007408  -0.0721926040   0.0996041477
48  2   0.0963235123   0.0971679455  -0.0158924461   0.0605971701  -0.2138925768
48  3   0.0625177852   0.1261915434   0.0177285433  -0.2092057997   0.1762955546
48  4   0.0678739679  -0.0171504759   0.0003800404   0.0815880146   0.3014437256
48  5  -0.2610303321  -0.0121314664   0.0421431519  -0.0973642740  -0.0564737176
48  6   0.0226874249  -0.0337073220  -0.0087660283   0.0252819490  -0.1722906762
48  7  -0.0559352549   0.0737972756   0.0686809947  -0.0296327372   0.1346493279
48  8  -0.0369319304   0.1973402439   0.2346854625  -0.1569267843   0.0020876292
48  9  -0.1314436206  -0.1715856351  -0.1100639132  -0.0345377665   0.0074220657
48 10   0.0292161295  -0.0046588578  -0.0106668437   0.0168189887   0.0000550038
48 11   0.0014005472  -0.0062980566   0.0055917865   0.0079930918   0.0040940815
48 12  -0.0012012988  -0.0023858404   0.0056268292   0.0198842871   0.0140069193
48 13  -0.0030180078   0.0063266615   0.0070621028   0.0147518097   0.0108914415
48 14   0.0048182413   0.0023287066  -0.0019236392   0.0000992874  -0.0000009852
48 15   0.0001398119  -0.0000677751
49  1  -0.0013979066   0.0816457606  -0.0366152883   0.1426853393   0.1173601473
49  2  -0.0240632467  -0.0044107565  -0.0039220144   0.0064738125   0.0056031961
49  3   0.0402901246  -0.0018961210  -0.0088922680   0.0278286365  -0.0321245337
49  4   0.0737991634   0.0257656486   0.0116285768  -0.0297395601   0.0237174714
49  5  -0.0033374953   0.0052202979   0.0417398281   0.0186535726   0.0018871856
49  6  -0.0077123039   0.0064796975  -0.0034955766  -0.1732485537   0.0159323426
49  7   0.1399925678   0.1530543951   0.0030240061   0.1000699641   0.0279941683
49  8  -0.0621781757  -0.0434772068  -0.0256747035  -0.0425993444  -0.0584240378
49  9   0.0009462607  -0.0542391209  -0.0186959259   0.1758164211   0.1904706940
49 10   0.1927600239  -0.1063993350  -0.1900251304  -0.1029393410   0.0063978828
49 11  -0.1149244898  -0.0120721919  -0.0424256886  -0.0267633712  -0.0187633320
49 12  -0.0571231215  -0.0510886529  -0.2808555328  -0.1967501429   0.1431300252
49 13   0.0287993122  -0.2961481623  -0.0552323518   0.0622061324  -0.2223259602
49 14   0.0184094102  -0.0337418148   0.0015643103  -0.0001117874   0.0002686724
49 15  -0.0000435726  -0.0002256782
50  1   0.0063157431   0.1219422226   0.1632869140  -0.0368778310   0.0047056774
50  2   0.0184154090  -0.0147405414   0.0254895306   0.0440537982   0.0219691535
50  3   0.0353236839  -0.0146443393   0.0610060458   0.1016462086   0.0814177780
50  4  -0.0653701602  -0.0048106571   0.0801143492   0.0384625596  -0.1085230253
50  5  -0.0325119084   0.0117993762   0.0566094559  -0.0588938794   0.0075065158
50  6  -0.0157725946   0.0124145906  -0.0002763792  -0.0559355291  -0.0446265241
50  7  -0.1136256330   0.0550750436   0.1096221283   0.1071447186   0.0362950126
50  8   0.1107192383   0.0655030879  -0.0172248000   0.0841259836   0.0797966961
50  9   0.0821885783  -0.1035079105  -0.0242116916   0.1701602287  -0.0776723857
50 10  -0.1693453931   0.0325119487  -0.1044383939  -0.2385063231   0.1289705539
50 11   0.0289195591   0.0010962951   0.0649721536  -0.0295973217  -0.0295569804
50 12  -0.0032316804   0.0651974941  -0.2675549054   0.1565881705  -0.1962868178
50 13   0.1162353895  -0.0228489580  -0.0224898989  -0.2409594738   0.1052274567
50 14  -0.0310179224  -0.0758168796   0.0490942041   0.0000825295   0.0004497580
50 15   0.0000034979  -0.0000489105
51  1  -0.1044200161  -0.0453262216   0.0124608123  -0.0073543660   0.0697585726
51  2   0.1638298715   0.1263610182  -0.0114451400  -0.0678056884  -0.2023453674
51  3   0.0881765594  -0.0405183334   0.0080450548  -0.2565843049   0.2243404321
51  4   0.0783255125  -0.0004492641  -0.0004660211   0.0860956022   0.2198212454
51  5   0.2119625962  -0.0244697335  -0.0621710295   0.1991073247   0.0377106009
51  6   0.0231728495  -0.0353870431   0.0036984050   0.0348897043   0.1835274388
51  7   0.0909445622  -0.1515665437  -0.1824550507   0.0695379957   0.0609345764
51  8  -0.0121320027   0.0577573908   0.0910630337  -0.0154599562  -0.0544432867
51  9   0.1615122957   0.2459907040   0.1061997344   0.1009443572   0.0091015468
51 10  -0.0612641176  -0.0302565322  -0.0531567509  -0.0765777984   0.0353889746
51 11  -0.0026347020   0.0010259573   0.0140045250  -0.0043021489  -0.0100585804
51 12  -0.0041283183   0.0086439103  -0.0740560684   0.0234509875  -0.0370957340
51 13   0.0235233193  -0.0169483919  -0.0080980466  -0.0466314596   0.0135455275
51 14  -0.0063534905  -0.0279477289   0.0229732810   0.0000043215   0.0000392775
51 15   0.0000087620   0.0000072229
52  1  -0.0107928316   0.0439059180  -0.0261791227   0.1357694909   0.1651184128
52  2  -0.0767571462   0.0378288524   0.0421623576   0.0445723670  -0.0146683819
52  3   0.0558616213  -0.0142970515   0.0557881755   0.0698183880   0.0876799433
52  4   0.0426974778   0.0698469862   0.0491452891  -0.0727423957   0.0110231435
52  5   0.0381945676   0.0119170837   0.0651310191  -0.0204769153  -0.1041490628
52  6   0.0536680644  -0.0113927190  -0.0028423692  -0.0071215794  -0.0889472888
52  7   0.2550794754  -0.0116412839  -0.0722194190   0.2236682829   0.0974039383
52  8  -0.0682720719  -0.0111351077   0.0017951723   0.1260313096   0.0098700735
52  9   0.1537849497  -0.1245424018  -0.0089157850   0.3239105295   0.0123827628
52 10   0.0397991694   0.4148507934   0.1673773341   0.0942121857  -0.0065263720
52 11  -0.0230700746   0.0114867525  -0.0721339929  -0.1586301371   0.0499127028
52 12   0.0222603811  -0.0096276675   0.1624831421   0.0283002553  -0.0384755226
52 13  -0.0219155265   0.0945369409  -0.0037459108  -0.0070849209   0.0200913888
52 14   0.0035236148  -0.0470472403   0.0878797341  -0.0000203702  -0.0002953091
52 15   0.0000255674   0.0004152573
53  1   0.0453776740   0.1623754871   0.1413441812  -0.0646065519  -0.0054021138
53  2   0.0488399797  -0.0091222876   0.0771602140   0.0244666636  -0.0415707038
53  3   0.0633724243  -0.0122150582   0.0076308256  -0.0414856962   0.0519045061
53  4  -0.0368832918  -0.0104950416   0.1163786890   0.0521586144  -0.0863051937
53  5   0.0550853855   0.0165981140   0.1002139264  -0.0035860113   0.0045523032
53  6  -0.0530331540   0.0242605254  -0.0012079432  -0.1153659431   0.0256714616
53  7  -0.1457604305   0.2015170892   0.2141068223   0.0845334322  -0.0747588406
53  8  -0.0602867553   0.1110093997   0.1797606768   0.0745169383  -0.0075400533
53  9   0.0325754449   0.1432836918   0.0430098905   0.0491871650   0.0746500042
53 10   0.1056978354   0.0313294802   0.0962783733   0.0576892757   0.0067015196
53 11  -0.0080947721   0.0075903232  -0.0215246663  -0.0582443475   0.0104514960
53 12   0.0080156089   0.0031183009   0.0500866492  -0.0076339689   0.0013068372
53 13  -0.0078050817   0.0046066929   0.0112259922   0.0367895358   0.0164897092
53 14   0.0064905999   0.5112067461  -0.4887762188   0.0000911031  -0.0003782232
53 15  -0.0001102910   0.0000610291
54  1  -0.1817554630  -0.0757021774   0.0467564381   0.0716313850   0.0093989909
54  2   0.1840531517   0.0488505945  -0.1983004025  -0.0797133883  -0.0144516692
54  3   0.0286412221  -0.0399713343   0.0465692771  -0.0021987762   0.1324101608
54  4   0.0164678449   0.0112205039   0.0451454453   0.0565461906   0.0782532059
54  5   0.1362558770  -0.0044100134  -0.0113631506   0.0546520611   0.0299446997
54  6  -0.0496378613  -0.0040678957   0.0007086979  -0.0426220525   0.2020564132
54  7  -0.0743304806   0.0181116383  -0.2164390053   0.0060058033   0.1482724350
54  8   0.0592845663  -0.1619629873  -0.2735345809   0.1284951863   0.0568374730
54  9  -0.0798923294  -0.2758905550  -0.0812967699  -0.0596627586  -0.0685796000
54 10  -0.0073621537  -0.0128426001   0.0295435032  -0.0056800432   0.0009828454
54 11   0.0134134210  -0.0012349221   0.0026141089   0.0072405147  -0.0026062045
54 12   0.0049294459   0.0070857876   0.0048387650   0.0015884637  -0.0097714356
54 13   0.0017611426   0.0012148805   0.0134836059   0.0234362201   0.0173391134
54 14   0.0035835243   0.3055946976  -0.2918292797   0.0000378684  -0.0001037831
54 15  -0.0000329543  -0.0000128169
55  1  -0.0240034897   0.0174110890  -0.0223669523   0.1193799269   0.2114497469
55  2  -0.1336005741   0.1222097313   0.1161687827   0.0721411030  -0.0647769989
55  3   0.0016489203  -0.0333596647   0.1304921076   0.0693279258   0.2544549201
55  4  -0.0362731547   0.1223669063   0.1902474517  -0.0860972581  -0.0582808573
55  5   0.2581279207   0.0241600038  -0.0525431357  -0.2715414019  -0.0722582168
55  6  -0.0341680322   0.0200224450  -0.0023040928   0.1172238929  -0.1102428847
55  7   0.0904105916  -0.0816072654  -0.0414745742  -0.1692683720  -0.0608665872
55  8  -0.0315462912  -0.0340998567  -0.0027632254  -0.1364360566  -0.0388369905
55  9  -0.0529361665   0.0376558218   0.0024773171  -0.0716259529  -0.0075930689
55 10  -0.0523690338  -0.0056781442  -0.0802855447  -0.0219643614  -0.0159166955
55 11   0.0036081048  -0.0046911486   0.0117617367   0.0451491697  -0.0103820032
55 12  -0.0036858838   0.0000096942  -0.0381734532  -0.0083615079   0.0024838593
55 13   0.0051133867  -0.0168867667   0.0033519204   0.0051603853  -0.0007377501
55 14  -0.0002673143   0.0871711823  -0.0865204384   0.0000186566   0.0000105230
55 15   0.0000179133  -0.0000751939
56  1   0.0997415044   0.1533156725   0.1381167051  -0.0848326229   0.0294840596
56  2   0.0513773588  -0.0550541036   0.1657742674   0.0683466109  -0.0985315381
56  3   0.2979405569  -0.0516839718  -0.0223894267  -0.1972282244   0.0699380319
56  4  -0.0519706052  -0.0056419860   0.1831660228   0.0750881178  -0.0181274007
56  5   0.1795856875   0.0108118101   0.0208106382  -0.0449499804   0.0188541105
56  6  -0.0976896993   0.0209447300  -0.0007421944  -0.0750703126   0.1434850300
56  7  -0.1768751083   0.1478001902   0.0095724320  -0.0204795295   0.0127144929
56  8  -0.0013997627  -0.0288741678  -0.0458481009   0.0845043049   0.0112846228
56  9  -0.0765554677  -0.0372319731  -0.0169969468  -0.0631178924   0.0344448688
56 10   0.0779984887   0.0037387850   0.0744615179   0.0873758538  -0.0208269561
56 11  -0.0021878568   0.0033068594  -0.0093118187  -0.0104981047   0.0098800775
56 12   0.0007412900  -0.0094605350   0.0576379822  -0.0063398936   0.0283412696
56 13  -0.0157638639   0.0123516231  -0.0090115285  -0.0047854615  -0.0181828499
56 14  -0.0018900607  -0.3207904662   0.2998528389  -0.0000464715   0.0001521840
56 15   0.0000465136  -0.0000292628
57  1  -0.2711813479  -0.0741406031   0.0534731868   0.0949974777  -0.0225056453
57  2   0.1537385955   0.1560315149  -0.3039541464  -0.1357363346   0.0502432524
57  3  -0.3551296306   0.0135274882   0.1246233207   0.2358326517   0.1838325872
57  4   0.0101144077   0.0260644605   0.0174995955   0.0256845117  -0.0596900128
57  5   0.0709338139   0.0118508183   0.0530524177  -0.0213692142   0.0191274040
57  6  -0.0426434312   0.0194557521  -0.0010245279  -0.0723958790   0.0201490641
57  7  -0.1223257415   0.1189502786   0.1324628718   0.0110625255  -0.0551288160
57  8  -0.0248377925   0.0535423098   0.0804721861   0.0377274997   0.0000985364
57  9  -0.0159821350   0.0726976089   0.0169718821  -0.0176763877   0.0474214961
57 10   0.0664425103  -0.0108453861   0.0546216722   0.0590399279  -0.0082694851
57 11  -0.0057736652   0.0030280931  -0.0075555060  -0.0159024286   0.0087735652
57 12  -0.0006360449  -0.0062145317   0.0374238401  -0.0041018919   0.0204769019
57 13  -0.0095858295   0.0077311611  -0.0072021314  -0.0052625711  -0.0141271012
57 14  -0.0015989455  -0.2056413200   0.1925110935  -0.0000168802   0.0000657282
57 15   0.0000185435  -0.0000054690
58  1  -0.0040950925   0.0412982513  -0.0215548008   0.1481020670   0.1541986941
58  2  -0.0583517434  -0.0205999296   0.0211383355   0.0697238741   0.0222878137
58  3   0.1571542536  -0.0185521597   0.0581112207   0.0875272265   0.0667058431
58  4   0.0079046134   0.0941809701   0.0335012112  -0.1092935527  -0.0110510535
58  5  -0.0719735331   0.0106176305   0.1647762746   0.1318690618  -0.1110195768
58  6   0.0677164152  -0.0200809058   0.0006059195   0.0513494623  -0.0128786965
58  7   0.0677210867  -0.0098241573  -0.0071246117   0.1326442948   0.0284578367
58  8  -0.1060303579   0.0024285880   0.0714639207   0.1835730903   0.0290983090
58  9   0.0139123179   0.0035364959   0.0092127030  -0.2839024785  -0.1456635414
58 10   0.0519095807  -0.4464361899   0.1702129922  -0.0234047585   0.0544966802
58 11   0.0316278419   0.0043183849   0.0331485811   0.0148683753  -0.0091402935
58 12  -0.0017288881   0.0230968193   0.0145502778  -0.0014290672   0.0181982693
58 13   0.0028820118   0.0004180479   0.0020352840   0.0000461729   0.0009812283
58 14  -0.0016056995  -0.0010604163   0.0564640499   0.0000031510   0.0001412358
58 15   0.0000101879  -0.0002198403
59  1   0.0179223762   0.2233916106   0.1193801160  -0.0702573308  -0.0653117337
59  2   0.0819466517   0.0547470411   0.0329385858  -0.0553672030  -0.0521843102
59  3  -0.1925512307   0.0253717060  -0.0324654322  -0.0323555889  -0.0192698304
59  4   0.0579570591  -0.0005197721   0.0647870303   0.0054233475  -0.0271067936
59  5  -0.0127857492   0.0188636728   0.2159401871   0.1471800290  -0.1373138506
59  6  -0.0029751448   0.0005538136  -0.0024852072   0.0031036076  -0.0013335566
59  7   0.1375518190   0.0699301268  -0.0352273533   0.0585116887   0.0014842793
59  8  -0.2200554316  -0.0879042808   0.0578171576  -0.0214695848  -0.0015418983
59  9  -0.0567509545   0.0073050374  -0.0012971896  -0.1789722856  -0.0808960860
59 10  -0.1598485789   0.2570531222  -0.1824967836   0.0425076787  -0.1130450246
59 11   0.0043766237  -0.0159379098   0.0001811250   0.1328821797  -0.0118663744
59 12   0.0020138126  -0.0287652163  -0.0624874598   0.0037146299  -0.0303300459
59 13   0.0010415596   0.0002205502   0.0023973306  -0.0097861681   0.0092728263
59 14  -0.0019015679  -0.0229804946  -0.0045321724  -0.0000089169  -0.0000416957
59 15   0.0000159145   0.0001905316
60  1  -0.1400849202  -0.1133864729   0.0768097627   0.1292119838  -0.0139046272
60  2   0.2522740848  -0.2436409938  -0.3138778910   0.0325080002   0.1647895239
60  3   0.5643146824  -0.0389071043  -0.0032982658  -0.0167082334  -0.0811708019
60  4  -0.0526877019   0.0194411442   0.0554527631  -0.0393009217  -0.0453619673
60  5  -0.0242073501   0.0070381178   0.0479863852  -0.0369745129  -0.0556472570
60  6   0.0044130925   0.0039391415  -0.0013937135   0.0515154203  -0.0670503224
60  7   0.0535664643  -0.0209918158   0.0227700457  -0.0470028101  -0.0428483259
60  8  -0.0227996179   0.0255899360   0.0511680478  -0.0336109791  -0.2101285092
60  9  -0.0111832962   0.0519163998   0.0115881654  -0.0013379713   0.0066123742
60 10  -0.0549155422   0.1326653126  -0.0776847036   0.0100561917  -0.0347850931
60 11  -0.0034533761  -0.0044084588  -0.0040528289   0.0300558251  -0.0022041346
60 12   0.0006998358  -0.0093477206  -0.0172794596   0.0006507435  -0.0097100447
60 13  -0.0001117604   0.0000624837   0.0000836728  -0.0024234934   0.0023342592
60 14  -0.0003231657  -0.0072991766  -0.0075766404  -0.0000079320  -0.0000235749
60 15   0.0000090762   0.0000696283
61  1   0.0079093619   0.2255006022  -0.0904761939   0.1228333058  -0.0133852793
61  2   0.0972607763   0.0068289735   0.0154520829  -0.0215604634   0.0170664737
61  3  -0.0047664749  -0.0089643080   0.0175746839   0.0274691272   0.0550793041
61  4  -0.2403215112  -0.2573849408  -0.1740874615  -0.2145665027   0.1287240988
61  5   0.0653711028  -0.0431209842  -0.0174906583  -0.0227405480  -0.1206506622
61  6  -0.0899654562   0.0172236000   0.0048902838   0.0721181401   0.0128060712
61  7   0.0291524759   0.0690995430   0.0179721220  -0.0058029657  -0.0165782302
61  8  -0.0090489243   0.0169554580   0.0217288778   0.0833874291   0.0316424455
61  9  -0.0427933582   0.0101084998  -0.0026630390   0.1268190137  -0.0492635484
61 10  -0.0512104988  -0.0638114746  -0.0114582762  -0.0467570744  -0.1213099746
61 11   0.0477334384  -0.0193338546   0.0744558009  -0.0842527910  -0.0336514421
61 12  -0.1208921372  -0.0561527704   0.0749548892  -0.0534766122  -0.0123431174
61 13   0.0453730230  -0.0719901280   0.0963583111  -0.0023652808   0.0571826685
61 14  -0.0006587763  -0.0050951714  -0.0004038813   0.0001360697  -0.0041228498
61 15   0.0493956365   0.9916063527
62  1  -0.0398876394   0.1926442748   0.1396929524  -0.0373978356  -0.0721514693
62  2   0.0546448377  -0.0206581226   0.0111483267   0.0583653448  -0.0566012611
62  3   0.0230430383  -0.0686007637   0.0895389009   0.0739376593   0.2610870119
62  4  -0.4611287986  -0.4128647870  -0.1722843627  -0.3208220377   0.0687118759
62  5  -0.0658961161   0.1113709104  -0.1816744675   0.0046333815   0.1637103571
62  6   0.2977688184  -0.0563613098  -0.0163978991  -0.1384868638   0.0076826360
62  7   0.1539543214   0.0192646838  -0.1086745369   0.0433144423   0.0366717684
62  8  -0.1109320347  -0.0875502910  -0.0192153961   0.0905442405  -0.0176822021
62  9  -0.3461219730   0.1417007587  -0.0110842243  -0.2614658945   0.4017225942
62 10   0.1189687349   0.3505708097   0.3500786048  -0.3433595768   0.6463932687
62 11  -0.2808518247   0.0364426398  -0.5476068125   0.6807864952   0.2804075275
62 12   0.7088812925   0.2148569806  -0.1513793830   0.4426622749   0.1504505040
62 13  -0.1836421240   0.1281274174  -0.5000516510  -0.0777456363  -0.2993539721
62 14  -0.0227144698   0.0467278474   0.0328644063   0.0000145832  -0.0015310303
62 15   0.0049647240   0.0986152744
63  1   0.2297399089  -0.0669525971   0.0015410153  -0.0654110328   0.1726675474
63  2   0.3002212816   0.2000316554   0.1642611957  -0.2317765693   0.3060788319
63  3  -0.0074106343   0.2045692722   0.0584771483   0.1006426114  -0.0287228135
63  4  -0.0923967119   0.0106362731   0.1080834212  -0.0310183619   0.0075180317
63  5   0.1860229301  -0.9641743771   0.6160081233  -0.5364664762  -0.0298149577
63  6  -0.0477687924  -0.0994416215   0.1508414544  -0.0265481232   0.1884526418
63  7   0.1867358168  -0.1168386668   0.1810004913   0.0966126036  -0.3159356044
63  8   0.0031791822  -0.0188989713  -0.0449805418  -0.0062159032   0.0289340372
63  9  -0.0583061268  -0.0227024699  -0.0163003788  -0.0421131194   0.0502394629
63 10   0.0151857908   0.0463235387   0.0480387566  -0.0404179919   0.0912774219
63 11  -0.0383714519   0.0064035430  -0.0734957931   0.0931481101   0.0357660295
63 12   0.0938705565   0.0286168312  -0.0193186243   0.0579521979   0.0184419255
63 13  -0.0247304365   0.0181989462  -0.0664684598  -0.0088174778  -0.0411137325
63 14  -0.0027298056   0.0094429998   0.0061837517   0.0000037917   0.0001198796
63 15  -0.0012337612  -0.0248814798
64  1   0.0052195696   0.2679653178  -0.1092641348   0.1074925291  -0.0414566852
64  2   0.1167587409  -0.0037112292  -0.0033180443   0.0070561027   0.0103915358
64  3  -0.0319044872  -0.0263941023  -0.0092690729  -0.0529879965   0.0334306659
64  4  -0.3696221906   0.5418626532  -0.2327823876   0.5410065496  -0.0844398795
64  5  -0.1093276449  -0.0286284446  -0.1384899009  -0.0016950298  -0.0167705051
64  6   0.0691276334  -0.0009741008  -0.0382478965  -0.0116088382  -0.0466298493
64  7   0.1880627938   0.0065951182  -0.0554847210   0.0468355714   0.0321246210
64  8  -0.0321371218  -0.0245913524  -0.0055884902   0.1786304106   0.0444671769
64  9  -0.3206639333   0.1317379056  -0.0114057495   0.1742884834   0.1776341532
64 10  -0.1293096932  -0.0705165997   0.3297181073  -0.3484414956  -0.4320881308
64 11   0.3625789854  -0.1455192579   0.2934525327  -0.3591494944   0.3352428724
64 12   0.4793107255  -0.2292438743  -0.4880238386  -0.2891434850   0.3103916694
64 13  -0.3578095475   0.1418630020  -0.0690874265  -0.1949335477   0.2941297740
64 14  -0.0405439355   0.0062373897   0.0125266520  -0.0000588625  -0.6112979986
64 15  -0.0045201272  -0.0027180599
65  1  -0.0295804396   0.0540647716   0.1962937223  -0.0027606405   0.0370136523
65  2  -0.0282611356  -0.0085042124   0.0295328183   0.0024978513  -0.0183571253
65  3   0.0524039110   0.0298239923   0.0413492246   0.0890315421   0.0318042504
65  4   0.0982234617   0.0666873695  -0.0081123666   0.0830484471  -0.0208154826
65  5  -0.1777586996  -0.0091246838  -0.1223112060   0.0418328144   0.2195067394
65  6  -0.1208233192   0.0110740814   0.0936936966   0.0447883841  -0.0390327649
65  7   0.1617569263  -0.0567855451  -0.0760282337  -0.0213956611  -0.0347475871
65  8  -0.0786757749  -0.0109241192   0.0352678256   0.1918390148   0.0435828001
65  9  -0.1914947047   0.0791500026  -0.0063584006   0.0424795916   0.1454920546
65 10  -0.0334262566   0.0402147897   0.2806333721  -0.3359295151  -0.3263306853
65 11   0.3165149437  -0.1382978560   0.2766305190  -0.3065406792   0.3006864216
65 12   0.3817410615  -0.2607916616  -0.4316246426  -0.2217122725   0.2802129018
65 13  -0.3545502425   0.1605522495  -0.0841989760  -0.1566426527   0.2547057829
65 14  -0.0269802490   0.0090385551  -0.0000715858   0.0000940973   0.7824235007
65 15   0.0059414743   0.0029099044
66  1   0.2376677903   0.0241192478  -0.0809517203  -0.2364656739   0.2697021207
66  2   0.1694003860   0.0617908460  -0.2044232719   0.2898271972   0.2640812345
66  3  -0.1979899108  -0.4146422052  -0.0651063846   0.0315984341  -0.0269262470
66  4  -0.0414081961  -0.0003755327   0.1430948454   0.0021898295   0.1066014135
66  5   0.2294128676  -0.1908787260   0.0132283755   0.1726528388   0.0964363978
66  6   0.2580109957   0.1630806126  -0.9669660086   0.0899419160  -0.0931118486
66  7  -0.0894296120   0.0264002889   0.1383760534  -0.0940757116   0.2656023906
66  8  -0.0082006621  -0.0202814690   0.0113411513   0.0034780814   0.0005994797
66  9   0.0101841372   0.0075060074   0.0098719497  -0.0138038679   0.0017688599
66 10   0.0033215637   0.0045083652   0.0104048265  -0.0201280488  -0.0155274399
66 11   0.0181524972  -0.0084850593   0.0159945911  -0.0182808357   0.0175007844
66 12   0.0174207956  -0.0195349553  -0.0227167802  -0.0171235922   0.0171695339
66 13  -0.0208166440   0.0080822048  -0.0083634555  -0.0141635595   0.0146934978
66 14  -0.0015168884   0.0011309834  -0.0005438688   0.0000058393   0.1009356944
66 15   0.0007706304   0.0003632427
67  1   0.0031603216  -0.0070687628   0.0020715138   0.1728840824   0.1780588425
67  2  -0.0679812783   0.0086651007  -0.0730663523  -0.0643383623  -0.0210288733
67  3  -0.0642503679   0.0411385952  -0.0997516799  -0.1485796040  -0.0879639395
67  4  -0.0332144209  -0.0340533672   0.0284664811   0.0002418663   0.0108601212
67  5   0.0005661730   0.0105625801   0.0876741870  -0.0033193749   0.1271762295
67  6   0.0351152713   0.0104706324  -0.0021865184  -0.2928187114   0.0287880177
67  7   0.2859292793   0.1790250372  -0.0549384972  -0.4371079365  -0.0900225658
67  8   0.1378423454   0.1611036749  -0.0323905148   0.2345733229   0.1647455974
67  9   0.1114123929  -0.0372249853   0.0090626847  -0.1495023328   0.1483466684
67 10  -0.5667347271  -0.1331473266   0.1453786053   0.3622980383   0.1983018485
67 11   0.3385964592  -0.4332252570  -0.4466794074  -0.2241210384  -0.5915383423
67 12   0.0674147793  -0.3505512266  -0.1844829052   0.1634068226   0.3636967359
67 13   0.2595170405   0.3140320932   0.1226780564  -0.0831134110  -0.0763163567
67 14  -0.3149133876   0.0154988625  -0.0016367576   0.6030311840  -0.0000516127
67 15  -0.0010908534   0.0000008861
68  1  -0.0041675798  -0.0749508928   0.2469473547   0.0228604482   0.1468198444
68  2  -0.1031012301   0.0043875664  -0.0388418589  -0.0469660839   0.0265206540
68  3  -0.0625820285   0.0142126649  -0.0836605996  -0.0671672576  -0.0260773651
68  4  -0.0855203155   0.0304750111  -0.0442501827  -0.0373225492   0.0016188640
68  5  -0.0416744596  -0.0150339930  -0.1126465159   0.0411412403  -0.3383570778
68  6   0.0034938522   0.0265748005   0.0014163161  -0.1804556100   0.0879934356
68  7  -0.0058602569  -0.0843235581   0.0220487681  -0.2279585973  -0.0530067846
68  8  -0.2165340159   0.1073764058  -0.0026812852   0.0953874409   0.0248596676
68  9   0.1941257947  -0.2000409785   0.0767710479  -0.1807639566   0.4796742673
68 10  -0.3303903071  -0.1455697172   0.0382532014   0.1177865854   0.0712592844
68 11   0.4607794512  -0.2433001547  -0.4118821727  -0.1303359117  -0.4457340578
68 12  -0.0047924594  -0.1297282031  -0.1325540490   0.1687537633   0.2654102585
68 13   0.0363555746   0.2670029248   0.2603969365  -0.2383617060  -0.1678153392
68 14  -0.1868340710   0.0170240484  -0.0040115384  -0.7903313546   0.0000657148
68 15   0.0043362798  -0.0001659280
69  1  -0.3574815195   0.0617022793  -0.0606643860  -0.1313341180   0.0854531014
69  2  -0.0721495342  -0.0437705042   0.3202653656  -0.0457637654   0.3969642449
69  3   0.0197511058  -0.0583456700  -0.6683920788   0.2480177514   0.2075814670
69  4  -0.0192554440   0.0014737346  -0.0664089845  -0.0670867821  -0.2759160758
69  5   0.1470989607   0.0317512239   0.0200775757  -0.0134260268   0.0865947297
69  6   0.0273995827   0.1243997386   0.0187924968   0.0783041786   0.5684089633
69  7   0.3054300751  -0.4473744401   0.2683623342   0.0918259290   0.3417340653
69  8  -0.5598854496   0.8114870914  -0.4498456122  -0.4094022873   0.0349712399
69  9  -0.5589695156  -0.7453568069   0.9229639384   0.0132087936  -0.0144043410
69 10   0.0345606746  -0.0016494179  -0.0173561768  -0.0088793335  -0.0045437307
69 11  -0.0224788704   0.0201013962   0.0372930307   0.0177562986   0.0492918100
69 12  -0.0010532750   0.0210350185   0.0189829136  -0.0134034351  -0.0323725185
69 13  -0.0060243571  -0.0326358466  -0.0391683888   0.0403461939   0.0327618194
69 14   0.0470921214   0.0013968528  -0.0028457275   0.0635175037   0.0000072397
69 15  -0.0001562431   0.0000275015
70  1   0.0102177558  -0.0683135453   0.0308568791   0.2005508032   0.2123938120
70  2  -0.0865655536   0.0227614277  -0.1685972700  -0.1420076222  -0.0778973676
70  3  -0.1975495654   0.0750546894  -0.0902672760  -0.2845125876   0.0112448173
70  4  -0.2168566575  -0.1407361837   0.4679665804   0.0027124933  -0.3402541986
70  5  -0.2805829395  -0.0496248637  -0.2916210873   0.1610826078  -0.1684892344
70  6  -0.0515994455  -0.0258893448   0.0013181341   0.3767874594   0.0468642810
70  7  -0.0995750401   0.0634813535   0.0556388631   0.3780347086   0.0915641933
70  8   0.0069698028  -0.0703627235  -0.0435880071  -0.1941059215  -0.0939056438
70  9  -0.0816627904   0.0443360963  -0.0032431447   0.1049681006  -0.0415346683
70 10   0.1164436239  -0.0569274815  -0.1025304012   0.1868848091   0.1322694558
70 11  -0.2740867414  -0.5809737807   0.1242533472  -0.0015353450   0.0533172267
70 12  -0.0134214079   0.4365833492   0.1605362828  -0.1339203078  -0.3245265650
70 13  -0.3977230386  -0.1874430327   0.1582237719  -0.1855438008  -0.1688198375
70 14   0.0341749220  -0.0010850635  -0.0074406402  -0.0008808354  -0.0050129657
70 15   0.6703377996  -0.0332601437
71  1  -0.0301284625   0.0109654422   0.2143813597   0.0095841898   0.0690248252
71  2  -0.0546018863   0.0356903184   0.0281753789   0.0260227298   0.0765686130
71  3  -0.0155801142  -0.0557555087   0.0428644438   0.0643104136  -0.0838271389
71  4  -0.0022517982  -0.0501590663  -0.0496703319   0.0914154295  -0.1273706244
71  5   0.0906357771  -0.0104573107  -0.1660004335   0.0645152256  -0.1364396634
71  6  -0.0797042686  -0.1984516784  -0.0210668072   0.3330398849   0.0316080297
71  7  -0.0486546851   0.2068693280   0.0800988213   0.1865374798   0.0632217878
71  8  -0.0179441935  -0.0155804809  -0.0274627445  -0.1986946772  -0.0799641422
71  9  -0.0262846042  -0.0018800769   0.0027711518  -0.0004202144  -0.0562952969
71 10   0.1903151561   0.0027493186  -0.0775485648   0.1018273186   0.1079304989
71 11  -0.2509310717  -0.5706198983   0.1169747343  -0.0120207798  -0.0220591457
71 12   0.0163663958   0.4373518801   0.1825272443  -0.1643336882  -0.3685399401
71 13  -0.4156675579  -0.2248271083   0.1260006221  -0.1756939756  -0.1540771880
71 14   0.0184939429  -0.0038865389  -0.0004620552  -0.0078780383   0.0052977241
71 15  -0.7311796539   0.0365312056
72  1  -0.4154424076   0.0000000000   0.0000000000   0.0000000000   0.0000000000
72  2   0.0000000000   0.3386170386   0.2862844313   0.2565957135   0.2637396405
72  3  -0.0333729198  -0.1217530492   0.0540291141  -0.0821611313  -0.4112862936
72  4  -0.1736114266  -0.0254021500   0.1508453595  -0.1115300849  -0.4611108303
72  5   0.3412639169   0.0042723610  -0.2396538912   0.3950683627   0.0202596626
72  6  -0.7375355536  -0.9346775261  -0.1490499984  -0.2405487151  -0.3652770406
72  7   0.1181454640   0.1060600869   0.1300493236  -0.1361794382   0.0736500030
72  8  -0.0958826393   0.1691260558  -0.0716954750  -0.0135369577   0.0430735404
72  9  -0.0579108993  -0.0933965114   0.0368570044  -0.0220307315   0.0165273361
72 10  -0.0257361332  -0.0059115206   0.0141787707  -0.0365345356  -0.0290959161
72 11   0.0703264934   0.1392193522  -0.0295823688   0.0027724113  -0.0095899206
72 12   0.0022707796  -0.1001288702  -0.0328095662   0.0346300533   0.0838217941
72 13   0.0928824916   0.0519053301  -0.0335425946   0.0424209019   0.0436514132
72 14  -0.0039767135   0.0062881015  -0.0028085934   0.0014637048  -0.0006898835
72 15   0.0979880785  -0.0049433911
$end
