$coord
-4.1099101008166 0.84524757141238 -0.02450475978376 c
-1.48932328734824 0.20062853261854 1.00308658709014 c
0.42690143945169 -0.31941326410343 -1.09845679843472 c
3.03520481863453 -1.11838285153189 -0.1760929500492 c
4.56053856146085 1.47557817528339 1.64361915338901 s
-4.86148774780805 -0.70499925393917 -1.16618222080455 h
-5.44699980721315 1.2099786507253 1.50532745004899 h
-4.04292212129343 2.53049229038655 -1.21903714075923 h
-1.61034480563251 -1.46118111125097 2.23163299045837 h
-0.82014438279883 1.75572248810057 2.19082921355823 h
-0.28717727902795 -1.84741259026445 -2.29904228007376 h
0.603269217009 1.34718894013826 -2.31264700257687 h
4.26077219754598 -1.55947787479509 -1.76746149763149 h
2.90498095124858 -2.77167633716526 1.04521095929963 h
6.87664234658812 0.4177066343854 1.8148094664113 h
$user-defined bonds 
 
$end
