$hessian (projected)
 1  1   0.4829898826   0.0188281600  -0.0374148526  -0.1654806847   0.0209576817
 1  2  -0.0359048438  -0.0277749004   0.0069855826  -0.0051653043  -0.0012089659
 1  3   0.0001616206   0.0028010752   0.0001988967   0.0003956407   0.0002751337
 1  4  -0.0784714939  -0.0686072688  -0.0485805891  -0.1523650528   0.0286093590
 1  5   0.1254652676  -0.0475352536  -0.0101327213   0.0071091084   0.0002618984
 1  6   0.0002633750  -0.0003237452  -0.0127698138   0.0030548654  -0.0049557863
 1  7   0.0017258460  -0.0005579805  -0.0013909386   0.0012385614  -0.0002413953
 1  8  -0.0012793477  -0.0006292290   0.0002790002  -0.0005078021  -0.0001189639
 1  9   0.0001122430   0.0000046241  -0.0000607272  -0.0001081624  -0.0001319993
 2  1   0.0188281600   0.5551909840   0.0096865839   0.0204597506  -0.0847000965
 2  2   0.0092504350   0.0074475496  -0.0023704456   0.0012524998   0.0007131750
 2  3  -0.0006432466  -0.0010990145   0.0002122120   0.0001051173  -0.0004428876
 2  4  -0.0676100046  -0.1956049055  -0.1059679439   0.0285270708  -0.0554462088
 2  5  -0.0344235872  -0.0110816589  -0.2190861398   0.1195527534   0.0267330095
 2  6  -0.0056723838   0.0095239974  -0.0235923660   0.0068058235  -0.0084442384
 2  7   0.0007754306   0.0001474473   0.0005223292  -0.0013138876   0.0004827029
 2  8   0.0002425375   0.0003481231   0.0002874611   0.0000142818  -0.0001860184
 2  9   0.0003998250  -0.0001257012  -0.0002605458   0.0001040657   0.0004579548
 3  1  -0.0374148526   0.0096865839   0.5519353586  -0.0381508562   0.0098026015
 3  2  -0.0954238918   0.0233511598  -0.0058886799   0.0112251178   0.0034928495
 3  3  -0.0010880070  -0.0053438105  -0.0001631742  -0.0001752616  -0.0001772792
 3  4  -0.0481266893  -0.1063066121  -0.1244419756   0.1238385678  -0.0340647203
 3  5  -0.1944779002   0.0076882233   0.1197953986  -0.1319512960  -0.0191080714
 3  6   0.0037034466  -0.0069620381  -0.0182037735   0.0052997372  -0.0068621346
 3  7   0.0006628779   0.0001194191   0.0009402594   0.0004727714  -0.0003772376
 3  8   0.0006116325   0.0017955618  -0.0005401792   0.0004948331  -0.0000242490
 3  9  -0.0001430553   0.0001308840  -0.0001103454   0.0001765658   0.0003022405
 4  1  -0.1654806847   0.0204597506  -0.0381508562   0.4590031180   0.0312158777
 4  2   0.0222287028  -0.1155616960   0.0102090339   0.0472164696  -0.0258085490
 4  3   0.0066832884   0.0221741470  -0.0010275556   0.0001382721   0.0002845985
 4  4  -0.0125375161   0.0030631509  -0.0051281842  -0.0187839825   0.0042766848
 4  5  -0.0096897791   0.0006627168   0.0003522983   0.0000380453  -0.0484246711
 4  6  -0.0138688670   0.0093078872  -0.0730400008  -0.0621803663  -0.0448706544
 4  7   0.0061068084  -0.0013357284  -0.0069573899  -0.0034669848   0.0007658065
 4  8   0.0039222941  -0.0041586049   0.0012054329  -0.0015908774   0.0021005390
 4  9  -0.0010178099   0.0004427489   0.0004170632   0.0000331756   0.0007728477
 5  1   0.0209576817  -0.0847000965   0.0098026015   0.0312158777   0.5816027742
 5  2  -0.0048744988   0.0085954415  -0.0838944536  -0.0120053946   0.0068594997
 5  3  -0.0030565451  -0.0060742934  -0.0004131238   0.0010343509   0.0016525948
 5  4  -0.0240531743   0.0066965651  -0.0095185837   0.0046794364  -0.0025122827
 5  5   0.0025821601   0.0268607281  -0.0059297505   0.0103603414  -0.0139975804
 5  6  -0.2131948646   0.1156239529  -0.0623931055  -0.1961320487  -0.1064479550
 5  7   0.0175700865  -0.0051147654  -0.0207056162  -0.0180800001   0.0054300631
 5  8   0.0209664875   0.0014445227   0.0001657667   0.0009100090   0.0005387224
 5  9  -0.0001064732  -0.0011281299   0.0002149875  -0.0002882396  -0.0011436756
 6  1  -0.0359048438   0.0092504350  -0.0954238918   0.0222287028  -0.0048744988
 6  2   0.5226545822   0.0462447405  -0.0128882419  -0.1406643572  -0.0048651480
 6  3   0.0017185487   0.0129168427  -0.0005175061   0.0014254756   0.0014216875
 6  4  -0.0171419406   0.0046240075  -0.0078663537   0.0236232259  -0.0057486324
 6  5   0.0110386350  -0.0182417409   0.0039554507  -0.0080876122   0.0094959670
 6  6   0.1167635842  -0.1329040092  -0.0452416578  -0.1071930665  -0.1288347287
 6  7   0.0135977413  -0.0041874227  -0.0169315333   0.0130869053  -0.0036768687
 6  8  -0.0163721231  -0.0050477754   0.0016298267  -0.0006564636  -0.0011625712
 6  9  -0.0000349907   0.0004931813  -0.0001540988  -0.0007636066  -0.0007838561
 7  1  -0.0277749004   0.0074475496   0.0233511598  -0.1155616960   0.0085954415
 7  2   0.0462447405   0.4622774772   0.0307499757   0.0154089533  -0.1637626391
 7  3   0.0341435388  -0.0274194115  -0.0139059177  -0.0033614671  -0.0086849831
 7  4   0.0015251217   0.0000259904   0.0010916420  -0.0046806960   0.0012188559
 7  5  -0.0019122726   0.0019220020  -0.0007751792   0.0006631651  -0.0038613508
 7  6   0.0006049689   0.0037586634   0.0069270468  -0.0006928750  -0.0068160551
 7  7  -0.0755191338  -0.0649648536  -0.0496904161  -0.0504623480  -0.0179230890
 7  8   0.0130636751  -0.0184590384   0.0056337326  -0.0087421399   0.0014402304
 7  9   0.0001196320   0.0002476375  -0.0001041577  -0.0008222216  -0.0005643582
 8  1   0.0069855826  -0.0023704456  -0.0058886799   0.0102090339  -0.0838944536
 8  2  -0.0128882419   0.0307499757   0.5798968254  -0.0089938385   0.0300583954
 8  3  -0.0854277092   0.0143618254  -0.0219081687   0.0056767740  -0.0072039761
 8  4  -0.0015278646   0.0004554368   0.0004073748   0.0012064767  -0.0000091847
 8  5   0.0004459263   0.0006435514   0.0000302495  -0.0007490975  -0.0184207689
 8  6   0.0048293892   0.0211149885   0.0184628167  -0.0043829423  -0.0199292262
 8  7  -0.0648899095  -0.1872230888  -0.1045165828  -0.0198098642  -0.2141517045
 8  8   0.1156373637   0.0057411726  -0.0021514925   0.0030599527   0.0259109206
 8  9  -0.0066589962   0.0092012012  -0.0034113498  -0.0046186574  -0.0040589896
 9  1  -0.0051653043   0.0012524998   0.0112251178   0.0472164696  -0.0120053946
 9  2  -0.1406643572   0.0154089533  -0.0089938385   0.5165788132  -0.0294582382
 9  3   0.0157477317  -0.0912565728  -0.0164872075  -0.0002804016  -0.0059926654
 9  4  -0.0011341647   0.0004008469   0.0004363594  -0.0048437053   0.0011108538
 9  5  -0.0007337309  -0.0010933895   0.0002364399   0.0004981474   0.0141129001
 9  6  -0.0037244604  -0.0169566254   0.0135914788  -0.0031859119  -0.0155511597
 9  7  -0.0505164024  -0.1047356962  -0.1273073002   0.0140125239   0.1172658354
 9  8  -0.1315809340   0.0242314305  -0.0073470493   0.0105506153  -0.0188542480
 9  9   0.0058933994  -0.0066921603  -0.0010210963  -0.0016348542  -0.0025535474
10  1  -0.0012089659   0.0007131750   0.0034928495  -0.0258085490   0.0068594997
10  2  -0.0048651480  -0.1637626391   0.0300583954  -0.0294582382   0.4458618294
10  3  -0.0522049175  -0.0911330690  -0.0456434207   0.0029420422  -0.0007583160
10  4   0.0000905149  -0.0001065336   0.0000730015  -0.0006360039   0.0003291372
10  5  -0.0006512739  -0.0000553580   0.0001496999   0.0000325069   0.0012458851
10  6  -0.0000760883  -0.0012247330   0.0014903251  -0.0003992688  -0.0009612004
10  7  -0.0139542185   0.0031100592  -0.0058841655   0.0007902768  -0.0003020667
10  8  -0.0006441017  -0.1397259102   0.0374323447   0.1310911229  -0.0493264739
10  9  -0.0105434840   0.0145599255  -0.0093572920  -0.0179619944  -0.0136691606
11  1   0.0001616206  -0.0006432466  -0.0010880070   0.0066832884  -0.0030565451
11  2   0.0017185487   0.0341435388  -0.0854277092   0.0157477317  -0.0522049175
11  3   0.4464777215  -0.0771769840  -0.0218682330  -0.0946552857  -0.0392873892
11  4   0.0002520635   0.0002140070   0.0001753212   0.0003711348   0.0005020637
11  5   0.0001716313  -0.0001681732   0.0002949454  -0.0001891434  -0.0016199720
11  6   0.0006211763   0.0005536346   0.0005001404  -0.0004450606  -0.0000371077
11  7  -0.0220382172   0.0057881996  -0.0082008055   0.0270257211  -0.0084372516
11  8   0.0093782175   0.0354550410  -0.0559175215  -0.0367492035  -0.0125399169
11  9  -0.2132856715   0.1283086538   0.0058468811   0.0079701783   0.0066749013
12  1   0.0028010752  -0.0010990145  -0.0053438105   0.0221741470  -0.0060742934
12  2   0.0129168427  -0.0274194115   0.0143618254  -0.0912565728  -0.0911330690
12  3  -0.0771769840   0.5029612224  -0.0151547289  -0.0298527549  -0.0489609773
12  4  -0.0000803054   0.0002982907  -0.0000203046   0.0019908149  -0.0005143159
12  5   0.0006454715  -0.0000278926  -0.0003235077   0.0001072061   0.0006202297
12  6  -0.0001823941   0.0006838984   0.0000465203  -0.0008736002   0.0001020229
12  7  -0.0172937993   0.0052176458  -0.0074931160  -0.0196755809   0.0047955694
12  8  -0.0074454881   0.1259379655  -0.0400267748  -0.2127821608   0.0176958673
12  9   0.1337619671  -0.1425800762  -0.0004818324  -0.0023116589  -0.0015341577
13  1   0.0001988967   0.0002122120  -0.0001631742  -0.0010275556  -0.0004131238
13  2  -0.0005175061  -0.0139059177  -0.0219081687  -0.0164872075  -0.0456434207
13  3  -0.0218682330  -0.0151547289   0.2729594372  -0.0683750628   0.0421843030
13  4   0.0002029380   0.0000600523   0.0000622255   0.0000479267   0.0000482654
13  5   0.0000953799   0.0000316602  -0.0000018007  -0.0000295053   0.0003053858
13  6   0.0001028008   0.0001326641  -0.0022147890  -0.0000180255   0.0003544746
13  7  -0.0044548530   0.0020047030  -0.0007093919   0.0011139571   0.0000291113
13  8   0.0005913316   0.0038414666   0.0052979427   0.0010104625  -0.0027963233
13  9  -0.0060016767  -0.0049242654  -0.2086588090   0.1108310038  -0.0064450620
14  1   0.0003956407   0.0001051173  -0.0001752616   0.0001382721   0.0010343509
14  2   0.0014254756  -0.0033614671   0.0056767740  -0.0002804016   0.0029420422
14  3  -0.0946552857  -0.0298527549  -0.0683750628   0.1851838304   0.0625458544
14  4   0.0000005877  -0.0001174142  -0.0000786758   0.0000748329  -0.0000777749
14  5  -0.0000133422   0.0000100696  -0.0000046691   0.0000479009   0.0000781189
14  6  -0.0001708104  -0.0002487605  -0.0003927988   0.0001816460   0.0000927808
14  7   0.0025160148   0.0010009560   0.0015979817   0.0002585975   0.0013513415
14  8   0.0005836449  -0.0093418851  -0.0120973931  -0.0086398292  -0.0130086917
14  9  -0.0183683992  -0.0190378662   0.0880657290  -0.0690422693  -0.0079667463
15  1   0.0002751337  -0.0004428876  -0.0001772792   0.0002845985   0.0016525948
15  2   0.0014216875  -0.0086849831  -0.0072039761  -0.0059926654  -0.0007583160
15  3  -0.0392873892  -0.0489609773   0.0421843030   0.0625458544   0.0641822119
15  4  -0.0000682903   0.0000057597  -0.0000858033   0.0000904783   0.0000816877
15  5   0.0000804080  -0.0000329236   0.0000360852  -0.0000155125  -0.0001356586
15  6  -0.0002178353  -0.0000434687  -0.0004050213  -0.0005243047   0.0001352991
15  7  -0.0006450231   0.0015417539   0.0004613829   0.0003170691  -0.0000402209
15  8  -0.0003009003  -0.0140735737  -0.0190646314  -0.0095724136   0.0000710125
15  9   0.0014251315   0.0051977600  -0.0184188053  -0.0005076221  -0.0063297291
16  1  -0.0784714939  -0.0676100046  -0.0481266893  -0.0125375161  -0.0240531743
16  2  -0.0171419406   0.0015251217  -0.0015278646  -0.0011341647   0.0000905149
16  3   0.0002520635  -0.0000803054   0.0002029380   0.0000005877  -0.0000682903
16  4   0.0867053348   0.0743761956   0.0568464501   0.0081317719   0.0166748101
16  5   0.0105393789  -0.0013546571  -0.0012664369  -0.0003876249   0.0013491344
16  6   0.0002756381   0.0004510150  -0.0053640040   0.0020125360  -0.0020203266
16  7  -0.0001664933   0.0007419853   0.0008114630  -0.0000605051   0.0000171045
16  8   0.0000716462  -0.0000104452   0.0000365242   0.0000224046   0.0000337894
16  9  -0.0000045279  -0.0000134169  -0.0000734905   0.0000745634   0.0002304009
17  1  -0.0686072688  -0.1956049055  -0.1063066121   0.0030631509   0.0066965651
17  2   0.0046240075   0.0000259904   0.0004554368   0.0004008469  -0.0001065336
17  3   0.0002140070   0.0002982907   0.0000600523  -0.0001174142   0.0000057597
17  4   0.0743761956   0.2101727449   0.1175789043  -0.0011004704  -0.0041734886
17  5  -0.0021112655  -0.0085975497  -0.0197675371  -0.0150924292  -0.0006259709
17  6   0.0009182723  -0.0001206081   0.0020647450   0.0011170258   0.0006647523
17  7  -0.0005040952   0.0001637264   0.0001672578  -0.0000076329  -0.0001022374
17  8  -0.0000951488  -0.0001018159   0.0000036106  -0.0000143886   0.0000068838
17  9  -0.0000234098   0.0000007509   0.0000543196   0.0000476036  -0.0000001178
18  1  -0.0485805891  -0.1059679439  -0.1244419756  -0.0051281842  -0.0095185837
18  2  -0.0078663537   0.0010916420   0.0004073748   0.0004363594   0.0000730015
18  3   0.0001753212  -0.0000203046   0.0000622255  -0.0000786758  -0.0000858033
18  4   0.0568464501   0.1175789043   0.1328493635  -0.0091493969  -0.0184891514
18  5  -0.0131933417   0.0071648467   0.0143405987   0.0116277153   0.0003500174
18  6   0.0000190199  -0.0001325831  -0.0023477621   0.0012151245   0.0000817931
18  7  -0.0003043919   0.0001614116   0.0006203334  -0.0000164216   0.0000790371
18  8   0.0000559933  -0.0000444027   0.0000113630  -0.0000072331  -0.0000072711
18  9   0.0000248428  -0.0000422781  -0.0000097636   0.0000413570   0.0001183153
19  1  -0.1523650528   0.0285270708   0.1238385678  -0.0187839825   0.0046794364
19  2   0.0236232259  -0.0046806960   0.0012064767  -0.0048437053  -0.0006360039
19  3   0.0003711348   0.0019908149   0.0000479267   0.0000748329   0.0000904783
19  4   0.0081317719  -0.0011004704  -0.0091493969   0.1675853855  -0.0329161521
19  5  -0.1356456387  -0.0010878550  -0.0005069594   0.0007036256   0.0012002526
19  6   0.0003666229  -0.0000704644   0.0008423021  -0.0008184438   0.0001545285
19  7   0.0002175349   0.0001791090  -0.0001055131   0.0002389538  -0.0001874028
19  8  -0.0002239696  -0.0006887708   0.0001628785  -0.0002233191  -0.0000027871
19  9   0.0000205113  -0.0000704956  -0.0000189793  -0.0000586449  -0.0000687384
20  1   0.0286093590  -0.0554462088  -0.0340647203   0.0042766848  -0.0025122827
20  2  -0.0057486324   0.0012188559  -0.0000091847   0.0011108538   0.0003291372
20  3   0.0005020637  -0.0005143159   0.0000482654  -0.0000777749   0.0000816877
20  4   0.0166748101  -0.0041734886  -0.0184891514  -0.0329161521   0.0554500371
20  5   0.0372330930  -0.0178248260   0.0057068754   0.0202250104  -0.0001536780
20  6  -0.0001299423  -0.0003648774  -0.0003709638   0.0002782591   0.0003399061
20  7  -0.0002197523   0.0002457736   0.0004523370   0.0002384636   0.0001900837
20  8  -0.0003251169   0.0001498603  -0.0000539281   0.0000473817  -0.0000862451
20  9  -0.0000038628  -0.0000098007   0.0000261811   0.0000335802   0.0000263455
21  1   0.1254652676  -0.0344235872  -0.1944779002  -0.0096897791   0.0025821601
21  2   0.0110386350  -0.0019122726   0.0004459263  -0.0007337309  -0.0006512739
21  3   0.0001716313   0.0006454715   0.0000953799  -0.0000133422   0.0000804080
21  4   0.0105393789  -0.0021112655  -0.0131933417  -0.1356456387   0.0372330930
21  5   0.2090600105   0.0108277208  -0.0037711085  -0.0138809668   0.0007037685
21  6  -0.0002824171   0.0006585445   0.0007553802  -0.0000447388   0.0006700051
21  7  -0.0001103522   0.0002943537   0.0000854809  -0.0002504930  -0.0001712315
21  8   0.0001047125  -0.0002393449   0.0000875890  -0.0000841280   0.0000909242
21  9  -0.0000098727   0.0000279582   0.0000213342   0.0000128102  -0.0000011586
22  1  -0.0475352536  -0.0110816589   0.0076882233   0.0006627168   0.0268607281
22  2  -0.0182417409   0.0019220020   0.0006435514  -0.0010933895  -0.0000553580
22  3  -0.0001681732  -0.0000278926   0.0000316602   0.0000100696  -0.0000329236
22  4  -0.0013546571  -0.0085975497   0.0071648467  -0.0010878550  -0.0178248260
22  5   0.0108277208   0.0520054022   0.0098537163  -0.0055054034  -0.0056960583
22  6   0.0015855806  -0.0021618692   0.0014040347  -0.0004761470   0.0004334031
22  7  -0.0000640425  -0.0000418610   0.0001219260  -0.0003444594  -0.0004352686
22  8   0.0005669703  -0.0000004361  -0.0000927662   0.0000758890   0.0001141451
22  9  -0.0002111077   0.0001480961  -0.0000018409  -0.0000242879   0.0000361439
23  1  -0.0101327213  -0.2190861398   0.1197953986   0.0003522983  -0.0059297505
23  2   0.0039554507  -0.0007751792   0.0000302495   0.0002364399   0.0001496999
23  3   0.0002949454  -0.0003235077  -0.0000018007  -0.0000046691   0.0000360852
23  4  -0.0012664369  -0.0197675371   0.0143405987  -0.0005069594   0.0057068754
23  5  -0.0037711085   0.0098537163   0.2364733355  -0.1339160347   0.0014400283
23  6   0.0013354282   0.0003221268   0.0003230642   0.0008134211  -0.0001576842
23  7  -0.0000023908  -0.0001034746   0.0000570430   0.0006782525   0.0001530088
23  8  -0.0004787540   0.0000940703  -0.0000075012  -0.0000025691  -0.0002258770
23  9   0.0000882554  -0.0000467522   0.0000202357   0.0000035532  -0.0000467325
24  1   0.0071091084   0.1195527534  -0.1319512960   0.0000380453   0.0103603414
24  2  -0.0080876122   0.0006631651  -0.0007490975   0.0004981474   0.0000325069
24  3  -0.0001891434   0.0001072061  -0.0000295053   0.0000479009  -0.0000155125
24  4  -0.0003876249  -0.0150924292   0.0116277153   0.0007036256   0.0202250104
24  5  -0.0138809668  -0.0055054034  -0.1339160347   0.1411880010  -0.0026183737
24  6   0.0000584572   0.0000700532   0.0002893747  -0.0001569216  -0.0001364463
24  7  -0.0000746513  -0.0000328082   0.0000493909  -0.0003045653   0.0000305621
24  8   0.0005919105  -0.0000722070  -0.0000181167  -0.0000009157   0.0001678936
24  9  -0.0000764708  -0.0000592527  -0.0000113887  -0.0000440035  -0.0000004222
25  1   0.0002618984   0.0267330095  -0.0191080714  -0.0484246711  -0.0139975804
25  2   0.0094959670  -0.0038613508  -0.0184207689   0.0141129001   0.0012458851
25  3  -0.0016199720   0.0006202297   0.0003053858   0.0000781189  -0.0001356586
25  4   0.0013491344  -0.0006259709   0.0003500174   0.0012002526  -0.0001536780
25  5   0.0007037685  -0.0056960583   0.0014400283  -0.0026183737   0.0566666088
25  6   0.0123065730  -0.0119642682  -0.0010015099  -0.0084420899   0.0063308268
25  7   0.0006908066   0.0004053002  -0.0007018071  -0.0026379368   0.0012974582
25  8   0.0035098161   0.0003015303   0.0002330529  -0.0001733745  -0.0003314539
25  9   0.0006877556  -0.0003555258  -0.0000685213   0.0000787634  -0.0000664462
26  1   0.0002633750  -0.0056723838   0.0037034466  -0.0138688670  -0.2131948646
26  2   0.1167635842   0.0006049689   0.0048293892  -0.0037244604  -0.0000760883
26  3   0.0006211763  -0.0001823941   0.0001028008  -0.0001708104  -0.0002178353
26  4   0.0002756381   0.0009182723   0.0000190199   0.0003666229  -0.0001299423
26  5  -0.0002824171   0.0015855806   0.0013354282   0.0000584572   0.0123065730
26  6   0.2294235030  -0.1297288741  -0.0016555444  -0.0206164738   0.0143156232
26  7  -0.0003402989   0.0008515307   0.0004678740   0.0012790085   0.0013231552
26  8  -0.0011858714  -0.0001899485   0.0001934161  -0.0001514323  -0.0005728991
26  9   0.0001518727   0.0001197972  -0.0000809216   0.0001367312   0.0000254825
27  1  -0.0003237452   0.0095239974  -0.0069620381   0.0093078872   0.1156239529
27  2  -0.1329040092   0.0037586634   0.0211149885  -0.0169566254  -0.0012247330
27  3   0.0005536346   0.0006838984   0.0001326641  -0.0002487605  -0.0000434687
27  4   0.0004510150  -0.0001206081  -0.0001325831  -0.0000704644  -0.0003648774
27  5   0.0006585445  -0.0021618692   0.0003221268   0.0000700532  -0.0119642682
27  6  -0.1297288741   0.1458515657  -0.0008212449  -0.0144616161   0.0115186620
27  7  -0.0008016290  -0.0000114370   0.0005157197   0.0033419356  -0.0013435077
27  8  -0.0030975959  -0.0002418820  -0.0003114079   0.0001639018   0.0006069373
27  9  -0.0006172026   0.0005883642   0.0000107333   0.0000695913   0.0000456110
28  1  -0.0127698138  -0.0235923660  -0.0182037735  -0.0730400008  -0.0623931055
28  2  -0.0452416578   0.0069270468   0.0184628167   0.0135914788   0.0014903251
28  3   0.0005001404   0.0000465203  -0.0022147890  -0.0003927988  -0.0004050213
28  4  -0.0053640040   0.0020647450  -0.0023477621   0.0008423021  -0.0003709638
28  5   0.0007553802   0.0014040347   0.0003230642   0.0002893747  -0.0010015099
28  6  -0.0016555444  -0.0008212449   0.0856970889   0.0665074621   0.0495837611
28  7  -0.0028942407   0.0012212361   0.0037219961   0.0008073787  -0.0003731523
28  8  -0.0008816275   0.0001768582  -0.0003543492  -0.0001672567  -0.0001373462
28  9   0.0000793805  -0.0000042648   0.0000766697  -0.0000265648   0.0000840975
29  1   0.0030548654   0.0068058235   0.0052997372  -0.0621803663  -0.1961320487
29  2  -0.1071930665  -0.0006928750  -0.0043829423  -0.0031859119  -0.0003992688
29  3  -0.0004450606  -0.0008736002  -0.0000180255   0.0001816460  -0.0005243047
29  4   0.0020125360   0.0011170258   0.0012151245  -0.0008184438   0.0002782591
29  5  -0.0000447388  -0.0004761470   0.0008134211  -0.0001569216  -0.0084420899
29  6  -0.0206164738  -0.0144616161   0.0665074621   0.2097952625   0.1194952365
29  7   0.0010602271   0.0014594909  -0.0004678773   0.0004270645   0.0008023258
29  8  -0.0000212438   0.0001742027   0.0001009082   0.0000940002   0.0000480539
29  9   0.0000813324  -0.0000403295  -0.0002571954   0.0001410302   0.0008655121
30  1  -0.0049557863  -0.0084442384  -0.0068621346  -0.0448706544  -0.1064479550
30  2  -0.1288347287  -0.0068160551  -0.0199292262  -0.0155511597  -0.0009612004
30  3  -0.0000371077   0.0001020229   0.0003544746   0.0000927808   0.0001352991
30  4  -0.0020203266   0.0006647523   0.0000817931   0.0001545285   0.0003399061
30  5   0.0006700051   0.0004334031  -0.0001576842  -0.0001364463   0.0063308268
30  6   0.0143156232   0.0115186620   0.0495837611   0.1194952365   0.1407636407
30  7   0.0035665959  -0.0008355961  -0.0030624040  -0.0007179097   0.0003958271
30  8   0.0006232045   0.0000164913   0.0002068909   0.0000716947   0.0000906329
30  9   0.0000150830   0.0000979024  -0.0001887817   0.0003257075   0.0003826488
31  1   0.0017258460   0.0007754306   0.0006628779   0.0061068084   0.0175700865
31  2   0.0135977413  -0.0755191338  -0.0648899095  -0.0505164024  -0.0139542185
31  3  -0.0220382172  -0.0172937993  -0.0044548530   0.0025160148  -0.0006450231
31  4  -0.0001664933  -0.0005040952  -0.0003043919   0.0002175349  -0.0002197523
31  5  -0.0001103522  -0.0000640425  -0.0000023908  -0.0000746513   0.0006908066
31  6  -0.0003402989  -0.0008016290  -0.0028942407   0.0010602271   0.0035665959
31  7   0.0885085681   0.0693732063   0.0537102284  -0.0012092069  -0.0019784464
31  8  -0.0010270762   0.0007825423  -0.0004454214   0.0006968768   0.0010456032
31  9   0.0003667741   0.0000349889  -0.0008155208  -0.0012432078  -0.0014959837
32  1  -0.0005579805   0.0001474473   0.0001194191  -0.0013357284  -0.0051147654
32  2  -0.0041874227  -0.0649648536  -0.1872230888  -0.1047356962   0.0031100592
32  3   0.0057881996   0.0052176458   0.0020047030   0.0010009560   0.0015417539
32  4   0.0007419853   0.0001637264   0.0001614116   0.0001791090   0.0002457736
32  5   0.0002943537  -0.0000418610  -0.0001034746  -0.0000328082   0.0004053002
32  6   0.0008515307  -0.0000114370   0.0012212361   0.0014594909  -0.0008355961
32  7   0.0693732063   0.2009119856   0.1176101370  -0.0091586989  -0.0197648125
32  8  -0.0149571577  -0.0006950160   0.0006281414   0.0001511674  -0.0006005073
32  9   0.0004821868  -0.0002012509   0.0003190465   0.0005267030  -0.0001345197
33  1  -0.0013909386   0.0005223292   0.0009402594  -0.0069573899  -0.0207056162
33  2  -0.0169315333  -0.0496904161  -0.1045165828  -0.1273073002  -0.0058841655
33  3  -0.0082008055  -0.0074931160  -0.0007093919   0.0015979817   0.0004613829
33  4   0.0008114630   0.0001672578   0.0006203334  -0.0001055131   0.0004523370
33  5   0.0000854809   0.0001219260   0.0000570430   0.0000493909  -0.0007018071
33  6   0.0004678740   0.0005157197   0.0037219961  -0.0004678773  -0.0030624040
33  7   0.0537102284   0.1176101370   0.1400987457   0.0067282899   0.0131932760
33  8   0.0114046539   0.0001494918   0.0002456590   0.0007633235   0.0004337415
33  9   0.0001524338  -0.0000730645  -0.0002375144  -0.0005754466  -0.0000718723
34  1   0.0012385614  -0.0013138876   0.0004727714  -0.0034669848  -0.0180800001
34  2   0.0130869053  -0.0504623480  -0.0198098642   0.0140125239   0.0007902768
34  3   0.0270257211  -0.0196755809   0.0011139571   0.0002585975   0.0003170691
34  4  -0.0000605051  -0.0000076329  -0.0000164216   0.0002389538   0.0002384636
34  5  -0.0002504930  -0.0003444594   0.0006782525  -0.0003045653  -0.0026379368
34  6   0.0012790085   0.0033419356   0.0008073787   0.0004270645  -0.0007179097
34  7  -0.0012092069  -0.0091586989   0.0067282899   0.0582917103   0.0172720069
34  8  -0.0156045293   0.0010436136  -0.0003912969   0.0004293832  -0.0055394123
34  9   0.0016098783  -0.0022435155   0.0001964016  -0.0000276123   0.0004241369
35  1  -0.0002413953   0.0004827029  -0.0003772376   0.0007658065   0.0054300631
35  2  -0.0036768687  -0.0179230890  -0.2141517045   0.1172658354  -0.0003020667
35  3  -0.0084372516   0.0047955694   0.0000291113   0.0013513415  -0.0000402209
35  4   0.0000171045  -0.0001022374   0.0000790371  -0.0001874028   0.0001900837
35  5  -0.0001712315  -0.0004352686   0.0001530088   0.0000305621   0.0012974582
35  6   0.0013231552  -0.0013435077  -0.0003731523   0.0008023258   0.0003958271
35  7  -0.0019784464  -0.0197648125   0.0131932760   0.0172720069   0.2317752033
35  8  -0.1296058902   0.0002155789  -0.0001117550  -0.0002559694   0.0018762205
35  9   0.0009792118  -0.0000823125  -0.0000324657   0.0000806651  -0.0002068684
36  1  -0.0012793477   0.0002425375   0.0006116325   0.0039222941   0.0209664875
36  2  -0.0163721231   0.0130636751   0.1156373637  -0.1315809340  -0.0006441017
36  3   0.0093782175  -0.0074454881   0.0005913316   0.0005836449  -0.0003009003
36  4   0.0000716462  -0.0000951488   0.0000559933  -0.0002239696  -0.0003251169
36  5   0.0001047125   0.0005669703  -0.0004787540   0.0005919105   0.0035098161
36  6  -0.0011858714  -0.0030975959  -0.0008816275  -0.0000212438   0.0006232045
36  7  -0.0010270762  -0.0149571577   0.0114046539  -0.0156045293  -0.1296058902
36  8   0.1442013882  -0.0002212297  -0.0005455686   0.0004713723  -0.0018828053
36  9   0.0007369947   0.0003261177   0.0000389537  -0.0003304945   0.0004060560
37  1  -0.0006292290   0.0003481231   0.0017955618  -0.0041586049   0.0014445227
37  2  -0.0050477754  -0.0184590384   0.0057411726   0.0242314305  -0.1397259102
37  3   0.0354550410   0.1259379655   0.0038414666  -0.0093418851  -0.0140735737
37  4  -0.0000104452  -0.0001018159  -0.0000444027  -0.0006887708   0.0001498603
37  5  -0.0002393449  -0.0000004361   0.0000940703  -0.0000722070   0.0003015303
37  6  -0.0001899485  -0.0002418820   0.0001768582   0.0001742027   0.0000164913
37  7   0.0007825423  -0.0006950160   0.0001494918   0.0010436136   0.0002155789
37  8  -0.0002212297   0.1569164143  -0.0340736949  -0.1337593304  -0.0002375052
37  9   0.0005232550   0.0011630820   0.0008475145   0.0002565340   0.0004057231
38  1   0.0002790002   0.0002874611  -0.0005401792   0.0012054329   0.0001657667
38  2   0.0016298267   0.0056337326  -0.0021514925  -0.0073470493   0.0374323447
38  3  -0.0559175215  -0.0400267748   0.0052979427  -0.0120973931  -0.0190646314
38  4   0.0000365242   0.0000036106   0.0000113630   0.0001628785  -0.0000539281
38  5   0.0000875890  -0.0000927662  -0.0000075012  -0.0000181167   0.0002330529
38  6   0.0001934161  -0.0003114079  -0.0003543492   0.0001009082   0.0002068909
38  7  -0.0004454214   0.0006281414   0.0002456590  -0.0003912969  -0.0001117550
38  8  -0.0005455686  -0.0340736949   0.0605287819   0.0443507018  -0.0152949099
38  9   0.0072310223   0.0199549845   0.0003715299   0.0012004830   0.0013667129
39  1  -0.0005078021   0.0000142818   0.0004948331  -0.0015908774   0.0009100090
39  2  -0.0006564636  -0.0087421399   0.0030599527   0.0105506153   0.1310911229
39  3  -0.0367492035  -0.2127821608   0.0010104625  -0.0086398292  -0.0095724136
39  4   0.0000224046  -0.0000143886  -0.0000072331  -0.0002233191   0.0000473817
39  5  -0.0000841280   0.0000758890  -0.0000025691  -0.0000009157  -0.0001733745
39  6  -0.0001514323   0.0001639018  -0.0001672567   0.0000940002   0.0000716947
39  7   0.0006968768   0.0001511674   0.0007633235   0.0004293832  -0.0002559694
39  8   0.0004713723  -0.1337593304   0.0443507018   0.2237246092   0.0119541841
39  9  -0.0033079825  -0.0136958610  -0.0001162229   0.0004938801   0.0005588259
40  1  -0.0001189639  -0.0001860184  -0.0000242490   0.0021005390   0.0005387224
40  2  -0.0011625712   0.0014402304   0.0259109206  -0.0188542480  -0.0493264739
40  3  -0.0125399169   0.0176958673  -0.0027963233  -0.0130086917   0.0000710125
40  4   0.0000337894   0.0000068838  -0.0000072711  -0.0000027871  -0.0000862451
40  5   0.0000909242   0.0001141451  -0.0002258770   0.0001678936  -0.0003314539
40  6  -0.0005728991   0.0006069373  -0.0001373462   0.0000480539   0.0000906329
40  7   0.0010456032  -0.0006005073   0.0004337415  -0.0055394123   0.0018762205
40  8  -0.0018828053  -0.0002375052  -0.0152949099   0.0119541841   0.0538086951
40  9   0.0140952977  -0.0096168534  -0.0000527364   0.0000389664   0.0004368047
41  1   0.0001122430   0.0003998250  -0.0001430553  -0.0010178099  -0.0001064732
41  2  -0.0000349907   0.0001196320  -0.0066589962   0.0058933994  -0.0105434840
41  3  -0.2132856715   0.1337619671  -0.0060016767  -0.0183683992   0.0014251315
41  4  -0.0000045279  -0.0000234098   0.0000248428   0.0000205113  -0.0000038628
41  5  -0.0000098727  -0.0002111077   0.0000882554  -0.0000764708   0.0006877556
41  6   0.0001518727  -0.0006172026   0.0000793805   0.0000813324   0.0000150830
41  7   0.0003667741   0.0004821868   0.0001524338   0.0016098783   0.0009792118
41  8   0.0007369947   0.0005232550   0.0072310223  -0.0033079825   0.0140952977
41  9   0.2284062136  -0.1377102785   0.0001638787   0.0006268928  -0.0001099995
42  1   0.0000046241  -0.0001257012   0.0001308840   0.0004427489  -0.0011281299
42  2   0.0004931813   0.0002476375   0.0092012012  -0.0066921603   0.0145599255
42  3   0.1283086538  -0.1425800762  -0.0049242654  -0.0190378662   0.0051977600
42  4  -0.0000134169   0.0000007509  -0.0000422781  -0.0000704956  -0.0000098007
42  5   0.0000279582   0.0001480961  -0.0000467522  -0.0000592527  -0.0003555258
42  6   0.0001197972   0.0005883642  -0.0000042648  -0.0000403295   0.0000979024
42  7   0.0000349889  -0.0002012509  -0.0000730645  -0.0022435155  -0.0000823125
42  8   0.0003261177   0.0011630820   0.0199549845  -0.0136958610  -0.0096168534
42  9  -0.1377102785   0.1561182732   0.0006272343   0.0007970339   0.0001622517
43  1  -0.0000607272  -0.0002605458  -0.0001103454   0.0004170632   0.0002149875
43  2  -0.0001540988  -0.0001041577  -0.0034113498  -0.0010210963  -0.0093572920
43  3   0.0058468811  -0.0004818324  -0.2086588090   0.0880657290  -0.0184188053
43  4  -0.0000734905   0.0000543196  -0.0000097636  -0.0000189793   0.0000261811
43  5   0.0000213342  -0.0000018409   0.0000202357  -0.0000113887  -0.0000685213
43  6  -0.0000809216   0.0000107333   0.0000766697  -0.0002571954  -0.0001887817
43  7  -0.0008155208   0.0003190465  -0.0002375144   0.0001964016  -0.0000324657
43  8   0.0000389537   0.0008475145   0.0003715299  -0.0001162229  -0.0000527364
43  9   0.0001638787   0.0006272343   0.2176744260  -0.0910403106   0.0200515939
44  1  -0.0001081624   0.0001040657   0.0001765658   0.0000331756  -0.0002882396
44  2  -0.0007636066  -0.0008222216  -0.0046186574  -0.0016348542  -0.0179619944
44  3   0.0079701783  -0.0023116589   0.1108310038  -0.0690422693  -0.0005076221
44  4   0.0000745634   0.0000476036   0.0000413570  -0.0000586449   0.0000335802
44  5   0.0000128102  -0.0000242879   0.0000035532  -0.0000440035   0.0000787634
44  6   0.0001367312   0.0000695913  -0.0000265648   0.0001410302   0.0003257075
44  7  -0.0012432078   0.0005267030  -0.0005754466  -0.0000276123   0.0000806651
44  8  -0.0003304945   0.0002565340   0.0012004830   0.0004938801   0.0000389664
44  9   0.0006268928   0.0007970339  -0.0910403106   0.0630776800   0.0042507404
45  1  -0.0001319993   0.0004579548   0.0003022405   0.0007728477  -0.0011436756
45  2  -0.0007838561  -0.0005643582  -0.0040589896  -0.0025535474  -0.0136691606
45  3   0.0066749013  -0.0015341577  -0.0064450620  -0.0079667463  -0.0063297291
45  4   0.0002304009  -0.0000001178   0.0001183153  -0.0000687384   0.0000263455
45  5  -0.0000011586   0.0000361439  -0.0000467325  -0.0000004222  -0.0000664462
45  6   0.0000254825   0.0000456110   0.0000840975   0.0008655121   0.0003826488
45  7  -0.0014959837  -0.0001345197  -0.0000718723   0.0004241369  -0.0002068684
45  8   0.0004060560   0.0004057231   0.0013667129   0.0005588259   0.0004368047
45  9  -0.0001099995   0.0001622517   0.0200515939   0.0042507404   0.0092987942
$end
