$coord
-3.08404997193955 4.97211218764522 -0.76797294370798 o
-3.05828532766161 2.37108810731293 -0.00721306196083 c
-5.59848314326164 1.11560993324309 -0.54876954652979 c
-5.72105203097176 -1.42351401076035 0.34860223937992 o
-4.59756999722252 -3.30438647084139 -1.24184186621191 c
-2.3740701394713 -4.59206044896132 0.00724510718145 c
-0.3438806731527 -2.85426561302736 0.21245770146292 o
1.84884349671996 -3.8759124316084996 1.37189226109942 c
3.74533050502685 -1.78215009924278 1.73436168925309 c
4.65706849762136 -0.97150308341687 -0.67536150371541 o
5.79071347860159 1.47115164677255 -0.65527822134581 c
3.79038152423004 3.52928487011806 -0.90021907667864 c
5.36039912289603 6.65662286105277 -0.83915587364972 s
-2.98140924542332 5.04489759617164 -2.58761266547229 h
-2.69957134005758 2.3576562578127 2.02229071650683 h
-1.52911421337932 1.34169162398105 -0.92405150365358 h
-7.09327118855292 2.1477875455496 0.4289034942303 h
-6.00064886363401 1.18075670848206 -2.58177240839017 h
-6.0341602314382 -4.7351085142473 -1.64471711470649 h
-4.00422225137347 -2.46651040541172 -3.03567660430987 h
-2.92073176750313 -5.28726639892512 1.88452302959957 h
-1.82236918727486 -6.22789282610965 -1.14724252367162 h
2.65338102980675 -5.38696146713853 0.1989999643995 h
1.38335619512693 -4.67949919122538 3.2269692327219 h
5.32311648617427 -2.46933711242419 2.88844617712003 h
2.83910924510859 -0.21859184681071 2.73816328845955 h
7.07169782184644 1.53330538547171 -2.26951839228075 h
6.91163243847385 1.73641299616476 1.06565430184101 h
2.44766837980667 3.44493689271245 0.65272487210834 h
2.78562318761439 3.32153234415009 -2.68182065476295 h
3.25456816326418 8.05011296351044 -1.20396964909307 h
$user-defined bonds 
 
$end
