$hessian (projected)
 1  1   0.5038309081   0.0128103186  -0.0687135320  -0.1424977147   0.0473151864
 1  2  -0.0413129200  -0.0334504684   0.0186174908  -0.0099259326  -0.0018570773
 1  3   0.0018191659   0.0017739108   0.0019573651   0.0000843005  -0.0000900499
 1  4  -0.0011172646  -0.0000768165   0.0002055916  -0.0000976058   0.0000475598
 1  5   0.0001396111   0.0001822186   0.0000424769  -0.0002091351  -0.0920064662
 1  6  -0.0492834290   0.0768029818  -0.1301423979  -0.1068895209  -0.0398306363
 1  7  -0.1124778949   0.0810467224   0.0870545785   0.0047266591  -0.0047734531
 1  8  -0.0014606954   0.0026588722  -0.0010141400  -0.0037799892   0.0002303621
 1  9   0.0000220565  -0.0006676451  -0.0000703183   0.0001340738  -0.0000960165
 1 10   0.0001245500   0.0000936169   0.0000138007  -0.0000063283  -0.0000118579
 1 11   0.0001771892   0.0000789766  -0.0000251891  -0.0000166070  -0.0000494863
 1 12   0.0000236541  -0.0000100965  -0.0000168892   0.0000177837  -0.0000544080
 2  1   0.0128103186   0.5599542626   0.0479646974   0.0357628365  -0.0868281232
 2  2   0.0073072751   0.0281096870  -0.0208919270   0.0137392201   0.0023514248
 2  3  -0.0038258941  -0.0020010243  -0.0015866847   0.0006195783   0.0000898294
 2  4   0.0005496999   0.0002884374  -0.0008483311   0.0001114811   0.0000725892
 2  5   0.0003030971  -0.0001827174   0.0000453295  -0.0000503491  -0.0503092785
 2  6  -0.1115646762   0.0908691815  -0.1046778234  -0.1921062514  -0.0550640927
 2  7   0.0776527344  -0.1504625404  -0.1058371341   0.0017093021   0.0018883488
 2  8   0.0019433101  -0.0030440594   0.0028535997   0.0010246815   0.0006461552
 2  9  -0.0001046596   0.0006315110   0.0002076503  -0.0000569714  -0.0000232015
 2 10  -0.0001184552  -0.0000398649  -0.0000345522   0.0000192422   0.0001502649
 2 11   0.0000321506  -0.0000373392   0.0000585309  -0.0000297045   0.0000447003
 2 12  -0.0000451790   0.0000071224  -0.0000188747  -0.0000048542  -0.0000236866
 3  1  -0.0687135320   0.0479646974   0.5396228192  -0.0732375830   0.0329396256
 3  2  -0.1319727870   0.0132972275  -0.0051514767   0.0104083212   0.0012190079
 3  3  -0.0036554481  -0.0038209919   0.0014938414   0.0012684517  -0.0001777270
 3  4  -0.0009607813  -0.0003850104   0.0008047218  -0.0000549432  -0.0000081152
 3  5   0.0001315460   0.0001713848  -0.0000497387   0.0001586159   0.0801092849
 3  6   0.0901354758  -0.1917016650  -0.0390930488  -0.0572954782  -0.0724416444
 3  7   0.0778940289  -0.0987094306  -0.1518293494   0.0026469604  -0.0026599904
 3  8  -0.0005553245   0.0040711590  -0.0038050575   0.0000623057   0.0012997848
 3  9  -0.0006945712   0.0009702210  -0.0002791228   0.0000606503   0.0003719008
 3 10   0.0001899231   0.0001027603   0.0000311222  -0.0000752075  -0.0001562888
 3 11  -0.0000417901   0.0000306664   0.0000242585  -0.0000246526  -0.0000562092
 3 12   0.0000855018   0.0000199243   0.0000471586  -0.0000108158  -0.0000155663
 4  1  -0.1424977147   0.0357628365  -0.0732375830   0.3271964228  -0.1654275970
 4  2   0.0442713690  -0.1064898960   0.0502974356   0.0463470698  -0.0243194391
 4  3   0.0281044214   0.0168730441  -0.0008803092  -0.0002434776   0.0008043853
 4  4   0.0016513851   0.0002879295  -0.0000786473   0.0001863816   0.0002316352
 4  5  -0.0001034010  -0.0002212180   0.0000679425   0.0002069851   0.0041354597
 4  6   0.0069221807  -0.0078199202  -0.0284582543   0.0118877923  -0.0234747221
 4  7  -0.0213704676   0.0114658406  -0.0149938419   0.0088756024   0.0035616790
 4  8  -0.0032736112  -0.0146800374   0.0172182527   0.0175797366  -0.0046295401
 4  9   0.0017528823  -0.0033739083   0.0017116210  -0.0015964618   0.0007442793
 4 10  -0.0003145094  -0.0001924638  -0.0001532856   0.0001353417   0.0001907973
 4 11  -0.0004174310  -0.0001966705   0.0000213508   0.0000114982   0.0001961235
 4 12  -0.0002744680  -0.0000123950  -0.0000302814  -0.0000385082   0.0001003794
 5  1   0.0473151864  -0.0868281232   0.0329396256  -0.1654275970   0.2438015311
 5  2   0.0394479416   0.0394802924  -0.1204619397  -0.0606128007   0.0146860342
 5  3  -0.0175324118  -0.0094573240   0.0005302300   0.0035850482   0.0003923906
 5  4  -0.0004844485  -0.0004267347   0.0007665108  -0.0000394248  -0.0004270997
 5  5  -0.0001487803   0.0001824372   0.0004208980   0.0001128208   0.0210302557
 5  6  -0.0078275156   0.0165365111  -0.0075946076   0.0144068466  -0.0091873363
 5  7   0.0214765887  -0.0105459796   0.0167208187   0.0235258800  -0.0273721517
 5  8  -0.0246417333   0.0040376506   0.0076124263  -0.0035644782   0.0025538708
 5  9   0.0005478323   0.0016610745  -0.0015556697   0.0008334193  -0.0012064373
 5 10   0.0004425850   0.0002044251   0.0000762795  -0.0000650545  -0.0002836148
 5 11   0.0001261630   0.0000530256   0.0000073595   0.0000003841  -0.0001626779
 5 12   0.0002366507   0.0000079542   0.0000154435   0.0000491337   0.0000304155
 6  1  -0.0413129200   0.0073072751  -0.1319727870   0.0442713690   0.0394479416
 6  2   0.2982625635   0.0141895150  -0.0355700968  -0.1308224946  -0.0099140340
 6  3   0.0137473592   0.0144842913  -0.0004412868   0.0001523277   0.0020361192
 6  4   0.0008710395   0.0004167540  -0.0022283830  -0.0000626821   0.0002970081
 6  5   0.0004693164  -0.0001648776  -0.0001461536  -0.0001131031  -0.0276815164
 6  6   0.0146403366  -0.0218217946  -0.0189344106   0.0044908487  -0.0111230875
 6  7   0.0125000740  -0.0047615636   0.0135528435   0.0086341543  -0.0172661356
 6  8  -0.0094042935   0.0220906383  -0.0243826115  -0.0217295206  -0.0049812565
 6  9   0.0024336717  -0.0025921794   0.0008484097  -0.0005528737   0.0021597370
 6 10  -0.0000125621  -0.0000597322   0.0001743607  -0.0000716431   0.0000322389
 6 11   0.0006707808   0.0001223097  -0.0000944718   0.0000578833   0.0000645845
 6 12  -0.0001112470  -0.0001003450  -0.0000149048  -0.0000208757   0.0000400926
 7  1  -0.0334504684   0.0281096870   0.0132972275  -0.1064898960   0.0394802924
 7  2   0.0141895150   0.5049903148   0.0570214450   0.0159554515  -0.1302248974
 7  3   0.0266445334  -0.0506998636  -0.0274275350  -0.0077175861  -0.0171379515
 7  4  -0.0010039713   0.0011776424  -0.0035105038  -0.0001155778  -0.0003017259
 7  5   0.0001207631  -0.0000742735   0.0000462995   0.0000020864   0.0041396894
 7  6  -0.0033266257   0.0023271517   0.0029152907   0.0015112834   0.0027796593
 7  7  -0.0024090942   0.0010795077  -0.0024188351  -0.1315022144  -0.1067116369
 7  8  -0.0369203132  -0.0794361772  -0.0420086145   0.0635211438  -0.0090320301
 7  9   0.0072480677  -0.0093290430   0.0091592324  -0.0021589048   0.0070855927
 7 10   0.0004536406   0.0001809934   0.0000710000  -0.0005450634  -0.0004335169
 7 11   0.0006141549   0.0001686574  -0.0001178053   0.0001042454  -0.0001643819
 7 12   0.0002583274   0.0000025696   0.0000487554   0.0000183369  -0.0000540507
 8  1   0.0186174908  -0.0208919270  -0.0051514767   0.0502974356  -0.1204619397
 8  2  -0.0355700968   0.0570214450   0.5317933839  -0.0383249941   0.0343099770
 8  3  -0.0895435526   0.0381901094  -0.0321119089  -0.0003855477  -0.0199787084
 8  4   0.0013678942   0.0014260796  -0.0060807124   0.0001151398  -0.0005651691
 8  5   0.0007072078  -0.0005601425  -0.0004663351   0.0002849373  -0.0008943766
 8  6   0.0016171323  -0.0035958357  -0.0056201026   0.0038685319  -0.0016665079
 8  7   0.0002192796   0.0004677229   0.0011808549  -0.1067834791  -0.1877188457
 8  8  -0.0447606575  -0.0419526728  -0.1079079074   0.0926595369   0.0159843758
 8  9  -0.0084362807   0.0140017572   0.0099477195  -0.0032806732   0.0070984055
 8 10  -0.0005266131  -0.0001171123  -0.0000290081   0.0003164536   0.0006142084
 8 11   0.0009380062   0.0001015509  -0.0000896374   0.0000339389   0.0001296277
 8 12   0.0000807697   0.0001271653   0.0000209060  -0.0000029009  -0.0000639215
 9  1  -0.0099259326   0.0137392201   0.0104083212   0.0463470698  -0.0606128007
 9  2  -0.1308224946   0.0159554515  -0.0383249941   0.5365021737  -0.0426141026
 9  3   0.0274476163  -0.1295889542  -0.0136573866  -0.0071397416  -0.0061657022
 9  4  -0.0000206362  -0.0003054697   0.0034515969   0.0001014058  -0.0008299446
 9  5  -0.0015003336  -0.0000737327   0.0003855909  -0.0000834799  -0.0046807620
 9  6   0.0030949598  -0.0002474813  -0.0029551217   0.0017629670  -0.0008629203
 9  7  -0.0046320430   0.0030140398  -0.0017398048  -0.0393793190  -0.0451575361
 9  8  -0.0672104151   0.0636835141   0.0963472885  -0.2012187495   0.0155703273
 9  9  -0.0073180159   0.0099161219  -0.0240539104   0.0132511016  -0.0202089964
 9 10   0.0001928992   0.0000862202  -0.0000216703   0.0005129190  -0.0003102151
 9 11  -0.0007380629  -0.0002137836   0.0003643286  -0.0000258195  -0.0002214073
 9 12   0.0004522656   0.0001716212   0.0000645511   0.0000531195  -0.0000149502
10  1  -0.0018570773   0.0023514248   0.0012190079  -0.0243194391   0.0146860342
10  2  -0.0099140340  -0.1302248974   0.0343099770  -0.0426141026   0.4914595308
10  3  -0.0442117449  -0.0865775079  -0.1119599190  -0.0496850369   0.0016859576
10  4  -0.0287936915  -0.0231489440   0.0017483304  -0.0016783595  -0.0003455540
10  5  -0.0001915558   0.0017881246  -0.0003571718  -0.0007732884  -0.0000940193
10  6   0.0003506712   0.0000902729   0.0000351734  -0.0001248269   0.0002011551
10  7  -0.0000287330   0.0001231706  -0.0008218367  -0.0113887403   0.0046376499
10  8  -0.0109511997   0.0108467732  -0.0063434834   0.0063898081  -0.1137282952
10  9   0.0914121925   0.0565045006  -0.0815401972  -0.0255814911   0.0872532107
10 10  -0.0003182866   0.0016331723   0.0003759071   0.0027316976   0.0007337595
10 11  -0.0034754138  -0.0001728419  -0.0001434163  -0.0000528384  -0.0007132875
10 12  -0.0003217261   0.0000314491  -0.0000435148   0.0000253436  -0.0001278222
11  1   0.0018191659  -0.0038258941  -0.0036554481   0.0281044214  -0.0175324118
11  2   0.0137473592   0.0266445334  -0.0895435526   0.0274476163  -0.0442117449
11  3   0.5046397292  -0.0090018433  -0.0607268811  -0.1267015906  -0.0243909986
11  4  -0.0152378467  -0.0170367853   0.0126653680   0.0019785219   0.0038973450
11  5  -0.0026785038   0.0032020610  -0.0010645085  -0.0016424258   0.0000402402
11  6   0.0000680232   0.0000166624   0.0001978435   0.0002925797   0.0000720556
11  7   0.0014898674  -0.0003197519   0.0008106481  -0.0204304794   0.0076487953
11  8  -0.0154266140   0.0125735404  -0.0057363870   0.0109884324   0.0937061664
11  9  -0.1808281710  -0.0817063297  -0.0291302440  -0.0745310022   0.0762601715
11 10  -0.0008413425   0.0012054000   0.0011072419   0.0008067452   0.0007173881
11 11  -0.0043399716  -0.0003955374  -0.0003428264   0.0001058570   0.0007157850
11 12  -0.0008325175  -0.0004257081  -0.0003048154  -0.0001738614   0.0000464307
12  1   0.0017739108  -0.0020010243  -0.0038209919   0.0168730441  -0.0094573240
12  2   0.0144842913  -0.0506998636   0.0381901094  -0.1295889542  -0.0865775079
12  3  -0.0090018433   0.5861030600  -0.0227441906  -0.0455868703  -0.0971665378
12  4   0.0161030975   0.0234800323   0.0078505093  -0.0001926621   0.0016954692
12  5  -0.0009516407   0.0011634024  -0.0001086078  -0.0001638575  -0.0003327372
12  6  -0.0003099923   0.0006040648   0.0000016292   0.0002126708   0.0000848532
12  7   0.0013611267  -0.0009933170   0.0009429394  -0.0024230631   0.0023458474
12  8  -0.0039396700  -0.0216154610   0.0091299321  -0.0160068320   0.0580017456
12  9  -0.0782696386  -0.1029952594   0.0826579320   0.0683779381  -0.2513412907
12 10   0.0053609290   0.0018287387  -0.0038066206   0.0013293656   0.0016562368
12 11  -0.0002628953  -0.0000998317  -0.0003144500   0.0000218260   0.0003240588
12 12  -0.0007824203  -0.0000990527  -0.0002649245  -0.0000914870   0.0000520590
13  1   0.0019573651  -0.0015866847   0.0014938414  -0.0008803092   0.0005302300
13  2  -0.0004412868  -0.0274275350  -0.0321119089  -0.0136573866  -0.1119599190
13  3  -0.0607268811  -0.0227441906   0.3246083804   0.1441502770  -0.0781875920
13  4  -0.1216435708  -0.0160367623   0.0669465458  -0.0308960380  -0.0048330026
13  5   0.0291992903  -0.0082651352   0.0036184262   0.0028170219   0.0000220939
13  6   0.0001360499  -0.0004585532  -0.0000681672   0.0000686126  -0.0002666135
13  7  -0.0002289842   0.0003866749   0.0001523613  -0.0061059218   0.0027992278
13  8  -0.0040977849   0.0017050321   0.0009631766   0.0012156218   0.0069416671
13  9  -0.0043444838  -0.0017832292  -0.0182746178  -0.0218103315  -0.0043809494
13 10  -0.0185765968  -0.0085668865   0.0180371732   0.0040947125  -0.0009070261
13 11   0.0065298547   0.0025362781  -0.0017907754  -0.0003089048   0.0017709371
13 12  -0.0001007890  -0.0001114936   0.0006903288   0.0001628569   0.0000462741
14  1   0.0000843005   0.0006195783   0.0012684517  -0.0002434776   0.0035850482
14  2   0.0001523277  -0.0077175861  -0.0003855477  -0.0071397416  -0.0496850369
14  3  -0.1267015906  -0.0455868703   0.1441502770   0.2301600811   0.0423652389
14  4  -0.0286384158  -0.0746485560   0.0075282754   0.0078539412   0.0076104351
14  5  -0.0097698978   0.0032327552   0.0003041466  -0.0012804293  -0.0000623551
14  6  -0.0000488323  -0.0002818927   0.0002900459  -0.0001036302   0.0000471186
14  7  -0.0003848224   0.0002580569  -0.0000267572   0.0007553748   0.0010706200
14  8   0.0005102398  -0.0008169794   0.0010135885  -0.0009578464  -0.0253486404
14  9  -0.0301720333  -0.0118916199  -0.0140013524  -0.0135267027  -0.0037321327
14 10  -0.0263008985  -0.0033292284   0.0250141322  -0.0005380285   0.0016563701
14 11   0.0042802370  -0.0009304299   0.0005017215  -0.0004826899  -0.0022829782
14 12   0.0021017984  -0.0001436741   0.0005843067   0.0000346766   0.0001275306
15  1  -0.0000900499   0.0000898294  -0.0001777270   0.0008043853   0.0003923906
15  2   0.0020361192  -0.0171379515  -0.0199787084  -0.0061657022   0.0016859576
15  3  -0.0243909986  -0.0971665378  -0.0781875920   0.0423652389   0.2664409984
15  4   0.0407540046  -0.0112683120  -0.1432574066   0.0146986619  -0.0029417274
15  5  -0.0058092969   0.0016134902  -0.0012456135   0.0017961178   0.0000753492
15  6  -0.0000882941   0.0000858756   0.0002623491  -0.0000432975   0.0001068210
15  7   0.0000035503   0.0000880118  -0.0000099099  -0.0041591503   0.0020680797
15  8  -0.0017074020   0.0021917032  -0.0014597357   0.0018395932  -0.0143831332
15  9  -0.0147330665  -0.0027833078   0.0180483693   0.0200526541   0.0116368346
15 10   0.0011931381   0.0029799266   0.0018846763   0.0324018578   0.0086972121
15 11  -0.0304577648   0.0006944383  -0.0006367812   0.0019709487  -0.0003791698
15 12  -0.0000228318  -0.0002086661  -0.0000902081   0.0000760236  -0.0000542639
16  1  -0.0011172646   0.0005496999  -0.0009607813   0.0016513851  -0.0004844485
16  2   0.0008710395  -0.0010039713   0.0013678942  -0.0000206362  -0.0287936915
16  3  -0.0152378467   0.0161030975  -0.1216435708  -0.0286384158   0.0407540046
16  4   0.4512324610   0.0547994894   0.0833095357  -0.1222983377   0.0533826978
16  5  -0.0312411765  -0.0193986173   0.0057649793   0.0082922107   0.0000050555
16  6  -0.0001049071   0.0002410643   0.0001798034   0.0000452871   0.0002442971
16  7   0.0001977808  -0.0001763352  -0.0000189606   0.0016232483  -0.0000143306
16  8   0.0006254600  -0.0010030352  -0.0006513486   0.0002307704   0.0031142166
16  9   0.0040477471   0.0013975483   0.0001643116   0.0004725829  -0.0017098258
16 10  -0.0681461124  -0.0729588268  -0.0224052328  -0.0932207677  -0.0071048567
16 11  -0.0955556501  -0.0110390507   0.0108253146  -0.0007753578   0.0093403314
16 12  -0.0067281151   0.0015127777   0.0001558254   0.0008437388  -0.0008941845
17  1  -0.0000768165   0.0002884374  -0.0003850104   0.0002879295  -0.0004267347
17  2   0.0004167540   0.0011776424   0.0014260796  -0.0003054697  -0.0231489440
17  3  -0.0170367853   0.0234800323  -0.0160367623  -0.0746485560  -0.0112683120
17  4   0.0547994894   0.5765105241   0.0360652964   0.0520307877  -0.1344089026
17  5   0.0100185477  -0.0098739132   0.0019072071   0.0032666551   0.0000187906
17  6  -0.0000647913   0.0000742669   0.0000704585  -0.0000976135   0.0000874087
17  7   0.0000465552  -0.0000332912  -0.0000263596   0.0004531236  -0.0000493962
17  8   0.0003876046  -0.0000418113   0.0001555259   0.0000728877  -0.0011792910
17  9   0.0014393951   0.0021657817  -0.0046218538  -0.0040181395  -0.0016955245
17 10  -0.0698710270  -0.2770898026  -0.0542185660  -0.0086051175  -0.0543058900
17 11  -0.0118412281  -0.0000952526   0.0011747070  -0.0003629469   0.0265789781
17 12  -0.0217250753   0.0039007149  -0.0019129659   0.0010031022   0.0001674672
18  1   0.0002055916  -0.0008483311   0.0008047218  -0.0000786473   0.0007665108
18  2  -0.0022283830  -0.0035105038  -0.0060807124   0.0034515969   0.0017483304
18  3   0.0126653680   0.0078505093   0.0669465458   0.0075282754  -0.1432574066
18  4   0.0833095357   0.0360652964   0.5373311630  -0.0266266522   0.0088546798
18  5  -0.0757887118   0.0212379493  -0.0087972293  -0.0076021773  -0.0000132877
18  6   0.0001863952  -0.0002275356  -0.0000803427   0.0000260236  -0.0001574920
18  7  -0.0000828316   0.0001377773  -0.0000570719  -0.0018389391   0.0007128554
18  8  -0.0014044368  -0.0004818469   0.0008392584  -0.0013094008  -0.0010032010
18  9  -0.0040146261  -0.0009549177  -0.0021407389  -0.0022134479   0.0007090596
18 10  -0.0177716914  -0.0480049674  -0.0617888390  -0.0980206448  -0.0163174201
18 11  -0.2535255285  -0.0247129569   0.0219961661  -0.0029921351   0.0039584111
18 12  -0.0033462784   0.0009099583  -0.0010440796  -0.0001555935   0.0002370273
19  1  -0.0000976058   0.0001114811  -0.0000549432   0.0001863816  -0.0000394248
19  2  -0.0000626821  -0.0001155778   0.0001151398   0.0001014058  -0.0016783595
19  3   0.0019785219  -0.0001926621  -0.0308960380   0.0078539412   0.0146986619
19  4  -0.1222983377   0.0520307877  -0.0266266522   0.3924500194   0.0243168744
19  5   0.0982442244  -0.0700057377  -0.0153960260   0.0369322706  -0.0000056273
19  6   0.0000056584  -0.0000003417   0.0000103466   0.0000367618   0.0000053042
19  7   0.0000151221  -0.0000000798  -0.0000013383   0.0000054762  -0.0000072664
19  8  -0.0000805523  -0.0000409232   0.0000176929  -0.0000871146  -0.0005956968
19  9  -0.0003782536   0.0002313493   0.0003039738   0.0001087499  -0.0000402757
19 10   0.0057916536  -0.0045707149  -0.0000006274  -0.0114321871   0.0126634041
19 11  -0.0017456032  -0.0875901811  -0.0036690254  -0.1101394554  -0.0683015448
19 12  -0.0730191409  -0.0180193774  -0.0057051565  -0.0021590814   0.0068384094
20  1   0.0000475598   0.0000725892  -0.0000081152   0.0002316352  -0.0004270997
20  2   0.0002970081  -0.0003017259  -0.0005651691  -0.0008299446  -0.0003455540
20  3   0.0038973450   0.0016954692  -0.0048330026   0.0076104351  -0.0029417274
20  4   0.0533826978  -0.1344089026   0.0088546798   0.0243168744   0.5300067281
20  5   0.0455155254   0.0013598950  -0.0432602655  -0.0141261329  -0.0000177257
20  6  -0.0000301863  -0.0000074360  -0.0000058761  -0.0000087665   0.0000063901
20  7   0.0000270251  -0.0000093654   0.0000256014  -0.0001133318  -0.0000124191
20  8  -0.0000490211   0.0001383066  -0.0000909136   0.0001605606   0.0001248639
20  9  -0.0002882841  -0.0006477986  -0.0002906968  -0.0000298941  -0.0000224707
20 10   0.0262984407  -0.0218573883   0.0047655239  -0.0005142691   0.0008288119
20 11  -0.0005597115  -0.0068568290  -0.0516125141  -0.0158728904  -0.0753045519
20 12  -0.2840511683  -0.0441919309  -0.0173437356  -0.0057635724   0.0179364206
21  1   0.0001396111   0.0003030971   0.0001315460  -0.0001034010  -0.0001487803
21  2   0.0004693164   0.0001207631   0.0007072078  -0.0015003336  -0.0001915558
21  3  -0.0026785038  -0.0009516407   0.0291992903  -0.0097698978  -0.0058092969
21  4  -0.0312411765   0.0100185477  -0.0757887118   0.0982442244   0.0455155254
21  5   0.4893644286   0.0485860082   0.0065131571  -0.0862653723   0.0000145833
21  6  -0.0000140929   0.0000301535   0.0000107240  -0.0000251233   0.0000046610
21  7  -0.0000051445  -0.0000057399   0.0000452641   0.0000734690  -0.0001578254
21  8   0.0003114791   0.0000089981  -0.0002143781   0.0005477959  -0.0004475226
21  9   0.0002137247   0.0004741042   0.0000684944   0.0000658509   0.0000440279
21 10   0.0055517808  -0.0051122348   0.0022890144  -0.0239601284   0.0207789885
21 11  -0.0028365548  -0.1028647398  -0.0174418996  -0.2718117587  -0.0175431215
21 12  -0.0469460156  -0.0550289159  -0.0056611567  -0.0016016075   0.0062807936
22  1   0.0001822186  -0.0001827174   0.0001713848  -0.0002212180   0.0001824372
22  2  -0.0001648776  -0.0000742735  -0.0005601425  -0.0000737327   0.0017881246
22  3   0.0032020610   0.0011634024  -0.0082651352   0.0032327552   0.0016134902
22  4  -0.0193986173  -0.0098739132   0.0212379493  -0.0700057377   0.0013598950
22  5   0.0485860082   0.1305107756   0.0756099135  -0.0618498961   0.0000043779
22  6   0.0000159138  -0.0000421316  -0.0000375331  -0.0000131007  -0.0000620806
22  7  -0.0000308497   0.0000325014   0.0000114498  -0.0002085706   0.0000372981
22  8  -0.0001341794   0.0000982221   0.0000638066   0.0000201831   0.0004216973
22  9  -0.0004843061  -0.0004390405  -0.0001906077  -0.0001873551   0.0000044838
22 10   0.0016445658  -0.0001588243  -0.0002037460   0.0013519724  -0.0008659135
22 11  -0.0000504884  -0.0004397441  -0.0020203028   0.0027936932  -0.0082528095
22 12  -0.0025156146   0.0076839351  -0.0288768575  -0.0668743916  -0.0202658070
23  1   0.0000424769   0.0000453295  -0.0000497387   0.0000679425   0.0004208980
23  2  -0.0001461536   0.0000462995  -0.0004663351   0.0003855909  -0.0003571718
23  3  -0.0010645085  -0.0001086078   0.0036184262   0.0003041466  -0.0012456135
23  4   0.0057649793   0.0019072071  -0.0087972293  -0.0153960260  -0.0432602655
23  5   0.0065131571   0.0756099135   0.2476258775   0.0827422823  -0.0000008930
23  6   0.0000199389   0.0000565793   0.0000163136   0.0000077742  -0.0000256796
23  7   0.0000062362   0.0000180659  -0.0000122579   0.0001217288   0.0000538700
23  8  -0.0000878840  -0.0001354955   0.0002197158  -0.0000011462   0.0004032569
23  9   0.0004150255   0.0001525397   0.0001000789   0.0001298424   0.0001196265
23 10   0.0007639088   0.0009359528  -0.0000077452  -0.0003906278   0.0002204816
23 11  -0.0003955807  -0.0004163006   0.0001103973   0.0001430626  -0.0183754338
23 12  -0.0032612086   0.0171842739  -0.0514896126  -0.2043822054  -0.0964194758
24  1  -0.0002091351  -0.0000503491   0.0001586159   0.0002069851   0.0001128208
24  2  -0.0001131031   0.0000020864   0.0002849373  -0.0000834799  -0.0007732884
24  3  -0.0016424258  -0.0001638575   0.0028170219  -0.0012804293   0.0017961178
24  4   0.0082922107   0.0032666551  -0.0076021773   0.0369322706  -0.0141261329
24  5  -0.0862653723  -0.0618498961   0.0827422823   0.1566579804   0.0000305429
24  6   0.0000119988   0.0000036668   0.0000360518  -0.0000043426  -0.0000486721
24  7  -0.0000069180  -0.0000070388   0.0000124800   0.0001249111  -0.0000262994
24  8   0.0000099545   0.0000505269  -0.0000464648   0.0000328566  -0.0000780482
24  9   0.0004014060   0.0002227236   0.0000055760   0.0000385323   0.0000156182
24 10  -0.0008224332   0.0002651085  -0.0003918846  -0.0002515459   0.0000861958
24 11   0.0016148721   0.0257273225   0.0068133514  -0.0160871363  -0.0022882047
24 12   0.0007411070   0.0021078960  -0.0079460363  -0.0775809126  -0.0518770989
25  1  -0.0920064662  -0.0503092785   0.0801092849   0.0041354597   0.0210302557
25  2  -0.0276815164   0.0041396894  -0.0008943766  -0.0046807620  -0.0000940193
25  3   0.0000402402  -0.0003327372   0.0000220939  -0.0000623551   0.0000753492
25  4   0.0000050555   0.0000187906  -0.0000132877  -0.0000056273  -0.0000177257
25  5   0.0000145833   0.0000043779  -0.0000008930   0.0000305429   0.0951592594
25  6   0.0494104651  -0.0755936460  -0.0058328036  -0.0089543567   0.0151447755
25  7  -0.0049874618  -0.0089195696   0.0108319406  -0.0006253709   0.0000645385
25  8   0.0004923966   0.0002826554  -0.0013366891   0.0012999407  -0.0000992165
25  9  -0.0000518295   0.0000744767  -0.0000820444  -0.0000013007   0.0002178329
25 10  -0.0000124700  -0.0000081837   0.0000001501  -0.0000106695   0.0000041692
25 11   0.0000129420  -0.0000003214  -0.0000026114  -0.0000035111   0.0000079067
25 12  -0.0000075444  -0.0000016136  -0.0000000270  -0.0000017451   0.0000028586
26  1  -0.0492834290  -0.1115646762   0.0901354758   0.0069221807  -0.0078275156
26  2   0.0146403366  -0.0033266257   0.0016171323   0.0030949598   0.0003506712
26  3   0.0000680232  -0.0003099923   0.0001360499  -0.0000488323  -0.0000882941
26  4  -0.0001049071  -0.0000647913   0.0001863952   0.0000056584  -0.0000301863
26  5  -0.0000140929   0.0000159138   0.0000199389   0.0000119988   0.0494104651
26  6   0.1175756766  -0.1091827893  -0.0116720386  -0.0114394771   0.0183576447
26  7   0.0070399231   0.0118807425  -0.0153817689  -0.0001403194  -0.0003961676
26  8  -0.0001525480   0.0006588594   0.0001021042  -0.0010053344   0.0001394849
26  9   0.0000018751  -0.0000199075  -0.0001506333   0.0001091429  -0.0002186066
26 10   0.0000100868   0.0000084876  -0.0000019447   0.0000047000  -0.0000145160
26 11  -0.0000390383  -0.0000142225   0.0000048310  -0.0000120576  -0.0000066922
26 12   0.0000014070   0.0000020072   0.0000048745  -0.0000031988  -0.0000024433
27  1   0.0768029818   0.0908691815  -0.1917016650  -0.0078199202   0.0165365111
27  2  -0.0218217946   0.0023271517  -0.0035958357  -0.0002474813   0.0000902729
27  3   0.0000166624   0.0006040648  -0.0004585532  -0.0002818927   0.0000858756
27  4   0.0002410643   0.0000742669  -0.0002275356  -0.0000003417  -0.0000074360
27  5   0.0000301535  -0.0000421316   0.0000565793   0.0000036668  -0.0755936460
27  6  -0.1091827893   0.2157649653  -0.0024798471  -0.0053799605   0.0091373405
27  7   0.0084346169   0.0094703315  -0.0129396695  -0.0001846242   0.0005252367
27  8   0.0001425553  -0.0012838184   0.0010873461   0.0010392103  -0.0002226704
27  9   0.0000259327  -0.0000307016   0.0002606661  -0.0001932701   0.0001573043
27 10  -0.0000824894  -0.0000387898  -0.0000148409  -0.0000064888   0.0000670851
27 11   0.0000282748  -0.0000021075  -0.0000095248  -0.0000000526   0.0000257172
27 12  -0.0000345177  -0.0000117043  -0.0000058326  -0.0000051167   0.0000020344
28  1  -0.1301423979  -0.1046778234  -0.0390930488  -0.0284582543  -0.0075946076
28  2  -0.0189344106   0.0029152907  -0.0056201026  -0.0029551217   0.0000351734
28  3   0.0001978435   0.0000016292  -0.0000681672   0.0002900459   0.0002623491
28  4   0.0001798034   0.0000704585  -0.0000803427   0.0000103466  -0.0000058761
28  5   0.0000107240  -0.0000375331   0.0000163136   0.0000360518  -0.0058328036
28  6  -0.0116720386  -0.0024798471   0.1499188013   0.1162242365   0.0570492501
28  7   0.0118042707   0.0112043751   0.0047976124   0.0002966912   0.0015333386
28  8   0.0008384505  -0.0005040797   0.0000843377   0.0005173319  -0.0001964261
28  9   0.0000676558  -0.0000212725   0.0000765122  -0.0001009672   0.0000571951
28 10  -0.0000013332  -0.0000107204   0.0000040398   0.0000065851  -0.0000032448
28 11  -0.0000203996  -0.0000124935   0.0000045935  -0.0000004381   0.0000067259
28 12  -0.0000061323  -0.0000011270   0.0000032880  -0.0000016856   0.0000113742
29  1  -0.1068895209  -0.1921062514  -0.0572954782   0.0118877923   0.0144068466
29  2   0.0044908487   0.0015112834   0.0038685319   0.0017629670  -0.0001248269
29  3   0.0002925797   0.0002126708   0.0000686126  -0.0001036302  -0.0000432975
29  4   0.0000452871  -0.0000976135   0.0000260236   0.0000367618  -0.0000087665
29  5  -0.0000251233  -0.0000131007   0.0000077742  -0.0000043426  -0.0089543567
29  6  -0.0114394771  -0.0053799605   0.1162242365   0.1988311893   0.0607283389
29  7  -0.0115318048  -0.0133252508  -0.0043640894  -0.0020810125   0.0003115280
29  8  -0.0000947382  -0.0001368928  -0.0006172903   0.0000413727  -0.0000691829
29  9   0.0000158132  -0.0000433656   0.0000057582  -0.0000203885  -0.0000053430
29 10   0.0000221423   0.0000030470   0.0000122235   0.0000114240  -0.0000158785
29 11  -0.0000175620  -0.0000158867   0.0000002928  -0.0000050887  -0.0000025722
29 12   0.0000017766  -0.0000070977   0.0000058587  -0.0000048325   0.0000110415
30  1  -0.0398306363  -0.0550640927  -0.0724416444  -0.0234747221  -0.0091873363
30  2  -0.0111230875   0.0027796593  -0.0016665079  -0.0008629203   0.0002011551
30  3   0.0000720556   0.0000848532  -0.0002666135   0.0000471186   0.0001068210
30  4   0.0002442971   0.0000874087  -0.0001574920   0.0000053042   0.0000063901
30  5   0.0000046610  -0.0000620806  -0.0000256796  -0.0000486721   0.0151447755
30  6   0.0183576447   0.0091373405   0.0570492501   0.0607283389   0.0791184659
30  7  -0.0110996682  -0.0148481172  -0.0046692456  -0.0003265697   0.0010391291
30  8   0.0006602196  -0.0002411749   0.0004796143   0.0001859134  -0.0001137224
30  9   0.0000210462  -0.0000052735   0.0000161547  -0.0000372118   0.0000021229
30 10  -0.0000299245  -0.0000193494  -0.0000094524  -0.0000042306   0.0000247081
30 11   0.0000089192  -0.0000034851   0.0000007825   0.0000034031   0.0000141720
30 12  -0.0000134277   0.0000010774  -0.0000019401  -0.0000025143   0.0000039906
31  1  -0.1124778949   0.0776527344   0.0778940289  -0.0213704676   0.0214765887
31  2   0.0125000740  -0.0024090942   0.0002192796  -0.0046320430  -0.0000287330
31  3   0.0014898674   0.0013611267  -0.0002289842  -0.0003848224   0.0000035503
31  4   0.0001977808   0.0000465552  -0.0000828316   0.0000151221   0.0000270251
31  5  -0.0000051445  -0.0000308497   0.0000062362  -0.0000069180  -0.0049874618
31  6   0.0070399231   0.0084346169   0.0118042707  -0.0115318048  -0.0110996682
31  7   0.1297460792  -0.0964516102  -0.0840151397   0.0001042232   0.0005104677
31  8   0.0000965927   0.0001325029  -0.0002328833  -0.0000099004  -0.0004413538
31  9   0.0001839265  -0.0003756920   0.0000289889  -0.0000040212  -0.0000502570
31 10  -0.0000594478  -0.0000269309   0.0000051844   0.0000071765   0.0000101509
31 11  -0.0000189410  -0.0000157073   0.0000034509  -0.0000007404   0.0000192877
31 12  -0.0000296840  -0.0000044226  -0.0000054376  -0.0000044489   0.0000065243
32  1   0.0810467224  -0.1504625404  -0.0987094306   0.0114658406  -0.0105459796
32  2  -0.0047615636   0.0010795077   0.0004677229   0.0030140398   0.0001231706
32  3  -0.0003197519  -0.0009933170   0.0003866749   0.0002580569   0.0000880118
32  4  -0.0001763352  -0.0000332912   0.0001377773  -0.0000000798  -0.0000093654
32  5  -0.0000057399   0.0000325014   0.0000180659  -0.0000070388  -0.0089195696
32  6   0.0118807425   0.0094703315   0.0112043751  -0.0133252508  -0.0148481172
32  7  -0.0964516102   0.1617135996   0.1066719366  -0.0001994927   0.0003601664
32  8   0.0000721558   0.0002150365   0.0000732255  -0.0003023828   0.0002184178
32  9  -0.0001078869   0.0001640535  -0.0000472524   0.0000157146   0.0000211590
32 10   0.0000291530   0.0000162220  -0.0000040517  -0.0000001529  -0.0000272021
32 11  -0.0000017649   0.0000059229   0.0000069771  -0.0000023826  -0.0000099951
32 12   0.0000158451   0.0000013591  -0.0000028350   0.0000049298  -0.0000050353
33  1   0.0870545785  -0.1058371341  -0.1518293494  -0.0149938419   0.0167208187
33  2   0.0135528435  -0.0024188351   0.0011808549  -0.0017398048  -0.0008218367
33  3   0.0008106481   0.0009429394   0.0001523613  -0.0000267572  -0.0000099099
33  4  -0.0000189606  -0.0000263596  -0.0000570719  -0.0000013383   0.0000256014
33  5   0.0000452641   0.0000114498  -0.0000122579   0.0000124800   0.0108319406
33  6  -0.0153817689  -0.0129396695   0.0047976124  -0.0043640894  -0.0046692456
33  7  -0.0840151397   0.1066719366   0.1565353469   0.0000283902   0.0002444009
33  8  -0.0000138921  -0.0004662590  -0.0000483057   0.0003809780  -0.0002806910
33  9   0.0000957089  -0.0002598661   0.0001315739  -0.0000626007   0.0000408604
33 10   0.0000030504   0.0000049137   0.0000033791  -0.0000017920   0.0000260012
33 11   0.0000097561   0.0000025518  -0.0000050659  -0.0000007431   0.0000039271
33 12  -0.0000131544  -0.0000052596   0.0000012584  -0.0000033905   0.0000009644
34  1   0.0047266591   0.0017093021   0.0026469604   0.0088756024   0.0235258800
34  2   0.0086341543  -0.1315022144  -0.1067834791  -0.0393793190  -0.0113887403
34  3  -0.0204304794  -0.0024230631  -0.0061059218   0.0007553748  -0.0041591503
34  4   0.0016232483   0.0004531236  -0.0018389391   0.0000054762  -0.0001133318
34  5   0.0000734690  -0.0002085706   0.0001217288   0.0001249111  -0.0006253709
34  6  -0.0001403194  -0.0001846242   0.0002966912  -0.0020810125  -0.0003265697
34  7   0.0001042232  -0.0001994927   0.0000283902   0.1384686515   0.1110504724
34  8   0.0392509983  -0.0053581083  -0.0086065362  -0.0031109864  -0.0001845869
34  9   0.0002977654   0.0006336987   0.0009579251   0.0003901358  -0.0003165143
34 10  -0.0001011367  -0.0000347481   0.0000263614   0.0003958841   0.0000135302
34 11   0.0002589746   0.0000013535   0.0000161635   0.0000294246  -0.0000051449
34 12   0.0000473688   0.0000120675   0.0000240805   0.0000085539   0.0000197560
35  1  -0.0047734531   0.0018883488  -0.0026599904   0.0035616790  -0.0273721517
35  2  -0.0172661356  -0.1067116369  -0.1877188457  -0.0451575361   0.0046376499
35  3   0.0076487953   0.0023458474   0.0027992278   0.0010706200   0.0020680797
35  4  -0.0000143306  -0.0000493962   0.0007128554  -0.0000072664  -0.0000124191
35  5  -0.0001578254   0.0000372981   0.0000538700  -0.0000262994   0.0000645385
35  6  -0.0003961676   0.0005252367   0.0015333386   0.0003115280   0.0010391291
35  7   0.0005104677   0.0003601664   0.0002444009   0.1110504724   0.2143791635
35  8   0.0621943411  -0.0117990063  -0.0110881037  -0.0027012618  -0.0005827148
35  9   0.0008733555  -0.0004897819  -0.0004952990   0.0000686631  -0.0003141623
35 10   0.0000911456   0.0000091583  -0.0001066182   0.0001495315  -0.0000733847
35 11  -0.0002558944  -0.0000537794   0.0000375180   0.0000002693  -0.0000056537
35 12   0.0000123861  -0.0000136940   0.0000077910  -0.0000031045   0.0000190398
36  1  -0.0014606954   0.0019433101  -0.0005553245  -0.0032736112  -0.0246417333
36  2  -0.0094042935  -0.0369203132  -0.0447606575  -0.0672104151  -0.0109511997
36  3  -0.0154266140  -0.0039396700  -0.0040977849   0.0005102398  -0.0017074020
36  4   0.0006254600   0.0003876046  -0.0014044368  -0.0000805523  -0.0000490211
36  5   0.0003114791  -0.0001341794  -0.0000878840   0.0000099545   0.0004923966
36  6  -0.0001525480   0.0001425553   0.0008384505  -0.0000947382   0.0006602196
36  7   0.0000965927   0.0000721558  -0.0000138921   0.0392509983   0.0621943411
36  8   0.0736570484   0.0146902410   0.0198447159   0.0078852912   0.0002850536
36  9   0.0004369410   0.0009216141   0.0008169728  -0.0002464105   0.0001416020
36 10  -0.0000822470  -0.0000139500   0.0000578529  -0.0002041828   0.0001466736
36 11   0.0004283999   0.0000886628  -0.0000736851   0.0000083515   0.0000175403
36 12   0.0000045975   0.0000223654   0.0000023972   0.0000066621  -0.0000112999
37  1   0.0026588722  -0.0030440594   0.0040711590  -0.0146800374   0.0040376506
37  2   0.0220906383  -0.0794361772  -0.0419526728   0.0636835141   0.0108467732
37  3   0.0125735404  -0.0216154610   0.0017050321  -0.0008169794   0.0021917032
37  4  -0.0010030352  -0.0000418113  -0.0004818469  -0.0000409232   0.0001383066
37  5   0.0000089981   0.0000982221  -0.0001354955   0.0000505269   0.0002826554
37  6   0.0006588594  -0.0012838184  -0.0005040797  -0.0001368928  -0.0002411749
37  7   0.0001325029   0.0002150365  -0.0004662590  -0.0053581083  -0.0117990063
37  8   0.0146902410   0.0898799703   0.0395805455  -0.0803441756   0.0007083728
37  9  -0.0005155504   0.0009474173  -0.0038376698   0.0014735008  -0.0034015805
37 10   0.0001644080  -0.0000200791   0.0002659792  -0.0016444253  -0.0002185848
37 11  -0.0001412738   0.0000215064   0.0000241396   0.0000016510   0.0000019655
37 12  -0.0000190002  -0.0000304807   0.0000041752  -0.0000014473   0.0000042426
38  1  -0.0010141400   0.0028535997  -0.0038050575   0.0172182527   0.0076124263
38  2  -0.0243826115  -0.0420086145  -0.1079079074   0.0963472885  -0.0063434834
38  3  -0.0057363870   0.0091299321   0.0009631766   0.0010135885  -0.0014597357
38  4  -0.0006513486   0.0001555259   0.0008392584   0.0000176929  -0.0000909136
38  5  -0.0002143781   0.0000638066   0.0002197158  -0.0000464648  -0.0013366891
38  6   0.0001021042   0.0010873461   0.0000843377  -0.0006172903   0.0004796143
38  7  -0.0002328833   0.0000732255  -0.0000483057  -0.0086065362  -0.0110881037
38  8   0.0198447159   0.0395805455   0.1129744717  -0.0976161293  -0.0000116389
38  9  -0.0001074759  -0.0001841443   0.0023578860   0.0002963422   0.0006506708
38 10   0.0000409634   0.0000370787  -0.0001940367  -0.0000271995   0.0001654532
38 11  -0.0004471346  -0.0000898951   0.0000385612  -0.0000193696  -0.0000060710
38 12   0.0000025072   0.0000545319   0.0000018382   0.0000034778  -0.0000159901
39  1  -0.0037799892   0.0010246815   0.0000623057   0.0175797366  -0.0035644782
39  2  -0.0217295206   0.0635211438   0.0926595369  -0.2012187495   0.0063898081
39  3   0.0109884324  -0.0160068320   0.0012156218  -0.0009578464   0.0018395932
39  4   0.0002307704   0.0000728877  -0.0013094008  -0.0000871146   0.0001605606
39  5   0.0005477959   0.0000201831  -0.0000011462   0.0000328566   0.0012999407
39  6  -0.0010053344   0.0010392103   0.0005173319   0.0000413727   0.0001859134
39  7  -0.0000099004  -0.0003023828   0.0003809780  -0.0031109864  -0.0027012618
39  8   0.0078852912  -0.0803441756  -0.0976161293   0.2278573515  -0.0007714285
39  9  -0.0000154097   0.0001976357  -0.0025085188   0.0013599717  -0.0009431758
39 10  -0.0000898787  -0.0000218462   0.0002495192  -0.0002970658   0.0000922818
39 11   0.0010076164   0.0002061551  -0.0001411543   0.0000064329   0.0000391808
39 12  -0.0000709528  -0.0000841957  -0.0000208142  -0.0000017831  -0.0000006258
40  1   0.0002303621   0.0006461552   0.0012997848  -0.0046295401   0.0025538708
40  2  -0.0049812565  -0.0090320301   0.0159843758   0.0155703273  -0.1137282952
40  3   0.0937061664   0.0580017456   0.0069416671  -0.0253486404  -0.0143831332
40  4   0.0031142166  -0.0011792910  -0.0010032010  -0.0005956968   0.0001248639
40  5  -0.0004475226   0.0004216973   0.0004032569  -0.0000780482  -0.0000992165
40  6   0.0001394849  -0.0002226704  -0.0001964261  -0.0000691829  -0.0001137224
40  7  -0.0004413538   0.0002184178  -0.0002806910  -0.0001845869  -0.0005827148
40  8   0.0002850536   0.0007083728  -0.0000116389  -0.0007714285   0.1239411109
40  9  -0.0950959528  -0.0574090930  -0.0046907899   0.0084152770   0.0041361466
40 10   0.0000323531   0.0002196619   0.0002168714  -0.0002400365   0.0001144232
40 11   0.0001667118   0.0000703925  -0.0000027165   0.0000422229  -0.0017289225
40 12  -0.0002016879   0.0000003341   0.0001067222  -0.0000341288  -0.0000284313
41  1   0.0000220565  -0.0001046596  -0.0006945712   0.0017528823   0.0005478323
41  2   0.0024336717   0.0072480677  -0.0084362807  -0.0073180159   0.0914121925
41  3  -0.1808281710  -0.0782696386  -0.0043444838  -0.0301720333  -0.0147330665
41  4   0.0040477471   0.0014393951  -0.0040146261  -0.0003782536  -0.0002882841
41  5   0.0002137247  -0.0004843061   0.0004150255   0.0004014060  -0.0000518295
41  6   0.0000018751   0.0000259327   0.0000676558   0.0000158132   0.0000210462
41  7   0.0001839265  -0.0001078869   0.0000957089   0.0002977654   0.0008733555
41  8   0.0004369410  -0.0005155504  -0.0001074759  -0.0000154097  -0.0950959528
41  9   0.2063899274   0.0961284741  -0.0038798327   0.0095186574   0.0037211549
41 10  -0.0000942375   0.0001025665   0.0005573574  -0.0001804876  -0.0002868965
41 11   0.0010175548   0.0002247658   0.0001520025   0.0000271748  -0.0003858668
41 12   0.0008137589   0.0000400064   0.0001537415   0.0000614785  -0.0000748254
42  1  -0.0006676451   0.0006315110   0.0009702210  -0.0033739083   0.0016610745
42  2  -0.0025921794  -0.0093290430   0.0140017572   0.0099161219   0.0565045006
42  3  -0.0817063297  -0.1029952594  -0.0017832292  -0.0118916199  -0.0027833078
42  4   0.0013975483   0.0021657817  -0.0009549177   0.0002313493  -0.0006477986
42  5   0.0004741042  -0.0004390405   0.0001525397   0.0002227236   0.0000744767
42  6  -0.0000199075  -0.0000307016  -0.0000212725  -0.0000433656  -0.0000052735
42  7  -0.0003756920   0.0001640535  -0.0002598661   0.0006336987  -0.0004897819
42  8   0.0009216141   0.0009474173  -0.0001841443   0.0001976357  -0.0574090930
42  9   0.0961284741   0.1066771471   0.0139506566  -0.0206813618  -0.0105241339
42 10  -0.0002431270  -0.0000099328  -0.0000432795  -0.0001575394   0.0002851891
42 11   0.0005233080  -0.0000558264   0.0000544660  -0.0000520236   0.0000157448
42 12   0.0003849537   0.0004086989   0.0001000242   0.0000444415  -0.0000706320
43  1  -0.0000703183   0.0002076503  -0.0002791228   0.0017116210  -0.0015556697
43  2   0.0008484097   0.0091592324   0.0099477195  -0.0240539104  -0.0815401972
43  3  -0.0291302440   0.0826579320  -0.0182746178  -0.0140013524   0.0180483693
43  4   0.0001643116  -0.0046218538  -0.0021407389   0.0003039738  -0.0002906968
43  5   0.0000684944  -0.0001906077   0.0001000789   0.0000055760  -0.0000820444
43  6  -0.0001506333   0.0002606661   0.0000765122   0.0000057582   0.0000161547
43  7   0.0000289889  -0.0000472524   0.0001315739   0.0009579251  -0.0004952990
43  8   0.0008169728  -0.0038376698   0.0023578860  -0.0025085188  -0.0046907899
43  9  -0.0038798327   0.0139506566   0.0973696366   0.0417048727  -0.0888556008
43 10  -0.0012178576  -0.0002986580   0.0007914962   0.0000404506   0.0001757995
43 11   0.0001255400  -0.0001268725  -0.0000781982  -0.0000370707   0.0001669274
43 12   0.0000472493   0.0001101702   0.0000513954   0.0000026757   0.0000429507
44  1   0.0001340738  -0.0000569714   0.0000606503  -0.0015964618   0.0008334193
44  2  -0.0005528737  -0.0021589048  -0.0032806732   0.0132511016  -0.0255814911
44  3  -0.0745310022   0.0683779381  -0.0218103315  -0.0135267027   0.0200526541
44  4   0.0004725829  -0.0040181395  -0.0022134479   0.0001087499  -0.0000298941
44  5   0.0000658509  -0.0001873551   0.0001298424   0.0000385323  -0.0000013007
44  6   0.0001091429  -0.0001932701  -0.0001009672  -0.0000203885  -0.0000372118
44  7  -0.0000040212   0.0000157146  -0.0000626007   0.0003901358   0.0000686631
44  8  -0.0002464105   0.0014735008   0.0002963422   0.0013599717   0.0084152770
44  9   0.0095186574  -0.0206813618   0.0417048727   0.0846347456  -0.0804524247
44 10  -0.0010461019  -0.0002401436   0.0009581252  -0.0000361666  -0.0002431339
44 11   0.0002835105   0.0000374353   0.0001066520   0.0000226438  -0.0002870900
44 12   0.0002292850  -0.0000434194   0.0000735635   0.0000045847   0.0000120419
45  1  -0.0000960165  -0.0000232015   0.0003719008   0.0007442793  -0.0012064373
45  2   0.0021597370   0.0070855927   0.0070984055  -0.0202089964   0.0872532107
45  3   0.0762601715  -0.2513412907  -0.0043809494  -0.0037321327   0.0116368346
45  4  -0.0017098258  -0.0016955245   0.0007090596  -0.0000402757  -0.0000224707
45  5   0.0000440279   0.0000044838   0.0001196265   0.0000156182   0.0002178329
45  6  -0.0002186066   0.0001573043   0.0000571951  -0.0000053430   0.0000021229
45  7  -0.0000502570   0.0000211590   0.0000408604  -0.0003165143  -0.0003141623
45  8   0.0001416020  -0.0034015805   0.0006506708  -0.0009431758   0.0041361466
45  9   0.0037211549  -0.0105241339  -0.0888556008  -0.0804524247   0.2670915365
45 10  -0.0003059124  -0.0001309177   0.0003734303  -0.0002589692  -0.0001826245
45 11   0.0002750432   0.0000290049   0.0000174172   0.0000339876  -0.0001291608
45 12   0.0000899759  -0.0000410640   0.0000173164   0.0000052642   0.0000055956
46  1   0.0001245500  -0.0001184552   0.0001899231  -0.0003145094   0.0004425850
46  2  -0.0000125621   0.0004536406  -0.0005266131   0.0001928992  -0.0003182866
46  3  -0.0008413425   0.0053609290  -0.0185765968  -0.0263008985   0.0011931381
46  4  -0.0681461124  -0.0698710270  -0.0177716914   0.0057916536   0.0262984407
46  5   0.0055517808   0.0016445658   0.0007639088  -0.0008224332  -0.0000124700
46  6   0.0000100868  -0.0000824894  -0.0000013332   0.0000221423  -0.0000299245
46  7  -0.0000594478   0.0000291530   0.0000030504  -0.0001011367   0.0000911456
46  8  -0.0000822470   0.0001644080   0.0000409634  -0.0000898787   0.0000323531
46  9  -0.0000942375  -0.0002431270  -0.0012178576  -0.0010461019  -0.0003059124
46 10   0.0866001773   0.0806683906   0.0108866005  -0.0027531105  -0.0120624071
46 11  -0.0035359516   0.0009963837  -0.0008164076   0.0000737702  -0.0040953225
46 12   0.0037262673  -0.0003733617  -0.0002115486  -0.0004155931  -0.0001025123
47  1   0.0000936169  -0.0000398649   0.0001027603  -0.0001924638   0.0002044251
47  2  -0.0000597322   0.0001809934  -0.0001171123   0.0000862202   0.0016331723
47  3   0.0012054000   0.0018287387  -0.0085668865  -0.0033292284   0.0029799266
47  4  -0.0729588268  -0.2770898026  -0.0480049674  -0.0045707149  -0.0218573883
47  5  -0.0051122348  -0.0001588243   0.0009359528   0.0002651085  -0.0000081837
47  6   0.0000084876  -0.0000387898  -0.0000107204   0.0000030470  -0.0000193494
47  7  -0.0000269309   0.0000162220   0.0000049137  -0.0000347481   0.0000091583
47  8  -0.0000139500  -0.0000200791   0.0000370787  -0.0000218462   0.0002196619
47  9   0.0001025665  -0.0000099328  -0.0002986580  -0.0002401436  -0.0001309177
47 10   0.0806683906   0.2998719133   0.0480799621   0.0000983617   0.0002204268
47 11  -0.0007967962  -0.0001394440   0.0009012094   0.0003625874   0.0034413117
47 12  -0.0010906000   0.0007102427   0.0006509719   0.0002482526  -0.0002119437
48  1   0.0000138007  -0.0000345522   0.0000311222  -0.0001532856   0.0000762795
48  2   0.0001743607   0.0000710000  -0.0000290081  -0.0000216703   0.0003759071
48  3   0.0011072419  -0.0038066206   0.0180371732   0.0250141322   0.0018846763
48  4  -0.0224052328  -0.0542185660  -0.0617888390  -0.0000006274   0.0047655239
48  5   0.0022890144  -0.0002037460  -0.0000077452  -0.0003918846   0.0000001501
48  6  -0.0000019447  -0.0000148409   0.0000040398   0.0000122235  -0.0000094524
48  7   0.0000051844  -0.0000040517   0.0000033791   0.0000263614  -0.0001066182
48  8   0.0000578529   0.0002659792  -0.0001940367   0.0002495192   0.0002168714
48  9   0.0005573574  -0.0000432795   0.0007914962   0.0009581252   0.0003734303
48 10   0.0108866005   0.0480799621   0.0632655094  -0.0086286027  -0.0269486399
48 11  -0.0039653796   0.0006619634   0.0003096721   0.0004681816  -0.0003179287
48 12   0.0008221740   0.0010090153   0.0003528958  -0.0001575291   0.0002359055
49  1  -0.0000063283   0.0000192422  -0.0000752075   0.0001353417  -0.0000650545
49  2  -0.0000716431  -0.0005450634   0.0003164536   0.0005129190   0.0027316976
49  3   0.0008067452   0.0013293656   0.0040947125  -0.0005380285   0.0324018578
49  4  -0.0932207677  -0.0086051175  -0.0980206448  -0.0114321871  -0.0005142691
49  5  -0.0239601284   0.0013519724  -0.0003906278  -0.0002515459  -0.0000106695
49  6   0.0000047000  -0.0000064888   0.0000065851   0.0000114240  -0.0000042306
49  7   0.0000071765  -0.0000001529  -0.0000017920   0.0003958841   0.0001495315
49  8  -0.0002041828  -0.0016444253  -0.0000271995  -0.0002970658  -0.0002400365
49  9  -0.0001804876  -0.0001575394   0.0000404506  -0.0000361666  -0.0002589692
49 10  -0.0027531105   0.0000983617  -0.0086286027   0.1034137311   0.0050891577
49 11   0.0965231755  -0.0032662694   0.0038394748   0.0003600839   0.0009346795
49 12   0.0000057488   0.0007346197   0.0000066267   0.0000162645   0.0000760196
50  1  -0.0000118579   0.0001502649  -0.0001562888   0.0001907973  -0.0002836148
50  2   0.0000322389  -0.0004335169   0.0006142084  -0.0003102151   0.0007337595
50  3   0.0007173881   0.0016562368  -0.0009070261   0.0016563701   0.0086972121
50  4  -0.0071048567  -0.0543058900  -0.0163174201   0.0126634041   0.0008288119
50  5   0.0207789885  -0.0008659135   0.0002204816   0.0000861958   0.0000041692
50  6  -0.0000145160   0.0000670851  -0.0000032448  -0.0000158785   0.0000247081
50  7   0.0000101509  -0.0000272021   0.0000260012   0.0000135302  -0.0000733847
50  8   0.0001466736  -0.0002185848   0.0001654532   0.0000922818   0.0001144232
50  9  -0.0002868965   0.0002851891   0.0001757995  -0.0002431339  -0.0001826245
50 10  -0.0120624071   0.0002204268  -0.0269486399   0.0050891577   0.0519810074
50 11   0.0114458754   0.0034973578  -0.0022248409   0.0005441203  -0.0009277622
50 12   0.0009197666   0.0002121859   0.0000426205   0.0000011784  -0.0001798043
51  1   0.0001771892   0.0000321506  -0.0000417901  -0.0004174310   0.0001261630
51  2   0.0006707808   0.0006141549   0.0009380062  -0.0007380629  -0.0034754138
51  3  -0.0043399716  -0.0002628953   0.0065298547   0.0042802370  -0.0304577648
51  4  -0.0955556501  -0.0118412281  -0.2535255285  -0.0017456032  -0.0005597115
51  5  -0.0028365548  -0.0000504884  -0.0003955807   0.0016148721   0.0000129420
51  6  -0.0000390383   0.0000282748  -0.0000203996  -0.0000175620   0.0000089192
51  7  -0.0000189410  -0.0000017649   0.0000097561   0.0002589746  -0.0002558944
51  8   0.0004283999  -0.0001412738  -0.0004471346   0.0010076164   0.0001667118
51  9   0.0010175548   0.0005233080   0.0001255400   0.0002835105   0.0002750432
51 10  -0.0035359516  -0.0007967962  -0.0039653796   0.0965231755   0.0114458754
51 11   0.2861965361   0.0004405447   0.0003416656   0.0008354511   0.0001322116
51 12   0.0002088409   0.0002778617  -0.0000201465   0.0000206783  -0.0000488434
52  1   0.0000789766  -0.0000373392   0.0000306664  -0.0001966705   0.0000530256
52  2   0.0001223097   0.0001686574   0.0001015509  -0.0002137836  -0.0001728419
52  3  -0.0003955374  -0.0000998317   0.0025362781  -0.0009304299   0.0006944383
52  4  -0.0110390507  -0.0000952526  -0.0247129569  -0.0875901811  -0.0068568290
52  5  -0.1028647398  -0.0004397441  -0.0004163006   0.0257273225  -0.0000003214
52  6  -0.0000142225  -0.0000021075  -0.0000124935  -0.0000158867  -0.0000034851
52  7  -0.0000157073   0.0000059229   0.0000025518   0.0000013535  -0.0000537794
52  8   0.0000886628   0.0000215064  -0.0000898951   0.0002061551   0.0000703925
52  9   0.0002247658  -0.0000558264  -0.0001268725   0.0000374353   0.0000290049
52 10   0.0009963837  -0.0001394440   0.0006619634  -0.0032662694   0.0034973578
52 11   0.0004405447   0.1014125243   0.0045256453   0.1103869539  -0.0033832746
52 12  -0.0000505760  -0.0091160128   0.0009573543   0.0006497889  -0.0013218299
53  1  -0.0000251891   0.0000585309   0.0000242585   0.0000213508   0.0000073595
53  2  -0.0000944718  -0.0001178053  -0.0000896374   0.0003643286  -0.0001434163
53  3  -0.0003428264  -0.0003144500  -0.0017907754   0.0005017215  -0.0006367812
53  4   0.0108253146   0.0011747070   0.0219961661  -0.0036690254  -0.0516125141
53  5  -0.0174418996  -0.0020203028   0.0001103973   0.0068133514  -0.0000026114
53  6   0.0000048310  -0.0000095248   0.0000045935   0.0000002928   0.0000007825
53  7   0.0000034509   0.0000069771  -0.0000050659   0.0000161635   0.0000375180
53  8  -0.0000736851   0.0000241396   0.0000385612  -0.0001411543  -0.0000027165
53  9   0.0001520025   0.0000544660  -0.0000781982   0.0001066520   0.0000174172
53 10  -0.0008164076   0.0009012094   0.0003096721   0.0038394748  -0.0022248409
53 11   0.0003416656   0.0045256453   0.0517952995   0.0160048213  -0.0113318060
53 12  -0.0007921899  -0.0277914742   0.0007381212   0.0001659493   0.0005815776
54  1  -0.0000166070  -0.0000297045  -0.0000246526   0.0000114982   0.0000003841
54  2   0.0000578833   0.0001042454   0.0000339389  -0.0000258195  -0.0000528384
54  3   0.0001058570   0.0000218260  -0.0003089048  -0.0004826899   0.0019709487
54  4  -0.0007753578  -0.0003629469  -0.0029921351  -0.1101394554  -0.0158728904
54  5  -0.2718117587   0.0027936932   0.0001430626  -0.0160871363  -0.0000035111
54  6  -0.0000120576  -0.0000000526  -0.0000004381  -0.0000050887   0.0000034031
54  7  -0.0000007404  -0.0000023826  -0.0000007431   0.0000294246   0.0000002693
54  8   0.0000083515   0.0000016510  -0.0000193696   0.0000064329   0.0000422229
54  9   0.0000271748  -0.0000520236  -0.0000370707   0.0000226438   0.0000339876
54 10   0.0000737702   0.0003625874   0.0004681816   0.0003600839   0.0005441203
54 11   0.0008354511   0.1103869539   0.0160048213   0.2891663520  -0.0019592865
54 12  -0.0004157054  -0.0028534724  -0.0005093331  -0.0000420240   0.0012749760
55  1  -0.0000494863   0.0000447003  -0.0000562092   0.0001961235  -0.0001626779
55  2   0.0000645845  -0.0001643819   0.0001296277  -0.0002214073  -0.0007132875
55  3   0.0007157850   0.0003240588   0.0017709371  -0.0022829782  -0.0003791698
55  4   0.0093403314   0.0265789781   0.0039584111  -0.0683015448  -0.0753045519
55  5  -0.0175431215  -0.0082528095  -0.0183754338  -0.0022882047   0.0000079067
55  6  -0.0000066922   0.0000257172   0.0000067259  -0.0000025722   0.0000141720
55  7   0.0000192877  -0.0000099951   0.0000039271  -0.0000051449  -0.0000056537
55  8   0.0000175403   0.0000019655  -0.0000060710   0.0000391808  -0.0017289225
55  9  -0.0003858668   0.0000157448   0.0001669274  -0.0002870900  -0.0001291608
55 10  -0.0040953225   0.0034413117  -0.0003179287   0.0009346795  -0.0009277622
55 11   0.0001322116  -0.0033832746  -0.0113318060  -0.0019592865   0.0778159543
55 12   0.0789639356   0.0142552059  -0.0035666645  -0.0007851875   0.0040437343
56  1   0.0000236541  -0.0000451790   0.0000855018  -0.0002744680   0.0002366507
56  2  -0.0001112470   0.0002583274   0.0000807697   0.0004522656  -0.0003217261
56  3  -0.0008325175  -0.0007824203  -0.0001007890   0.0021017984  -0.0000228318
56  4  -0.0067281151  -0.0217250753  -0.0033462784  -0.0730191409  -0.2840511683
56  5  -0.0469460156  -0.0025156146  -0.0032612086   0.0007411070  -0.0000075444
56  6   0.0000014070  -0.0000345177  -0.0000061323   0.0000017766  -0.0000134277
56  7  -0.0000296840   0.0000158451  -0.0000131544   0.0000473688   0.0000123861
56  8   0.0000045975  -0.0000190002   0.0000025072  -0.0000709528  -0.0002016879
56  9   0.0008137589   0.0003849537   0.0000472493   0.0002292850   0.0000899759
56 10   0.0037262673  -0.0010906000   0.0008221740   0.0000057488   0.0009197666
56 11   0.0002088409  -0.0000505760  -0.0007921899  -0.0004157054   0.0789639356
56 12   0.3062279620   0.0485053264   0.0002019273   0.0011540254   0.0004618084
57  1  -0.0000100965   0.0000071224   0.0000199243  -0.0000123950   0.0000079542
57  2  -0.0001003450   0.0000025696   0.0001271653   0.0001716212   0.0000314491
57  3  -0.0004257081  -0.0000990527  -0.0001114936  -0.0001436741  -0.0002086661
57  4   0.0015127777   0.0039007149   0.0009099583  -0.0180193774  -0.0441919309
57  5  -0.0550289159   0.0076839351   0.0171842739   0.0021078960  -0.0000016136
57  6   0.0000020072  -0.0000117043  -0.0000011270  -0.0000070977   0.0000010774
57  7  -0.0000044226   0.0000013591  -0.0000052596   0.0000120675  -0.0000136940
57  8   0.0000223654  -0.0000304807   0.0000545319  -0.0000841957   0.0000003341
57  9   0.0000400064   0.0004086989   0.0001101702  -0.0000434194  -0.0000410640
57 10  -0.0003733617   0.0007102427   0.0010090153   0.0007346197   0.0002121859
57 11   0.0002778617  -0.0091160128  -0.0277914742  -0.0028534724   0.0142552059
57 12   0.0485053264   0.0570103216   0.0033372520   0.0018641082  -0.0035060645
58  1  -0.0000168892  -0.0000188747   0.0000471586  -0.0000302814   0.0000154435
58  2  -0.0000149048   0.0000487554   0.0000209060   0.0000645511  -0.0000435148
58  3  -0.0003048154  -0.0002649245   0.0006903288   0.0005843067  -0.0000902081
58  4   0.0001558254  -0.0019129659  -0.0010440796  -0.0057051565  -0.0173437356
58  5  -0.0056611567  -0.0288768575  -0.0514896126  -0.0079460363  -0.0000000270
58  6   0.0000048745  -0.0000058326   0.0000032880   0.0000058587  -0.0000019401
58  7  -0.0000054376  -0.0000028350   0.0000012584   0.0000240805   0.0000077910
58  8   0.0000023972   0.0000041752   0.0000018382  -0.0000208142   0.0001067222
58  9   0.0001537415   0.0001000242   0.0000513954   0.0000735635   0.0000173164
58 10  -0.0002115486   0.0006509719   0.0003528958   0.0000066267   0.0000426205
58 11  -0.0000201465   0.0009573543   0.0007381212  -0.0005093331  -0.0035666645
58 12   0.0002019273   0.0033372520   0.0364078251   0.0685708746   0.0116565227
59  1   0.0000177837  -0.0000048542  -0.0000108158  -0.0000385082   0.0000491337
59  2  -0.0000208757   0.0000183369  -0.0000029009   0.0000531195   0.0000253436
59  3  -0.0001738614  -0.0000914870   0.0001628569   0.0000346766   0.0000760236
59  4   0.0008437388   0.0010031022  -0.0001555935  -0.0021590814  -0.0057635724
59  5  -0.0016016075  -0.0668743916  -0.2043822054  -0.0775809126  -0.0000017451
59  6  -0.0000031988  -0.0000051167  -0.0000016856  -0.0000048325  -0.0000025143
59  7  -0.0000044489   0.0000049298  -0.0000033905   0.0000085539  -0.0000031045
59  8   0.0000066621  -0.0000014473   0.0000034778  -0.0000017831  -0.0000341288
59  9   0.0000614785   0.0000444415   0.0000026757   0.0000045847   0.0000052642
59 10  -0.0004155931   0.0002482526  -0.0001575291   0.0000162645   0.0000011784
59 11   0.0000206783   0.0006497889   0.0001659493  -0.0000420240  -0.0007851875
59 12   0.0011540254   0.0018641082   0.0685708746   0.2076077411   0.0776033523
60  1  -0.0000544080  -0.0000236866  -0.0000155663   0.0001003794   0.0000304155
60  2   0.0000400926  -0.0000540507  -0.0000639215  -0.0000149502  -0.0001278222
60  3   0.0000464307   0.0000520590   0.0000462741   0.0001275306  -0.0000542639
60  4  -0.0008941845   0.0001674672   0.0002370273   0.0068384094   0.0179364206
60  5   0.0062807936  -0.0202658070  -0.0964194758  -0.0518770989   0.0000028586
60  6  -0.0000024433   0.0000020344   0.0000113742   0.0000110415   0.0000039906
60  7   0.0000065243  -0.0000050353   0.0000009644   0.0000197560   0.0000190398
60  8  -0.0000112999   0.0000042426  -0.0000159901  -0.0000006258  -0.0000284313
60  9  -0.0000748254  -0.0000706320   0.0000429507   0.0000120419   0.0000055956
60 10  -0.0001025123  -0.0002119437   0.0002359055   0.0000760196  -0.0001798043
60 11  -0.0000488434  -0.0013218299   0.0005815776   0.0012749760   0.0040437343
60 12   0.0004618084  -0.0035060645   0.0116565227   0.0776033523   0.0474659058
$end
