$coord
4.86445855133854 -3.00248880314698 4.37840156819201 n
2.26440313084415 -2.24476550222408 3.83215225209855 c
1.9210308914001897 0.07952778360161 2.07628737662332 c
2.29867138572077 -0.2994310851364 -0.76706611558206 c
4.97614969066978 -0.99406392845293 -1.64109264305552 c
6.95665775428382 0.66492173024119 -0.70468480079973 n
7.19378862078313 3.12365502554525 -1.47833456588766 c
5.87855979789585 3.99183819757545 -3.34171476958496 n
8.88321318711244 4.52504326816105 -0.03053118271374 n
0.88283074529522 -4.52450036195361 2.73633310212798 c
2.03479208335371 -6.19523327342829 1.60659623618529 o
-1.68246254314049 -4.61571576813645 2.9222308914629 n
-3.33275690193533 -3.01722438197376 4.41230265257199 c
-4.86490723570941 -1.07470434491219 2.93166286072849 c
-6.17831917044416 0.47608884365621007 4.03067363195685 o
-4.73661224395791 -1.25027408793693 0.36601709393307 n
-5.9248111288982 0.58595329613695 -1.28215358404371 c
-3.94541787617935 2.25295476345897 -2.59880329366608 c
-4.96518887210064 4.31389387694325 -4.30337552863749 c
-4.19988804047765 4.68489498895069 -6.42041379208815 o
-6.71771441400363 5.8806540090921 -3.32842371614974 o
-7.693556721079889 -0.67345592495618 -3.19592149918204 c
-8.33473525546675 0.36950078740082 -5.12037193230302 o
-8.5676696888336 -2.9638791403485 -2.60576855568102 o
5.92890452368949 -1.47212398397803 4.81904361909667 h
5.64970233870294 -3.8990548326234005 2.88044928115805 h
1.40678137961903 -1.74512779148952 5.63986512389949 h
3.20460541887477 1.5451635830395 2.76341896931175 h
0.02248945956459 0.83799051338904 2.37711508871744 h
1.01892517592947 -1.75788592031018 -1.48430541872264 h
1.78001097395519 1.45987433969067 -1.70787869410852 h
5.01839243166684 -0.9552981934916899 -3.70173682078416 h
5.4640781624459 -2.90891833591203 -1.06580509376846 h
7.72622117426944 0.22078142250583 0.97806956746833 h
6.38346140584089 5.81003455633962 -3.71041335489994 h
9.51757853600714 6.1173472154447 -0.87142015412994 h
10.30666841867856 3.54415880440225 0.78606289172857 h
-2.44219775070602 -6.23284508492905 2.23817836635652 h
-2.28393463843422 -1.99388319632374 5.85228332758184 h
-4.69852316341367 -4.19813894096081 5.40897279298378 h
-3.39760846704658 -2.40497436999088 -0.36201599979875 h
-7.14701700615257 1.7208667785843 -0.06025792460117 h
-2.68959076466222 1.08940236550773 -3.73599225929462 h
-2.82095522926556 3.17390862169989 -1.13310756232514 h
-7.12013775968952 5.49847526828081 -1.58390494699853 h
-7.838370366347471 -3.54294278703296 -1.0192883732824 h
$user-defined bonds 
 
$end
