$dipgrad          cartesian dipole gradients
  -.84681556202792D+00  0.76334964450458D-01  -.19818235828820D+00
  0.93632760725909D-01  -.49715602035251D+00  0.19254325739748D-01
  -.31046764554121D+00  0.14665609200150D-01  -.43829826244248D+00
  0.72094261245331D+00  -.90350398165649D-01  0.13319203271438D+00
  -.11096648793104D+00  0.31507024421949D+00  -.45213440355791D-02
  0.23704560623040D+00  -.42949965021842D-01  0.37210350794446D+00
  -.35573377527979D-01  0.12769318586830D+00  0.49138488156341D-01
  0.61869396439215D-01  0.75661379496876D-01  -.75123441091757D-01
  0.67014444035569D-02  -.18257454599224D+00  0.10990219431511D+00
  -.14005361285965D+00  -.62887070220977D-01  0.13147892434002D-01
  0.19707531642240D-01  -.14336387216465D+00  -.35637216523051D-01
  0.38531946600101D-01  -.10194783722868D+00  -.19204453673023D+00
  0.29563499349301D+00  -.36188900588950D-01  -.54000632404721D-02
  0.26613122103301D-01  0.27846701363640D+00  0.96995852218231D-01
  -.54948448113365D-01  0.96425814348745D-01  0.42186056075070D-01
  0.44821942701834D+00  0.35275336157544D+00  -.53323981121892D-01
  0.37461885303510D+00  0.62216916136503D+00  0.68305662579097D-02
  0.47119010905201D-01  0.11309853717164D+00  0.27476231671644D+00
  -.64150128853763D+00  -.36430998507435D+00  0.67125069229435D-01
  -.42715290779056D+00  -.80552788576611D+00  -.79715067229152D-01
  0.55602533948369D-01  -.10992333966862D+00  -.39450408818833D+00
  -.33658820365899D+00  -.85179762079450D-01  0.17882484062945D+00
  -.93685425757494D-02  -.17982775315711D+00  -.24040249648892D-01
  0.87384919884838D-01  0.97919221144222D-01  -.19568514814373D+00
  0.50689485275324D+00  0.12811512046419D+00  -.28917124251936D+00
  0.21476186184026D+00  0.67490806302615D+00  -.34657724819861D+00
  -.32718514461010D+00  -.27847030056344D+00  0.50368241762105D+00
  -.31935175682930D+00  -.13282153509406D-01  0.17735703416595D+00
  -.18132556182585D+00  -.95453715294396D+00  0.29977433399634D+00
  0.29480358346344D+00  0.27552115104915D+00  -.53865599320944D+00
  0.25570922939254D+00  0.11607971696690D-01  0.40939277593030D-01
  0.89178860573838D-03  0.32993360771924D+00  0.38409727338399D-02
  0.10001947570495D+00  -.85327411833381D-02  0.17687108627100D+00
  -.59261420333323D-01  -.24136504715109D-01  0.30350298962299D-01
  -.35227638446444D-01  -.52648708449922D-01  0.13278245316328D+00
  -.20915382658600D-01  0.84003872597310D-01  -.40217839098604D-01
  -.39466151041811D-01  -.72252270826619D-02  -.33059900015172D-01
  0.19188998790758D-01  -.77436483365355D-01  -.13956555161217D+00
  -.52045568415709D-01  -.67583374037018D-01  -.63012709168980D-01
  -.31786804392928D-01  0.28159993945485D-01  -.71727211154346D-01
  0.23050959936857D-01  -.46844706337341D-01  0.98153880047529D-01
  -.38444843379704D-01  0.52729258547219D-01  -.64136609604467D-01
  -.16035310606729D-01  -.18307197661824D-01  0.47836212076125D-01
  0.34487388513647D-02  -.10219498125499D-02  0.21785155928059D-01
  0.23651927765203D-01  0.16888039203993D-01  -.18200957946182D-02
  -.12384350682551D+00  0.67740801739523D-01  0.42760727175579D-01
  0.25841482883806D-01  -.97730530660382D-01  -.46037025150072D-01
  0.34638091875900D-01  -.61173618792429D-01  0.18616601913421D-01
  0.20840867241629D-01  -.53106536910082D-01  0.64323965677022D-01
  -.61870751826953D-01  -.51896403868282D-01  0.47615606017780D-01
  0.30563378924953D-01  0.72263391942293D-01  -.12112243727063D+00
  0.22994721343192D+00  0.77613547370274D-02  -.88726613538143D-01
  0.58060276036943D-01  0.25077678715148D+00  0.51399960596707D-01
  -.93390273905061D-01  0.34911333785237D-01  0.25563526999971D+00
  -.40718531547811D-01  -.25068799718110D-01  0.14362802924176D-02
  -.14280710925003D-01  0.34099664911470D-01  0.31561899466091D-01
  0.34995506813859D-01  0.30810801204504D-01  0.17839643223789D-01
  0.15280633040727D+00  -.20124218751009D-01  -.10684074922854D+00
  -.81493169569854D-01  0.32690554535447D+00  -.58777862676408D-01
  -.93660119896903D-01  -.36081307706992D-01  0.27789862557360D+00
$end
