$hessian (projected)
 1  1   0.5753484098  -0.0917418878  -0.1047428088  -0.1428764700   0.0210909857
 1  2  -0.0792360985  -0.0368231845   0.0106084952  -0.0273337947  -0.0005844215
 1  3  -0.0000253762   0.0002878837   0.0001637818  -0.0005064580  -0.0009314610
 1  4   0.0002891395   0.0007515965  -0.0003524493  -0.0004758363  -0.0005200767
 1  5   0.0000522863   0.0004507088  -0.0000123576   0.0002377895   0.0001988863
 1  6  -0.0018091649  -0.0011894306  -0.0000122685   0.0011957378   0.0004552924
 1  7  -0.3748784839   0.0521156054   0.2319444023  -0.0015252248   0.0070270642
 1  8  -0.0075429936  -0.0131187743   0.0000052765  -0.0164241798  -0.0056169661
 1  9   0.0015897844   0.0041240324  -0.0000913220   0.0000483013   0.0000108364
 1 10  -0.0002044683  -0.0000356360   0.0001268250   0.0001577759  -0.0001248572
 1 11   0.0003032039   0.0001347147   0.0001156612  -0.0000405261  -0.0007925393
 1 12   0.0008331700   0.0004914782   0.0002565428  -0.0006058640  -0.0002402877
 2  1  -0.0917418878   0.0644075780  -0.0012083594   0.0163711526  -0.0679335847
 2  2   0.0207517285   0.0084729816  -0.0001933712   0.0063522169   0.0000891436
 2  3   0.0000053864  -0.0001245480   0.0002144316  -0.0000872337  -0.0011670988
 2  4  -0.0002652028   0.0000908502   0.0002641838   0.0001094840   0.0002861770
 2  5  -0.0000333431   0.0004092685   0.0004232084   0.0001631891  -0.0016649265
 2  6  -0.0010400034   0.0007240462   0.0006510957   0.0004674030  -0.0006396899
 2  7   0.0567064570  -0.0108392301  -0.0321337827   0.0247108518   0.0006179185
 2  8   0.0213777565  -0.0160257500   0.0135915231  -0.0139920534   0.0011739472
 2  9   0.0004293131  -0.0009441496   0.0001771027  -0.0000494482   0.0000086573
 2 10  -0.0001866256   0.0000129646  -0.0000834997  -0.0000284795   0.0000575695
 2 11  -0.0000584611   0.0000092951   0.0000439719  -0.0000103569   0.0011136736
 2 12  -0.0004610659   0.0004977590  -0.0002960129   0.0001700735   0.0002558052
 3  1  -0.1047428088  -0.0012083594   0.3480448072  -0.0342767862   0.0125766066
 3  2  -0.1560969705   0.0066491614  -0.0007778043   0.0139718835   0.0002471810
 3  3   0.0000059278   0.0005950515   0.0004730407   0.0000473226   0.0012462707
 3  4   0.0001335606  -0.0002005903  -0.0003419750  -0.0000049168   0.0000255115
 3  5  -0.0000365736  -0.0000165485   0.0001686303   0.0005256245  -0.0011206993
 3  6  -0.0008175123  -0.0009128263  -0.0000430902   0.0000576319   0.0014366218
 3  7   0.1798164921  -0.0217715845  -0.1659975640  -0.0259575395   0.0067852987
 3  8  -0.0205898328  -0.0270004959   0.0063601778  -0.0213741952   0.0047251568
 3  9  -0.0013376033  -0.0011222339  -0.0001994360   0.0001300679   0.0000333809
 3 10   0.0000720065   0.0000317493  -0.0000068670   0.0000338860  -0.0000364305
 3 11   0.0000392665  -0.0000201487   0.0000501690   0.0000412602   0.0009194494
 3 12   0.0001323524   0.0007442824   0.0003125354  -0.0002215612  -0.0001994109
 4  1  -0.1428764700   0.0163711526  -0.0342767862   0.4606290474   0.0302611567
 4  2  -0.0250864265  -0.1475479207   0.0162531061   0.0526130054  -0.0088869623
 4  3  -0.0046111445   0.0091789985  -0.0002536013  -0.0011829071  -0.0015850033
 4  4  -0.0005334774  -0.0002226863   0.0004928654   0.0005094933   0.0004422544
 4  5  -0.0000682798   0.0021786533  -0.0013695041  -0.0032882523   0.0028740368
 4  6   0.0107461663   0.0056140525  -0.0006975562  -0.0022114475   0.0003660181
 4  7  -0.0258508246   0.0071920853  -0.0324905516  -0.0686701918  -0.0543498263
 4  8   0.0350289201  -0.0519248957  -0.0212399722  -0.0137899243  -0.0186842746
 4  9   0.0044345494   0.0094161563   0.0004079852  -0.0000280565  -0.0000635304
 4 10  -0.0000351089   0.0000520294  -0.0001092568   0.0000385735   0.0001603706
 4 11  -0.0001418879  -0.0001060287  -0.0000597937   0.0000624559  -0.0001405867
 4 12  -0.0012968370  -0.0018750685  -0.0004298906   0.0006593045   0.0000024955
 5  1   0.0210909857  -0.0679335847   0.0125766066   0.0302611567   0.5893030052
 5  2   0.0118987797   0.0162432052  -0.0806373724  -0.0143968427  -0.0194692767
 5  3   0.0051316018   0.0108043016  -0.0021357461  -0.0053007046   0.0054969439
 5  4   0.0005328616  -0.0000353571   0.0000980109  -0.0000556846  -0.0002107012
 5  5   0.0000803097   0.0009205997  -0.0038052037  -0.0034214183   0.0249754635
 5  6  -0.0063929249  -0.0165370781  -0.0008681614   0.0003076274   0.0012651993
 5  7   0.0033389043  -0.0024264735   0.0054761045  -0.0552333813  -0.2115417053
 5  8   0.1016102755  -0.0222307157  -0.2167012986  -0.1126991318   0.0038890408
 5  9  -0.0016413144  -0.0024383796  -0.0016073481   0.0013718371   0.0006076984
 5 10  -0.0001313855   0.0000091269  -0.0000702501   0.0000846761   0.0000226551
 5 11  -0.0000986108   0.0000188818   0.0000998206   0.0000122107  -0.0001883115
 5 12   0.0006600982   0.0003099131   0.0005642355  -0.0002791321  -0.0005746425
 6  1  -0.0792360985   0.0207517285  -0.1560969705  -0.0250864265   0.0118987797
 6  2   0.5242383945   0.0455687995  -0.0139419040  -0.1057570968   0.0167534131
 6  3   0.0007749483  -0.0106453669  -0.0004700838   0.0011255427  -0.0038567365
 6  4  -0.0003448533   0.0007228965  -0.0004074483  -0.0000758700  -0.0004336351
 6  5  -0.0000127028   0.0010769602  -0.0014817660  -0.0016940085   0.0192616289
 6  6  -0.0099997840  -0.0120760148   0.0004390113   0.0017170210  -0.0024020236
 6  7   0.0178991722  -0.0042037404   0.0093869710   0.0392533740   0.1058120220
 6  8  -0.1199183624  -0.0127603883  -0.1171813668  -0.1314593003  -0.0227060384
 6  9   0.0055098296   0.0103557997   0.0009066541  -0.0007431320  -0.0002491601
 6 10  -0.0001610797  -0.0000474420   0.0001427222   0.0002748463  -0.0000040211
 6 11   0.0004331134   0.0000163570   0.0000740124   0.0000791053  -0.0000323659
 6 12  -0.0002371856  -0.0003470090  -0.0005770121  -0.0001128038   0.0002860944
 7  1  -0.0368231845   0.0084729816   0.0066491614  -0.1475479207   0.0162432052
 7  2   0.0455687995   0.5043154946  -0.0410860827   0.0577274036  -0.0388668477
 7  3   0.0076248597   0.0005808042  -0.0089837421  -0.0086212457   0.0197536006
 7  4   0.0008980238  -0.0009899406   0.0010699556  -0.0004401997  -0.0004002244
 7  5  -0.0006710060  -0.0130550389   0.0125174232   0.0230282983  -0.0769846387
 7  6  -0.0061988524  -0.0154535234   0.0030661889  -0.0038260073  -0.0014681749
 7  7  -0.0031825243   0.0010370372  -0.0034035255  -0.0091859675   0.0007723382
 7  8   0.0080503714   0.0024191496  -0.0008367232   0.0006712828  -0.1736052752
 7  9   0.0320439822  -0.1301025718  -0.0034300074   0.0024557146   0.0008923688
 7 10   0.0007394223  -0.0001171787  -0.0001278496  -0.0007609411  -0.0000635451
 7 11  -0.0000379276  -0.0002233060   0.0000131038   0.0001973207   0.0014306044
 7 12  -0.0213648376  -0.0151451930   0.0002207100   0.0023239920   0.0022204048
 8  1   0.0106084952  -0.0001933712  -0.0007778043   0.0162531061  -0.0806373724
 8  2  -0.0139419040  -0.0410860827   0.3730925122   0.0166295761  -0.0175637714
 8  3  -0.0955792503   0.0469366816   0.0016785999   0.0071794401  -0.0059619194
 8  4   0.0006269470  -0.0009377497  -0.0012818616  -0.0005925884  -0.0005838447
 8  5  -0.0000379810   0.0069921230  -0.0000327711  -0.0078053062  -0.0059278272
 8  6  -0.1112920724  -0.0407908053  -0.0035947041  -0.0442592758  -0.0039383919
 8  7   0.0004606669  -0.0009822627   0.0008257430  -0.0223505828   0.0056998997
 8  8   0.0126880595   0.0246531683  -0.0044724452  -0.0148123726   0.0269188333
 8  9  -0.0454872287   0.0175271775   0.0032138043  -0.0029542263  -0.0017580665
 8 10   0.0009906803   0.0000197828   0.0002148360  -0.0003056735   0.0001125916
 8 11   0.0001535472  -0.0001315152  -0.0000742030  -0.0000054017   0.0001247328
 8 12   0.0010105240  -0.0027535075  -0.0009684118   0.0003713230  -0.0011102987
 9  1  -0.0273337947   0.0063522169   0.0139718835   0.0526130054  -0.0143968427
 9  2  -0.1057570968   0.0577274036   0.0166295761   0.4810711126   0.0081882158
 9  3   0.0285697315  -0.0561884196   0.0123147390   0.0006637081  -0.0118966213
 9  4  -0.0010219739  -0.0012015984   0.0025534363  -0.0002882314   0.0013664533
 9  5  -0.0006634421   0.0074568666  -0.0046508617  -0.0138929439  -0.0182464823
 9  6  -0.0601703564  -0.1093912518   0.0009897980   0.0229516224   0.0059175771
 9  7  -0.0056828200   0.0012210520  -0.0041535609   0.0166168010  -0.0031355720
 9  8  -0.0102042181   0.0185776685  -0.0022048099  -0.0105273168  -0.1228656676
 9  9   0.0230410707  -0.1720196430   0.0019565427  -0.0018697982  -0.0001957784
 9 10  -0.0007749106   0.0002127742  -0.0003634779  -0.0003895974   0.0002079246
 9 11  -0.0003496000  -0.0003301924   0.0001866979   0.0001312360  -0.0010058658
 9 12  -0.0165912017  -0.0108648184   0.0014984954   0.0028182133   0.0028229435
10  1  -0.0005844215   0.0000891436   0.0002471810  -0.0088869623  -0.0194692767
10  2   0.0167534131  -0.0388668477  -0.0175637714   0.0081882158   0.1614652892
10  3  -0.0381529040  -0.0649107013  -0.0800701762   0.0415601553   0.0162746819
10  4  -0.0257749728   0.0197445042   0.0105866490   0.0001062550   0.0001765385
10  5   0.0012092461   0.0014986032   0.0087541549   0.0044700780  -0.0028612090
10  6  -0.0079117037   0.0078219533   0.0000711213  -0.0011968109  -0.0002058637
10  7   0.0003724971  -0.0000409576   0.0002793260  -0.0032670912   0.0012203159
10  8   0.0011989077   0.0008088906  -0.0002444682  -0.0007718906   0.0059184947
10  9   0.0094410276  -0.0032912714  -0.0078156681   0.0050293734   0.0044268829
10 10  -0.0045594618  -0.0015686596  -0.0029312762   0.0016794491  -0.0004282993
10 11   0.0009868212   0.0006094161   0.0002352800   0.0002430762   0.0002483692
10 12   0.0005176048  -0.0001896589  -0.0000915748  -0.0001912467  -0.0003857699
11  1  -0.0000253762   0.0000053864   0.0000059278  -0.0046111445   0.0051316018
11  2   0.0007749483   0.0076248597  -0.0955792503   0.0285697315  -0.0381529040
11  3   0.2215388485  -0.0436886786   0.0296364854  -0.0633784058   0.0009194630
11  4   0.0090997719  -0.0047200456  -0.0020496694  -0.0016253446   0.0012546722
11  5   0.0002160012   0.0119780676  -0.0285465359  -0.0088491946  -0.0041639049
11  6  -0.0270388688   0.0167249427  -0.0007853422  -0.0069251950  -0.0028926655
11  7   0.0001997084   0.0001825603  -0.0000737396   0.0027843244   0.0007319012
11  8  -0.0016895002   0.0000654537   0.0009557948  -0.0003771026  -0.0047486982
11  9  -0.0121216496   0.0103659039  -0.0068225151   0.0067542558   0.0020706108
11 10   0.0008850138   0.0006608307   0.0010036244  -0.0002340045  -0.0003367686
11 11  -0.0002775910  -0.0000839325  -0.0000287109  -0.0001214997  -0.0003952147
11 12   0.0009402158   0.0000630612  -0.0006253035   0.0005193628  -0.0006945734
12  1   0.0002878837  -0.0001245480   0.0005950515   0.0091789985   0.0108043016
12  2  -0.0106453669   0.0005808042   0.0469366816  -0.0561884196  -0.0649107013
12  3  -0.0436886786   0.1209369411   0.0252473372  -0.0153269605  -0.0433082326
12  4  -0.0033830372   0.0046357912   0.0060872347   0.0002299187   0.0003139032
12  5   0.0005333457   0.0049038727  -0.0122072433  -0.0033753253   0.0029009164
12  6   0.0047103876   0.0012710746   0.0006534383  -0.0024702232   0.0021576153
12  7  -0.0004242292   0.0002816096  -0.0002095068   0.0010888505  -0.0015674148
12  8   0.0001752173  -0.0001503103   0.0000435814  -0.0000829107   0.0090277880
12  9   0.0199183613  -0.0114203132   0.0165140317  -0.0120699666  -0.0069148894
12 10  -0.0024187116  -0.0000942933  -0.0003891720  -0.0000007540   0.0005346998
12 11   0.0006078593   0.0000856860   0.0000297524  -0.0000249598   0.0003610870
12 12   0.0001075101   0.0005675517   0.0002271309  -0.0007672515  -0.0003727947
13  1   0.0001637818   0.0002144316   0.0004730407  -0.0002536013  -0.0021357461
13  2  -0.0004700838  -0.0089837421   0.0016785999   0.0123147390  -0.0800701762
13  3   0.0296364854   0.0252473372   0.3703482078   0.0272727512  -0.0082197701
13  4  -0.1462740453   0.0001695253  -0.0507130060  -0.0160904347  -0.0103380511
13  5  -0.0094057536  -0.0419772359  -0.0208869407   0.0024536458  -0.0044794719
13  6  -0.0122193607  -0.0072920913  -0.0011970936   0.0010002849   0.0028349461
13  7  -0.0000215578  -0.0001017626   0.0000176972  -0.0001227010   0.0002981426
13  8   0.0001970046  -0.0000305730   0.0001723564   0.0003765872   0.0002844187
13  9   0.0000465533  -0.0009155034  -0.0517249669  -0.0171234760   0.0422688459
13 10  -0.0207778627   0.0015456076  -0.0144932611   0.0033169709   0.0015610566
13 11   0.0031153546  -0.0009560548  -0.0008865714   0.0000707140  -0.0013739116
13 12   0.0000902895   0.0021679464   0.0002200495   0.0000058244  -0.0000283892
14  1  -0.0005064580  -0.0000872337   0.0000473226  -0.0011829071  -0.0053007046
14  2   0.0011255427  -0.0086212457   0.0071794401   0.0006637081   0.0415601553
14  3  -0.0633784058  -0.0153269605   0.0272727512   0.3194152428  -0.0911823100
14  4   0.0104319615  -0.0592311734   0.0129275265  -0.0356389942  -0.0114858508
14  5  -0.0217140891  -0.0241766326  -0.0992374223  -0.0117976478  -0.0075711074
14  6  -0.0022658629   0.0159652394  -0.0002470202   0.0001549416  -0.0032594173
14  7   0.0000564337  -0.0000746437   0.0001247344  -0.0016498260   0.0002629373
14  8   0.0007549018   0.0006070327  -0.0002305166  -0.0003696928   0.0001824845
14  9   0.0004107730   0.0004323354  -0.0200417173  -0.0811256322   0.0990027011
14 10   0.0147849424   0.0006364101   0.0093108484   0.0078632350   0.0007998730
14 11   0.0053055036  -0.0033926769  -0.0065044238  -0.0006325957   0.0010230604
14 12  -0.0003190782  -0.0020289582  -0.0007534712   0.0003813302   0.0006513076
15  1  -0.0009314610  -0.0011670988   0.0012462707  -0.0015850033   0.0054969439
15  2  -0.0038567365   0.0197536006  -0.0059619194  -0.0118966213   0.0162746819
15  3   0.0009194630  -0.0433082326  -0.0082197701  -0.0911823100   0.5019033369
15  4  -0.0602754558   0.0054238876  -0.1226331771  -0.0023268147  -0.0044119407
15  5   0.0022982590   0.0048299350  -0.0256892332  -0.0378045693  -0.0048677284
15  6   0.0138927363   0.0056455918   0.0058691450   0.0017440613  -0.0077132630
15  7  -0.0000515101  -0.0000907674   0.0002871924   0.0014438439  -0.0001592760
15  8  -0.0002292501  -0.0002214083   0.0001259835   0.0003066566   0.0000550418
15  9  -0.0015015713   0.0004740669   0.0472842620   0.1019175136  -0.2732264259
15 10   0.0106021899  -0.0004747344   0.0065326291  -0.0292542250  -0.0003063923
15 11  -0.0186824376   0.0009485686   0.0012666659  -0.0003280492   0.0004071333
15 12  -0.0001465514  -0.0001757566   0.0002649747   0.0003045397   0.0011605159
16  1   0.0002891395  -0.0002652028   0.0001335606  -0.0005334774   0.0005328616
16  2  -0.0003448533   0.0008980238   0.0006269470  -0.0010219739  -0.0257749728
16  3   0.0090997719  -0.0033830372  -0.1462740453   0.0104319615  -0.0602754558
16  4   0.5030975357  -0.0511250511  -0.0367218328  -0.0907149921  -0.0162485983
16  5  -0.0172682440  -0.0040107601  -0.0069404508  -0.0031265462  -0.0022523158
16  6   0.0006135180   0.0005084112   0.0009284932   0.0004489624  -0.0012538385
16  7  -0.0000551469   0.0000168151   0.0000597391   0.0000723473   0.0000065437
16  8   0.0000153117   0.0001212181  -0.0000309146  -0.0000418280  -0.0002117284
16  9  -0.0004448407   0.0004276748   0.0040740869  -0.0006394498   0.0020930688
16 10  -0.1681865823   0.1010510693   0.0722373853  -0.0602240027  -0.0106967999
16 11   0.0443207655  -0.0110705608  -0.0363367491   0.0032371196  -0.0000004025
16 12   0.0000229390   0.0000228080  -0.0001718575  -0.0001233323   0.0003817649
17  1   0.0007515965   0.0000908502  -0.0002005903  -0.0002226863  -0.0000353571
17  2   0.0007228965  -0.0009899406  -0.0009377497  -0.0012015984   0.0197445042
17  3  -0.0047200456   0.0046357912   0.0001695253  -0.0592311734   0.0054238876
17  4  -0.0511250511   0.4766028680  -0.0069746888  -0.0522809256  -0.1960921390
17  5  -0.0023037120  -0.0220813958  -0.0154437287  -0.0130002077  -0.0007679284
17  6  -0.0018980855  -0.0017829774   0.0001119469   0.0003325643   0.0002922368
17  7  -0.0000161586   0.0001079445  -0.0000867808   0.0001392946   0.0000464985
17  8  -0.0000763410  -0.0000985984  -0.0000356136  -0.0000030430  -0.0006456856
17  9   0.0004498458   0.0004905439   0.0107395628   0.0013538284   0.0087700109
17 10   0.1026193900  -0.1303581672  -0.0589956226  -0.0099399309  -0.0632905994
17 11   0.0591618394   0.0042234079  -0.0066853353   0.0046304218  -0.0002525697
17 12   0.0000803099   0.0006134669  -0.0000783572  -0.0003367152  -0.0001155329
18  1  -0.0003524493   0.0002641838  -0.0003419750   0.0004928654   0.0000980109
18  2  -0.0004074483   0.0010699556  -0.0012818616   0.0025534363   0.0105866490
18  3  -0.0020496694   0.0060872347  -0.0507130060   0.0129275265  -0.1226331771
18  4  -0.0367218328  -0.0069746888   0.5829153189  -0.0061185259   0.0245790537
18  5  -0.0763339705   0.0005317548  -0.0017628741  -0.0013700187  -0.0001917964
18  6   0.0006557478   0.0014699573   0.0004299489   0.0003883808  -0.0011907476
18  7  -0.0000350246   0.0000817246  -0.0000896815   0.0001430202  -0.0000012276
18  8  -0.0001295247   0.0000140094  -0.0001317602   0.0000071494  -0.0000927009
18  9   0.0006977873  -0.0012215200  -0.0288980592   0.0006539527  -0.0186531239
18 10   0.0699489695  -0.0593506094  -0.0967075648   0.0479231481   0.0564066559
18 11  -0.2732508235  -0.0084528126  -0.0253340597  -0.0004911114   0.0002833583
18 12  -0.0001770357  -0.0004676883   0.0001525285   0.0003107627   0.0002552787
19  1  -0.0004758363   0.0001094840  -0.0000049168   0.0005094933  -0.0000556846
19  2  -0.0000758700  -0.0004401997  -0.0005925884  -0.0002882314   0.0001062550
19  3  -0.0016253446   0.0002299187  -0.0160904347  -0.0356389942  -0.0023268147
19  4  -0.0907149921  -0.0522809256  -0.0061185259   0.4303274363   0.0857771839
19  5   0.2588956488  -0.0047405453  -0.0025403688  -0.0027536037   0.0005759808
19  6   0.0000732961  -0.0011931785  -0.0004043223  -0.0007459498   0.0008397471
19  7   0.0000682727  -0.0000629807   0.0000170453  -0.0000850708  -0.0000590968
19  8  -0.0000113707  -0.0000421653   0.0000796790   0.0000340099   0.0000490466
19  9   0.0002057818  -0.0002001383   0.0015944522   0.0004112877   0.0011651370
19 10   0.0127099653   0.0108792191  -0.0040093794  -0.0024990295  -0.0142682088
19 11   0.0015965341  -0.3304303733   0.0101549466  -0.2458223158  -0.0001388901
19 12  -0.0000200792   0.0003247885   0.0001209571   0.0001993433  -0.0002984841
20  1  -0.0005200767   0.0002861770   0.0000255115   0.0004422544  -0.0002107012
20  2  -0.0004336351  -0.0004002244  -0.0005838447   0.0013664533   0.0001765385
20  3   0.0012546722   0.0003139032  -0.0103380511  -0.0114858508  -0.0044119407
20  4  -0.0162485983  -0.1960921390   0.0245790537   0.0857771839   0.3081527030
20  5  -0.0103813704  -0.0012762901   0.0013145145   0.0002431778   0.0007039279
20  6   0.0008666459  -0.0022579641  -0.0003516237  -0.0002892349   0.0009224161
20  7   0.0000426252  -0.0000443304  -0.0000012298   0.0000246870  -0.0000264458
20  8  -0.0000111579  -0.0001738201   0.0001758201   0.0000986690   0.0001136094
20  9   0.0001273029  -0.0005801271   0.0005622502   0.0006924572  -0.0003515786
20 10  -0.0145618936  -0.0395587446  -0.0017293216  -0.0128732858  -0.0264343508
20 11   0.0043485412  -0.0311327400  -0.0381220966  -0.0118276582  -0.0003001917
20 12  -0.0001430811   0.0004291041   0.0003337192   0.0001205272  -0.0003408464
21  1   0.0000522863  -0.0000333431  -0.0000365736  -0.0000682798   0.0000803097
21  2  -0.0000127028  -0.0006710060  -0.0000379810  -0.0006634421   0.0012092461
21  3   0.0002160012   0.0005333457  -0.0094057536  -0.0217140891   0.0022982590
21  4  -0.0172682440  -0.0023037120  -0.0763339705   0.2588956488  -0.0103813704
21  5   0.2394910337  -0.0038182622  -0.0021966835   0.0002804368   0.0003519230
21  6  -0.0002957353  -0.0015321226  -0.0004869386  -0.0001262913   0.0006887949
21  7   0.0000526290   0.0000135244   0.0000503328  -0.0000201985  -0.0000261695
21  8  -0.0000480227  -0.0001399950   0.0000732318   0.0001507837   0.0001152264
21  9  -0.0001658884   0.0002382126   0.0019098186  -0.0003997629   0.0016668258
21 10  -0.0062155099  -0.0119408080   0.0054436325   0.0093305639   0.0305534507
21 11   0.0079229458  -0.2337569643   0.0186710933  -0.1802170206  -0.0002437713
21 12   0.0000543913   0.0003407197   0.0001775811  -0.0000401678  -0.0002614681
22  1   0.0004507088   0.0004092685  -0.0000165485   0.0021786533   0.0009205997
22  2   0.0010769602  -0.0130550389   0.0069921230   0.0074568666   0.0014986032
22  3   0.0119780676   0.0049038727  -0.0419772359  -0.0241766326   0.0048299350
22  4  -0.0040107601  -0.0220813958   0.0005317548  -0.0047405453  -0.0012762901
22  5  -0.0038182622   0.1497296550   0.0295898642  -0.0664150487  -0.0689435485
22  6   0.0251775988   0.0197637747  -0.0039523132  -0.0139044193   0.0160780619
22  7   0.0002326832  -0.0000617401   0.0001391737   0.0001804290  -0.0000984362
22  8  -0.0002005776  -0.0007385681   0.0001171714   0.0002955357   0.0008118785
22  9  -0.0009450055  -0.0003420535  -0.0020065685  -0.0098234250  -0.0030555323
22 10   0.0002319272  -0.0010557595  -0.0001484259   0.0006447977   0.0007639022
22 11   0.0000383005  -0.0001350685  -0.0012863562  -0.0001449069  -0.0181762189
22 12   0.0001975237   0.0199884861   0.0017765299  -0.0014366587  -0.0009613664
23  1  -0.0000123576   0.0004232084   0.0001686303  -0.0013695041  -0.0038052037
23  2  -0.0014817660   0.0125174232  -0.0000327711  -0.0046508617   0.0087541549
23  3  -0.0285465359  -0.0122072433  -0.0208869407  -0.0992374223  -0.0256892332
23  4  -0.0069404508  -0.0154437287  -0.0017628741  -0.0025403688   0.0013145145
23  5  -0.0021966835   0.0295898642   0.1994552894   0.0437606150   0.0039475441
23  6  -0.0397244459  -0.0140384923  -0.0205282885  -0.0059670285   0.0204773821
23  7  -0.0000706688   0.0000224608  -0.0000424414  -0.0002319977   0.0000613828
23  8  -0.0000670486   0.0010107657  -0.0000180231  -0.0002348506   0.0000897462
23  9   0.0000801202  -0.0003485631  -0.0031207270  -0.0126038063  -0.0023270108
23 10   0.0001673343   0.0003470704   0.0003435659   0.0013996946   0.0006943832
23 11  -0.0001506505  -0.0000413381  -0.0006599356   0.0005431506  -0.0013220584
23 12   0.0029994146   0.0015010670  -0.0004118264   0.0006410568  -0.0015966917
24  1   0.0002377895   0.0001631891   0.0005256245  -0.0032882523  -0.0034214183
24  2  -0.0016940085   0.0230282983  -0.0078053062  -0.0138929439   0.0044700780
24  3  -0.0088491946  -0.0033753253   0.0024536458  -0.0117976478  -0.0378045693
24  4  -0.0031265462  -0.0130002077  -0.0013700187  -0.0027536037   0.0002431778
24  5   0.0002804368  -0.0664150487   0.0437606150   0.1026503509   0.0244834214
24  6  -0.0301917043  -0.0451045323   0.0137104927   0.0143370548  -0.0118533181
24  7   0.0000064018  -0.0000569352   0.0001196293  -0.0001810703   0.0003095895
24  8   0.0003189062   0.0011920756  -0.0000061823  -0.0006668106   0.0003633724
24  9   0.0011100077   0.0010883102   0.0057708846   0.0153353889   0.0062039201
24 10  -0.0006344264   0.0008656658   0.0002310886   0.0008436671  -0.0003817347
24 11   0.0014961977  -0.0002288812  -0.0006658407   0.0004078203   0.0010169895
24 12   0.0004931251   0.0019479158  -0.0009492879  -0.0004416418   0.0004913261
25  1   0.0001988863  -0.0016649265  -0.0011206993   0.0028740368   0.0249754635
25  2   0.0192616289  -0.0769846387  -0.0059278272  -0.0182464823  -0.0028612090
25  3  -0.0041639049   0.0029009164  -0.0044794719  -0.0075711074  -0.0048677284
25  4  -0.0022523158  -0.0007679284  -0.0001917964   0.0005759808   0.0007039279
25  5   0.0003519230  -0.0689435485   0.0039475441   0.0244834214   0.4839399246
25  6  -0.0020937678   0.1542187057  -0.0870716390  -0.0178215678  -0.0135039647
25  7   0.0002576230   0.0004807094  -0.0000909275   0.0002974573   0.0000142060
25  8   0.0002487056  -0.0048162432   0.0007392833   0.0026005100  -0.0023043721
25  9  -0.0200112095  -0.0168343502  -0.0003467573   0.0025041107   0.0009285614
25 10  -0.0000221873  -0.0000651651   0.0000776905   0.0001362699  -0.0001099092
25 11   0.0000783608   0.0000221577  -0.0000825716  -0.0001886538  -0.2386761001
25 12  -0.0064180536  -0.1279130755   0.0004561466   0.0333326942  -0.0221927455
26  1  -0.0018091649  -0.0010400034  -0.0008175123   0.0107461663  -0.0063929249
26  2  -0.0099997840  -0.0061988524  -0.1112920724  -0.0601703564  -0.0079117037
26  3  -0.0270388688   0.0047103876  -0.0122193607  -0.0022658629   0.0138927363
26  4   0.0006135180  -0.0018980855   0.0006557478   0.0000732961   0.0008666459
26  5  -0.0002957353   0.0251775988  -0.0397244459  -0.0301917043  -0.0020937678
26  6   0.4251541722  -0.0062994831  -0.0012258966  -0.1759820065   0.0836774070
26  7  -0.0003922948   0.0005356237  -0.0001359874  -0.0014657116  -0.0005273101
26  8   0.0023906280  -0.0014589986   0.0001318455   0.0012555051   0.0012601720
26  9  -0.0004031656   0.0016772125  -0.0012748750  -0.0045199859  -0.0016968393
26 10  -0.0001306260   0.0001905152  -0.0000448666  -0.0003732062   0.0003394413
26 11  -0.0001525972  -0.0000451129  -0.0001558858  -0.0002552468   0.0006135164
26 12  -0.0496850986  -0.0026850051  -0.0018846965  -0.0062925276   0.0044854934
27  1  -0.0011894306   0.0007240462  -0.0009128263   0.0056140525  -0.0165370781
27  2  -0.0120760148  -0.0154535234  -0.0407908053  -0.1093912518   0.0078219533
27  3   0.0167249427   0.0012710746  -0.0072920913   0.0159652394   0.0056455918
27  4   0.0005084112  -0.0017829774   0.0014699573  -0.0011931785  -0.0022579641
27  5  -0.0015321226   0.0197637747  -0.0140384923  -0.0451045323   0.1542187057
27  6  -0.0062994831   0.4369535291  -0.0241355130   0.0539866761  -0.1076602930
27  7  -0.0003854849  -0.0002381954  -0.0004207722   0.0004973440  -0.0003426566
27  8  -0.0011902059   0.0022985687   0.0004764360  -0.0000715788  -0.0027691204
27  9  -0.0210609046  -0.0171158078   0.0003350681  -0.0010315223   0.0001232296
27 10   0.0013540958  -0.0005494404   0.0001174042  -0.0000352060   0.0001135433
27 11  -0.0004376021   0.0000263641  -0.0004633958   0.0000146808  -0.1425955025
27 12  -0.0071188623  -0.1292768234   0.0026107126   0.0245208942  -0.0204056365
28  1  -0.0000122685   0.0006510957  -0.0000430902  -0.0006975562  -0.0008681614
28  2   0.0004390113   0.0030661889  -0.0035947041   0.0009897980   0.0000711213
28  3  -0.0007853422   0.0006534383  -0.0011970936  -0.0002470202   0.0058691450
28  4   0.0009284932   0.0001119469   0.0004299489  -0.0004043223  -0.0003516237
28  5  -0.0004869386  -0.0039523132  -0.0205282885   0.0137104927  -0.0870716390
28  6  -0.0012258966  -0.0241355130   0.4207040814   0.0113574636   0.2267513678
28  7   0.0001668498  -0.0001515744   0.0001606355   0.0005549877   0.0005216681
28  8  -0.0008853043   0.0003625188   0.0003458763  -0.0002617122   0.0008264413
28  9  -0.0000680782   0.0019857959  -0.0005767721  -0.0021703865  -0.0008955467
28 10   0.0001156349   0.0000215352  -0.0000134730  -0.0000600633   0.0000241785
28 11  -0.0001291185  -0.0000465949  -0.0000693152  -0.0000059576   0.0043990156
28 12   0.0278716599  -0.0169258171  -0.3371767096  -0.0108450332  -0.2072071622
29  1   0.0011957378   0.0004674030   0.0000576319  -0.0022114475   0.0003076274
29  2   0.0017170210  -0.0038260073  -0.0442592758   0.0229516224  -0.0011968109
29  3  -0.0069251950  -0.0024702232   0.0010002849   0.0001549416   0.0017440613
29  4   0.0004489624   0.0003325643   0.0003883808  -0.0007459498  -0.0002892349
29  5  -0.0001262913  -0.0139044193  -0.0059670285   0.0143370548  -0.0178215678
29  6  -0.1759820065   0.0539866761   0.0113574636   0.2753472260  -0.1368758706
29  7  -0.0001100825  -0.0003033221  -0.0000537338   0.0003676140  -0.0000037180
29  8  -0.0004266304   0.0001341938   0.0001901201  -0.0002108433  -0.0002671777
29  9   0.0034013537   0.0013233089  -0.0004381052  -0.0005414142  -0.0006350001
29 10  -0.0002963513   0.0000117313   0.0000221492   0.0001684948  -0.0000896817
29 11  -0.0000871628   0.0000927759   0.0001236753   0.0000082427   0.0013912006
29 12  -0.0096178543   0.0091503256   0.0246611915  -0.0363579119   0.0351992810
30  1   0.0004552924  -0.0006396899   0.0014366218   0.0003660181   0.0012651993
30  2  -0.0024020236  -0.0014681749  -0.0039383919   0.0059175771  -0.0002058637
30  3  -0.0028926655   0.0021576153   0.0028349461  -0.0032594173  -0.0077132630
30  4  -0.0012538385   0.0002922368  -0.0011907476   0.0008397471   0.0009224161
30  5   0.0006887949   0.0160780619   0.0204773821  -0.0118533181  -0.0135039647
30  6   0.0836774070  -0.1076602930   0.2267513678  -0.1368758706   0.2959864617
30  7  -0.0000952529   0.0003535906   0.0001591033  -0.0013906492  -0.0009567698
30  8   0.0016923956  -0.0004806750  -0.0006580264   0.0005956654   0.0021838866
30  9  -0.0009461086   0.0025894872   0.0005081324   0.0024080421   0.0011248946
30 10  -0.0002338437   0.0000064674   0.0000276795   0.0001146129  -0.0000059014
30 11   0.0002588936  -0.0000174131  -0.0000246286  -0.0000653561   0.0007717050
30 12   0.0269622486  -0.0154661108  -0.2322540947   0.0138324799  -0.1662840779
31  1  -0.3748784839   0.0567064570   0.1798164921  -0.0258508246   0.0033389043
31  2   0.0178991722  -0.0031825243   0.0004606669  -0.0056828200   0.0003724971
31  3   0.0001997084  -0.0004242292  -0.0000215578   0.0000564337  -0.0000515101
31  4  -0.0000551469  -0.0000161586  -0.0000350246   0.0000682727   0.0000426252
31  5   0.0000526290   0.0002326832  -0.0000706688   0.0000064018   0.0002576230
31  6  -0.0003922948  -0.0003854849   0.0001668498  -0.0001100825  -0.0000952529
31  7   0.4010373984  -0.0604666125  -0.1940257470   0.0020595462   0.0005551971
31  8   0.0008268457   0.0008763963  -0.0008887742   0.0008523227  -0.0011327568
31  9   0.0004650307   0.0009575656   0.0000588343  -0.0000279228  -0.0000059896
31 10   0.0000233565  -0.0000116968   0.0000283424  -0.0000067810   0.0000046139
31 11   0.0000412332  -0.0000198389  -0.0000063451   0.0000157306   0.0000479269
31 12   0.0001435526   0.0001595361  -0.0000534704   0.0000173663   0.0000497868
32  1   0.0521156054  -0.0108392301  -0.0217715845   0.0071920853  -0.0024264735
32  2  -0.0042037404   0.0010370372  -0.0009822627   0.0012210520  -0.0000409576
32  3   0.0001825603   0.0002816096  -0.0001017626  -0.0000746437  -0.0000907674
32  4   0.0000168151   0.0001079445   0.0000817246  -0.0000629807  -0.0000443304
32  5   0.0000135244  -0.0000617401   0.0000224608  -0.0000569352   0.0004807094
32  6   0.0005356237  -0.0002381954  -0.0001515744  -0.0003033221   0.0003535906
32  7  -0.0604666125   0.0125224405   0.0250125545   0.0004668114   0.0002146859
32  8  -0.0007134975  -0.0009649182   0.0005712341   0.0002214287   0.0005165100
32  9   0.0002999714  -0.0001986362  -0.0000317064   0.0000015997  -0.0000021076
32 10  -0.0000336809  -0.0000062192  -0.0000172817  -0.0000158974   0.0000009524
32 11   0.0000030785  -0.0000082328   0.0000223098   0.0000152537   0.0000617244
32 12   0.0002530449   0.0001259230   0.0000527653  -0.0000583466  -0.0000369940
33  1   0.2319444023  -0.0321337827  -0.1659975640  -0.0324905516   0.0054761045
33  2   0.0093869710  -0.0034035255   0.0008257430  -0.0041535609   0.0002793260
33  3  -0.0000737396  -0.0002095068   0.0000176972   0.0001247344   0.0002871924
33  4   0.0000597391  -0.0000867808  -0.0000896815   0.0000170453  -0.0000012298
33  5   0.0000503328   0.0001391737  -0.0000424414   0.0001196293  -0.0000909275
33  6  -0.0001359874  -0.0004207722   0.0001606355  -0.0000537338   0.0001591033
33  7  -0.1940257470   0.0250125545   0.1597040627  -0.0005889830   0.0007571401
33  8   0.0002399812  -0.0008533714  -0.0004261497  -0.0000861909  -0.0012937897
33  9   0.0003953395   0.0006481898   0.0000174599   0.0000041603   0.0000096439
33 10   0.0000560671   0.0000159111   0.0000338460   0.0000043555   0.0000037264
33 11   0.0000209349  -0.0000091043  -0.0000012891   0.0000149448   0.0001009688
33 12   0.0004468584   0.0002544908  -0.0000408704  -0.0001071379   0.0000279534
34  1  -0.0015252248   0.0247108518  -0.0259575395  -0.0686701918  -0.0552333813
34  2   0.0392533740  -0.0091859675  -0.0223505828   0.0166168010  -0.0032670912
34  3   0.0027843244   0.0010888505  -0.0001227010  -0.0016498260   0.0014438439
34  4   0.0000723473   0.0001392946   0.0001430202  -0.0000850708   0.0000246870
34  5  -0.0000201985   0.0001804290  -0.0002319977  -0.0001810703   0.0002974573
34  6  -0.0014657116   0.0004973440   0.0005549877   0.0003676140  -0.0013906492
34  7   0.0020595462   0.0004668114  -0.0005889830   0.0785267533   0.0536708221
34  8  -0.0331352704   0.0017052005  -0.0020773443   0.0023016955   0.0005058458
34  9  -0.0002735381  -0.0005325472  -0.0005603540   0.0005793487   0.0001975585
34 10  -0.0001119305  -0.0000013472  -0.0000551666   0.0000239896  -0.0000216148
34 11  -0.0000751388   0.0000051839   0.0000409081   0.0000138520  -0.0000016212
34 12   0.0002672455   0.0001308278  -0.0004015878   0.0002534362   0.0002493960
35  1   0.0070270642   0.0006179185   0.0067852987  -0.0543498263  -0.2115417053
35  2   0.1058120220   0.0007723382   0.0056998997  -0.0031355720   0.0012203159
35  3   0.0007319012  -0.0015674148   0.0002981426   0.0002629373  -0.0001592760
35  4   0.0000065437   0.0000464985  -0.0000012276  -0.0000590968  -0.0000264458
35  5  -0.0000261695  -0.0000984362   0.0000613828   0.0003095895   0.0000142060
35  6  -0.0005273101  -0.0003426566   0.0005216681  -0.0000037180  -0.0009567698
35  7   0.0005551971   0.0002146859   0.0007571401   0.0536708221   0.2246382788
35  8  -0.1207002677  -0.0087237131  -0.0204969260   0.0128796674  -0.0008985766
35  9   0.0005082161   0.0002310484  -0.0000137499  -0.0000690069  -0.0000370213
35 10  -0.0000107860  -0.0000139617   0.0000046399   0.0000110917  -0.0000051393
35 11  -0.0000021857   0.0000120763  -0.0000045258  -0.0000014026  -0.0000150901
35 12  -0.0000209948   0.0000246852   0.0000598089  -0.0000719850   0.0001258725
36  1  -0.0075429936   0.0213777565  -0.0205898328   0.0350289201   0.1016102755
36  2  -0.1199183624   0.0080503714   0.0126880595  -0.0102042181   0.0011989077
36  3  -0.0016895002   0.0001752173   0.0001970046   0.0007549018  -0.0002292501
36  4   0.0000153117  -0.0000763410  -0.0001295247  -0.0000113707  -0.0000111579
36  5  -0.0000480227  -0.0002005776  -0.0000670486   0.0003189062   0.0002487056
36  6   0.0023906280  -0.0011902059  -0.0008853043  -0.0004266304   0.0016923956
36  7   0.0008268457  -0.0007134975   0.0002399812  -0.0331352704  -0.1207002677
36  8   0.1372762254  -0.0042527997  -0.0142768120   0.0120629716   0.0000252555
36  9  -0.0004075786   0.0006823418   0.0001970777  -0.0001857214  -0.0000560917
36 10   0.0000774851  -0.0000018626   0.0000349955  -0.0000354946   0.0000007416
36 11   0.0000272019  -0.0000002690  -0.0000163683  -0.0000092096  -0.0000773329
36 12  -0.0000735208  -0.0000602335   0.0002755276  -0.0001760557  -0.0000752850
37  1  -0.0131187743  -0.0160257500  -0.0270004959  -0.0519248957  -0.0222307157
37  2  -0.0127603883   0.0024191496   0.0246531683   0.0185776685   0.0008088906
37  3   0.0000654537  -0.0001503103  -0.0000305730   0.0006070327  -0.0002214083
37  4   0.0001212181  -0.0000985984   0.0000140094  -0.0000421653  -0.0001738201
37  5  -0.0001399950  -0.0007385681   0.0010107657   0.0011920756  -0.0048162432
37  6  -0.0014589986   0.0022985687   0.0003625188   0.0001341938  -0.0004806750
37  7   0.0008763963  -0.0009649182  -0.0008533714   0.0017052005  -0.0087237131
37  8  -0.0042527997   0.0633063477   0.0235007827   0.0242392559   0.0009199773
37  9  -0.0001997386  -0.0005254509   0.0000924789  -0.0000961162  -0.0000729373
37 10   0.0000650676  -0.0000107844   0.0000045027  -0.0000128611   0.0000157940
37 11   0.0000049456  -0.0000210633  -0.0000112806   0.0000218171  -0.0000050809
37 12   0.0000757464   0.0000748504   0.0000329793  -0.0000685035   0.0000301382
38  1   0.0000052765   0.0135915231   0.0063601778  -0.0212399722  -0.2167012986
38  2  -0.1171813668  -0.0008367232  -0.0044724452  -0.0022048099  -0.0002444682
38  3   0.0009557948   0.0000435814   0.0001723564  -0.0002305166   0.0001259835
38  4  -0.0000309146  -0.0000356136  -0.0001317602   0.0000796790   0.0001758201
38  5   0.0000732318   0.0001171714  -0.0000180231  -0.0000061823   0.0007392833
38  6   0.0001318455   0.0004764360   0.0003458763   0.0001901201  -0.0006580264
38  7  -0.0008887742   0.0005712341  -0.0004261497  -0.0020773443  -0.0204969260
38  8  -0.0142768120   0.0235007827   0.2262410371   0.1276406575   0.0005540083
38  9  -0.0002186132  -0.0000422608  -0.0000494453   0.0000844636   0.0000364033
38 10  -0.0000006647   0.0000156272   0.0000225354  -0.0000133507  -0.0000151432
38 11   0.0000057147   0.0000208482  -0.0000167856  -0.0000380501  -0.0000565161
38 12   0.0001234656   0.0001739756  -0.0000971086   0.0001244337   0.0000067209
39  1  -0.0164241798  -0.0139920534  -0.0213741952  -0.0137899243  -0.1126991318
39  2  -0.1314593003   0.0006712828  -0.0148123726  -0.0105273168  -0.0007718906
39  3  -0.0003771026  -0.0000829107   0.0003765872  -0.0003696928   0.0003066566
39  4  -0.0000418280  -0.0000030430   0.0000071494   0.0000340099   0.0000986690
39  5   0.0001507837   0.0002955357  -0.0002348506  -0.0006668106   0.0026005100
39  6   0.0012555051  -0.0000715788  -0.0002617122  -0.0002108433   0.0005956654
39  7   0.0008523227   0.0002214287  -0.0000861909   0.0023016955   0.0128796674
39  8   0.0120629716   0.0242392559   0.1276406575   0.1504962997   0.0001802118
39  9   0.0002415064   0.0005285625  -0.0000794296   0.0000989407   0.0000706308
39 10  -0.0000462117   0.0000146905  -0.0000113051   0.0000006202  -0.0000193209
39 11  -0.0000180602   0.0000176915   0.0000069008  -0.0000069381  -0.0001872234
39 12   0.0003034368   0.0001532241   0.0000326764  -0.0000429921  -0.0000673370
40  1  -0.0056169661   0.0011739472   0.0047251568  -0.0186842746   0.0038890408
40  2  -0.0227060384  -0.1736052752   0.0269188333  -0.1228656676   0.0059184947
40  3  -0.0047486982   0.0090277880   0.0002844187   0.0001824845   0.0000550418
40  4  -0.0002117284  -0.0006456856  -0.0000927009   0.0000490466   0.0001136094
40  5   0.0001152264   0.0008118785   0.0000897462   0.0003633724  -0.0023043721
40  6   0.0012601720  -0.0027691204   0.0008264413  -0.0002671777   0.0021838866
40  7  -0.0011327568   0.0005165100  -0.0012937897   0.0005058458  -0.0008985766
40  8   0.0000252555   0.0009199773   0.0005540083   0.0001802118   0.1918992073
40  9  -0.0267098969   0.1342732100   0.0000800920  -0.0000892983  -0.0002530114
40 10   0.0002913807   0.0001918660  -0.0002803629  -0.0009633792  -0.0000100483
40 11   0.0000846529  -0.0000053939  -0.0000086619   0.0000041979   0.0008794522
40 12  -0.0003468802  -0.0002257319   0.0000579110  -0.0011652939  -0.0005515767
41  1   0.0015897844   0.0004293131  -0.0013376033   0.0044345494  -0.0016413144
41  2   0.0055098296   0.0320439822  -0.0454872287   0.0230410707   0.0094410276
41  3  -0.0121216496   0.0199183613   0.0000465533   0.0004107730  -0.0015015713
41  4  -0.0004448407   0.0004498458   0.0006977873   0.0002057818   0.0001273029
41  5  -0.0001658884  -0.0009450055   0.0000801202   0.0011100077  -0.0200112095
41  6  -0.0004031656  -0.0210609046  -0.0000680782   0.0034013537  -0.0009461086
41  7   0.0004650307   0.0002999714   0.0003953395  -0.0002735381   0.0005082161
41  8  -0.0004075786  -0.0001997386  -0.0002186132   0.0002415064  -0.0267098969
41  9   0.0586538162  -0.0227389137   0.0001120354   0.0000165163  -0.0002294790
41 10  -0.0002261330   0.0000262869  -0.0003520649  -0.0003226364   0.0002984514
41 11  -0.0003469025  -0.0000722329   0.0000353869   0.0000554921   0.0002815676
41 12  -0.0041153825  -0.0025548563   0.0006529974  -0.0007500000   0.0006724766
42  1   0.0041240324  -0.0009441496  -0.0011222339   0.0094161563  -0.0024383796
42  2   0.0103557997  -0.1301025718   0.0175271775  -0.1720196430  -0.0032912714
42  3   0.0103659039  -0.0114203132  -0.0009155034   0.0004323354   0.0004740669
42  4   0.0004276748   0.0004905439  -0.0012215200  -0.0002001383  -0.0005801271
42  5   0.0002382126  -0.0003420535  -0.0003485631   0.0010883102  -0.0168343502
42  6   0.0016772125  -0.0171158078   0.0019857959   0.0013233089   0.0025894872
42  7   0.0009575656  -0.0001986362   0.0006481898  -0.0005325472   0.0002310484
42  8   0.0006823418  -0.0005254509  -0.0000422608   0.0005285625   0.1342732100
42  9  -0.0227389137   0.1860231344   0.0000859749   0.0000169947   0.0001890711
42 10   0.0001387730  -0.0000267986   0.0003120438   0.0005090885  -0.0001412069
42 11   0.0007254344   0.0000925710   0.0000266494  -0.0000095328   0.0006820790
42 12  -0.0030786819  -0.0012777498   0.0000509652  -0.0015534571   0.0003321459
43  1  -0.0000913220   0.0001771027  -0.0001994360   0.0004079852  -0.0016073481
43  2   0.0009066541  -0.0034300074   0.0032138043   0.0019565427  -0.0078156681
43  3  -0.0068225151   0.0165140317  -0.0517249669  -0.0200417173   0.0472842620
43  4   0.0040740869   0.0107395628  -0.0288980592   0.0015944522   0.0005622502
43  5   0.0019098186  -0.0020065685  -0.0031207270   0.0057708846  -0.0003467573
43  6  -0.0012748750   0.0003350681  -0.0005767721  -0.0004381052   0.0005081324
43  7   0.0000588343  -0.0000317064   0.0000174599  -0.0005603540  -0.0000137499
43  8   0.0001970777   0.0000924789  -0.0000494453  -0.0000794296   0.0000800920
43  9   0.0001120354   0.0000859749   0.0635701007   0.0191023387  -0.0441139270
43 10   0.0011487580   0.0000735243   0.0006833995  -0.0045727809  -0.0009286634
43 11  -0.0031335960   0.0002955050   0.0002961385   0.0002935231  -0.0000982039
43 12   0.0000031057   0.0000525569  -0.0000988921   0.0000489901  -0.0000909386
44  1   0.0000483013  -0.0000494482   0.0001300679  -0.0000280565   0.0013718371
44  2  -0.0007431320   0.0024557146  -0.0029542263  -0.0018697982   0.0050293734
44  3   0.0067542558  -0.0120699666  -0.0171234760  -0.0811256322   0.1019175136
44  4  -0.0006394498   0.0013538284   0.0006539527   0.0004112877   0.0006924572
44  5  -0.0003997629  -0.0098234250  -0.0126038063   0.0153353889   0.0025041107
44  6  -0.0045199859  -0.0010315223  -0.0021703865  -0.0005414142   0.0024080421
44  7  -0.0000279228   0.0000015997   0.0000041603   0.0005793487  -0.0000690069
44  8  -0.0001857214  -0.0000961162   0.0000844636   0.0000989407  -0.0000892983
44  9   0.0000165163   0.0000169947   0.0191023387   0.0910220089  -0.1034912867
44 10   0.0000207158   0.0000887959   0.0001375179  -0.0001534090   0.0004300271
44 11  -0.0003809944   0.0000827750   0.0000323472  -0.0000246825  -0.0000840781
44 12   0.0000730285  -0.0000168003   0.0000016523  -0.0000576459  -0.0004889115
45  1   0.0000108364   0.0000086573   0.0000333809  -0.0000635304   0.0006076984
45  2  -0.0002491601   0.0008923688  -0.0017580665  -0.0001957784   0.0044268829
45  3   0.0020706108  -0.0069148894   0.0422688459   0.0990027011  -0.2732264259
45  4   0.0020930688   0.0087700109  -0.0186531239   0.0011651370  -0.0003515786
45  5   0.0016668258  -0.0030555323  -0.0023270108   0.0062039201   0.0009285614
45  6  -0.0016968393   0.0001232296  -0.0008955467  -0.0006350001   0.0011248946
45  7  -0.0000059896  -0.0000021076   0.0000096439   0.0001975585  -0.0000370213
45  8  -0.0000560917  -0.0000729373   0.0000364033   0.0000706308  -0.0002530114
45  9  -0.0002294790   0.0001890711  -0.0441139270  -0.1034912867   0.2893481506
45 10  -0.0003014024   0.0000538875   0.0007940393  -0.0033519822   0.0000646685
45 11  -0.0006004729   0.0002336572  -0.0000979751   0.0005150216  -0.0000671942
45 12   0.0000390411  -0.0000060821  -0.0000358634  -0.0000273137  -0.0001767838
46  1  -0.0002044683  -0.0001866256   0.0000720065  -0.0000351089  -0.0001313855
46  2  -0.0001610797   0.0007394223   0.0009906803  -0.0007749106  -0.0045594618
46  3   0.0008850138  -0.0024187116  -0.0207778627   0.0147849424   0.0106021899
46  4  -0.1681865823   0.1026193900   0.0699489695   0.0127099653  -0.0145618936
46  5  -0.0062155099   0.0002319272   0.0001673343  -0.0006344264  -0.0000221873
46  6  -0.0001306260   0.0013540958   0.0001156349  -0.0002963513  -0.0002338437
46  7   0.0000233565  -0.0000336809   0.0000560671  -0.0001119305  -0.0000107860
46  8   0.0000774851   0.0000650676  -0.0000006647  -0.0000462117   0.0002913807
46  9  -0.0002261330   0.0001387730   0.0011487580   0.0000207158  -0.0003014024
46 10   0.1796034495  -0.1079912813  -0.0736943717  -0.0024427929   0.0036692761
46 11   0.0025158859   0.0013510536   0.0002713126  -0.0001117796   0.0002232385
46 12   0.0000248124  -0.0002908277  -0.0001628596   0.0001359502   0.0001176022
47  1  -0.0000356360   0.0000129646   0.0000317493   0.0000520294   0.0000091269
47  2  -0.0000474420  -0.0001171787   0.0000197828   0.0002127742  -0.0015686596
47  3   0.0006608307  -0.0000942933   0.0015456076   0.0006364101  -0.0004747344
47  4   0.1010510693  -0.1303581672  -0.0593506094   0.0108792191  -0.0395587446
47  5  -0.0119408080  -0.0010557595   0.0003470704   0.0008656658  -0.0000651651
47  6   0.0001905152  -0.0005494404   0.0000215352   0.0000117313   0.0000064674
47  7  -0.0000116968  -0.0000062192   0.0000159111  -0.0000013472  -0.0000139617
47  8  -0.0000018626  -0.0000107844   0.0000156272   0.0000146905   0.0001918660
47  9   0.0000262869  -0.0000267986   0.0000735243   0.0000887959   0.0000538875
47 10  -0.1079912813   0.1606592376   0.0675797479  -0.0039294384   0.0070013981
47 11   0.0029413586   0.0010271715   0.0001739882   0.0007060820  -0.0000843120
47 12   0.0000586701   0.0000573536   0.0000292367   0.0000246565   0.0000003009
48  1   0.0001268250  -0.0000834997  -0.0000068670  -0.0001092568  -0.0000702501
48  2   0.0001427222  -0.0001278496   0.0002148360  -0.0003634779  -0.0029312762
48  3   0.0010036244  -0.0003891720  -0.0144932611   0.0093108484   0.0065326291
48  4   0.0722373853  -0.0589956226  -0.0967075648  -0.0040093794  -0.0017293216
48  5   0.0054436325  -0.0001484259   0.0003435659   0.0002310886   0.0000776905
48  6  -0.0000448666   0.0001174042  -0.0000134730   0.0000221492   0.0000276795
48  7   0.0000283424  -0.0000172817   0.0000338460  -0.0000551666   0.0000046399
48  8   0.0000349955   0.0000045027   0.0000225354  -0.0000113051  -0.0002803629
48  9  -0.0003520649   0.0003120438   0.0006833995   0.0001375179   0.0007940393
48 10  -0.0736943717   0.0675797479   0.0962259016   0.0225735888  -0.0165259714
48 11  -0.0123282498   0.0001144781  -0.0008068829  -0.0000797911   0.0000088731
48 12   0.0000657280   0.0000038176   0.0000077379  -0.0000794315  -0.0000133723
49  1   0.0001577759  -0.0000284795   0.0000338860   0.0000385735   0.0000846761
49  2   0.0002748463  -0.0007609411  -0.0003056735  -0.0003895974   0.0016794491
49  3  -0.0002340045  -0.0000007540   0.0033169709   0.0078632350  -0.0292542250
49  4  -0.0602240027  -0.0099399309   0.0479231481  -0.0024990295  -0.0128732858
49  5   0.0093305639   0.0006447977   0.0013996946   0.0008436671   0.0001362699
49  6  -0.0003732062  -0.0000352060  -0.0000600633   0.0001684948   0.0001146129
49  7  -0.0000067810  -0.0000158974   0.0000043555   0.0000239896   0.0000110917
49  8  -0.0000354946  -0.0000128611  -0.0000133507   0.0000006202  -0.0009633792
49  9  -0.0003226364   0.0005090885  -0.0045727809  -0.0001534090  -0.0033519822
49 10  -0.0024427929  -0.0039294384   0.0225735888   0.0649960881   0.0191471573
49 11  -0.0494639361   0.0004722160  -0.0004484173   0.0009446331   0.0000091880
49 12   0.0000559324   0.0000099860   0.0000673132  -0.0000925525  -0.0000318014
50  1  -0.0001248572   0.0000575695  -0.0000364305   0.0001603706   0.0000226551
50  2  -0.0000040211  -0.0000635451   0.0001125916   0.0002079246  -0.0004282993
50  3  -0.0003367686   0.0005346998   0.0015610566   0.0007998730  -0.0003063923
50  4  -0.0106967999  -0.0632905994   0.0564066559  -0.0142682088  -0.0264343508
50  5   0.0305534507   0.0007639022   0.0006943832  -0.0003817347  -0.0001099092
50  6   0.0003394413   0.0001135433   0.0000241785  -0.0000896817  -0.0000059014
50  7   0.0000046139   0.0000009524   0.0000037264  -0.0000216148  -0.0000051393
50  8   0.0000007416   0.0000157940  -0.0000151432  -0.0000193209  -0.0000100483
50  9   0.0002984514  -0.0001412069  -0.0009286634   0.0004300271   0.0000646685
50 10   0.0036692761   0.0070013981  -0.0165259714   0.0191471573   0.0797043008
50 11  -0.0711342239   0.0013414124   0.0007416934   0.0007038652   0.0000467510
50 12  -0.0000468029  -0.0000630144  -0.0000825665   0.0000151489   0.0000289415
51  1   0.0003032039  -0.0000584611   0.0000392665  -0.0001418879  -0.0000986108
51  2   0.0004331134  -0.0000379276   0.0001535472  -0.0003496000   0.0009868212
51  3  -0.0002775910   0.0006078593   0.0031153546   0.0053055036  -0.0186824376
51  4   0.0443207655   0.0591618394  -0.2732508235   0.0015965341   0.0043485412
51  5   0.0079229458   0.0000383005  -0.0001506505   0.0014961977   0.0000783608
51  6  -0.0001525972  -0.0004376021  -0.0001291185  -0.0000871628   0.0002588936
51  7   0.0000412332   0.0000030785   0.0000209349  -0.0000751388  -0.0000021857
51  8   0.0000272019   0.0000049456   0.0000057147  -0.0000180602   0.0000846529
51  9  -0.0003469025   0.0007254344  -0.0031335960  -0.0003809944  -0.0006004729
51 10   0.0025158859   0.0029413586  -0.0123282498  -0.0494639361  -0.0711342239
51 11   0.2930042421   0.0000589167   0.0008093976   0.0010422660  -0.0001005103
51 12   0.0001114365   0.0001362399  -0.0000628596  -0.0001510374  -0.0000473497
52  1   0.0001347147   0.0000092951  -0.0000201487  -0.0001060287   0.0000188818
52  2   0.0000163570  -0.0002233060  -0.0001315152  -0.0003301924   0.0006094161
52  3  -0.0000839325   0.0000856860  -0.0009560548  -0.0033926769   0.0009485686
52  4  -0.0110705608   0.0042234079  -0.0084528126  -0.3304303733  -0.0311327400
52  5  -0.2337569643  -0.0001350685  -0.0000413381  -0.0002288812   0.0000221577
52  6  -0.0000451129   0.0000263641  -0.0000465949   0.0000927759  -0.0000174131
52  7  -0.0000198389  -0.0000082328  -0.0000091043   0.0000051839   0.0000120763
52  8  -0.0000002690  -0.0000210633   0.0000208482   0.0000176915  -0.0000053939
52  9  -0.0000722329   0.0000925710   0.0002955050   0.0000827750   0.0002336572
52 10   0.0013510536   0.0010271715   0.0001144781   0.0004722160   0.0013414124
52 11   0.0000589167   0.3401507310   0.0281217091   0.2412159610  -0.0000143046
52 12   0.0000218361   0.0000237046  -0.0000123902  -0.0000644079  -0.0000181705
53  1   0.0001156612   0.0000439719   0.0000501690  -0.0000597937   0.0000998206
53  2   0.0000740124   0.0000131038  -0.0000742030   0.0001866979   0.0002352800
53  3  -0.0000287109   0.0000297524  -0.0008865714  -0.0065044238   0.0012666659
53  4  -0.0363367491  -0.0066853353  -0.0253340597   0.0101549466  -0.0381220966
53  5   0.0186710933  -0.0012863562  -0.0006599356  -0.0006658407  -0.0000825716
53  6  -0.0001558858  -0.0004633958  -0.0000693152   0.0001236753  -0.0000246286
53  7  -0.0000063451   0.0000223098  -0.0000012891   0.0000409081  -0.0000045258
53  8  -0.0000163683  -0.0000112806  -0.0000167856   0.0000069008  -0.0000086619
53  9   0.0000353869   0.0000266494   0.0002961385   0.0000323472  -0.0000979751
53 10   0.0002713126   0.0001739882  -0.0008068829  -0.0004484173   0.0007416934
53 11   0.0008093976   0.0281217091   0.0510027075   0.0062269855  -0.0000473622
53 12   0.0000109223   0.0000805012  -0.0000056357  -0.0000349208  -0.0000183850
54  1  -0.0000405261  -0.0000103569   0.0000412602   0.0000624559   0.0000122107
54  2   0.0000791053   0.0001973207  -0.0000054017   0.0001312360   0.0002430762
54  3  -0.0001214997  -0.0000249598   0.0000707140  -0.0006325957  -0.0003280492
54  4   0.0032371196   0.0046304218  -0.0004911114  -0.2458223158  -0.0118276582
54  5  -0.1802170206  -0.0001449069   0.0005431506   0.0004078203  -0.0001886538
54  6  -0.0002552468   0.0000146808  -0.0000059576   0.0000082427  -0.0000653561
54  7   0.0000157306   0.0000152537   0.0000149448   0.0000138520  -0.0000014026
54  8  -0.0000092096   0.0000218171  -0.0000380501  -0.0000069381   0.0000041979
54  9   0.0000554921  -0.0000095328   0.0002935231  -0.0000246825   0.0005150216
54 10  -0.0001117796   0.0007060820  -0.0000797911   0.0009446331   0.0007038652
54 11   0.0010422660   0.2412159610   0.0062269855   0.1789540533  -0.0000045947
54 12  -0.0000174155  -0.0000118237  -0.0000016669   0.0000326054   0.0000434043
55  1  -0.0007925393   0.0011136736   0.0009194494  -0.0001405867  -0.0001883115
55  2  -0.0000323659   0.0014306044   0.0001247328  -0.0010058658   0.0002483692
55  3  -0.0003952147   0.0003610870  -0.0013739116   0.0010230604   0.0004071333
55  4  -0.0000004025  -0.0002525697   0.0002833583  -0.0001388901  -0.0003001917
55  5  -0.0002437713  -0.0181762189  -0.0013220584   0.0010169895  -0.2386761001
55  6   0.0006135164  -0.1425955025   0.0043990156   0.0013912006   0.0007717050
55  7   0.0000479269   0.0000617244   0.0001009688  -0.0000016212  -0.0000150901
55  8  -0.0000773329  -0.0000050809  -0.0000565161  -0.0001872234   0.0008794522
55  9   0.0002815676   0.0006820790  -0.0000982039  -0.0000840781  -0.0000671942
55 10   0.0002232385  -0.0000843120   0.0000088731   0.0000091880   0.0000467510
55 11  -0.0001005103  -0.0000143046  -0.0000473622  -0.0000045947   0.2496150648
55 12  -0.0007805617   0.1387883771   0.0025650002  -0.0011299606   0.0009743406
56  1   0.0008331700  -0.0004610659   0.0001323524  -0.0012968370   0.0006600982
56  2  -0.0002371856  -0.0213648376   0.0010105240  -0.0165912017   0.0005176048
56  3   0.0009402158   0.0001075101   0.0000902895  -0.0003190782  -0.0001465514
56  4   0.0000229390   0.0000803099  -0.0001770357  -0.0000200792  -0.0001430811
56  5   0.0000543913   0.0001975237   0.0029994146   0.0004931251  -0.0064180536
56  6  -0.0496850986  -0.0071188623   0.0278716599  -0.0096178543   0.0269622486
56  7   0.0001435526   0.0002530449   0.0004468584   0.0002672455  -0.0000209948
56  8  -0.0000735208   0.0000757464   0.0001234656   0.0003034368  -0.0003468802
56  9  -0.0041153825  -0.0030786819   0.0000031057   0.0000730285   0.0000390411
56 10   0.0000248124   0.0000586701   0.0000657280   0.0000559324  -0.0000468029
56 11   0.0001114365   0.0000218361   0.0000109223  -0.0000174155  -0.0007805617
56 12   0.0628869042  -0.0059616823   0.0001018314  -0.0046872399   0.0046860089
57  1   0.0004914782   0.0004977590   0.0007442824  -0.0018750685   0.0003099131
57  2  -0.0003470090  -0.0151451930  -0.0027535075  -0.0108648184  -0.0001896589
57  3   0.0000630612   0.0005675517   0.0021679464  -0.0020289582  -0.0001757566
57  4   0.0000228080   0.0006134669  -0.0004676883   0.0003247885   0.0004291041
57  5   0.0003407197   0.0199884861   0.0015010670   0.0019479158  -0.1279130755
57  6  -0.0026850051  -0.1292768234  -0.0169258171   0.0091503256  -0.0154661108
57  7   0.0001595361   0.0001259230   0.0002544908   0.0001308278   0.0000246852
57  8  -0.0000602335   0.0000748504   0.0001739756   0.0001532241  -0.0002257319
57  9  -0.0025548563  -0.0012777498   0.0000525569  -0.0000168003  -0.0000060821
57 10  -0.0002908277   0.0000573536   0.0000038176   0.0000099860  -0.0000630144
57 11   0.0001362399   0.0000237046   0.0000805012  -0.0000118237   0.1387883771
57 12  -0.0059616823   0.1544664994   0.0003300263   0.0030366884  -0.0006606458
58  1   0.0002565428  -0.0002960129   0.0003125354  -0.0004298906   0.0005642355
58  2  -0.0005770121   0.0002207100  -0.0009684118   0.0014984954  -0.0000915748
58  3  -0.0006253035   0.0002271309   0.0002200495  -0.0007534712   0.0002649747
58  4  -0.0001718575  -0.0000783572   0.0001525285   0.0001209571   0.0003337192
58  5   0.0001775811   0.0017765299  -0.0004118264  -0.0009492879   0.0004561466
58  6  -0.0018846965   0.0026107126  -0.3371767096   0.0246611915  -0.2322540947
58  7  -0.0000534704   0.0000527653  -0.0000408704  -0.0004015878   0.0000598089
58  8   0.0002755276   0.0000329793  -0.0000971086   0.0000326764   0.0000579110
58  9   0.0006529974   0.0000509652  -0.0000988921   0.0000016523  -0.0000358634
58 10  -0.0001628596   0.0000292367   0.0000077379   0.0000673132  -0.0000825665
58 11  -0.0000628596  -0.0000123902  -0.0000056357  -0.0000016669   0.0025650002
58 12   0.0001018314   0.0003300263   0.3328250929  -0.0212540478   0.2279807632
59  1  -0.0006058640   0.0001700735  -0.0002215612   0.0006593045  -0.0002791321
59  2  -0.0001128038   0.0023239920   0.0003713230   0.0028182133  -0.0001912467
59  3   0.0005193628  -0.0007672515   0.0000058244   0.0003813302   0.0003045397
59  4  -0.0001233323  -0.0003367152   0.0003107627   0.0001993433   0.0001205272
59  5  -0.0000401678  -0.0014366587   0.0006410568  -0.0004416418   0.0333326942
59  6  -0.0062925276   0.0245208942  -0.0108450332  -0.0363579119   0.0138324799
59  7   0.0000173663  -0.0000583466  -0.0001071379   0.0002534362  -0.0000719850
59  8  -0.0001760557  -0.0000685035   0.0001244337  -0.0000429921  -0.0011652939
59  9  -0.0007500000  -0.0015534571   0.0000489901  -0.0000576459  -0.0000273137
59 10   0.0001359502   0.0000246565  -0.0000794315  -0.0000925525   0.0000151489
59 11  -0.0001510374  -0.0000644079  -0.0000349208   0.0000326054  -0.0011299606
59 12  -0.0046872399   0.0030366884  -0.0212540478   0.0465585124  -0.0411353322
60  1  -0.0002402877   0.0002558052  -0.0001994109   0.0000024955  -0.0005746425
60  2   0.0002860944   0.0022204048  -0.0011102987   0.0028229435  -0.0003857699
60  3  -0.0006945734  -0.0003727947  -0.0000283892   0.0006513076   0.0011605159
60  4   0.0003817649  -0.0001155329   0.0002552787  -0.0002984841  -0.0003408464
60  5  -0.0002614681  -0.0009613664  -0.0015966917   0.0004913261  -0.0221927455
60  6   0.0044854934  -0.0204056365  -0.2072071622   0.0351992810  -0.1662840779
60  7   0.0000497868  -0.0000369940   0.0000279534   0.0002493960   0.0001258725
60  8  -0.0000752850   0.0000301382   0.0000067209  -0.0000673370  -0.0005515767
60  9   0.0006724766   0.0003321459  -0.0000909386  -0.0004889115  -0.0001767838
60 10   0.0001176022   0.0000003009  -0.0000133723  -0.0000318014   0.0000289415
60 11  -0.0000473497  -0.0000181705  -0.0000183850   0.0000434043   0.0009743406
60 12   0.0046860089  -0.0006606458   0.2279807632  -0.0411353322   0.1831444995
$end
