$coord
1.22998704891387 4.95268779477986 1.88695257320316 o
1.17996186040438 3.8101345456383306 -0.17426015246985 c
1.86236334723981 5.15443674271545 -2.01467050849046 o
0.37876804894611 1.05551750638065 -0.54031375408804 c
0.5787594442296 0.47634028783705995 -3.12904426576096 o
2.32807772431368 -0.57003059290677 0.87838347264354 c
2.14350946553183 -3.36480343716909 0.4923540557031699 c
1.42676754214876 -4.44847938541792 -1.5073345685902 o
2.79762467963008 -4.94790558874702 2.12910181612742 o
-2.35524117275174 0.84939581430127 0.47932876455276996 c
-3.45713065520034 -1.73505120959836 0.26286708266347 c
-3.26703801642585 -3.41668952021706 1.9293018205481698 o
-4.68676831288522 -2.51285142725717 -1.61802903456394 o
-0.68196064049684 1.38574555743867 -4.0971618929345 h
4.2212677838541 -0.04773269117618 0.23016636757377 h
2.25219889719251 -0.19397894051567 2.90171813224269 h
-2.38822675198841 1.40478228850618 2.46613695390647 h
-3.56292029265655 2.14848225540768 -0.57549686226668 h
$user-defined bonds 
 
$end
