$hessian (projected)
 1  1   0.0277679470   0.0198083883  -0.0022389159  -0.0618919280  -0.0141623379
 1  2  -0.0060593014   0.0158677456   0.0029010746   0.0150037029   0.0147925696
 1  3  -0.0056183157  -0.0033401136   0.0017874630  -0.0012809918  -0.0024021579
 1  4  -0.0009079319  -0.0026473322  -0.0009171173   0.0004274313   0.0002471581
 1  5   0.0006457139   0.0001717475   0.0001161669   0.0001300247   0.0001775717
 1  6  -0.0006438573   0.0001753815   0.0008232487   0.0008654443  -0.0005727432
 1  7   0.0006988501   0.0004555218  -0.0004008351   0.0000446809  -0.0002116913
 1  8   0.0000976349  -0.0000501704  -0.0002267589  -0.0000719306   0.0000283565
 1  9   0.0004620938   0.0002872306   0.0002477662  -0.0003424867  -0.0003615085
 1 10  -0.0003096055  -0.0001785325   0.0003074635   0.0001608554   0.0002177873
 1 11  -0.0006703579   0.0001634023   0.0002386694   0.0003878295
 2  1   0.0198083883   0.1796058045   0.1987234058  -0.0356546622  -0.2261075483
 2  2  -0.1110506992   0.0200875335   0.0559765605  -0.0500996208  -0.0031924768
 2  3  -0.0039905515  -0.0196802344   0.0012753778  -0.0004773994  -0.0134200721
 2  4  -0.0016722503  -0.0011009401  -0.0016163341   0.0003332210   0.0027948186
 2  5   0.0002799408  -0.0000507256  -0.0006390680  -0.0001525870   0.0001240218
 2  6  -0.0015623032   0.0002812709   0.0001514075  -0.0039700966  -0.0017507032
 2  7  -0.0002640903   0.0029649081   0.0005388757  -0.0000009658  -0.0011719620
 2  8   0.0003188106  -0.0002669772  -0.0006581240  -0.0004990994  -0.0012263159
 2  9  -0.0014178951  -0.0003953565   0.0003413626  -0.0001359143   0.0001298606
 2 10  -0.0001658235   0.0001438067  -0.0007406544   0.0009137372  -0.0001532497
 2 11  -0.0004754055  -0.0005407620  -0.0001008463  -0.0003913977
 3  1  -0.0022389159   0.1987234058   0.4483030008  -0.0536902268  -0.2597808485
 3  2  -0.2331067990   0.0531362503   0.0662223356  -0.1983089504   0.0017924471
 3  3  -0.0049055023  -0.0042855385   0.0016527720   0.0007903742  -0.0113074431
 3  4  -0.0017248539   0.0001075511  -0.0013556361   0.0005216681   0.0016271479
 3  5   0.0000702781  -0.0000345619  -0.0002800180   0.0001028815   0.0000943145
 3  6  -0.0009802766   0.0004316330   0.0015508474  -0.0003842496  -0.0000399292
 3  7   0.0002446989   0.0021499079  -0.0001941630  -0.0000309694  -0.0007454911
 3  8   0.0004269653  -0.0001631261  -0.0004557811  -0.0000228236  -0.0013039910
 3  9  -0.0021944213   0.0000106792   0.0003531001  -0.0002580295  -0.0000387440
 3 10  -0.0002023086   0.0002646842  -0.0001244264   0.0003417152   0.0001466848
 3 11  -0.0003707560  -0.0002988601  -0.0000474735  -0.0001902287
 4  1  -0.0618919280  -0.0356546622  -0.0536902268   0.2569427210   0.1278663807
 4  2  -0.0129006095  -0.0857021907  -0.0686439204   0.0783896791  -0.0898755011
 4  3  -0.0165684202  -0.0098336741   0.0025122002  -0.0009170836  -0.0036758267
 4  4   0.0080120480   0.0262640709   0.0060774290  -0.0053365994  -0.0017461785
 4  5  -0.0038907547   0.0001800662   0.0000743305  -0.0004565229   0.0003572287
 4  6   0.0041295425  -0.0011166075  -0.0203809927  -0.0342871301   0.0021943957
 4  7  -0.0054899531   0.0031540928   0.0026077592   0.0009709174  -0.0010970238
 4  8  -0.0000586822   0.0004363338  -0.0008495362  -0.0007206811  -0.0009808131
 4  9  -0.0032127103  -0.0015522344  -0.0005939441   0.0023260995   0.0004257489
 4 10   0.0002602373   0.0001883735  -0.0010180922   0.0009230542  -0.0000886759
 4 11   0.0001039456  -0.0003428845  -0.0009375492  -0.0008850453
 5  1  -0.0141623379  -0.2261075483  -0.2597808485   0.1278663807   0.6539554408
 5  2   0.0626201803  -0.0897027036  -0.2387270127   0.2225933920  -0.0182833047
 5  3  -0.1415828127  -0.0255390775  -0.0066446594  -0.0253699017  -0.0151004722
 5  4   0.0083181425  -0.0250536469   0.0105290125  -0.0004562168  -0.0054660240
 5  5  -0.0006790965  -0.0001911437   0.0009619993   0.0000356641  -0.0004465292
 5  6   0.0037604863  -0.0009742334  -0.0110978276   0.0026788351   0.0098935550
 5  7   0.0028565355  -0.0081975648  -0.0036302945  -0.0001991219   0.0035504420
 5  8  -0.0007446234   0.0002204719   0.0020889882   0.0017384386   0.0016780276
 5  9   0.0010195989   0.0009635488  -0.0007391732   0.0004965960  -0.0001958002
 5 10  -0.0002450569   0.0009894345  -0.0008146316  -0.0007042368   0.0001791455
 5 11  -0.0012475155   0.0019327534   0.0008235447   0.0003328021
 6  1  -0.0060593014  -0.1110506992  -0.2331067990  -0.0129006095   0.0626201803
 6  2   0.4181163932   0.0289860623   0.0768147258  -0.1124242481  -0.0055765081
 6  3  -0.0062669317  -0.0709975361  -0.0131817444  -0.0475267686  -0.0093663661
 6  4   0.0029202758   0.0160109008   0.0032494259  -0.0015986943  -0.0032653302
 6  5   0.0002997187  -0.0002768806   0.0004662864  -0.0010852354  -0.0002032879
 6  6   0.0033160188  -0.0009801428   0.0033602300   0.0099597267   0.0022255157
 6  7   0.0016303183  -0.0037973113  -0.0001043073  -0.0003015234   0.0014874434
 6  8  -0.0005588991   0.0000784134   0.0011379663   0.0007211160   0.0041904766
 6  9   0.0013124556   0.0001736476  -0.0002061495   0.0000041119   0.0006507977
 6 10   0.0009803662  -0.0009903852   0.0009545944  -0.0017886166   0.0000002773
 6 11   0.0014933087  -0.0000528268  -0.0002326671   0.0007390161
 7  1   0.0158677456   0.0200875335   0.0531362503  -0.0857021907  -0.0897027036
 7  2   0.0289860623   0.0565015550   0.0862244361  -0.1006435873   0.0148822470
 7  3  -0.0162051771   0.0149228573  -0.0006679179   0.0022039037   0.0042751169
 7  4  -0.0030749961  -0.0046540955  -0.0024400976   0.0009714216   0.0009762554
 7  5   0.0013986994   0.0000726164   0.0000241268   0.0001279473   0.0001173989
 7  6  -0.0013228374   0.0003145797   0.0003588494   0.0012593467  -0.0003912524
 7  7  -0.0000138883   0.0002078569  -0.0000078123   0.0000534037   0.0000131223
 7  8  -0.0000407159   0.0000428138  -0.0001777274  -0.0001961791   0.0003995214
 7  9   0.0016157334   0.0000736847   0.0001703503  -0.0002109173  -0.0001248850
 7 10   0.0001849888  -0.0002134189   0.0005565569  -0.0003223887  -0.0004763515
 7 11   0.0001240492   0.0001584696   0.0003509138  -0.0000712747
 8  1   0.0029010746   0.0559765605   0.0662223356  -0.0686439204  -0.2387270127
 8  2   0.0768147258   0.0862244361   0.2109627539  -0.1855473473  -0.0188412556
 8  3  -0.0252478638   0.0395854478   0.0016253951   0.0064879072   0.0071072284
 8  4  -0.0033059797  -0.0036522508  -0.0031251872   0.0015650518   0.0020301264
 8  5   0.0006509606  -0.0001065585  -0.0000939818   0.0002830353  -0.0000529492
 8  6  -0.0020555593   0.0006214752   0.0001343106  -0.0083082782  -0.0038183297
 8  7  -0.0019095145   0.0038840798   0.0018547155   0.0002330116  -0.0014098527
 8  8   0.0002557841  -0.0000967034  -0.0010207798  -0.0008253957   0.0001540745
 8  9   0.0011392504  -0.0008303608   0.0002394068   0.0003146827  -0.0002939768
 8 10   0.0000052751  -0.0005335870   0.0004976699   0.0001828092  -0.0000060851
 8 11   0.0008109785  -0.0003079643   0.0002598903  -0.0002637592
 9  1   0.0150037029  -0.0500996208  -0.1983089504   0.0783896791   0.2225933920
 9  2  -0.1124242481  -0.1006435873  -0.1855473473   0.3206995678   0.0053489395
 9  3   0.0101093416  -0.0007979280   0.0021626561   0.0017377252  -0.0067434624
 9  4   0.0015570840  -0.0004021683   0.0012944585  -0.0008298391   0.0003311425
 9  5  -0.0021008092   0.0001283180  -0.0000811485   0.0006232185   0.0001560598
 9  6  -0.0000693917   0.0002994816  -0.0004404300   0.0014640783   0.0003429602
 9  7   0.0003199288  -0.0007691470  -0.0014168693  -0.0000316913   0.0001371742
 9  8   0.0003031306  -0.0000117992   0.0000786597   0.0003890694  -0.0021445299
 9  9  -0.0010409023  -0.0006440835  -0.0000120511  -0.0001213237   0.0002995892
 9 10  -0.0005100696   0.0011856962  -0.0009157213   0.0015078219   0.0006367428
 9 11  -0.0009879591   0.0000498074  -0.0001429028   0.0000885556
10  1   0.0147925696  -0.0031924768   0.0017924471  -0.0898755011  -0.0182833047
10  2  -0.0055765081   0.0148822470  -0.0188412556   0.0053489395   0.4492233301
10  3  -0.0105664926   0.0150125716  -0.0840980216   0.0239022447   0.0232043207
10  4  -0.1151355742   0.0360398170  -0.0207441046   0.0042476976   0.0088016612
10  5   0.0014736910  -0.0009940761  -0.0013856971   0.0000943445  -0.0002104644
10  6  -0.0056318574   0.0018970600  -0.1364966593  -0.0059998269   0.0094672825
10  7  -0.0202027724  -0.0193783617   0.0035318824   0.0001025376   0.0043405077
10  8  -0.0025705811   0.0025327023   0.0023603580   0.0027118570   0.0013462990
10  9  -0.0080071758  -0.0296318880  -0.0218229103   0.0193501934  -0.0165529109
10 10   0.0012882650  -0.0037688283   0.0022431942   0.0019812655   0.0017613828
10 11  -0.0001085276  -0.0215609342  -0.0015008880   0.0084069297
11  1  -0.0056183157  -0.0039905515  -0.0049055023  -0.0165684202  -0.1415828127
11  2  -0.0062669317  -0.0162051771  -0.0252478638   0.0101093416  -0.0105664926
11  3   0.4547337317  -0.0043467175   0.0192744874  -0.0766909216  -0.0427471307
11  4   0.0319191417  -0.1124330598   0.0102886233   0.0251174146  -0.0156812741
11  5   0.0129745820  -0.0004712976   0.0033332991   0.0051515404  -0.0006721724
11  6  -0.0111665088   0.0026870647  -0.0124470228  -0.0827601473   0.0017618584
11  7  -0.0351021277   0.0080457360   0.0158220428   0.0036920468  -0.0055249321
11  8  -0.0007010381   0.0020939182  -0.0042081335  -0.0037873043  -0.0032254621
11  9   0.0024119664   0.0210552364  -0.0030149544   0.0038619577  -0.0041855342
11 10  -0.0062884538   0.0047583498  -0.0024493930   0.0091054911  -0.0003947209
11 11  -0.0018707571   0.0189773966   0.0025358855  -0.0085899808
12  1  -0.0033401136  -0.0196802344  -0.0042855385  -0.0098336741  -0.0255390775
12  2  -0.0709975361   0.0149228573   0.0395854478  -0.0007979280   0.0150125716
12  3  -0.0043467175   0.4821841068  -0.0128524715  -0.0184104448  -0.2103529886
12  4  -0.0275471040   0.0202255188  -0.0869356408   0.0050772580   0.0149034976
12  5  -0.0035593449   0.0006544709  -0.0029452974   0.0023796070  -0.0003108478
12  6  -0.0084763299   0.0040923966   0.0130905301  -0.0040171373  -0.0726246159
12  7  -0.0025721169   0.0157649504   0.0019348338   0.0005721043  -0.0040238734
12  8   0.0018403860   0.0003961063  -0.0040280100  -0.0042375508   0.0080489565
12  9  -0.0082772847  -0.0244853832   0.0066757759  -0.0066988454   0.0042337524
12 10  -0.0201498780   0.0161790767  -0.0122939428   0.0284164430   0.0021142413
12 11  -0.0104645579  -0.0162608679  -0.0023294802   0.0043699450
13  1   0.0017874630   0.0012753778   0.0016527720   0.0025122002  -0.0066446594
13  2  -0.0131817444  -0.0006679179   0.0016253951   0.0021626561  -0.0840980216
13  3   0.0192744874  -0.0128524715   0.3310854062  -0.2040117646   0.1549083777
13  4   0.0022439815  -0.0059221459  -0.0293133417  -0.0003340119  -0.0016181813
13  5  -0.0001802292   0.0014104067   0.0008795771   0.0007901577   0.0002955848
13  6  -0.0000247613   0.0001213249  -0.0013508671   0.0108479618   0.0363379784
13  7   0.0042971257   0.0011598572   0.0003429896  -0.0002792209   0.0002109977
13  8  -0.0003646399  -0.0019478860  -0.0006641731   0.0001926888  -0.2491048853
13  9   0.1835172532  -0.1411633538   0.0016852302  -0.0012307472   0.0004330799
13 10  -0.0034268351   0.0033199833  -0.0023767687  -0.0071829248  -0.0015578453
13 11   0.0027330421   0.0030751723  -0.0004366126  -0.0002425180
14  1  -0.0012809918  -0.0004773994   0.0007903742  -0.0009170836  -0.0253699017
14  2  -0.0475267686   0.0022039037   0.0064879072   0.0017377252   0.0239022447
14  3  -0.0766909216  -0.0184104448  -0.2040117646   0.2240450273  -0.0573798503
14  4  -0.0001283837   0.0104446248   0.0214846472   0.0003447808  -0.0049757955
14  5   0.0072272799  -0.0002622461  -0.0043245996  -0.0025315721  -0.0005348394
14  6   0.0048514151  -0.0026230373   0.0021439530   0.0051562349  -0.0000240490
14  7   0.0018459085  -0.0025826819  -0.0007162500  -0.0004621139   0.0014642333
14  8  -0.0004307499  -0.0008621978   0.0006686482   0.0011787325   0.1775892118
14  9  -0.1355228453   0.0958317315  -0.0005280460   0.0000041579  -0.0002328746
14 10   0.0032253072  -0.0034808976   0.0017378008  -0.0012398938   0.0004975559
14 11   0.0002883522  -0.0010277491  -0.0001947621  -0.0004010469
15  1  -0.0024021579  -0.0134200721  -0.0113074431  -0.0036758267  -0.0151004722
15  2  -0.0093663661   0.0042751169   0.0071072284  -0.0067434624   0.0232043207
15  3  -0.0427471307  -0.2103529886   0.1549083777  -0.0573798503   0.4624969438
15  4  -0.0043674839  -0.0018051191  -0.0370713154   0.0008548746  -0.0049698184
15  5   0.0006457554  -0.0003919826   0.0027674165  -0.0000009835   0.0000230055
15  6   0.0020862273  -0.0002766984   0.0100990907  -0.0022291547  -0.0329881519
15  7  -0.0008096290  -0.0080539239   0.0004389652  -0.0002051143   0.0033436763
15  8  -0.0013351017  -0.0002864070   0.0009522253   0.0008766061  -0.1824449594
15  9   0.1272800400  -0.1564711472   0.0010286089  -0.0010193642   0.0011143019
15 10  -0.0038222924   0.0033028684  -0.0013203751   0.0054262327   0.0005312493
15 11  -0.0006157246  -0.0014137743  -0.0006460260   0.0022771855
16  1  -0.0009079319  -0.0016722503  -0.0017248539   0.0080120480   0.0083181425
16  2   0.0029202758  -0.0030749961  -0.0033059797   0.0015570840  -0.1151355742
16  3   0.0319191417  -0.0275471040   0.0022439815  -0.0001283837  -0.0043674839
16  4   0.4964489826   0.0140828506  -0.0336906523  -0.0848453983  -0.0068085102
16  5   0.0087365306   0.0127058509  -0.0134704223  -0.0144994396   0.0184187267
16  6   0.0153294988  -0.0072621461  -0.0246323653   0.0186970649  -0.0133280367
16  7   0.0008800148   0.0007614539  -0.0008497948  -0.0009473017   0.0001183464
16  8   0.0001568288  -0.0001104745  -0.0000795208  -0.0001753154   0.0007464120
16  9  -0.0004744292   0.0015028739  -0.2596828254  -0.0676288707   0.0770265851
16 10  -0.0470343399   0.0055641426   0.0101687042   0.0014824971  -0.0000621374
16 11  -0.0007887073  -0.0045673062  -0.0011601369   0.0021646514
17  1  -0.0026473322  -0.0011009401   0.0001075511   0.0262640709  -0.0250536469
17  2   0.0160109008  -0.0046540955  -0.0036522508  -0.0004021683   0.0360398170
17  3  -0.1124330598   0.0202255188  -0.0059221459   0.0104446248  -0.0018051191
17  4   0.0140828506   0.4858079022   0.0193356370  -0.0076610622  -0.1906069454
17  5  -0.0258132918  -0.0034304558  -0.0122562336  -0.0068486956   0.0029621185
17  6  -0.0338803335   0.0110705511   0.0008366401   0.0039733052  -0.0029016529
17  7  -0.0001462685  -0.0005119574  -0.0002646443   0.0002320696   0.0007743076
17  8  -0.0003083151  -0.0001968267   0.0001359543  -0.0000203664  -0.0005397057
17  9   0.0004281514  -0.0028772497  -0.0600469889  -0.0655817960   0.0213373300
17 10   0.0062983528  -0.0575194779  -0.0475123264   0.0000207291   0.0001181038
17 11   0.0003102108  -0.0014917670   0.0009142921   0.0003561301
18  1  -0.0009171173  -0.0016163341  -0.0013556361   0.0060774290   0.0105290125
18  2   0.0032494259  -0.0024400976  -0.0031251872   0.0012944585  -0.0207441046
18  3   0.0102886233  -0.0869356408  -0.0293133417   0.0214846472  -0.0370713154
18  4  -0.0336906523   0.0193356370   0.5829905242   0.0061638087  -0.0302044350
18  5  -0.0665200474  -0.0136116853  -0.0337448655  -0.0158924595  -0.0067398040
18  6   0.0396597890  -0.0007755651   0.0042100343  -0.0059483905   0.0070633797
18  7  -0.0015218240  -0.0010592586  -0.0009043150   0.0002082038   0.0000909110
18  8  -0.0000593660   0.0005216164   0.0004284510   0.0006293734   0.0002657050
18  9  -0.0008240734  -0.0066754095   0.0756054380   0.0236309199  -0.0710491922
18 10   0.0126563961  -0.0491553258  -0.3075753851   0.0001242719  -0.0001763013
18 11   0.0002107247   0.0031457237   0.0004061806  -0.0006235543
19  1   0.0004274313   0.0003332210   0.0005216681  -0.0053365994  -0.0004562168
19  2  -0.0015986943   0.0009714216   0.0015650518  -0.0008298391   0.0042476976
19  3   0.0251174146   0.0050772580  -0.0003340119   0.0003447808   0.0008548746
19  4  -0.0848453983  -0.0076610622   0.0061638087   0.2333609309   0.0068604784
19  5   0.0646544591  -0.0667594581  -0.0335525702  -0.0353398054  -0.0729270765
19  6   0.0351639447  -0.0357617191  -0.0010123782   0.0003952318  -0.0003574758
19  7  -0.0022139884   0.0047872604   0.0026163025   0.0007223086  -0.0007955556
19  8  -0.0003344022  -0.0004633574  -0.0018106661  -0.0013261582   0.0003223090
19  9   0.0008845905   0.0006430534  -0.0039822521  -0.0362732675  -0.0063065536
19 10  -0.0017367696   0.0056436301   0.0013585771  -0.0003305563  -0.0003244199
19 11  -0.0000168647  -0.0001102528  -0.0002218458  -0.0000184889
20  1   0.0002471581   0.0027948186   0.0016271479  -0.0017461785  -0.0054660240
20  2  -0.0032653302   0.0009762554   0.0020301264   0.0003311425   0.0088016612
20  3  -0.0156812741   0.0149034976  -0.0016181813  -0.0049757955  -0.0049698184
20  4  -0.0068085102  -0.1906069454  -0.0302044350   0.0068604784   0.7371680259
20  5   0.0523341426  -0.0843886873  -0.2076744108  -0.2406019215   0.0875593210
20  6  -0.3019178501   0.2140536422  -0.0024826337   0.0002911214  -0.0017459841
20  7   0.0025115570   0.0091829365   0.0012651933   0.0011563578  -0.0040511486
20  8  -0.0002081395  -0.0002287698  -0.0025446491  -0.0011092792   0.0003884540
20  9   0.0003759617  -0.0006043156  -0.0060721884  -0.0100067358  -0.0011357914
20 10  -0.0041870227  -0.0083592924  -0.0004898356   0.0005647199  -0.0003294908
20 11  -0.0003269983  -0.0015337910  -0.0002293738   0.0001470828
21  1   0.0006457139   0.0002799408   0.0000702781  -0.0038907547  -0.0006790965
21  2   0.0002997187   0.0013986994   0.0006509606  -0.0021008092   0.0014736910
21  3   0.0129745820  -0.0035593449  -0.0001802292   0.0072272799   0.0006457554
21  4   0.0087365306  -0.0258132918  -0.0665200474   0.0646544591   0.0523341426
21  5   0.3747288035  -0.0402458568  -0.1026715853  -0.1668639084  -0.0312373053
21  6   0.0717692229  -0.1396815090   0.0005115077  -0.0012847679   0.0002238359
21  7   0.0013272106   0.0001817193   0.0002598802  -0.0001062583  -0.0001621760
21  8   0.0000998927  -0.0008452928  -0.0002599539   0.0001391547   0.0005120777
21  9   0.0007958764   0.0012068924   0.0012627380   0.0127242713   0.0025293690
21 10  -0.0041684958  -0.0280129869  -0.0013902390  -0.0001569584  -0.0000119735
21 11   0.0000813476   0.0003085232  -0.0000421637  -0.0001690703
22  1   0.0001717475  -0.0000507256  -0.0000345619   0.0001800662  -0.0001911437
22  2  -0.0002768806   0.0000726164  -0.0001065585   0.0001283180  -0.0009940761
22  3  -0.0004712976   0.0006544709   0.0014104067  -0.0002622461  -0.0003919826
22  4   0.0127058509  -0.0034304558  -0.0136116853  -0.0667594581  -0.0843886873
22  5  -0.0402458568   0.0646356286   0.0546566440   0.1215170625  -0.0094751532
22  6   0.0337903196  -0.0696299086   0.0004748057  -0.0001436584  -0.0000135706
22  7  -0.0008092812  -0.0028252529  -0.0005734049  -0.0028799130   0.0018402707
22  8   0.0014488924  -0.0002086736   0.0011970180   0.0009885753  -0.0002279987
22  9  -0.0003807261  -0.0002498049   0.0008180568   0.0038465703   0.0007466556
22 10   0.0008037144  -0.0032441703  -0.0004848679   0.0000490765   0.0001376992
22 11   0.0000213918   0.0000325842   0.0000264005   0.0000071576
23  1   0.0001161669  -0.0006390680  -0.0002800180   0.0000743305   0.0009619993
23  2   0.0004662864   0.0000241268  -0.0000939818  -0.0000811485  -0.0013856971
23  3   0.0033332991  -0.0029452974   0.0008795771  -0.0043245996   0.0027674165
23  4  -0.0134704223  -0.0122562336  -0.0337448655  -0.0335525702  -0.2076744108
23  5  -0.1026715853   0.0546566440   0.1692944553   0.1556832151  -0.0075470677
23  6   0.0604348740  -0.0164859784   0.0008712570   0.0003122927   0.0003414558
23  7  -0.0009991807  -0.0021762758  -0.0004002187   0.0000992470   0.0009047079
23  8   0.0000333950   0.0006808958   0.0006906637   0.0003003982   0.0001490549
23  9  -0.0005764092  -0.0000243468   0.0002147469  -0.0011202762  -0.0012859506
23 10  -0.0008502848  -0.0071657282  -0.0018259953  -0.0001730650   0.0000569658
23 11   0.0001005932   0.0002122406   0.0000377254   0.0000526442
24  1   0.0001300247  -0.0001525870   0.0001028815  -0.0004565229   0.0000356641
24  2  -0.0010852354   0.0001279473   0.0002830353   0.0006232185   0.0000943445
24  3   0.0051515404   0.0023796070   0.0007901577  -0.0025315721  -0.0000009835
24  4  -0.0144994396  -0.0068486956  -0.0158924595  -0.0353398054  -0.2406019215
24  5  -0.1668639084   0.1215170625   0.1556832151   0.3550205643  -0.0725406241
24  6   0.0963458097  -0.1697434759   0.0004520756   0.0002502472   0.0001744602
24  7  -0.0009685025  -0.0003478134  -0.0005256497   0.0008441898  -0.0006449411
24  8  -0.0008121249   0.0003121299   0.0005789333   0.0002518981  -0.0004531658
24  9  -0.0005634038  -0.0007332122   0.0003616463  -0.0016076156  -0.0016985925
24 10  -0.0004129778  -0.0049672978  -0.0011231050   0.0000539534  -0.0000342716
24 11  -0.0000576530  -0.0000124935  -0.0000283257  -0.0000162293
25  1   0.0001775717   0.0001240218   0.0000943145   0.0003572287  -0.0004465292
25  2  -0.0002032879   0.0001173989  -0.0000529492   0.0001560598  -0.0002104644
25  3  -0.0006721724  -0.0003108478   0.0002955848  -0.0005348394   0.0000230055
25  4   0.0184187267   0.0029621185  -0.0067398040  -0.0729270765   0.0875593210
25  5  -0.0312373053  -0.0094751532  -0.0075470677  -0.0725406241   0.0651274231
25  6  -0.0836987863   0.1123637253   0.0005203176  -0.0000039639   0.0000698934
25  7  -0.0003372278  -0.0010426500  -0.0011233258  -0.0014203008   0.0002392629
25  8  -0.0001823228  -0.0001473734   0.0007617930   0.0004871808  -0.0000411855
25  9  -0.0003600641  -0.0001560934  -0.0001823491   0.0048252546   0.0000635661
25 10  -0.0003929224  -0.0020788275  -0.0006708021   0.0001328693   0.0000511238
25 11  -0.0000603723  -0.0000130677  -0.0000850458  -0.0000329601
26  1  -0.0006438573  -0.0015623032  -0.0009802766   0.0041295425   0.0037604863
26  2   0.0033160188  -0.0013228374  -0.0020555593  -0.0000693917  -0.0056318574
26  3  -0.0111665088  -0.0084763299  -0.0000247613   0.0048514151   0.0020862273
26  4   0.0153294988  -0.0338803335   0.0396597890   0.0351639447  -0.3019178501
26  5   0.0717692229   0.0337903196   0.0604348740   0.0963458097  -0.0836987863
26  6   0.2779303149  -0.2066572185   0.0002272781   0.0005838814   0.0004816782
26  7   0.0002598090  -0.0035812912  -0.0000973924  -0.0002561931   0.0019160163
26  8  -0.0001495622  -0.0002534649   0.0008539683   0.0001762171  -0.0001797579
26  9   0.0001771503   0.0004778967   0.0011338871  -0.0022144835   0.0008030344
26 10   0.0016679481   0.0055915877   0.0012054794  -0.0002565599   0.0001199481
26 11   0.0001286433   0.0005658475   0.0001586872  -0.0000198455
27  1   0.0001753815   0.0002812709   0.0004316330  -0.0011166075  -0.0009742334
27  2  -0.0009801428   0.0003145797   0.0006214752   0.0002994816   0.0018970600
27  3   0.0026870647   0.0040923966   0.0001213249  -0.0026230373  -0.0002766984
27  4  -0.0072621461   0.0110705511  -0.0007755651  -0.0357617191   0.2140536422
27  5  -0.1396815090  -0.0696299086  -0.0164859784  -0.1697434759   0.1123637253
27  6  -0.2066572185   0.3080243837  -0.0003314550   0.0002470809  -0.0003884297
27  7   0.0002289683   0.0006697405   0.0007868079   0.0005493876  -0.0003885062
27  8  -0.0001916656  -0.0000528859  -0.0001640987  -0.0004810455   0.0000063971
27  9  -0.0003750702  -0.0002135076  -0.0009845907  -0.0013401917  -0.0001022044
27 10  -0.0003060781  -0.0004934705  -0.0007626236   0.0000285243  -0.0000884527
27 11  -0.0000531676  -0.0002399578  -0.0000405679   0.0000153323
28  1   0.0008232487   0.0001514075   0.0015508474  -0.0203809927  -0.0110978276
28  2   0.0033602300   0.0003588494   0.0001343106  -0.0004404300  -0.1364966593
28  3  -0.0124470228   0.0130905301  -0.0013508671   0.0021439530   0.0100990907
28  4  -0.0246323653   0.0008366401   0.0042100343  -0.0010123782  -0.0024826337
28  5   0.0005115077   0.0004748057   0.0008712570   0.0004520756   0.0005203176
28  6   0.0002272781  -0.0003314550   0.4360444431  -0.0205913950   0.0628872960
28  7  -0.0989170706  -0.0273074460   0.0101064448   0.0187125300  -0.0024407416
28  8  -0.0057665359   0.0008634653  -0.0272982286  -0.0204736204   0.0026236829
28  9   0.0001792375  -0.0006448724  -0.0011843379   0.0027748595  -0.0015104410
28 10   0.0005436549  -0.0002882967   0.0007516852  -0.0450247933   0.0010146415
28 11   0.0020791162  -0.1319655332   0.0956200072  -0.0799315034
29  1   0.0008654443  -0.0039700966  -0.0003842496  -0.0342871301   0.0026788351
29  2   0.0099597267   0.0012593467  -0.0083082782   0.0014640783  -0.0059998269
29  3  -0.0827601473  -0.0040171373   0.0108479618   0.0051562349  -0.0022291547
29  4   0.0186970649   0.0039733052  -0.0059483905   0.0003952318   0.0002911214
29  5  -0.0012847679  -0.0001436584   0.0003122927   0.0002502472  -0.0000039639
29  6   0.0005838814   0.0002470809  -0.0205913950   0.5265522439  -0.0104017850
29  7  -0.0485348084  -0.1909166121  -0.0153962045  -0.0097395934  -0.0270410869
29  8   0.0135156492  -0.0093765837  -0.0032668400  -0.0055562911  -0.0016998829
29  9   0.0002640209   0.0009765246   0.0026053117  -0.0019092585   0.0016804646
29 10  -0.0007448824   0.0006169386  -0.0004816715   0.0011162734  -0.0678364533
29 11  -0.0677855070   0.0953350906  -0.1544201012   0.0853913875
30  1  -0.0005727432  -0.0017507032  -0.0000399292   0.0021943957   0.0098935550
30  2   0.0022255157  -0.0003912524  -0.0038183297   0.0003429602   0.0094672825
30  3   0.0017618584  -0.0726246159   0.0363379784  -0.0000240490  -0.0329881519
30  4  -0.0133280367  -0.0029016529   0.0070633797  -0.0003574758  -0.0017459841
30  5   0.0002238359  -0.0000135706   0.0003414558   0.0001744602   0.0000698934
30  6   0.0004816782  -0.0003884297   0.0628872960  -0.0104017850   0.5840213266
30  7   0.0060650591  -0.0226654927  -0.0614502798   0.0050530500   0.0403979777
30  8  -0.0049043186  -0.0283414765  -0.0289024302  -0.0107437675   0.0024347431
30  9  -0.0004383046   0.0016212630  -0.0027356481   0.0028227870  -0.0016376670
30 10  -0.0001080688  -0.0002743520   0.0002549494  -0.0001879760  -0.0682134606
30 11  -0.2924546796  -0.0784734499   0.0854372319  -0.1186958514
31  1   0.0006988501  -0.0002640903   0.0002446989  -0.0054899531   0.0028565355
31  2   0.0016303183  -0.0000138883  -0.0019095145   0.0003199288  -0.0202027724
31  3  -0.0351021277  -0.0025721169   0.0042971257   0.0018459085  -0.0008096290
31  4   0.0008800148  -0.0001462685  -0.0015218240  -0.0022139884   0.0025115570
31  5   0.0013272106  -0.0008092812  -0.0009991807  -0.0009685025  -0.0003372278
31  6   0.0002598090   0.0002289683  -0.0989170706  -0.0485348084   0.0060650591
31  7   0.3159361079   0.1837517009   0.0729494932  -0.0534240629  -0.0556273878
31  8   0.0464507826  -0.1471950234  -0.0711597648  -0.1288447517  -0.0009088402
31  9  -0.0008788346   0.0011337085   0.0005479557  -0.0000995801   0.0003506719
31 10   0.0001152341   0.0000465165  -0.0001467620   0.0002106718   0.0056589687
31 11   0.0002992834   0.0068261480   0.0177905611   0.0038634625
32  1   0.0004555218   0.0029649081   0.0021499079   0.0031540928  -0.0081975648
32  2  -0.0037973113   0.0002078569   0.0038840798  -0.0007691470  -0.0193783617
32  3   0.0080457360   0.0157649504   0.0011598572  -0.0025826819  -0.0080539239
32  4   0.0007614539  -0.0005119574  -0.0010592586   0.0047872604   0.0091829365
32  5   0.0001817193  -0.0028252529  -0.0021762758  -0.0003478134  -0.0010426500
32  6  -0.0035812912   0.0006697405  -0.0273074460  -0.1909166121  -0.0226654927
32  7   0.1837517009   0.6734307372   0.0027393202   0.0082079256  -0.3022330375
32  8   0.2099097630  -0.1378872338  -0.1600133067  -0.1942686789   0.0007009120
32  9   0.0005169803   0.0017868863   0.0008770183  -0.0012024666   0.0002850694
32 10   0.0000957225  -0.0000700516  -0.0001856471  -0.0062724917  -0.0094535114
32 11  -0.0002909766  -0.0094458862  -0.0170866209  -0.0020491073
33  1  -0.0004008351   0.0005388757  -0.0001941630   0.0026077592  -0.0036302945
33  2  -0.0001043073  -0.0000078123   0.0018547155  -0.0014168693   0.0035318824
33  3   0.0158220428   0.0019348338   0.0003429896  -0.0007162500   0.0004389652
33  4  -0.0008497948  -0.0002646443  -0.0009043150   0.0026163025   0.0012651933
33  5   0.0002598802  -0.0005734049  -0.0004002187  -0.0005256497  -0.0011233258
33  6  -0.0000973924   0.0007868079   0.0101064448  -0.0153962045  -0.0614502798
33  7   0.0729494932   0.0027393202   0.3506197000  -0.0053981223   0.0808844089
33  8  -0.1261451329  -0.0783550636  -0.0655109084  -0.1656183620  -0.0010235891
33  9  -0.0006154305  -0.0002246736   0.0001974289  -0.0003976208   0.0002117626
33 10   0.0004473990   0.0003457726   0.0002401158  -0.0099275047  -0.0258295859
33 11   0.0004509754   0.0048597528   0.0094082211   0.0016407118
34  1   0.0000446809  -0.0000009658  -0.0000309694   0.0009709174  -0.0001991219
34  2  -0.0003015234   0.0000534037   0.0002330116  -0.0000316913   0.0001025376
34  3   0.0036920468   0.0005721043  -0.0002792209  -0.0004621139  -0.0002051143
34  4  -0.0009473017   0.0002320696   0.0002082038   0.0007223086   0.0011563578
34  5  -0.0001062583  -0.0028799130   0.0000992470   0.0008441898  -0.0014203008
34  6  -0.0002561931   0.0005493876   0.0187125300  -0.0097395934   0.0050530500
34  7  -0.0534240629   0.0082079256  -0.0053981223   0.0427648796  -0.0090241385
34  8   0.0494373193  -0.0037385881   0.0108958306  -0.0498528528   0.0001951687
34  9   0.0000892462  -0.0002138238   0.0000352654  -0.0002197034   0.0000882380
34 10   0.0001444458   0.0001324667   0.0001673084  -0.0001467284  -0.0010441280
34 11  -0.0004037821  -0.0009100218  -0.0037922442  -0.0003756634
35  1  -0.0002116913  -0.0011719620  -0.0007454911  -0.0010970238   0.0035504420
35  2   0.0014874434   0.0000131223  -0.0014098527   0.0001371742   0.0043405077
35  3  -0.0055249321  -0.0040238734   0.0002109977   0.0014642333   0.0033436763
35  4   0.0001183464   0.0007743076   0.0000909110  -0.0007955556  -0.0040511486
35  5  -0.0001621760   0.0018402707   0.0009047079  -0.0006449411   0.0002392629
35  6   0.0019160163  -0.0003885062  -0.0024407416  -0.0270410869   0.0403979777
35  7  -0.0556273878  -0.3022330375   0.0808844089  -0.0090241385   0.2898436934
35  8  -0.2238711597   0.0625769416   0.0481216506   0.1020646577  -0.0008039857
35  9  -0.0009068751  -0.0006688831  -0.0001464077   0.0001497898   0.0001235588
35 10   0.0002492412   0.0002152810   0.0001698426   0.0033762718   0.0046517336
35 11   0.0009606348  -0.0028180304  -0.0092529605   0.0008447451
36  1   0.0000976349   0.0003188106   0.0004269653  -0.0000586822  -0.0007446234
36  2  -0.0005588991  -0.0000407159   0.0002557841   0.0003031306  -0.0025705811
36  3  -0.0007010381   0.0018403860  -0.0003646399  -0.0004307499  -0.0013351017
36  4   0.0001568288  -0.0003083151  -0.0000593660  -0.0003344022  -0.0002081395
36  5   0.0000998927   0.0014488924   0.0000333950  -0.0008121249  -0.0001823228
36  6  -0.0001495622  -0.0001916656  -0.0057665359   0.0135156492  -0.0049043186
36  7   0.0464507826   0.2099097630  -0.1261451329   0.0494373193  -0.2238711597
36  8   0.2925741525  -0.0891752218  -0.0009618348  -0.1606877659   0.0006214398
36  9   0.0005693970   0.0001135704  -0.0000236395   0.0000208738  -0.0000765509
36 10  -0.0001517163  -0.0000788268  -0.0000890350  -0.0008177381  -0.0008079033
36 11  -0.0010520087   0.0012732978   0.0036384800   0.0005538718
37  1  -0.0000501704  -0.0002669772  -0.0001631261   0.0004363338   0.0002204719
37  2   0.0000784134   0.0000428138  -0.0000967034  -0.0000117992   0.0025327023
37  3   0.0020939182   0.0003961063  -0.0019478860  -0.0008621978  -0.0002864070
37  4  -0.0001104745  -0.0001968267   0.0005216164  -0.0004633574  -0.0002287698
37  5  -0.0008452928  -0.0002086736   0.0006808958   0.0003121299  -0.0001473734
37  6  -0.0002534649  -0.0000528859   0.0008634653  -0.0093765837  -0.0283414765
37  7  -0.1471950234  -0.1378872338  -0.0783550636  -0.0037385881   0.0625769416
37  8  -0.0891752218   0.1515055533   0.0878171058   0.1977572991   0.0004871244
37  9   0.0007961615  -0.0003503179  -0.0001189314   0.0001669214  -0.0001452166
37 10  -0.0000501483  -0.0000112662   0.0000290925  -0.0022881421  -0.0062927470
37 11  -0.0006876707   0.0004507757   0.0011203542  -0.0006801795
38  1  -0.0002267589  -0.0006581240  -0.0004557811  -0.0008495362   0.0020889882
38  2   0.0011379663  -0.0001777274  -0.0010207798   0.0000786597   0.0023603580
38  3  -0.0042081335  -0.0040280100  -0.0006641731   0.0006686482   0.0009522253
38  4  -0.0000795208   0.0001359543   0.0004284510  -0.0018106661  -0.0025446491
38  5  -0.0002599539   0.0011970180   0.0006906637   0.0005789333   0.0007617930
38  6   0.0008539683  -0.0001640987  -0.0272982286  -0.0032668400  -0.0289024302
38  7  -0.0711597648  -0.1600133067  -0.0655109084   0.0108958306   0.0481216506
38  8  -0.0009618348   0.0878171058   0.1206092734   0.0995099173   0.0003660902
38  9   0.0003074940  -0.0004291552  -0.0002417151   0.0004150553  -0.0001007927
38 10  -0.0001607033  -0.0000426521   0.0000511291  -0.0027784588  -0.0058494771
38 11  -0.0017788445   0.0020490576   0.0037122662  -0.0001454724
39  1  -0.0000719306  -0.0004990994  -0.0000228236  -0.0007206811   0.0017384386
39  2   0.0007211160  -0.0001961791  -0.0008253957   0.0003890694   0.0027118570
39  3  -0.0037873043  -0.0042375508   0.0001926888   0.0011787325   0.0008766061
39  4  -0.0001753154  -0.0000203664   0.0006293734  -0.0013261582  -0.0011092792
39  5   0.0001391547   0.0009885753   0.0003003982   0.0002518981   0.0004871808
39  6   0.0001762171  -0.0004810455  -0.0204736204  -0.0055562911  -0.0107437675
39  7  -0.1288447517  -0.1942686789  -0.1656183620  -0.0498528528   0.1020646577
39  8  -0.1606877659   0.1977572991   0.0995099173   0.3408619548   0.0004293126
39  9   0.0002293128  -0.0003488843  -0.0002670611   0.0003528937  -0.0002278961
39 10  -0.0002888831  -0.0001626007  -0.0000765399  -0.0015862865  -0.0032495442
39 11  -0.0006577200   0.0012368064   0.0039279920  -0.0007668168
40  1   0.0000283565  -0.0012263159  -0.0013039910  -0.0009808131   0.0016780276
40  2   0.0041904766   0.0003995214   0.0001540745  -0.0021445299   0.0013462990
40  3  -0.0032254621   0.0080489565  -0.2491048853   0.1775892118  -0.1824449594
40  4   0.0007464120  -0.0005397057   0.0002657050   0.0003223090   0.0003884540
40  5   0.0005120777  -0.0002279987   0.0001490549  -0.0004531658  -0.0000411855
40  6  -0.0001797579   0.0000063971   0.0026236829  -0.0016998829   0.0024347431
40  7  -0.0009088402   0.0007009120  -0.0010235891   0.0001951687  -0.0008039857
40  8   0.0006214398   0.0004871244   0.0003660902   0.0004293126   0.2450876150
40  9  -0.1747574270   0.1706226220   0.0002947105   0.0000146239   0.0001677664
40 10   0.0005246768   0.0003677248   0.0001539025  -0.0003990560   0.0003764370
40 11  -0.0001259915  -0.0003930974   0.0006479266   0.0000428274
41  1   0.0004620938  -0.0014178951  -0.0021944213  -0.0032127103   0.0010195989
41  2   0.0013124556   0.0016157334   0.0011392504  -0.0010409023  -0.0080071758
41  3   0.0024119664  -0.0082772847   0.1835172532  -0.1355228453   0.1272800400
41  4  -0.0004744292   0.0004281514  -0.0008240734   0.0008845905   0.0003759617
41  5   0.0007958764  -0.0003807261  -0.0005764092  -0.0005634038  -0.0003600641
41  6   0.0001771503  -0.0003750702   0.0001792375   0.0002640209  -0.0004383046
41  7  -0.0008788346   0.0005169803  -0.0006154305   0.0000892462  -0.0009068751
41  8   0.0005693970   0.0007961615   0.0003074940   0.0002293128  -0.1747574270
41  9   0.1313032216  -0.1152345349  -0.0000126572   0.0000221952  -0.0000524377
41 10   0.0000737161   0.0003919219  -0.0002765279   0.0003921031   0.0001390105
41 11  -0.0003503810   0.0000738890  -0.0000728988   0.0000556903
42  1   0.0002872306  -0.0003953565   0.0000106792  -0.0015522344   0.0009635488
42  2   0.0001736476   0.0000736847  -0.0008303608  -0.0006440835  -0.0296318880
42  3   0.0210552364  -0.0244853832  -0.1411633538   0.0958317315  -0.1564711472
42  4   0.0015028739  -0.0028772497  -0.0066754095   0.0006430534  -0.0006043156
42  5   0.0012068924  -0.0002498049  -0.0000243468  -0.0007332122  -0.0001560934
42  6   0.0004778967  -0.0002135076  -0.0006448724   0.0009765246   0.0016212630
42  7   0.0011337085   0.0017868863  -0.0002246736  -0.0002138238  -0.0006688831
42  8   0.0001135704  -0.0003503179  -0.0004291552  -0.0003488843   0.1706226220
42  9  -0.1152345349   0.1866220380  -0.0000150219  -0.0001708039   0.0001581034
42 10  -0.0013443638   0.0011124250  -0.0003996390  -0.0005325910  -0.0005903033
42 11   0.0006186545   0.0015911923  -0.0003789395  -0.0003289081
43  1   0.0002477662   0.0003413626   0.0003531001  -0.0005939441  -0.0007391732
43  2  -0.0002061495   0.0001703503   0.0002394068  -0.0000120511  -0.0218229103
43  3  -0.0030149544   0.0066757759   0.0016852302  -0.0005280460   0.0010286089
43  4  -0.2596828254  -0.0600469889   0.0756054380  -0.0039822521  -0.0060721884
43  5   0.0012627380   0.0008180568   0.0002147469   0.0003616463  -0.0001823491
43  6   0.0011338871  -0.0009845907  -0.0011843379   0.0026053117  -0.0027356481
43  7   0.0005479557   0.0008770183   0.0001974289   0.0000352654  -0.0001464077
43  8  -0.0000236395  -0.0001189314  -0.0002417151  -0.0002670611   0.0002947105
43  9  -0.0000126572  -0.0000150219   0.2846703199   0.0655255630  -0.0821213323
43 10  -0.0000766809   0.0001255224   0.0005333725   0.0002209286  -0.0000506469
43 11  -0.0000382709  -0.0010463523  -0.0002100411   0.0003856567
44  1  -0.0003424867  -0.0001359143  -0.0002580295   0.0023260995   0.0004965960
44  2   0.0000041119  -0.0002109173   0.0003146827  -0.0001213237   0.0193501934
44  3   0.0038619577  -0.0066988454  -0.0012307472   0.0000041579  -0.0010193642
44  4  -0.0676288707  -0.0655817960   0.0236309199  -0.0362732675  -0.0100067358
44  5   0.0127242713   0.0038465703  -0.0011202762  -0.0016076156   0.0048252546
44  6  -0.0022144835  -0.0013401917   0.0027748595  -0.0019092585   0.0028227870
44  7  -0.0000995801  -0.0012024666  -0.0003976208  -0.0002197034   0.0001497898
44  8   0.0000208738   0.0001669214   0.0004150553   0.0003528937   0.0000146239
44  9   0.0000221952  -0.0001708039   0.0655255630   0.0751409074  -0.0260450553
44 10   0.0062792472   0.0014668095  -0.0017760033  -0.0003143885   0.0000414897
44 11   0.0001468261   0.0012106286   0.0002572898  -0.0002678301
45  1  -0.0003615085   0.0001298606  -0.0000387440   0.0004257489  -0.0001958002
45  2   0.0006507977  -0.0001248850  -0.0002939768   0.0002995892  -0.0165529109
45  3  -0.0041855342   0.0042337524   0.0004330799  -0.0002328746   0.0011143019
45  4   0.0770265851   0.0213373300  -0.0710491922  -0.0063065536  -0.0011357914
45  5   0.0025293690   0.0007466556  -0.0012859506  -0.0016985925   0.0000635661
45  6   0.0008030344  -0.0001022044  -0.0015104410   0.0016804646  -0.0016376670
45  7   0.0003506719   0.0002850694   0.0002117626   0.0000882380   0.0001235588
45  8  -0.0000765509  -0.0001452166  -0.0001007927  -0.0002278961   0.0001677664
45  9  -0.0000524377   0.0001581034  -0.0821213323  -0.0260450553   0.0735050296
45 10   0.0286792133   0.0090589584  -0.0085122458  -0.0001238579   0.0000558619
45 11   0.0001452448  -0.0007348196   0.0000540753   0.0004951423
46  1  -0.0003096055  -0.0001658235  -0.0002023086   0.0002602373  -0.0002450569
46  2   0.0009803662   0.0001849888   0.0000052751  -0.0005100696   0.0012882650
46  3  -0.0062884538  -0.0201498780  -0.0034268351   0.0032253072  -0.0038222924
46  4  -0.0470343399   0.0062983528   0.0126563961  -0.0017367696  -0.0041870227
46  5  -0.0041684958   0.0008037144  -0.0008502848  -0.0004129778  -0.0003929224
46  6   0.0016679481  -0.0003060781   0.0005436549  -0.0007448824  -0.0001080688
46  7   0.0001152341   0.0000957225   0.0004473990   0.0001444458   0.0002492412
46  8  -0.0001517163  -0.0000501483  -0.0001607033  -0.0002888831   0.0005246768
46  9   0.0000737161  -0.0013443638  -0.0000766809   0.0062792472   0.0286792133
46 10   0.0496470186  -0.0057357578  -0.0114766471  -0.0007761638   0.0003159411
46 11   0.0000160024   0.0002912299   0.0001672338   0.0001624026
47  1  -0.0001785325   0.0001438067   0.0002646842   0.0001883735   0.0009894345
47  2  -0.0009903852  -0.0002134189  -0.0005335870   0.0011856962  -0.0037688283
47  3   0.0047583498   0.0161790767   0.0033199833  -0.0034808976   0.0033028684
47  4   0.0055641426  -0.0575194779  -0.0491553258   0.0056436301  -0.0083592924
47  5  -0.0280129869  -0.0032441703  -0.0071657282  -0.0049672978  -0.0020788275
47  6   0.0055915877  -0.0004934705  -0.0002882967   0.0006169386  -0.0002743520
47  7   0.0000465165  -0.0000700516   0.0003457726   0.0001324667   0.0002152810
47  8  -0.0000788268  -0.0000112662  -0.0000426521  -0.0001626007   0.0003677248
47  9   0.0003919219   0.0011124250   0.0001255224   0.0014668095   0.0090589584
47 10  -0.0057357578   0.0629862430   0.0526047701   0.0002937225   0.0000549287
47 11   0.0000762907  -0.0001629841  -0.0000436146   0.0000047035
48  1   0.0003074635  -0.0007406544  -0.0001244264  -0.0010180922  -0.0008146316
48  2   0.0009545944   0.0005565569   0.0004976699  -0.0009157213   0.0022431942
48  3  -0.0024493930  -0.0122939428  -0.0023767687   0.0017378008  -0.0013203751
48  4   0.0101687042  -0.0475123264  -0.3075753851   0.0013585771  -0.0004898356
48  5  -0.0013902390  -0.0004848679  -0.0018259953  -0.0011231050  -0.0006708021
48  6   0.0012054794  -0.0007626236   0.0007516852  -0.0004816715   0.0002549494
48  7  -0.0001467620  -0.0001856471   0.0002401158   0.0001673084   0.0001698426
48  8  -0.0000890350   0.0000290925   0.0000511291  -0.0000765399   0.0001539025
48  9  -0.0002765279  -0.0003996390   0.0005333725  -0.0017760033  -0.0085122458
48 10  -0.0114766471   0.0526047701   0.3323155330  -0.0002305759   0.0000985383
48 11   0.0006380539   0.0001346589   0.0001874559   0.0001800316
49  1   0.0001608554   0.0009137372   0.0003417152   0.0009230542  -0.0007042368
49  2  -0.0017886166  -0.0003223887   0.0001828092   0.0015078219   0.0019812655
49  3   0.0091054911   0.0284164430  -0.0071829248  -0.0012398938   0.0054262327
49  4   0.0014824971   0.0000207291   0.0001242719  -0.0003305563   0.0005647199
49  5  -0.0001569584   0.0000490765  -0.0001730650   0.0000539534   0.0001328693
49  6  -0.0002565599   0.0000285243  -0.0450247933   0.0011162734  -0.0001879760
49  7   0.0002106718  -0.0062724917  -0.0099275047  -0.0001467284   0.0033762718
49  8  -0.0008177381  -0.0022881421  -0.0027784588  -0.0015862865  -0.0003990560
49  9   0.0003921031  -0.0005325910   0.0002209286  -0.0003143885  -0.0001238579
49 10  -0.0007761638   0.0002937225  -0.0002305759   0.0504316705   0.0015670111
49 11  -0.0032265910   0.0008778645  -0.0057937739  -0.0173202663
50  1   0.0002177873  -0.0001532497   0.0001466848  -0.0000886759   0.0001791455
50  2   0.0000002773  -0.0004763515  -0.0000060851   0.0006367428   0.0017613828
50  3  -0.0003947209   0.0021142413  -0.0015578453   0.0004975559   0.0005312493
50  4  -0.0000621374   0.0001181038  -0.0001763013  -0.0003244199  -0.0003294908
50  5  -0.0000119735   0.0001376992   0.0000569658  -0.0000342716   0.0000511238
50  6   0.0001199481  -0.0000884527   0.0010146415  -0.0678364533  -0.0682134606
50  7   0.0056589687  -0.0094535114  -0.0258295859  -0.0010441280   0.0046517336
50  8  -0.0008079033  -0.0062927470  -0.0058494771  -0.0032495442   0.0003764370
50  9   0.0001390105  -0.0005903033  -0.0000506469   0.0000414897   0.0000558619
50 10   0.0003159411   0.0000549287   0.0000985383   0.0015670111   0.0712071895
50 11   0.0754217653  -0.0012040405   0.0069569174   0.0199964356
51  1  -0.0006703579  -0.0004754055  -0.0003707560   0.0001039456  -0.0012475155
51  2   0.0014933087   0.0001240492   0.0008109785  -0.0009879591  -0.0001085276
51  3  -0.0018707571  -0.0104645579   0.0027330421   0.0002883522  -0.0006157246
51  4  -0.0007887073   0.0003102108   0.0002107247  -0.0000168647  -0.0003269983
51  5   0.0000813476   0.0000213918   0.0001005932  -0.0000576530  -0.0000603723
51  6   0.0001286433  -0.0000531676   0.0020791162  -0.0677855070  -0.2924546796
51  7   0.0002992834  -0.0002909766   0.0004509754  -0.0004037821   0.0009606348
51  8  -0.0010520087  -0.0006876707  -0.0017788445  -0.0006577200  -0.0001259915
51  9  -0.0003503810   0.0006186545  -0.0000382709   0.0001468261   0.0001452448
51 10   0.0000160024   0.0000762907   0.0006380539  -0.0032265910   0.0754217653
51 11   0.3162961224   0.0007503053  -0.0041179093  -0.0132202055
52  1   0.0001634023  -0.0005407620  -0.0002988601  -0.0003428845   0.0019327534
52  2  -0.0000528268   0.0001584696  -0.0003079643   0.0000498074  -0.0215609342
52  3   0.0189773966  -0.0162608679   0.0030751723  -0.0010277491  -0.0014137743
52  4  -0.0045673062  -0.0014917670   0.0031457237  -0.0001102528  -0.0015337910
52  5   0.0003085232   0.0000325842   0.0002122406  -0.0000124935  -0.0000130677
52  6   0.0005658475  -0.0002399578  -0.1319655332   0.0953350906  -0.0784734499
52  7   0.0068261480  -0.0094458862   0.0048597528  -0.0009100218  -0.0028180304
52  8   0.0012732978   0.0004507757   0.0020490576   0.0012368064  -0.0003930974
52  9   0.0000738890   0.0015911923  -0.0010463523   0.0012106286  -0.0007348196
52 10   0.0002912299  -0.0001629841   0.0001346589   0.0008778645  -0.0012040405
52 11   0.0007503053   0.1490338035  -0.1018239293   0.0841369823
53  1   0.0002386694  -0.0001008463  -0.0000474735  -0.0009375492   0.0008235447
53  2  -0.0002326671   0.0003509138   0.0002598903  -0.0001429028  -0.0015008880
53  3   0.0025358855  -0.0023294802  -0.0004366126  -0.0001947621  -0.0006460260
53  4  -0.0011601369   0.0009142921   0.0004061806  -0.0002218458  -0.0002293738
53  5  -0.0000421637   0.0000264005   0.0000377254  -0.0000283257  -0.0000850458
53  6   0.0001586872  -0.0000405679   0.0956200072  -0.1544201012   0.0854372319
53  7   0.0177905611  -0.0170866209   0.0094082211  -0.0037922442  -0.0092529605
53  8   0.0036384800   0.0011203542   0.0037122662   0.0039279920   0.0006479266
53  9  -0.0000728988  -0.0003789395  -0.0002100411   0.0002572898   0.0000540753
53 10   0.0001672338  -0.0000436146   0.0001874559  -0.0057937739   0.0069569174
53 11  -0.0041179093  -0.1018239293   0.1657446795  -0.0950531812
54  1   0.0003878295  -0.0003913977  -0.0001902287  -0.0008850453   0.0003328021
54  2   0.0007390161  -0.0000712747  -0.0002637592   0.0000885556   0.0084069297
54  3  -0.0085899808   0.0043699450  -0.0002425180  -0.0004010469   0.0022771855
54  4   0.0021646514   0.0003561301  -0.0006235543  -0.0000184889   0.0001470828
54  5  -0.0001690703   0.0000071576   0.0000526442  -0.0000162293  -0.0000329601
54  6  -0.0000198455   0.0000153323  -0.0799315034   0.0853913875  -0.1186958514
54  7   0.0038634625  -0.0020491073   0.0016407118  -0.0003756634   0.0008447451
54  8   0.0005538718  -0.0006801795  -0.0001454724  -0.0007668168   0.0000428274
54  9   0.0000556903  -0.0003289081   0.0003856567  -0.0002678301   0.0004951423
54 10   0.0001624026   0.0000047035   0.0001800316  -0.0173202663   0.0199964356
54 11  -0.0132202055   0.0841369823  -0.0950531812   0.1236510725
$end
