$jbas
*
s def-TZVP 
*
 8  s
     3612.937686            .181284859D+01
     1059.651419            .484805075D+01
     339.294845             .121166565D+02
     118.353236             .970399474D+01
     44.819730             -.116396453D+01
     18.333761              .239681432D+01
     8.045309               .653823916D+01
     3.754008               .155418734D+01
    1  s
     1.842377              -.951752048D+00
    1  s
     0.938931               .625328058D+00
    1  s
     0.489798               .404590133D+00
    1  s
     0.257531               .247751770D+00
    4  p
     41.74187096811436     -.332732125D-01
     14.1566422856977       .888692750D-01
     5.22660843881246      -.752373737D-01
     2.0600371098923        .715881805D-01
    1  p
     0.846259376129472     -.382501827D-01
    1  p
     .35260807338728        .259971744D-01
    4  d
     28.715626              .431050659D-01
     8.626600               .370010125D-02
     2.850550              -.260349194D-01
     1.002011               .722640442D-01
    1  d
     0.359873               .375215882D-01
    1  f
    1.00456621             1.000000000
    1  g
    1.10000000000          1.00000000 
*
na def-TZVP 
*
 8  s
     1822.596856          .877088260D+00
     614.833756           .187407783D+01
     216.823638           .513494627D+01
     79.701175            .650321066D+01
     30.433939            .167978337D+01
     12.025685           -.539199108D+00
     4.896024             .221157329D+01
     2.044068             .190323348D+01
    1  s
     0.870628             .282946000D+00
    1  s
     0.376255             .171987926D-02
    1  s
     0.164045             .721683999D-02
    1  s
     0.071735             .334911809D-01
    3  p
     0.287042             .645603006D-02
     0.126363            -.973780614D-02
     0.066867            -.144795587D-01
    1  p
     0.037939             .191820080D-02
    3  d
     0.327481            -.594723490D-03
     0.094458             .414106635D-02
     0.028478            -.458357566D-03
    1  d
     0.008717             .371713633D-04
    1  f
     0.134953            -.408900706D-03 
*
o def-TZVP 
*
 3  s
     957.843253            .562496240D+00
     281.967425            .149108985D+01
     90.199832             .386547733D+01
    1  s
     31.138299             .360577725D+01
    1  s
     11.493732             .230058581D+00
    1  s
     4.484049             -.501576910D-01
    1  s
     1.823504              .105070463D+01
    1  s
     0.760903              .585654881D+00
    1  s
     0.320292              .749912950D-01
    1  p
     .61470886294797      -.855784393D-01
    1  p
     1.4753012710751445   .417999594D-01
    1  p
     3.69562968404323697  -.585510786D-01
    1  d
     7.652672              .910687268D-01
    1  d
     2.217868              .111631339D+00
    1  d
     0.682337              .460066568D-01
    1  f
     2.1917808219178       1.00 
*
h def-TZVP 
*
 2  s
     9.308130            .344661830D-01
     2.306718            .122533796D+00
   1  s
     0.752012            .182500211D+00
    1  s
     0.273978            .221505479D-01
    1  p
     2.032704             .295136591D-01
    1  p
     0.790252             .327558728D-01 
*
c def-TZVP 
*
 3  s
     591.553927            .315820195D+00
     172.117940            .875038628D+00
     54.799259             .230760524D+01
    1  s
     18.959094             .241797215D+01
    1  s
     7.059930              .413457616D+00
    1  s
     2.794849             -.190009544D+00
    1  s
     1.158634              .377071048D+00
    1  s
     0.494324              .347917878D+00
    1  s
     0.212969              .547407724D-01
    1  p
     .327847357953757     .531909851D-01
    1  p
     .7868336590892       .134419688D-02
    1  p
     1.9710183160         .221986005D-01
    1  d
     4.013301             .524684127D-01
    1  d
     1.247505             .802678252D-01
    1  d
     0.408148             .296361673D-01
    1  f
     0.9                  1.0 
*
$end
