$vibrational normal modes
 1  1  -0.0261396130  -0.1896267778   0.0674228965  -0.0768640704   0.0145504676
 1  2  -0.0189304875   0.0169040191  -0.0411523565   0.1514501245   0.0006724035
 1  3   0.0043125022  -0.1586360117   0.0659826568   0.0043850673  -0.2896923071
 1  4   0.0700626903   0.0016340037   0.1214150174   0.0011698034   0.0052729702
 1  5  -0.2528536184  -0.0069750838   0.0203692279   0.0242090281   0.0043758515
 1  6   0.0308480931   0.0765057569   0.0019812647   0.0994565184  -0.0035720848
 1  7  -0.0004335142  -0.0037873891  -0.0229465506  -0.0190275390  -0.0009233872
 1  8   0.0048697183  -0.0047739407  -0.1217503846  -0.0009311192   0.0127732318
 1  9  -0.0318603012   0.0124341727  -0.0017144736   0.0267484550  -0.0333564911
 1 10   0.0066637708  -0.0165456600  -0.0349387918   0.0121882010   0.0164056603
 1 11   0.0736251515  -0.0061648949   0.2324155032  -0.0298443645   0.0277038396
 1 12   0.0013703123  -0.0066555806   0.0078103775  -0.0008373987  -0.0751664659
 2  1   0.2208136735  -0.0044360039   0.2529168453   0.0067875321  -0.2030316110
 2  2  -0.0298857722  -0.0170847885   0.0288613316   0.2396742570  -0.0055171158
 2  3   0.0081778110  -0.2518730983  -0.0940615994   0.0055416662  -0.1381920129
 2  4  -0.1706232276  -0.0040037983   0.0379467395   0.0021336718   0.0006259168
 2  5   0.1023957142   0.0043904423  -0.0218610871  -0.0174004849  -0.0031898998
 2  6  -0.0468327066  -0.0137598372  -0.0014228317  -0.0180003521   0.0009098006
 2  7  -0.0003340975   0.0025584339   0.0124507783  -0.0038384269   0.0000618635
 2  8  -0.0009992914   0.0006708960  -0.0518420145   0.0001536742   0.0213845736
 2  9   0.0044734048  -0.0048556788   0.0035834671  -0.0388438213  -0.0993233923
 2 10  -0.0140020477   0.0971759860   0.0126301047  -0.0478268969  -0.0206333900
 2 11  -0.0670301034   0.0020888885  -0.2448268657   0.0250057953  -0.0495928870
 2 12   0.0016609540  -0.0000515902   0.0028164324  -0.0006464264  -0.0620485778
 3  1  -0.2295664413   0.2421210218   0.0662119910  -0.1576081516  -0.2681906649
 3  2   0.0040102991  -0.1481922178   0.3207704092  -0.0060143298  -0.0444088261
 3  3  -0.0038387289   0.0055023035   0.0150473321   0.0245334129  -0.0238258129
 3  4   0.0270480901  -0.0378441144   0.0113119253   0.0105779639   0.0388901739
 3  5  -0.0426360420   0.0278358858   0.0036823552   0.0044434682  -0.0253757743
 3  6   0.0085591224   0.0121389060  -0.0165978464   0.0169618126   0.0088417924
 3  7  -0.0001732136   0.0328263238   0.1628624709  -0.0014286560   0.0023211073
 3  8  -0.0193278416  -0.0009874733  -0.0136034661   0.0021695586   0.0000593958
 3  9  -0.0048331754   0.0020934465  -0.0005430680   0.0068709303   0.0030647732
 3 10   0.0019314384  -0.0097599268  -0.0059273343   0.0052870483   0.0039573605
 3 11   0.0154683227  -0.0009357278   0.0516997351  -0.0061306557   0.0076517361
 3 12   0.0000712213  -0.0009447235   0.0009051003  -0.0000715276  -0.0061554434
 4  1  -0.0568846630  -0.1627113313   0.0332467134  -0.1186129473   0.0470643575
 4  2  -0.0262152703   0.0057901864   0.0102047037   0.0648878654  -0.0386291009
 4  3  -0.0217301321   0.0189367191   0.1390232700  -0.0190635043  -0.0732795637
 4  4   0.2379661081   0.0047432213  -0.0305053247   0.0016789510   0.0119683399
 4  5  -0.0855060923   0.0129018695   0.1162889208  -0.1952814661  -0.0218296810
 4  6   0.0274821915   0.2349045961  -0.0233559464   0.1652544387   0.0029049987
 4  7   0.0049838498   0.0007847582   0.0072013857  -0.0068653809  -0.0007295687
 4  8  -0.0155976415   0.0025147577   0.0543036895  -0.0000989443  -0.0329891035
 4  9   0.0072068178  -0.0017763691  -0.0171978196   0.0715410250   0.0783213975
 4 10  -0.0080957331   0.0025323933   0.0923959115   0.1041880703   0.0231609634
 4 11  -0.0653004849   0.0406323604  -0.2961160275   0.0242273106   0.0126491444
 4 12  -0.0024584872  -0.0005116515   0.0009123134  -0.0001951144  -0.0040299608
 5  1   0.1956287792   0.0067980886   0.2334840612  -0.0065563994  -0.1533524366
 5  2  -0.0156067889  -0.0048800757  -0.0050090902   0.1656719331   0.0202531260
 5  3   0.0171415154  -0.0922810428  -0.0266755511   0.0123295839   0.0506584329
 5  4  -0.0087613301   0.0017290508  -0.0909980896  -0.0018629237  -0.0152786818
 5  5   0.1934972608  -0.0060827643   0.0720070912  -0.1982002433   0.0088449810
 5  6  -0.0234659622   0.1448883754   0.0121616792   0.0887672924  -0.0076628226
 5  7  -0.0037064658  -0.0009707749  -0.0044235401  -0.0076768843   0.0002286008
 5  8   0.0065941117  -0.0010994696   0.0725042397   0.0004467369  -0.0295922404
 5  9   0.0023070805   0.0049463952  -0.0188178461   0.0930222985   0.1131577249
 5 10   0.0143420820  -0.0734012504  -0.0124773045  -0.0478263572   0.0220857926
 5 11   0.0172348513  -0.0012878674   0.2475520432   0.0595596493   0.0529598582
 5 12  -0.0063747186  -0.0015884007   0.0020075756  -0.0005720690  -0.0111970106
 6  1  -0.2219549987   0.1813520125   0.1175156631  -0.0429276833  -0.1609349556
 6  2   0.1071143195  -0.0385721847  -0.0720493676   0.0035825557   0.2557098746
 6  3   0.1548981643   0.0124781689   0.0093967583   0.1606180685  -0.0132562462
 6  4   0.0364581869  -0.0225893326   0.0041537135  -0.0117649535  -0.0782429940
 6  5  -0.0311413910  -0.1060627216   0.0163572587  -0.0117962076   0.1453236851
 6  6   0.0062839072   0.0207394546   0.1612018833   0.0114616158  -0.0573819155
 6  7  -0.0402605827  -0.0070640649  -0.0524687608  -0.0006030224   0.0037727814
 6  8   0.1005567718   0.0027356461   0.0044101514   0.0018951618  -0.0029117903
 6  9   0.0005891203  -0.0006147440  -0.0012415070   0.0037857536   0.0016981728
 6 10  -0.0023082446   0.0058779765   0.0133911814   0.0188599876   0.0015573769
 6 11  -0.0099414900   0.0059846981  -0.0617565518  -0.0011639163  -0.0022927296
 6 12   0.0001478062   0.0000449333  -0.0000174659   0.0000176866   0.0002882197
 7  1  -0.0587341034  -0.1578381589   0.0365608936  -0.1221584537   0.0325831171
 7  2  -0.0181982970  -0.0037073067   0.0156890856   0.0716672824  -0.0121211368
 7  3   0.0024103705   0.0080213585   0.1201487444   0.0223404149  -0.0627632875
 7  4   0.1961283143  -0.0301584293  -0.0402747190   0.0074773937   0.0283461365
 7  5   0.0236151048   0.0240898956   0.0683077808  -0.1387686630  -0.0062463962
 7  6   0.0037819356   0.0709468430   0.0305690675  -0.0804632906  -0.0149563442
 7  7  -0.0120172136   0.0011691894  -0.0011452711   0.0385557675   0.0010520903
 7  8   0.0008014978   0.0115463830   0.0835402661   0.0007999568   0.0225054721
 7  9   0.0641447195  -0.0416024093   0.0683985947  -0.2735976680  -0.0443820547
 7 10  -0.0026509256  -0.0078305049  -0.0376773317  -0.0357491671  -0.1407570877
 7 11   0.0008053901  -0.2164757216   0.0568102656  -0.0004196889  -0.0017595785
 7 12  -0.0022017753  -0.0007653858   0.0013318646  -0.0007982818   0.0006763222
 8  1   0.1552406082   0.0295955590   0.1944151585  -0.0398940895  -0.0789489194
 8  2  -0.0092009783   0.0033484767  -0.0109820679   0.0551591423   0.0065127603
 8  3  -0.0017981915   0.0925316257   0.0689194378  -0.0141426680   0.1518317736
 8  4   0.1401576026   0.0223646319  -0.0639028515  -0.0066140396  -0.0183029572
 8  5  -0.1140176703  -0.0184043111   0.0551007947   0.0584011419   0.0054104710
 8  6  -0.1206527157   0.0048953287  -0.0215253864  -0.0000359915   0.0126296644
 8  7   0.0091910992  -0.0008804428   0.0009316649  -0.0021374895  -0.0000458902
 8  8  -0.0015170153  -0.0064515890   0.0486839518  -0.0002460094  -0.0127902946
 8  9  -0.0462380593   0.0231175614  -0.0064731597   0.0435239037  -0.2057762407
 8 10   0.0548592688  -0.0961698390  -0.1388061932   0.0389146552  -0.0226232402
 8 11   0.3100991960  -0.0057180387  -0.0978024511   0.0012296236   0.0002227979
 8 12   0.0015847184  -0.0008986992   0.0017555562   0.0007360098  -0.0000936336
 9  1  -0.1848158269   0.1326490821   0.1164735398   0.0023534285  -0.0997685167
 9  2   0.0452729990   0.0249456738  -0.1079452825   0.0088829569   0.0714196917
 9  3  -0.0099133669  -0.0097384183   0.0195636782  -0.1291347152  -0.0285242699
 9  4   0.0140026322   0.2205023770   0.0072469449  -0.0535731943  -0.2096476168
 9  5   0.0059913708  -0.1632171127   0.0136495334  -0.0224979563   0.0343666341
 9  6   0.0163273997   0.0079455437  -0.2047593190  -0.0009659590   0.1192802436
 9  7   0.0854187685  -0.0093530924   0.0083665131   0.0056824235  -0.0020658799
 9  8  -0.0080630006   0.0020429100   0.0048515534  -0.0006051572   0.0053907159
 9  9   0.0138455681  -0.0082930795   0.0107726169  -0.0455773412   0.0152190944
 9 10  -0.0060257833   0.0085712083   0.0089624142  -0.0089357105  -0.0183948029
 9 11  -0.0327701457  -0.0311324710   0.0178442799  -0.0001841835  -0.0002801631
 9 12  -0.0004980962  -0.0000160374   0.0000143724  -0.0001867926   0.0001076189
10  1  -0.0945862575  -0.1264554562  -0.0032984612  -0.1708411179   0.0705166600
10  2  -0.0267027972   0.0230118518   0.0227836605   0.0037250585   0.0055982917
10  3   0.0157488852   0.0585337374   0.1283293745   0.0307824054  -0.1127426044
10  4   0.0869503131  -0.0040779550   0.0669778645   0.0290189831  -0.0218316137
10  5   0.1513601556  -0.0226562843  -0.0485984594   0.0051659684   0.0184517461
10  6  -0.2999896264  -0.0780244443  -0.0063232820  -0.0274331716   0.0012692733
10  7   0.0179162633  -0.0001620563  -0.0001134159  -0.0747919150   0.0132297117
10  8  -0.0018377808  -0.0332672649   0.0075005812   0.0020723086   0.1200292571
10  9   0.0814777312  -0.0425117407  -0.0531251044  -0.0388178808  -0.0618838385
10 10   0.0851210679  -0.0375927337   0.1468593756  -0.0479099771   0.0782471838
10 11   0.1255391724   0.2870585801   0.0203634025  -0.0029084895  -0.0016549854
10 12  -0.0387654409   0.0040932631   0.0004205778  -0.0098989565  -0.0004134562
11  1   0.1327363963   0.0374637039   0.1806385767  -0.0463994139  -0.0321679392
11  2   0.0110434604  -0.0157607612  -0.0167310916   0.0085724414  -0.0033179010
11  3  -0.0130342029   0.1299205918   0.0815535343  -0.0184560780   0.1120452026
11  4   0.0809202890   0.0022001002   0.0294341916  -0.0216047936   0.0153732806
11  5  -0.0919345934   0.0157160966  -0.0461161917   0.1759403214  -0.0107056023
11  6  -0.2245421806  -0.0780942148   0.0037193131   0.2049128515  -0.0063891926
11  7  -0.0138729892   0.0017752838  -0.0000421259  -0.1910651770  -0.0114546278
11  8   0.0038563662  -0.2049943177  -0.0150421255  -0.0003519288   0.1122916110
11  9   0.0238623007  -0.0071911363   0.0223716236  -0.0165701877   0.0682867141
11 10  -0.0780944324   0.0124217867   0.0429580442   0.0047134713  -0.0856679804
11 11  -0.1982726935  -0.0684023784   0.0336249153  -0.0048786428  -0.0038004174
11 12  -0.0749817802   0.0068466952   0.0022165615  -0.0125921047  -0.0006664607
12  1  -0.1824171775   0.0712910929   0.1754549894   0.1260872061   0.0127494604
12  2   0.1739830036  -0.1562298861  -0.1596150952  -0.0039887245  -0.0344208235
12  3  -0.1085261742  -0.0059898887   0.0263072150  -0.1790737155  -0.0317954774
12  4   0.0061014625   0.0378562964   0.0099097976  -0.1986649861   0.1097100487
12  5   0.0292707756   0.1661694643  -0.0119961327  -0.0163360943  -0.1301611828
12  6  -0.0212183877  -0.0024200492   0.0360608710  -0.0274886630  -0.0019524962
12  7  -0.1202133584   0.0033630698   0.0008563707   0.0030375490  -0.0893945413
12  8   0.0123867051   0.0206951983   0.0037609214  -0.0080468893   0.0048269033
12  9   0.0099003633  -0.0057916238  -0.0101279835  -0.0041882291  -0.0164326258
12 10   0.0207261272  -0.0067936053   0.0172052643  -0.0076538820   0.0205971115
12 11   0.0397698690   0.0495870403  -0.0005943675   0.0000832627   0.0001508788
12 12   0.0022239701  -0.0001203268  -0.0001760533  -0.0001383281   0.0000121804
13  1  -0.0981103267  -0.1203367394  -0.0022096616  -0.1765905404   0.0589201452
13  2  -0.0196555232   0.0211958218   0.0166562055   0.0093999221   0.0234705629
13  3   0.0235903368   0.0438044931   0.1158999805   0.0114533573  -0.1031464290
13  4   0.0553890319   0.0253394409   0.0580694386  -0.0348496664  -0.0122593280
13  5   0.1749031001   0.0158188034  -0.0514060783   0.0261610890  -0.0205617366
13  6  -0.3183901412  -0.0815102970   0.0099768037  -0.0798108840   0.0008073609
13  7   0.0117627762  -0.0011541111   0.0010061472  -0.0062392862  -0.0178337164
13  8   0.0012246267  -0.0296564943  -0.0167927535   0.0005560770  -0.0495813662
13  9  -0.0864465101   0.0851629997   0.0297721196   0.0667443562   0.1004509738
13 10  -0.0184716844   0.0628430241  -0.1593516578   0.0280836690   0.1016266271
13 11   0.0778712746  -0.2571510819  -0.0446370080   0.0000596962  -0.0000954807
13 12  -0.0046741185   0.0004438441   0.0019009749   0.0446765290  -0.0004635558
14  1   0.0943265981   0.0588273681   0.1440076489  -0.0773124040   0.0389401624
14  2   0.0182292000  -0.0150926976  -0.0123603657  -0.0739287130  -0.0145422865
14  3  -0.0202386899   0.1812566662   0.1039231306  -0.0027635165  -0.0282298169
14  4  -0.0248995080  -0.0191039135   0.2143320285   0.0260968453   0.0039981699
14  5   0.0414950535  -0.0116031925  -0.1842220712   0.0549139557   0.0137942986
14  6   0.2035841602  -0.0691302389  -0.0078706828   0.2323130926  -0.0052894527
14  7  -0.0085827473   0.0000507335  -0.0007288340  -0.0267700986   0.0152778267
14  8  -0.0022293938   0.1944877579   0.0233341733  -0.0000935616   0.0853440860
14  9   0.0370639856  -0.0016576165   0.0372596988  -0.0550213029   0.0582667321
14 10  -0.0558214078   0.0329887271  -0.0047782397  -0.0286843564   0.1118736427
14 11   0.2223430224  -0.0816052515  -0.0345747467   0.0003897037   0.0002907927
14 12   0.0120971346  -0.0000574532  -0.0022484899  -0.0722678677   0.0008524659
15  1  -0.1480246737   0.0233233098   0.1773978512   0.1739688750   0.0747387822
15  2   0.1232503663  -0.1436851369  -0.1183887123  -0.0015999870  -0.1557345161
15  3  -0.1592905404  -0.0129135170   0.0149461270  -0.0520539645  -0.0113559766
15  4   0.0130252302  -0.1605582229  -0.0206024807   0.2339247634   0.0429083764
15  5   0.0276988813  -0.0858521268   0.0165379796  -0.0041418910   0.1308747267
15  6  -0.0682917342  -0.0053769201  -0.0763932643  -0.0361127052   0.0112667130
15  7  -0.0767401347   0.0092920234  -0.0058811678   0.0114143053   0.1187351250
15  8  -0.0042706417  -0.0285578010  -0.0053399056  -0.0071666714  -0.0158170811
15  9  -0.0168371790   0.0128096359   0.0003499254   0.0159026097   0.0088052237
15 10   0.0031995037   0.0058088178  -0.0230724122   0.0072081008   0.0031565698
15 11  -0.0123466289  -0.0292636258  -0.0028142967  -0.0000394488  -0.0000470862
15 12  -0.0019788533   0.0000735387   0.0005241073   0.0142719019  -0.0001580062
16  1  -0.0653377849  -0.1459702387   0.0392648659  -0.1330599912   0.0088211475
16  2  -0.0039475584  -0.0095528651   0.0057152141   0.0738986760   0.0226171491
16  3   0.0158640483   0.0156309213   0.0565515246  -0.0142920748   0.0197249828
16  4   0.0222353304   0.0252990238  -0.0307789601  -0.0004604949   0.0284758190
16  5   0.1168439991   0.0328725627  -0.1005155520   0.1737950294   0.0394330886
16  6  -0.0089022485  -0.0846471533  -0.0218935137   0.1691071299  -0.0123828220
16  7  -0.0069759009  -0.0026256330   0.0002501873   0.1454181776   0.0022191777
16  8  -0.0000519053   0.0608896984  -0.0325607191  -0.0054416252  -0.3784066585
16  9   0.0244537867  -0.0765159175   0.0460925323   0.0064441161  -0.0088989555
16 10  -0.0008361584  -0.0002970104   0.0204649164  -0.0015859717  -0.1294906185
16 11   0.0078858679   0.1411682995   0.0147552704   0.0000055734   0.0000122150
16 12  -0.0002629794  -0.0013475974  -0.0014868570   0.0015464098  -0.0000633085
17  1   0.0781737235   0.0725817746   0.1207168594  -0.1022220515   0.0635914726
17  2   0.0047982278   0.0068963803  -0.0043433640  -0.1093432900  -0.0143597124
17  3  -0.0147898603   0.1936189677   0.1168254881   0.0144925875  -0.0898889974
17  4  -0.0365485138  -0.0187773799   0.2214911564   0.0011957014  -0.0247142550
17  5   0.0605628628  -0.0234044887  -0.1079967965  -0.0396946063  -0.0291879383
17  6   0.1174096401  -0.0115824134   0.0158384731   0.0145761628   0.0053120972
17  7   0.0048699850   0.0008763603  -0.0002155209   0.0035857838  -0.0010450068
17  8  -0.0005602580   0.0066285995   0.0230296584   0.0031003792  -0.0136587212
17  9  -0.0354270391   0.0171353370  -0.0034118525   0.0094445158  -0.0695536267
17 10   0.2377510895  -0.0043223427  -0.0942060460   0.0507642148  -0.0151202484
17 11  -0.3494248918   0.0240401295   0.0363501405  -0.0000455721  -0.0000923399
17 12   0.0005505393   0.0007647539   0.0018674464   0.0022369995   0.0000822383
18  1  -0.1155639576   0.0367976954   0.1196397545   0.0972407180   0.0236802165
18  2  -0.0585572160   0.0666837213  -0.0430753895   0.0136929683  -0.1597509576
18  3  -0.1015464981  -0.0191634367  -0.0085457145   0.1023900347   0.0135631660
18  4   0.0053764382  -0.1634412175  -0.0306214161   0.0005217514  -0.2174217217
18  5   0.0068342423  -0.2110612202   0.0093289470   0.0371260885  -0.2625480847
18  6  -0.0144684873  -0.0106651536   0.1476238503   0.0285718467   0.0513654719
18  7   0.0472224865   0.0112107477  -0.0031115124   0.0199867021  -0.0105021038
18  8  -0.0025592163   0.0078577858  -0.0073998238   0.0316739890  -0.0540717311
18  9   0.0072629449  -0.0131572212   0.0070960795   0.0001861754   0.0060810397
18 10  -0.0254361784   0.0003746730   0.0131040098  -0.0056310927  -0.0174351864
18 11   0.0384248343   0.0181306534  -0.0017597596   0.0000068792   0.0000106435
18 12  -0.0000976039  -0.0002870176  -0.0004215165  -0.0000089060  -0.0000186242
19  1  -0.0291982097  -0.1775428848   0.0795454985  -0.0840066368  -0.0297278927
19  2   0.0047852991  -0.0406027342   0.0044146406   0.1374452567   0.0115792471
19  3   0.0129979161  -0.0232977314   0.0658147227   0.0049398789   0.0706033391
19  4   0.1742762537   0.0366365657  -0.1487822618   0.0241155860  -0.0142044185
19  5   0.0570028079   0.0124566551  -0.0117654655   0.0853608859  -0.0172734811
19  6   0.2576536270  -0.1996015127   0.0178382017  -0.0794775621   0.0172803502
19  7  -0.0022028813  -0.0117110914   0.0019541449  -0.0098218858   0.0056708345
19  8   0.0003219677  -0.0243770829  -0.0509780511  -0.0026271815   0.0153899764
19  9   0.0400629477  -0.0649221261   0.0289724726   0.0993364701  -0.0815350934
19 10   0.0353403113  -0.0670890967   0.1503199217  -0.0134892121   0.1245588735
19 11  -0.1099929357  -0.2727707518  -0.0065232934   0.0001562596  -0.0004244943
19 12  -0.0031749691  -0.0267489349  -0.0301639791   0.0003969065  -0.0010834029
20  1   0.0998830928   0.0652519735   0.1335762895  -0.0965967374   0.0181760022
20  2  -0.0156294904   0.0295874065  -0.0030634143  -0.0684287717  -0.0087111583
20  3  -0.0110906479   0.1745713199   0.1258635571  -0.0000695795  -0.0450224626
20  4   0.0468250061  -0.0266861111   0.1950883706  -0.0182236599   0.0089060234
20  5   0.0023946334  -0.0107752262  -0.0980316870  -0.1222281330   0.0124233569
20  6   0.2209909180  -0.0136174864  -0.0110895383  -0.2479477154  -0.0043549463
20  7   0.0018229746   0.0094500745  -0.0014869812   0.0259036337  -0.0070225951
20  8   0.0024115239  -0.1978026216  -0.0564229848   0.0018620371  -0.0833127159
20  9   0.0254908441  -0.0155011276  -0.0282971163   0.0539649339   0.0704335280
20 10  -0.0479152837   0.0299036808   0.0435069334  -0.0129089451  -0.1000484188
20 11   0.2078332764   0.0427391559  -0.0179379667   0.0004983688  -0.0008939069
20 12  -0.0066046722  -0.0540388671  -0.0534649460   0.0016511200  -0.0014848449
21  1  -0.1170615714   0.0974631110   0.0601369859  -0.0264093439  -0.0882658139
21  2  -0.1898823299   0.2783835123  -0.0317167119   0.0270134731  -0.0979077779
21  3  -0.0740381141  -0.0237238770   0.0002341102  -0.0320844447   0.0102048688
21  4   0.0191112029  -0.2347389043  -0.0438860663  -0.1760402469   0.0833104991
21  5   0.0140842300  -0.0729944309   0.0129488615   0.0229271476   0.1246748145
21  6   0.0152702702  -0.0286490503  -0.1108857498   0.0051156392  -0.1050554924
21  7   0.0146183231   0.0789208594  -0.0140702509  -0.0054504566  -0.0403273321
21  8   0.0017872844   0.0204833733  -0.0009451905   0.0174520811   0.0102965200
21  9   0.0032562264  -0.0079289047   0.0074243874   0.0085032413  -0.0195829191
21 10   0.0104350221  -0.0130666231   0.0174220532  -0.0006540432   0.0289479616
21 11  -0.0387229176  -0.0447657705   0.0011472182  -0.0000313607   0.0000350207
21 12   0.0002402081   0.0018469451   0.0012609332  -0.0001139931   0.0000008950
22  1  -0.0260414741  -0.1833309037   0.0780634200  -0.0787589168  -0.0177889743
22  2  -0.0023253165  -0.0383290789   0.0095203314   0.1395991263  -0.0059175756
22  3   0.0071962957  -0.0376108506   0.0707746909   0.0249662373   0.0486621490
22  4   0.1883741323  -0.0171600887  -0.1526818925  -0.0315996732  -0.0104217669
22  5   0.0617578297  -0.0150170369   0.0161865501   0.0467847919   0.0183188299
22  6   0.2657533559  -0.1832268474  -0.0057434344  -0.0255264628   0.0175919440
22  7  -0.0006049952   0.0136927656  -0.0030471537  -0.0761598596  -0.0057433610
22  8   0.0004930898  -0.0405455088   0.0148812529   0.0008064463   0.0793882115
22  9  -0.0708335597   0.0691963877  -0.0453975266  -0.0893895787   0.0414986699
22 10  -0.0847714373   0.0336636897  -0.1740445706   0.0255228688   0.0539503621
22 11  -0.0817529210   0.3024478938   0.0127525930   0.0009744971  -0.0033693616
22 12  -0.0011001326  -0.0279189996   0.0333167206  -0.0012448722   0.0043614151
23  1   0.1380640256   0.0439463539   0.1701034380  -0.0656950445  -0.0524321460
23  2  -0.0225335557   0.0284856376  -0.0067015010   0.0166758838   0.0020666041
23  3  -0.0049077337   0.1233762879   0.0990971875  -0.0162815217   0.0972759073
23  4   0.1485015489   0.0127190438   0.0097728516   0.0213928360   0.0101470311
23  5  -0.1450318283   0.0094798477   0.0475788924  -0.0054148829  -0.0113428415
23  6  -0.1911690160   0.0515696793   0.0066007973  -0.2398751695  -0.0058044530
23  7   0.0013905117  -0.0109993913   0.0023121447   0.1849907614   0.0059049126
23  8  -0.0011567238   0.2064058170  -0.0650258385  -0.0010693966  -0.0786313622
23  9   0.0325127652  -0.0320074078  -0.0112735046  -0.0435755891   0.0442516801
23 10  -0.0756819894   0.0112489146   0.0048719226  -0.0098853063   0.1006808821
23 11  -0.1945689273   0.0944910786   0.0379731226  -0.0024146358   0.0054675947
23 12   0.0036056178   0.0499652894  -0.0521019726   0.0022589268  -0.0069826190
24  1  -0.1514311109   0.1448294796   0.0587729867  -0.0730773866  -0.1491518282
24  2  -0.1378855677   0.2635473166  -0.0670410896   0.0243857739   0.0209580432
24  3  -0.0321965562  -0.0197051234   0.0117370683  -0.1636069505  -0.0081237035
24  4   0.0130385880   0.1310777082  -0.0217448155   0.2044011398   0.0565636241
24  5   0.0203140284   0.1179530625  -0.0098364111   0.0101353528  -0.1248952754
24  6   0.0586124771  -0.0323666328   0.0462467724   0.0107207309  -0.1168946934
24  7   0.0024729152  -0.0916687094   0.0206519004  -0.0299683213   0.0372987578
24  8  -0.0010425759  -0.0305450123   0.0089653962  -0.0078405503   0.0205675726
24  9  -0.0136978437   0.0134867352  -0.0054639141  -0.0084092894   0.0013111009
24 10  -0.0044293552   0.0036932952  -0.0261247373   0.0048192783  -0.0027563983
24 11   0.0091057221   0.0344647793  -0.0020365552   0.0004046457  -0.0010714111
24 12  -0.0005514489  -0.0095096106   0.0105242510  -0.0004321975   0.0013988793
25  1  -0.0689200653  -0.1388853630   0.0417992480  -0.1391793058  -0.0073366529
25  2   0.0054638999  -0.0033821489  -0.0065034748   0.0676935337   0.0051168153
25  3  -0.0206565875   0.0344793288  -0.0160224263  -0.0112839264   0.0784559684
25  4  -0.1441482382  -0.0053646796   0.0096913294   0.0008926081   0.0122776663
25  5   0.0221653762  -0.0210241933  -0.1119678561   0.1348217410  -0.0023357804
25  6   0.0449232128   0.2527752897   0.0017136151  -0.0380649207   0.0019518757
25  7   0.0003851421  -0.0006743410   0.0000751514   0.2538524432  -0.0023544479
25  8   0.0002736643  -0.0305043454   0.0048459046   0.0752801054   0.0679049887
25  9   0.0001525186   0.0356259854  -0.0079970522  -0.0009030352   0.0003405678
25 10  -0.0014039726   0.0000840446  -0.0012777661   0.0001457617   0.0044259465
25 11  -0.0003648792  -0.0020996158  -0.0000173270  -0.0000297513  -0.0000344854
25 12   0.0000543130  -0.0000993440  -0.0001960921   0.0001227617  -0.0000019023
26  1   0.0285162421   0.1003922565   0.0730437013  -0.1426638166   0.1553123080
26  2   0.0134300372   0.0029231039   0.0048338450  -0.1214774782  -0.0018294024
26  3   0.0152675028  -0.0393305446   0.0993176679   0.0086537921  -0.0457074688
26  4  -0.0653222491   0.0045623700  -0.0888272670  -0.0007399992  -0.0093067701
26  5   0.0163080706   0.0205564069   0.2560034246   0.0592653642   0.0035328101
26  6   0.0235341945   0.0241230127  -0.0012376246  -0.0028493133  -0.0006808787
26  7  -0.0002817126   0.0004372336  -0.0000751768   0.0545562748  -0.0004422344
26  8   0.0000374690  -0.0049941691   0.0044172527  -0.0566465014   0.0257090149
26  9  -0.0558130124  -0.2791358876  -0.0045535312  -0.0042094650   0.0098708025
26 10  -0.0073543934   0.0037042310   0.0046787593  -0.0025313916   0.0015177512
26 11   0.0134824510  -0.0010194116  -0.0013135710   0.0000037418  -0.0000077298
26 12   0.0000125593  -0.0002730738  -0.0003067731  -0.0002049044  -0.0000098807
27  1  -0.0705885607  -0.0243247882   0.1205519576   0.1565242434   0.1017500641
27  2  -0.1285605793   0.0237572433   0.0397831195   0.0190858857  -0.0386890214
27  3   0.1406042062   0.0108788478  -0.0193145977   0.0635362809   0.0180737306
27  4  -0.0147096195   0.0323080512   0.0120345155  -0.0049052298  -0.0849173725
27  5  -0.0035595965   0.1344673816  -0.0514650475   0.0124058180   0.0272607220
27  6   0.0042264610   0.0347194732  -0.0121226857  -0.0059770301  -0.0065350324
27  7  -0.0027369167   0.0041719590  -0.0005937543   0.0315429513   0.0002000117
27  8   0.0002693262  -0.0038849688   0.0003864174  -0.5097276853   0.0073738935
27  9   0.0064594283   0.0360327392  -0.0006341266   0.0003508633  -0.0010134923
27 10   0.0005715702  -0.0003825933  -0.0006773790   0.0002891540   0.0004691311
27 11  -0.0014784441  -0.0001732817   0.0001319334  -0.0000042229  -0.0000040238
27 12   0.0000061277   0.0000128562   0.0000037911   0.0000398821   0.0000003918
28  1  -0.0215946689  -0.1963837812   0.0678904167  -0.0698095703   0.0237771565
28  2  -0.0250721900  -0.0212874885   0.0659653028   0.0320642566   0.1483553098
28  3   0.0901246409   0.1876366739  -0.0754358845  -0.2324842533  -0.0263665473
28  4  -0.2679029726  -0.1549096642  -0.1226289391   0.0167443992  -0.0305154320
28  5  -0.0636458444  -0.0695799034   0.1729582839  -0.0725836467  -0.0305124339
28  6  -0.0050201195  -0.0714218154   0.0125473170  -0.0090817787   0.0032308017
28  7   0.0049179627   0.0022858000  -0.0002192540  -0.2141715962  -0.0000187597
28  8   0.0000385241   0.0171397078  -0.0022560737  -0.2192689328  -0.0222265513
28  9   0.0143179274   0.0480766769   0.0032438450  -0.0006005877   0.0003228332
28 10  -0.0035270269  -0.0003151326   0.0016199018  -0.0007511320   0.0002477236
28 11   0.0035018321   0.0005856943  -0.0004907037   0.0000195686   0.0000197092
28 12  -0.0000426436  -0.0000245032   0.0000435269  -0.0001063052  -0.0000024514
29  1   0.0303936195   0.1485796770  -0.0065559783  -0.2640686633   0.0976262919
29  2  -0.1567284738  -0.0837965699  -0.0866510914  -0.1086754519  -0.0755556778
29  3   0.2793246093  -0.1144135547   0.1069444934  -0.0034815679  -0.0052724601
29  4  -0.0384972444   0.0501960575  -0.1883895878  -0.0026968202   0.1483486711
29  5  -0.0304907619  -0.1722569834  -0.3586067878  -0.0220350034  -0.0271158016
29  6  -0.0034410977   0.0469694930   0.0106962764  -0.0244116865   0.0046617505
29  7   0.0041173906   0.0008241471   0.0000390312  -0.2106355257   0.0003509898
29  8   0.0001120128   0.0148236674  -0.0012493503  -0.2265457281  -0.0207237353
29  9   0.0173349982   0.0783496674   0.0027663598   0.0002009805  -0.0033898018
29 10   0.0008749047  -0.0016317772   0.0000529275   0.0002993756  -0.0000918508
29 11  -0.0031606936   0.0006788250   0.0003530452   0.0000032854   0.0000138017
29 12  -0.0000105637   0.0001874100   0.0002136262  -0.0000115223   0.0000072164
30  1  -0.0474954106  -0.0255756431   0.0904542448   0.1244281598   0.0856368852
30  2  -0.2331977778  -0.0307571099   0.0243117062   0.0097296984  -0.0083751975
30  3   0.3080329659   0.0427940790  -0.0455324600  -0.0411922840  -0.0081801356
30  4  -0.0531271443  -0.0124023781  -0.0906710706   0.0011489925  -0.0374022556
30  5  -0.0672915603   0.0452752113  -0.2675473496  -0.1457799995   0.0091033266
30  6  -0.0529392119  -0.1569182888  -0.0043058423   0.0583106772  -0.0020469761
30  7  -0.0033854029  -0.0035974561   0.0002823490   0.3983977308  -0.0014744133
30  8  -0.0001366107  -0.0264756192   0.0038787461   0.5058768503   0.0353257601
30  9  -0.0288401544  -0.1128415419  -0.0047060114  -0.0005591505   0.0029172847
30 10   0.0008169249   0.0015275017  -0.0011537027   0.0001600161   0.0008965596
30 11   0.0003606735  -0.0016191967  -0.0001015587  -0.0000049195  -0.0000101417
30 12   0.0000189528  -0.0000874206  -0.0001223461   0.0000244288  -0.0000026715
31  1  -0.0738149858  -0.1147698666   0.0690826322  -0.1521281403  -0.1023267544
31  2   0.0558294851   0.0306994309  -0.0692954317   0.0122159198  -0.1358919925
31  3  -0.1883950397   0.1871461292  -0.1108304073   0.2289675323  -0.0194103119
31  4  -0.2780877020   0.1503702699  -0.1487825311  -0.0164866467   0.0387982237
31  5  -0.0821724040   0.0586667531   0.0698918267  -0.1135510486   0.0257384370
31  6  -0.0197915083  -0.1112369175  -0.0109533870   0.0064765246  -0.0029958502
31  7  -0.0038667082  -0.0010368794   0.0001435241  -0.0979639287   0.0020485588
31  8  -0.0001854530   0.0092828547  -0.0011372970   0.0729456898  -0.0119109207
31  9   0.0060051203   0.0165166499   0.0018372980  -0.0007456025   0.0010315892
31 10  -0.0031749937   0.0000783128   0.0012481784  -0.0006755687   0.0005000021
31 11   0.0033947305   0.0001271225  -0.0004953675   0.0000178628   0.0000163887
31 12  -0.0000361988  -0.0000450592   0.0000116018  -0.0000962376  -0.0000030879
32  1   0.0067138568   0.0697118919   0.1230197993  -0.0533354593   0.2428110860
32  2   0.1651563896   0.0771103938   0.0891143018  -0.0918681138   0.0709731504
32  3  -0.2061810785  -0.1196071657   0.1138053512   0.0038689290  -0.0037568598
32  4  -0.0346711907  -0.0449492864  -0.1673010914   0.0010749988  -0.1521434120
32  5  -0.0317390021   0.1681228271  -0.3026848335   0.0052433628   0.0300464846
32  6   0.0082881092   0.0770960847  -0.0117785134  -0.0374460221  -0.0028358939
32  7  -0.0047825316  -0.0010168410   0.0001308116  -0.2974856469   0.0038389820
32  8  -0.0005969036   0.0206382639  -0.0023363531   0.3363789309  -0.0287704559
32  9   0.0232960078   0.1022941344   0.0037904483   0.0002691711  -0.0039488850
32 10   0.0005497746  -0.0019341838   0.0003598425   0.0002306489  -0.0002644242
32 11  -0.0030616039   0.0010201031   0.0003596012   0.0000038508   0.0000160908
32 12  -0.0000146572   0.0002026525   0.0002384856  -0.0000199162   0.0000080535
33  1  -0.0525872952  -0.0047896973   0.0762858043   0.0889401194   0.0509378895
33  2  -0.2568819026  -0.0409111446  -0.0151923845   0.0060218514  -0.0664967668
33  3   0.3198510323   0.0441697720  -0.0105331179   0.0274071570   0.0024390424
33  4  -0.0189680313   0.0428577708   0.0906359880  -0.0034853900   0.0052737228
33  5   0.0502354659   0.0423145448   0.3730729205   0.1198675929   0.0136629304
33  6   0.0491490280   0.1166584411  -0.0050836883  -0.0519969984   0.0012138544
33  7  -0.0034739492  -0.0028734445   0.0004383319  -0.3879188878   0.0045258763
33  8  -0.0006387506   0.0262949881  -0.0043038823   0.4861970597  -0.0353079307
33  9   0.0269158117   0.1026558535   0.0046622133   0.0002445362  -0.0019675384
33 10  -0.0019601180  -0.0012055539   0.0015419649  -0.0004218635  -0.0007160502
33 11   0.0013027548   0.0015147507  -0.0001170696   0.0000097429   0.0000123872
33 12  -0.0000280219   0.0000367347   0.0000826233  -0.0000502008   0.0000004979
34  1  -0.1105950808  -0.1031509029  -0.0057635539  -0.1955318511   0.0405219788
34  2  -0.0063581263  -0.0131945779  -0.0238897184   0.0897385720  -0.0164572904
34  3   0.0230869864  -0.2319493976   0.1222034421  -0.0086497732   0.3004974661
34  4  -0.1161373120  -0.0237319368   0.3171361309   0.0030483101  -0.0313289542
34  5  -0.0613049593   0.0295355074  -0.0110081794  -0.1366553157   0.0031509116
34  6  -0.0271587635  -0.0905786506  -0.0011631708  -0.0031304974  -0.0001906613
34  7  -0.0001659185   0.0000653698   0.0000457615  -0.1803724439   0.0012881514
34  8  -0.0002332781   0.0159737701   0.0044769585  -0.0051014947  -0.0083459177
34  9  -0.0258665808  -0.1203412829   0.0003898785  -0.0025293194   0.0002071663
34 10   0.0066136660   0.0008039188  -0.0025417734   0.0008612960   0.0000200484
34 11  -0.0060142965   0.0017138105   0.0004365725   0.0000150434   0.0000164547
34 12  -0.0000984541   0.0001241922   0.0001928280   0.0003126626  -0.0000098751
35  1   0.0127180271   0.1033585360   0.0676000463  -0.1408459880   0.1909689563
35  2   0.0364622009   0.0109829572   0.0179009022  -0.1078368414   0.0121985668
35  3  -0.0114043718  -0.1374182146   0.1615651436   0.0077337251   0.0345863588
35  4  -0.0598752969   0.0154762239   0.0123371218  -0.0012718584   0.0274104876
35  5  -0.0100473861  -0.0178286020   0.3682471205  -0.0329620516  -0.0038236629
35  6   0.0077263955  -0.1459782254   0.0010789941   0.0599552927  -0.0014479458
35  7   0.0000181495  -0.0004516181  -0.0000824342   0.4103275767  -0.0029269568
35  8   0.0003949643  -0.0280579642  -0.0083610047   0.0039867211   0.0072975927
35  9   0.0732389575   0.3506736326   0.0020270251   0.0068647481  -0.0085062246
35 10  -0.0024431200  -0.0045635843   0.0022494734   0.0004461480  -0.0010663406
35 11  -0.0034644901  -0.0010068227   0.0006117900  -0.0000217657  -0.0000066451
35 12  -0.0000150315   0.0000709607   0.0000304779   0.0001935573   0.0000056003
36  1  -0.0775771073  -0.0833097405   0.1898765468   0.2894352649   0.2173404611
36  2   0.0384331046   0.0943893750   0.1574358747   0.0343756022   0.0940688696
36  3  -0.1181986825  -0.0192573168  -0.0061308729   0.0510483994   0.0413742201
36  4  -0.0113221936   0.1383996251   0.0453349155  -0.0126176714   0.2346909754
36  5   0.0020484734  -0.2195691181  -0.0324104791  -0.0157090938  -0.0297727083
36  6  -0.0051571223   0.0024857399   0.0071686381  -0.0068533906   0.0023780464
36  7   0.0012045403   0.0005972430  -0.0000100530  -0.0721141310   0.0014129463
36  8  -0.0001115741   0.0054452965   0.0015782207   0.0362582125  -0.0020627291
36  9  -0.0119831682  -0.0566202497  -0.0001637370  -0.0011379792   0.0009625716
36 10   0.0012491102   0.0006265166  -0.0006302012   0.0000806315   0.0001179575
36 11  -0.0005340858   0.0003657225   0.0000094491   0.0000036715   0.0000031480
36 12  -0.0000122159   0.0000110419   0.0000254727   0.0000251170  -0.0000016931
37  1  -0.0281334649  -0.1904532901   0.0609621182  -0.0787541576   0.0296507540
37  2  -0.0260858145   0.0242602053  -0.0422061977   0.1347773547  -0.0242664272
37  3  -0.0194524560  -0.1249454417   0.0837548655  -0.0430317466  -0.2470901054
37  4   0.1051628422   0.0590227587   0.0876150871  -0.0189014397  -0.0544880606
37  5  -0.2058699735  -0.0628717364   0.0548118075  -0.0598558973   0.0846393689
37  6   0.0331443785   0.1554243904   0.0872186221   0.1760890458  -0.0266234765
37  7  -0.0252491230   0.0182266171   0.0900469335  -0.0397285071  -0.0041020447
37  8  -0.0462242897  -0.0071357064  -0.2332719574  -0.0015400954   0.0325376351
37  9  -0.0584649897   0.0269218953  -0.0098187559   0.0381536234  -0.0506904958
37 10   0.0210634100  -0.0316466225  -0.0983434129  -0.1334691834   0.0000956273
37 11   0.0316557896  -0.0026568874   0.1420695703   0.4637767813  -0.4442272916
37 12  -0.0112983966   0.0786936012  -0.0858701965   0.0086680319   0.7221894195
38  1   0.2500469990  -0.0213003338   0.2817959051   0.0318247342  -0.2564854982
38  2  -0.0332692334  -0.0258743300   0.0349255698   0.3299486257   0.0030253560
38  3   0.0232180728  -0.4460110150  -0.1765784440   0.0337984673  -0.3918895478
38  4  -0.3711841726  -0.0397430519   0.2450371733   0.0153493146   0.0454105605
38  5  -0.1906568007   0.0307591788  -0.1995481783   0.4606633620  -0.0401320202
38  6  -0.0582191317  -0.4536228514  -0.0473143675  -0.4396113793   0.0278999455
38  7   0.0169528982  -0.0094807653  -0.0471674202   0.1093632347   0.0036943490
38  8   0.0177959236   0.0046746585   0.5852132373   0.0030686922  -0.1029042846
38  9   0.1431101346  -0.0781440792   0.0383556048  -0.0368569511   0.0550824297
38 10  -0.0789473946   0.1139075542   0.3155232037   0.6774744823   0.0872186613
38 11   0.1814550094  -0.0003018926   0.4322608206   0.0991447962  -0.0963181528
38 12  -0.0027131586   0.0149374588  -0.0158754174   0.0014491985   0.1343843667
39  1  -0.2581989973   0.2739814144   0.0727843990  -0.1807148651  -0.3047402218
39  2   0.0646520494  -0.1920202601   0.3198337902  -0.0114182922   0.1362345987
39  3   0.1580076181   0.0332036490   0.0029389297   0.3501694284   0.0157722841
39  4   0.0573584127  -0.4295703842  -0.0257105907   0.1468612523   0.4366033005
39  5  -0.0080954899   0.4211404479   0.0035630731  -0.0425650746  -0.5920035297
39  6   0.0131579620   0.0615973400  -0.6090746070   0.0695308513   0.1471003379
39  7   0.1665481083  -0.1199279993  -0.6248414040  -0.0148229373   0.0214546058
39  8   0.3484858122   0.0053880618  -0.0733433550   0.0024809454   0.0130024886
39  9  -0.0176887233   0.0086840535  -0.0047250854   0.0092116461  -0.0111638936
39 10   0.0089263003  -0.0126568359  -0.0363501714  -0.0698839227  -0.0061733905
39 11  -0.0108105812   0.0001785731  -0.0121015512   0.0590737586  -0.0564092033
39 12  -0.0014321437   0.0101871546  -0.0111512653   0.0011343443   0.0935096165
40  1   0.0017342641  -0.2115067156   0.1025693193  -0.0398154483  -0.0276660200
40  2  -0.0057731270   0.0195329247  -0.0845248834   0.2398017834   0.0598477774
40  3   0.0505154020  -0.3403719394  -0.0149017174   0.0720889213  -0.5215216090
40  4  -0.1124032780  -0.0584413315   0.3110385526   0.0202391449   0.0612622611
40  5  -0.5502395166   0.0272625450  -0.1484288618   0.4981635442  -0.0413182554
40  6   0.0401522724  -0.3501819456  -0.0475748897  -0.2702044348   0.0237868064
40  7   0.0167184276   0.0198226423   0.1000220324   0.0733246070   0.0100353870
40  8   0.0494439352   0.0004242147   0.4855771696   0.0033479123  -0.1134215665
40  9   0.0321627019   0.0080242450  -0.0408343221   0.1951320332   0.3789014256
40 10   0.0771350323  -0.3267024903  -0.2006378833  -0.5510556566  -0.0520434251
40 11  -0.2504083325   0.0308783363  -0.5282039906  -0.1198750390   0.1876982370
40 12  -0.0044498213  -0.0055466632  -0.0034058617   0.0017371300   0.1738678555
41  1   0.2135072696   0.0025328808   0.2411461917  -0.0063457706  -0.1927040817
41  2  -0.0385387950  -0.0198978076   0.0530335039   0.2139238013  -0.0376463723
41  3  -0.0153750102  -0.1994736193  -0.0701144395  -0.0290090583  -0.0701417942
41  4  -0.1184208736   0.0259430822  -0.0175630210  -0.0074262845  -0.0253907679
41  5   0.1899738939  -0.0144117569   0.0264382263  -0.1514916318   0.0220057323
41  6  -0.0499948952   0.1044104704   0.0240269395   0.0821874317  -0.0100366280
41  7  -0.0081817413  -0.0103281670  -0.0518321045  -0.0289382052  -0.0050663370
41  8  -0.0264468029  -0.0008814805  -0.2134003002  -0.0014886228   0.0564510968
41  9  -0.0103702248  -0.0055299008   0.0159060852  -0.0928497456  -0.2202250544
41 10  -0.0366902260   0.1942491617   0.0709635601   0.1312341657  -0.0023936367
41 11   0.0213572849  -0.0095515272  -0.0644113568  -0.3863721415   0.6175959824
41 12  -0.0135534192  -0.0137248489  -0.0177360655   0.0065279965   0.6210501348
42  1  -0.2080271321   0.2622858623   0.0165014527  -0.2318142793  -0.3230034087
42  2  -0.1422147081  -0.2097879330   0.6723742224  -0.0099199984  -0.4983825661
42  3  -0.3112748964  -0.0279031106   0.0325557236  -0.4262701338  -0.0729084194
42  4  -0.0119344146   0.3401784782   0.0565066350  -0.1100947565  -0.2533389830
42  5  -0.0949627829  -0.2422877108  -0.0114606203   0.0814933179   0.3362904498
42  6   0.0054089696  -0.0603708099   0.3189217491  -0.0523378541  -0.0877483544
42  7  -0.0888012491  -0.1508789249  -0.7086953169   0.0039577006  -0.0579658932
42  8  -0.3943401709  -0.0089765766   0.0761503510  -0.0116717288  -0.0184551310
42  9   0.0021446308   0.0041627003  -0.0066552927   0.0311557960   0.0698120173
42 10   0.0143464177  -0.0604764189  -0.0345945817  -0.0877220020  -0.0083080968
42 11  -0.0347296077   0.0040262534  -0.0691434234   0.0115589176  -0.0191042338
42 12   0.0003941523   0.0002841032   0.0007745664  -0.0002321618  -0.0213401425
43  1  -0.0839177766  -0.1416457027  -0.0010942828  -0.1544950177   0.0887870734
43  2  -0.0393767924   0.0059300398   0.0488779566  -0.0203267878  -0.0934119000
43  3  -0.0651063817   0.1833754778   0.2180046980  -0.0837479088   0.0838148425
43  4   0.3923638912   0.0626721665  -0.1000049588  -0.0117346379  -0.0281091698
43  5  -0.1666380135  -0.0231812035   0.1584839146  -0.1624587740   0.0285011452
43  6   0.0273156652   0.2227917421   0.0240827382   0.1582366640  -0.0018837192
43  7   0.0048304437   0.0097045888   0.0030633149  -0.0107954944   0.0100021668
43  8   0.1084832241  -0.0288809295   0.4555723395   0.0037119458  -0.1297500145
43  9   0.0173762158   0.0047001106  -0.1021766723   0.4899157545  -0.4500309908
43 10  -0.1259098583   0.6739242298   0.0482799156  -0.3328524751   0.0668995055
43 11  -0.1166770420  -0.0224707515   0.4465257751  -0.2709509590  -0.2074348297
43 12   0.0308684204   0.0071404201  -0.0110028488   0.0027655958   0.0421331482
44  1   0.2051332123  -0.0014485649   0.2474422324   0.0084837820  -0.1676883785
44  2  -0.0071745228  -0.0043238725  -0.0267054544   0.1975658068   0.0505327516
44  3   0.0401349725  -0.1530117911  -0.0560034243   0.0470526604  -0.0083954417
44  4  -0.0650459317  -0.0293258153  -0.0642788306   0.0051882703   0.0066406392
44  5   0.2174263128   0.0129171733   0.0568445385  -0.2085150457  -0.0182171054
44  6  -0.0240742680   0.1507591384  -0.0141682145   0.0961434192  -0.0047843164
44  7  -0.0031724348  -0.0059768892  -0.0022790953  -0.0091117568  -0.0055015464
44  8  -0.0621552739   0.0093726973  -0.0767488372  -0.0014323512   0.0049423966
44  9  -0.0034544157   0.0034103512   0.0098092960  -0.0492726516   0.3103936757
44 10   0.0584867062  -0.3298802900  -0.0026385374   0.1146256092   0.0071043310
44 11   0.0493240576   0.0211223039   0.0071910837  -0.7236010345  -0.5618714824
44 12   0.0735673258   0.0178337578  -0.0252956343   0.0058991644   0.1164306490
45  1  -0.2451266646   0.1647286298   0.1658510353   0.0263810329  -0.1114232320
45  2   0.2528639663  -0.0141684799  -0.3703619345   0.0042505469   0.6592182662
45  3   0.4337189578   0.0445606247  -0.0062699963   0.5935024993   0.0230585839
45  4   0.0709495009  -0.4084235243  -0.0193845783   0.0712437885   0.1980670587
45  5  -0.0445026826   0.1229473964   0.0125611452  -0.0027564491  -0.1953204155
45  6   0.0085826684   0.0205566246  -0.1910670547   0.0129885340  -0.0078762999
45  7  -0.0242704297  -0.0763756813  -0.0274825286  -0.0054223403  -0.0682302226
45  8  -0.8236603357  -0.0236890619   0.0550144310  -0.0155908072  -0.0167155277
45  9   0.0007786251   0.0019642056  -0.0125840850   0.0679338569  -0.0862887765
45 10  -0.0210574045   0.1198756546   0.0070189071  -0.0565378524   0.0086721988
45 11  -0.0200273599  -0.0065697916   0.0649716627   0.0174453469   0.0140314228
45 12  -0.0013621769  -0.0003508981   0.0003868521  -0.0000756448  -0.0030048597
46  1  -0.1201288484  -0.1064900466  -0.0356448828  -0.2047642343   0.1096294023
46  2  -0.0389794217   0.0472194496   0.0294583602  -0.0533464566   0.0022161424
46  3   0.0155523443   0.0971255237   0.1347659517   0.0390596326  -0.1830877279
46  4  -0.0185300263   0.0014320097   0.1919465301   0.0605864261  -0.0631639649
46  5   0.2829919671  -0.0662928463  -0.1945681481   0.0613540281  -0.0118187993
46  6  -0.2002921908  -0.2005019612  -0.0580856599   0.1187148195   0.0113738862
46  7  -0.1130265663  -0.0221970466   0.0061062801  -0.1492865678  -0.0768584665
46  8   0.0079685065   0.2595036298  -0.0492985934  -0.0002770797   0.3052903251
46  9   0.3977001572  -0.3047555112  -0.5137378024   0.2917517952  -0.1838805630
46 10  -0.4441754403  -0.1813334944  -0.2769713744   0.1313375099  -0.4282912436
46 11  -0.3433546012  -0.3122690967   0.0139137286   0.0315483093   0.0234418214
46 12   0.4528619590  -0.0437902348  -0.0097130992   0.0798313945   0.0042380296
47  1   0.1454724301   0.0266620803   0.1989310588  -0.0268670302  -0.0516523942
47  2   0.0214840339  -0.0331546463  -0.0215927708   0.0382555478  -0.0005194919
47  3  -0.0130503093   0.1103719154   0.0795149376  -0.0240508918   0.1487068904
47  4   0.1380513460  -0.0019244841  -0.0351428438  -0.0440644790   0.0444463150
47  5  -0.1630357654   0.0471118123   0.0295947717   0.1454674753   0.0107393597
47  6  -0.2758382312  -0.0140909093   0.0406414085   0.1374886207  -0.0147000370
47  7   0.0799771490   0.0173637858  -0.0045686479  -0.1609567478   0.0538417207
47  8  -0.0040763339  -0.3623554687   0.0165274931   0.0017292739   0.0280515494
47  9  -0.1338062690   0.1254755534   0.2647365932  -0.2030408643   0.1358265517
47 10   0.1930728758   0.0832400105   0.2808873034  -0.0916315565   0.1654429429
47 11   0.0360466064   0.2472381749   0.0401797566   0.0548005865   0.0414658481
47 12   0.8619656548  -0.0812315638  -0.0205001866   0.1451972734   0.0087926580
48  1  -0.2078551111   0.0609570351   0.2204888699   0.1857481209   0.0523416809
48  2   0.3159436998  -0.3216723426  -0.2068732781  -0.0154586778   0.0003902607
48  3  -0.1137437775   0.0016097206   0.0311880392  -0.2260238549  -0.0466588184
48  4  -0.0148787942  -0.0042380946   0.0358922124  -0.4069857447   0.3674359761
48  5   0.0637526741   0.4690242246  -0.0595688334  -0.0156515369   0.0650117792
48  6  -0.0005335359  -0.0208449903   0.3810219109   0.0084026002  -0.0998829755
48  7   0.7666290069   0.1443151371  -0.0438243966   0.0359628314   0.5440790091
48  8  -0.0864326331   0.0556040468  -0.0137898900   0.0193879736   0.0469222687
48  9   0.0714079256  -0.0570678566  -0.1043128280   0.0659753326  -0.0410970422
48 10  -0.0859612140  -0.0352844525  -0.0701866286   0.0292570577  -0.0804770332
48 11  -0.0553027912  -0.0715874878  -0.0024092318  -0.0010918746  -0.0008943433
48 12  -0.0244021981   0.0021439732   0.0007165562  -0.0035667787  -0.0003149821
49  1  -0.1259736315  -0.0959601092  -0.0332089367  -0.2144211876   0.0884674219
49  2  -0.0262991287   0.0412943921   0.0184088748  -0.0429389518   0.0303213254
49  3   0.0282847463   0.0786225164   0.1502769360   0.0128095880  -0.2179340206
49  4   0.0511782073   0.0347874747   0.1586353397  -0.0715384661  -0.0433073527
49  5   0.2550106631  -0.0088933266  -0.0512118957  -0.1434998081  -0.0638980283
49  6  -0.2291943952  -0.0777697990  -0.0204916949  -0.3239527501   0.0120780386
49  7  -0.0798631504   0.0339224095  -0.0107008949   0.0316483501   0.1158336272
49  8  -0.0084675313   0.2330584394   0.0642332517  -0.0029017400   0.2787501794
49  9  -0.5636481245   0.4657401304   0.3149383670   0.3202805375  -0.2169891212
49 10  -0.3866805823  -0.2027976216   0.3133377614   0.0078095331  -0.4013161073
49 11  -0.3057255235   0.2203788247   0.0626745417   0.0035268407   0.0036274373
49 12   0.0836484902  -0.0034877479  -0.0188804994  -0.5072040470   0.0054519948
50  1   0.0771904721   0.0647028793   0.1337087165  -0.0819768760   0.0746896509
50  2   0.0340439710  -0.0301691597  -0.0137297292  -0.1092109028  -0.0181541884
50  3  -0.0251573058   0.2057883511   0.1268170274  -0.0009791072  -0.1048703251
50  4  -0.0247556918  -0.0253730543   0.2755794291   0.0535981332   0.0224246056
50  5   0.0950244314   0.0074770507  -0.1863024114  -0.0540027244   0.0409924390
50  6   0.2605718340  -0.0687195834   0.0141580461   0.0862695657  -0.0041185490
50  7   0.0581812170  -0.0267726653   0.0084302512  -0.0264341555  -0.0771277972
50  8   0.0010104752   0.3712127397   0.0773563593   0.0005425948   0.3099135615
50  9  -0.2569294224   0.2331110403   0.2174991692   0.0951464002  -0.1415167276
50 10  -0.2911004110  -0.1353838611   0.3083317861  -0.0482486417  -0.1932699843
50 11   0.0026279266   0.2310000862   0.0336209195  -0.0056975585  -0.0054799150
50 12  -0.1423944986   0.0047207388   0.0299250816   0.8246376470  -0.0089983312
51  1  -0.1464941023  -0.0239080474   0.2232288060   0.2696895173   0.1616036860
51  2   0.2237971366  -0.2829077438  -0.1307736150  -0.0098770490  -0.1956418780
51  3  -0.1986215873  -0.0093326229   0.0188500362  -0.0476170602  -0.0176930441
51  4   0.0146530982  -0.2220992093  -0.0177599758   0.4881009225   0.2335664117
51  5   0.0436386246   0.0878871627   0.0059633719  -0.0269794113   0.4044023365
51  6  -0.0628975275  -0.0045687382   0.1303939050  -0.0538388503  -0.0168060207
51  7   0.5485831285  -0.2363105808   0.0771825200  -0.0570539877  -0.7681993494
51  8   0.0427658826   0.0153620869   0.0031087475   0.0064753863   0.0050823562
51  9  -0.0553851350   0.0439108589   0.0238744022   0.0359971095  -0.0173843161
51 10  -0.0262438852  -0.0157229012   0.0133212311   0.0063049794  -0.0389337987
51 11  -0.0449090803   0.0076909755   0.0055471791   0.0011338297   0.0011219016
51 12   0.0274927728  -0.0010161426  -0.0059658623  -0.1624431835   0.0017532733
52  1  -0.0036777501  -0.1975069348   0.1118375901  -0.0501078474  -0.0687262335
52  2   0.0170098713  -0.0707610901  -0.0022734911   0.1877264267   0.0080105398
52  3   0.0100176556  -0.0656164375   0.0615355799   0.0013279954   0.1425207449
52  4   0.3008500649   0.0650886950  -0.2789195810   0.0495797517  -0.0547561495
52  5  -0.0465565664  -0.0295553135   0.0996960436   0.0582729121  -0.0505085960
52  6   0.1309998134  -0.2111524752  -0.0357703726  -0.3504160707  -0.0959756950
52  7   0.0150032298   0.0877159686  -0.0165550673   0.0277709265  -0.0218231512
52  8  -0.0036129808   0.2662036792  -0.1590486208   0.0214582058   0.5417602041
52  9   0.3410741740  -0.2648840711   0.3432431311   0.5075917494   0.3374557536
52 10   0.3798215978   0.2416912687  -0.1645125562   0.0499901519  -0.4543906808
52 11   0.3120235796   0.2307596350  -0.0275665135  -0.0026220128   0.0068910880
52 12   0.0397474023   0.3298712499   0.3246868428  -0.0066253053   0.0092573326
53  1   0.0871441095   0.0760919320   0.1152203311  -0.1162231091   0.0376255124
53  2  -0.0261960764   0.0515331861   0.0018118360  -0.0948228688  -0.0064415820
53  3  -0.0086902581   0.1991044485   0.1267932902   0.0023937040  -0.0829660511
53  4  -0.0230954638  -0.0472700112   0.2638699139  -0.0369963088   0.0388515652
53  5   0.0564617419   0.0195452037  -0.1544239762  -0.1057614725   0.0368500014
53  6   0.2859660012  -0.0035237341   0.0281301023  -0.1104930815   0.0794471975
53  7  -0.0104401322  -0.0629437920   0.0119832552   0.0230188702   0.0133476595
53  8   0.0050544668  -0.3518845455  -0.0057942432  -0.0149934611  -0.3731495822
53  9  -0.1278507577   0.0775538297  -0.1918223707  -0.1516523281  -0.1457852024
53 10  -0.2306066107  -0.1317903008   0.2273240917  -0.0498245102   0.1931590193
53 11   0.0006736108  -0.2310411865  -0.0061978853  -0.0056706246   0.0129343720
53 12   0.0758742019   0.6293530193   0.6108109635  -0.0125677695   0.0169722094
54  1  -0.0916324823   0.1077255244   0.0151877921  -0.0859082873  -0.1277173514
54  2  -0.3316385346   0.4865828363   0.0148836273   0.0440855013  -0.0849335074
54  3  -0.0437947461  -0.0325048480  -0.0036924224  -0.0128064069   0.0232141075
54  4   0.0449878035  -0.4266459583  -0.0730457502  -0.3601960684   0.3774148050
54  5   0.0044412270   0.2057577813   0.0206042762   0.0050186040   0.3617622245
54  6  -0.0141111286  -0.0247538832   0.2634163511   0.0276320399   0.7165141899
54  7  -0.0961961169  -0.6052655334   0.1133420793   0.0035236312   0.1649104828
54  8   0.0190870876   0.0637262556  -0.0251081370  -0.1214504889   0.1217238951
54  9   0.0629800517  -0.0470751342   0.0700407254   0.0917784810   0.0654890987
54 10   0.0796103927   0.0497149203  -0.0480243231   0.0128111977  -0.0870768184
54 11   0.0465445952   0.0585634736  -0.0036266874   0.0002199599  -0.0003597237
54 12  -0.0022558514  -0.0186311592  -0.0174002322   0.0003647869  -0.0004450390
55  1   0.0021832049  -0.2079765622   0.1095425095  -0.0404525997  -0.0479575055
55  2   0.0045269005  -0.0656004781   0.0096629581   0.1926476939  -0.0231779663
55  3  -0.0023932069  -0.0774440947   0.0376784378   0.0258855419   0.1359273371
55  4   0.1993047981  -0.0204274020  -0.2536797594  -0.0710604389  -0.0464252812
55  5  -0.0022579766  -0.0580792302   0.0352421222   0.2544101415  -0.0129503743
55  6   0.1336679026  -0.3167014950  -0.0492986734   0.0831160582  -0.0924232304
55  7   0.0068545581  -0.1011568000   0.0265801708  -0.1238040369   0.0253306015
55  8   0.0062051581   0.2631995188   0.0015057683  -0.0086288525   0.1297512251
55  9  -0.4318885649   0.4442337612  -0.4848181914  -0.1833702509   0.2753677162
55 10   0.3819295283   0.1808893063   0.3661131636  -0.0164065481  -0.4115673821
55 11   0.3369464945  -0.3383628863   0.0186659201  -0.0128164754   0.0364116762
55 12   0.0203391749   0.3466993037  -0.3612760236   0.0142810628  -0.0491723680
56  1   0.1546341135   0.0384870378   0.1796949734  -0.0617392023  -0.0872453413
56  2  -0.0385920474   0.0494733885  -0.0074376146   0.0502971839   0.0139934300
56  3   0.0041450590   0.1016850095   0.0786260136  -0.0185738689   0.1559555929
56  4   0.1571493996   0.0139454366  -0.0552722271   0.0504317939   0.0413195035
56  5  -0.1793853008   0.0433049011   0.0540918118   0.1213949740   0.0140166640
56  6  -0.2702533547  -0.0328829189   0.0388301064  -0.1701194116   0.0703863002
56  7  -0.0040496686   0.0719601314  -0.0181889227   0.1648937913  -0.0118627239
56  8  -0.0071120439   0.3991056809  -0.0805165845   0.0025532441  -0.0558184997
56  9  -0.1869643786   0.1947001521  -0.2830277774  -0.0914340134   0.1905931215
56 10   0.2087866918   0.1009621725   0.3539343559  -0.0407764954  -0.1714093911
56 11   0.0539559745  -0.3064617909   0.0486336502   0.0221199060  -0.0627343823
56 12  -0.0369452227  -0.5820905944   0.5986474120  -0.0238249023   0.0830152432
57  1  -0.1522376952   0.1917086709   0.0123158932  -0.1691547931  -0.2359382321
57  2  -0.2409993726   0.4541782764  -0.0714839360   0.0375227253   0.1347740203
57  3   0.0437605042  -0.0213621126   0.0087528735  -0.1776093337   0.0011033242
57  4   0.0176147313   0.1474159327  -0.0358474960   0.4741640950   0.3262814238
57  5   0.0261731118   0.4224560237  -0.0252365793   0.0152695195   0.0996940434
57  6   0.0463788281  -0.0422561482   0.3438424440   0.0860932848   0.6071937823
57  7  -0.0483516218   0.6830328264  -0.1741044268  -0.0342449844  -0.1482025842
57  8  -0.0488103281   0.0070041754   0.0098984684   0.0395429276   0.0226637482
57  9  -0.0429784610   0.0437460706  -0.0406438244  -0.0159489473   0.0209490747
57 10   0.0340777084   0.0152409085   0.0157185521   0.0009386375  -0.0418367525
57 11   0.0417548772  -0.0162418101  -0.0046896368  -0.0042899821   0.0121221778
57 12   0.0069939454   0.1137414105  -0.1176473827   0.0046727643  -0.0162131685
58  1  -0.0004639364  -0.1923303457   0.1285955667  -0.0482830138  -0.1124844458
58  2   0.0385321541   0.0204802993   0.0061043861  -0.5563477728  -0.0063811153
58  3   0.0488177087  -0.0975786078  -0.3608798260  -0.0110916078   0.0113104615
58  4   0.0827450105  -0.0012390818   0.0313445538   0.0001341148   0.0009370095
58  5   0.0031281894  -0.0018678919  -0.0078015021   0.0000728316  -0.0003231435
58  6  -0.0018523486  -0.0004565145   0.0000980921   0.0012657795   0.0000136692
58  7   0.0000144224  -0.0000106996   0.0000086383   0.0017391134   0.0000111708
58  8   0.0000013689  -0.0000775277   0.0000205623   0.0022642936  -0.0007742396
58  9   0.0005579317   0.0040760791  -0.0001832210  -0.0003641329  -0.0004011660
58 10  -0.0001613382  -0.0001951037   0.0000090158  -0.0000010987   0.0002593880
58 11  -0.0003779208  -0.0000591893   0.0001092846  -0.0000058334  -0.0000048064
58 12   0.0000124078   0.0000291864   0.0000191509  -0.0000012866   0.0000062683
59  1  -0.0081744236   0.1311454245   0.0209487094  -0.1980231334   0.2118458253
59  2  -0.0153896880  -0.0146207407  -0.0059583047   0.2343110853   0.0062446144
59  3  -0.0433088395   0.0333751266  -0.6577656042  -0.0080781162   0.0037459098
59  4   0.1054399355  -0.0007933282   0.0469929613   0.0001507100  -0.0010157581
59  5   0.0006345110   0.0014377815   0.0113953572  -0.0081960878   0.0000792382
59  6  -0.0020017157  -0.0123919430  -0.0000932030   0.0011117624  -0.0000672730
59  7  -0.0000065101   0.0000144448  -0.0000090728  -0.0022956565  -0.0000002920
59  8  -0.0000039617  -0.0000973907  -0.0002584094  -0.0017530444  -0.0012211708
59  9   0.0008508560   0.0037769154  -0.0001129713  -0.0000020472  -0.0002400247
59 10   0.0002119322  -0.0000623049  -0.0000907871   0.0000276456   0.0000478719
59 11  -0.0001522195  -0.0002708962   0.0000817491  -0.0000040089  -0.0000031104
59 12   0.0000108018   0.0000153046  -0.0000087282   0.0000145926  -0.0000016351
60  1   0.0000000000   0.0000000000   0.0000000000   0.0000000000   0.0000000000
60  2  -0.5125720356  -0.1221868929  -0.0355790649  -0.0976808362   0.1092549089
60  3  -0.3746722044  -0.0235060277   0.0201909615   0.0233474184   0.0018911666
60  4   0.0006378586   0.0014468097  -0.0008236232  -0.0009422956  -0.0055876922
60  5  -0.0000632009   0.0100762669  -0.0032299046   0.0006811442   0.0021068833
60  6  -0.0000533607   0.0011570041  -0.0003510985   0.0000766939   0.0001596569
60  7  -0.0001231951  -0.0002669147  -0.0000267890   0.0004915753  -0.0000641759
60  8   0.0000643115   0.0000165156   0.0000278215  -0.0166171968   0.0000406671
60  9   0.0000061682   0.0001749106  -0.0000014682  -0.0000445221  -0.0000167966
60 10  -0.0000364647  -0.0000214325   0.0000093728   0.0000012613   0.0000244821
60 11  -0.0000225103   0.0000282067  -0.0000015931   0.0000006805   0.0000000070
60 12  -0.0000004001   0.0000027359   0.0000037234  -0.0000021272   0.0000007167
$end
