$dipgrad          cartesian dipole gradients
  -.48227813089814D+00  0.47613583013333D-01  -.77538628151330D-02
  0.77270575147892D-01  -.16012095394082D+00  -.48158831698809D-02
  0.26031749177992D-01  -.22195257657856D-01  -.75991424236365D+00
  0.30407662293261D+00  -.54630874773290D-01  -.18426063154802D+00
  -.49319989340924D-01  0.18426146750018D+00  0.20833109733325D-01
  -.15335217460024D+00  0.82037371882550D-02  0.33185200856769D+00
  0.25728090239723D-01  -.38239934491427D-01  0.32638013001942D-01
  -.39083628918122D-01  0.12732752074115D+00  0.29855973729305D-01
  -.85421589498136D-02  -.29517208341082D-01  0.71514262846224D-02
  0.56493038434512D-01  -.19968069390156D-01  0.14130720645508D-01
  -.52257629752875D-01  0.12468926956108D+00  0.32050749137549D-04
  -.17819483395736D-01  -.33574100409269D-02  0.97360046932201D-01
  -.10190885433629D-01  -.40058804375576D-01  -.61296530801095D-01
  -.31210706439910D-04  0.12929264026392D+00  0.22784335059512D-01
  -.56968046633332D-01  0.18794892244715D-01  0.78634662149321D-01
  0.56472584274450D+00  0.77628426949454D-01  0.71422244305438D-01
  0.90664354343601D-01  0.27221383763457D+00  -.31897608953114D-02
  0.60092498478481D-01  -.12536804430822D-01  0.21379346918699D+00
  -.84852608586876D+00  -.10468461690670D+00  -.18089312113735D+00
  -.10339489470736D+00  -.22877646931027D+00  0.56154840291417D-01
  -.16203138969243D+00  0.45891176309624D-01  -.34084954787898D+00
  0.53990686459373D+00  0.26241315295768D-02  0.49043901573889D+00
  -.62220648483059D-01  0.15801592442809D+01  0.13263818315880D+00
  0.51431045425635D+00  0.17771924357610D+00  0.81138403457294D+00
  -.51789842349360D+00  -.19514538303544D+00  -.30297100513411D+00
  -.42436837548821D-01  -.89763600006858D+00  -.17599749543881D+00
  -.32614864425152D+00  -.34435280585443D+00  -.73523017788665D+00
  -.41960996512952D+00  0.23060424840874D+00  -.61865083319303D-01
  0.18853146897214D+00  -.11910724820680D+01  0.11281861602397D+00
  -.12733425978069D+00  0.16866037987296D+00  -.40763274903015D+00
  -.41983706663591D-02  -.62192299012844D-01  0.61131576301236D-01
  -.21416197588805D-01  0.15655272473352D+00  -.79041976040049D-01
  -.37848488183044D-01  -.74711857847720D-01  0.25604187092913D+00
  0.17914831644006D+00  0.28409717304821D-01  0.67607816444717D-01
  0.29708878774775D-01  0.50054114204092D-01  0.23834476093329D-01
  0.34649048421163D-01  0.95456102557054D-01  0.24363270391071D+00
  0.23427396788073D-01  0.13528871310255D-01  0.28387746087081D-03
  0.18400951149346D-01  -.86601379176355D-01  -.37553983938126D-02
  0.53992904140753D-02  -.11663927867545D-01  0.84544747187274D-02
  -.12059026227820D-01  0.13080392420289D-01  -.79149491456289D-01
  0.15930483874950D-01  0.47962431104857D-01  0.17699780161157D-01
  -.79073335328564D-01  0.14612281657344D-01  -.68512852877399D-01
  0.18910873337569D-01  0.21975897618411D-01  0.26381739265088D-01
  0.94125207953722D-02  -.12798173178265D+00  -.24787170032217D-01
  0.21891411953427D-01  0.42752758784029D-02  0.36826630157516D-01
  0.10187589512311D-01  0.20374624713903D-01  0.20610504490676D-01
  0.92481239940067D-02  -.15645109213814D+00  -.12641314089874D-01
  0.38774090337112D-01  0.30792980520797D-01  0.33254454406045D-01
  -.76507251451884D-01  0.73853826080905D-02  -.90875514382787D-01
  0.23885988844910D-01  0.35410104549018D-01  0.31383079136490D-01
  -.87831433602580D-01  0.11312326512366D-01  -.94197998724494D-01
  0.71325738707078D-02  0.21069514093972D-01  -.11679770767822D-01
  -.37800681070941D-02  -.18282827753999D+00  0.29537474584007D-01
  -.27532496734102D-01  -.20505499665234D-01  0.33141753724112D-01
  -.82233018474081D-01  0.10466805049225D-01  0.10609346010247D+00
  0.25045103554221D-01  0.32703511966914D-01  -.53208224391906D-01
  0.93280819678523D-01  -.25657792164277D-01  -.12677194036248D+00
  -.35750616755086D-02  -.98504696531954D-02  -.95968088036229D-02
  -.10684094897873D-01  -.16899091516525D+00  0.33442250661401D-01
  -.17410981466185D-01  -.29165540581767D-02  0.37364621305945D-01
  -.19336771575983D-01  0.43656379003321D-02  0.65577443720999D-01
  0.35178345776053D-01  0.32090020078702D-01  -.50297483491959D-01
  0.78831608464868D-01  -.24126895975399D-01  -.11153038876137D+00
  0.18657744965796D+00  0.95273710306909D-01  0.52762696283698D-01
  0.39333073755924D-02  -.15828669726262D-01  0.23454123246754D-01
  0.12311255212550D+00  0.87316232743719D-01  0.21517247981540D+00
  0.24229659573680D+00  -.46234537709636D-01  0.26702471620132D-01
  -.82452086110496D-01  0.14229585413800D+00  -.54614565875756D-01
  0.16353819114938D+00  -.53581314634647D-01  0.26646380738602D-02
  0.31780173663772D+00  -.23395953879131D-01  -.45439759216114D-01
  -.60132816441123D-01  0.30127523019173D+00  -.72119020809052D-01
  -.58018821838700D-01  -.37911300523256D-01  0.23791062318211D+00
$end
