$coord
5.83239437437354 -1.35140718120802 -0.38960057076682 o
3.8911915954996497 -0.85268695703755 -2.19640791034305 c
1.43035747947349 -0.26917787990422 -0.83921231060555 c
0.39280374088681 -2.90990587468537 1.16405687288135 s
-2.27242024354163 -1.12822164037127 2.49845672080596 c
-4.65736019933349 -1.20695143843132 0.90409793999953 c
-5.59969266084065 -3.73502494707929 0.93561417904763 o
-1.20938186821687 2.16379394864887 2.97887637321663 s
1.58496979604251 2.10965364051703 0.79903729311959 c
1.72964047183448 4.33640499680714 -0.63992798189678 o
7.39934600227435 -1.5793758376793 -1.29511644420475 h
4.37635859595967 0.7862709746324 -3.36136096635934 h
3.6151876323023 -2.47403777781528 -3.44909605884849 h
-0.00715372786209 0.03193961063846 -2.29045667069155 h
-2.65077832006433 -1.93812824892085 4.35029455075131 h
-6.03992135478779 0.09420747144756 1.72927299119689 h
-4.25675749441262 -0.58390877765404 -1.02682353467842 h
-7.07736116676376 -3.8049396265422897 -0.13253990717564 h
3.27410013318644 2.08102761196455 1.9634608079552398 h
0.24447721399005 4.4685327079658 -1.70262537340385 h
$user-defined bonds 
 
$end
