$vibrational normal modes
 1  1  -0.0192811975  -0.1127003499   0.0477937173   0.0848777820   0.0137237443
 1  2  -0.1650589590  -0.0004406680  -0.0898669138  -0.0946586475   0.0620612060
 1  3  -0.1526211814   0.3204044035   0.0220475562  -0.0004350121   0.0041227614
 1  4   0.0148381595  -0.0047980298  -0.0779177573  -0.0804560881   0.0065165479
 1  5   0.0355015692   0.0183869776  -0.1733129971   0.0125867400   0.0111752401
 1  6   0.0726569061  -0.0918141053  -0.1204984251   0.0609196112  -0.0522027627
 1  7  -0.0089862456  -0.0296985353  -0.0243491571  -0.1282734281  -0.0296408958
 1  8  -0.0095505701  -0.0001540904  -0.0248200647   0.0003540310   0.0026909935
 1  9   0.0015464148   0.0116682302  -0.0068720638  -0.0003358336  -0.0032029292
 1 10  -0.0015467288  -0.0002525145   0.0121303772   0.0001719059   0.0022937623
 1 11  -0.0000881277   0.0023353370   0.0000489172  -0.0001233468  -0.0000333684
 1 12   0.0000203845  -0.0000229545  -0.0000315879  -0.0004259692  -0.0548545935
 2  1   0.0120439724   0.1126882177  -0.0581168712  -0.1770054541   0.0600376776
 2  2  -0.2753089485   0.0688415505  -0.2405676895  -0.3607826812  -0.0619492292
 2  3   0.0481706559  -0.0659128159   0.0191707712  -0.0001876391  -0.0617412315
 2  4   0.0561915547   0.0358087371   0.0085417228   0.0137274341  -0.0021439319
 2  5  -0.0095740471  -0.0037350019   0.0378736051  -0.0068167094   0.0198156798
 2  6  -0.0214932329   0.0334501508   0.0108465492  -0.0308733828   0.0282603342
 2  7   0.0058105033  -0.0262408151   0.0021455307   0.0078643516   0.0475991143
 2  8   0.0042278652  -0.0189071345   0.0001987063  -0.0046711303  -0.0063854708
 2  9   0.0057623985   0.0337442571   0.0117796010  -0.0027994624  -0.0041223164
 2 10  -0.0015047372   0.0001988675   0.0012686593  -0.0000104783  -0.0014587368
 2 11   0.0000083759  -0.0005740967   0.0000175569   0.0001199748  -0.0004373515
 2 12   0.0000148734  -0.0002018477  -0.0000037507   0.0000654431   0.0082026272
 3  1  -0.0000230329  -0.0024828843   0.2525703127   0.0328294689   0.3302629056
 3  2  -0.0176110411   0.0171047035  -0.2368686376   0.1301334399  -0.0950268342
 3  3   0.0829282790  -0.1739200969   0.0108250966   0.0005496812  -0.0020540613
 3  4  -0.0043325826   0.0099089038  -0.0000452249   0.0046090644   0.0049682126
 3  5  -0.0032838234  -0.0058274359   0.0020552636   0.0060035199   0.0066957331
 3  6   0.0275377108  -0.0394136510  -0.0848550700   0.0590738988  -0.0528186186
 3  7  -0.0116248350  -0.0307460898  -0.0293419162  -0.1732800612  -0.0608153680
 3  8  -0.0066377658  -0.0033998538   0.0214378909   0.0033121709  -0.0096623385
 3  9   0.0004133399  -0.0088620126   0.0399054269  -0.0045243148   0.0239738875
 3 10   0.0117844037   0.0007740407  -0.0503369265  -0.0010636663   0.0171726580
 3 11  -0.0000425012   0.0008594149  -0.0000385044  -0.0001377834   0.0001857030
 3 12  -0.0000100920  -0.0002286984   0.0000412715   0.0002349991   0.0291122943
 4  1  -0.0262948380  -0.0806071077   0.1268356985   0.1244406502   0.0498439401
 4  2  -0.1657924972  -0.0368952652  -0.1632568834   0.0855201437   0.0280101496
 4  3  -0.0941889988   0.1089849321  -0.0118970960   0.0017282987  -0.0015386395
 4  4  -0.0074106714   0.0415230737  -0.1502625329  -0.0768965209  -0.0078372361
 4  5  -0.0126470555  -0.0268021991   0.1663294378  -0.0155380284  -0.0938236353
 4  6  -0.0104184043   0.0560423623  -0.0073893482  -0.0048649229   0.0229949457
 4  7   0.0193026547   0.0702176322   0.0540652518   0.3045128504   0.0901216439
 4  8   0.0171334499   0.0081664464   0.0275213711  -0.0040125417   0.0082348848
 4  9  -0.0044262766   0.0000612804   0.0089216640  -0.0033750797   0.0088343373
 4 10   0.0297521615   0.0005763982  -0.1591255507   0.0003213370   0.0203595902
 4 11   0.0002379111  -0.0103063977  -0.0014616588  -0.0046440252   0.0206583675
 4 12  -0.0000060513   0.0004750095  -0.0000665320  -0.0000158746  -0.0001668796
 5  1   0.1497077893   0.1554227073  -0.0674768976  -0.0938561044  -0.0115072485
 5  2  -0.2254027230  -0.0658774782  -0.0025064336   0.0817298701   0.0711738151
 5  3  -0.0587131094  -0.0772816451  -0.2067172074   0.0289236562  -0.0664548999
 5  4   0.0256818645   0.0928355367   0.0090347981  -0.0092597638  -0.0230859209
 5  5  -0.0030840106   0.0393711930  -0.0153658782   0.0084241204  -0.0471364182
 5  6   0.0360613516  -0.0747782311   0.0982179861   0.0804305906  -0.0804802611
 5  7  -0.0215266793   0.1341176917   0.0043799885   0.0270257906  -0.1606474195
 5  8  -0.0100448916   0.0501389554   0.0068848928   0.0094945495   0.0121273830
 5  9  -0.0082393249  -0.0150017305   0.0000763925  -0.0018636390  -0.0058988207
 5 10  -0.0099385297   0.0003519814   0.0330890007  -0.0002930390  -0.0058873246
 5 11  -0.0003031195  -0.0023694681  -0.0015476001  -0.0140335017   0.0919312983
 5 12  -0.0001490341   0.0004412238   0.0000388280   0.0000017714  -0.0001955740
 6  1   0.0455106697  -0.0251676143   0.1650653837   0.0132749283   0.2717079486
 6  2  -0.0030476785   0.0187284259  -0.0894743617   0.0552296517  -0.0201937237
 6  3  -0.0082380979   0.0490544160  -0.0147342534   0.0057299646  -0.0016254168
 6  4   0.0144489698  -0.0269395842   0.0873605080   0.0082297882   0.0064506948
 6  5   0.0355072834   0.0510415683  -0.2977667374   0.0257026101   0.0862647507
 6  6   0.0194602136  -0.0692964445   0.1972207069  -0.1291453144   0.0931946862
 6  7   0.0031131488   0.0363714787   0.0192747069   0.1339878781   0.0201498898
 6  8   0.0150931414  -0.0020833254   0.0158039296  -0.0003509845   0.0038888540
 6  9  -0.0007804764   0.0132313136  -0.0640853469   0.0063510172  -0.0574165939
 6 10  -0.0165856556  -0.0014421118   0.0419515265  -0.0016151687   0.0738144037
 6 11  -0.0019550104   0.0629117240   0.0088136897   0.0120707099   0.0068309507
 6 12   0.0000357988   0.0003941252  -0.0000356121   0.0000315611   0.0019080284
 7  1  -0.0106791097  -0.0974088738   0.0629812196   0.1309911910   0.0202913422
 7  2  -0.1356641768  -0.0342142206  -0.0571795433   0.0327285202   0.0504044568
 7  3  -0.0777331218   0.1334349836   0.0276243034  -0.0010571891  -0.0074415646
 7  4  -0.0095149601  -0.0020175977   0.0429157785   0.0515763803  -0.0057527931
 7  5  -0.0227553114   0.0006727430   0.2481266708  -0.0198382367  -0.0495545901
 7  6  -0.1153518634   0.1417407997   0.2477313343  -0.0328972833   0.0150675028
 7  7  -0.0088695451  -0.0362750544  -0.0239274489  -0.2432201697  -0.0418179364
 7  8  -0.0155347743  -0.0403417143   0.0290379797   0.0136160867  -0.0366326822
 7  9   0.0052541443  -0.0327486327  -0.0281240224   0.0081816438  -0.0858446142
 7 10  -0.0239389763  -0.0008529921   0.0219622604   0.0005835479  -0.0047686208
 7 11   0.0037042672  -0.0127694521   0.0288724507   0.0495834872   0.0085300950
 7 12  -0.0005232793   0.0043479930   0.0002872666  -0.0000109858   0.0001566889
 8  1   0.0886241361   0.1532029179  -0.0787767724  -0.0079670069   0.0323330573
 8  2  -0.1419113049  -0.0728015319   0.0226397856   0.0837429550   0.0056135531
 8  3   0.0216619675   0.0104738140   0.0396533022   0.0000257782  -0.0260864820
 8  4  -0.0343649066  -0.0598934276   0.1012438952   0.0356620883  -0.0061425854
 8  5   0.0021891452   0.1004079830   0.0300503281   0.0387923371  -0.2369205548
 8  6   0.1648526887  -0.2324510904   0.0714745335   0.0160346734  -0.0002729914
 8  7   0.0126783507  -0.0938575685  -0.0017624216  -0.0460415351   0.1751876259
 8  8  -0.0000245551  -0.0797847184  -0.0113647381  -0.0073317839  -0.0075876197
 8  9   0.0010595622  -0.0570242211  -0.0542438268   0.0112172782   0.0834600945
 8 10   0.0312781953  -0.0023924305   0.0004471451   0.0005711261   0.0017983100
 8 11  -0.0004534258   0.0020337332  -0.0048950232  -0.0085914357   0.0001042181
 8 12  -0.0000275292  -0.0008704789  -0.0002391094  -0.0000117917  -0.0000827955
 9  1   0.1000868730  -0.0546777984   0.0541442308  -0.0117747210   0.1992753107
 9  2   0.0156841817   0.0259044470   0.0806421959  -0.0390291844   0.0453663978
 9  3  -0.0369170037   0.1136338473  -0.0355349416   0.0100431369  -0.0219198283
 9  4   0.0278191326  -0.0484209901   0.2586602348   0.1250210067   0.0087883666
 9  5   0.0129429302   0.0481848426  -0.0621982368   0.0108408358   0.0712728828
 9  6  -0.1342073126   0.1719177772   0.0373737375   0.1526230337  -0.0970776979
 9  7   0.0133996188  -0.0065573392   0.0284383085   0.0870246342   0.1365050743
 9  8  -0.0077750051   0.0008022251  -0.0248185533  -0.0095379774   0.0153451261
 9  9  -0.0058148895  -0.0292623880   0.0961840469  -0.0068462845   0.0814302760
 9 10   0.0104599130   0.0023437687   0.0121879681  -0.0034540155   0.0019535284
 9 11   0.0032192758  -0.0119495339   0.0275939803   0.0476473664   0.0070781583
 9 12   0.0001670485   0.0039605470   0.0004971222  -0.0000375465  -0.0002336528
10  1  -0.0254500448  -0.1489101536  -0.0148899101   0.0080966473  -0.0144816636
10  2  -0.1993005611   0.0257206504   0.0678857896   0.0318435395   0.1064936682
10  3  -0.0480593098  -0.1805847314   0.0475306844  -0.0132892982  -0.0133926417
10  4  -0.0303753311  -0.0338044026  -0.0303174139   0.0785388770   0.0597908678
10  5   0.0032929029  -0.1186940707  -0.0522788085   0.1410733458   0.0134819056
10  6  -0.0214076568  -0.0066935390  -0.0126372403   0.0021108561   0.0172179196
10  7  -0.0021466643   0.0016444009  -0.0085572383   0.0037964789   0.0045920677
10  8  -0.0008768938   0.0067480810  -0.0029502466  -0.0009683028   0.0009139080
10  9   0.0000640636  -0.0000821627   0.0028457146  -0.0004645478   0.0001761134
10 10   0.0005042293   0.0008094330  -0.0000685021   0.0005199382   0.0004148635
10 11   0.0001170206   0.0001669004  -0.0002098278  -0.0000764641  -0.0001240759
10 12   0.0001971177  -0.0000058134  -0.0000162598   0.0000357538   0.0000143428
11  1  -0.0295595281   0.1301427900  -0.0833191722   0.0205888548   0.1035983846
11  2  -0.0987740614  -0.0317420135   0.0625008100   0.0483994645  -0.0030678230
11  3   0.0255452654   0.0174142320   0.0603337203   0.0036537730  -0.0265714014
11  4  -0.0896016298  -0.0168268871  -0.1384084779   0.0182831535   0.0418755915
11  5  -0.1072347902   0.1893467412  -0.0595423221  -0.0571837570   0.0506663493
11  6  -0.0143809380   0.0867761765  -0.0084857541   0.0092223620  -0.0090492758
11  7   0.0032372477   0.0150018134   0.0078037204   0.0039147896  -0.0095322501
11  8  -0.0088620990  -0.0010013751   0.0066742266   0.0051338398  -0.0018457530
11  9  -0.0014931882   0.0045620814  -0.0015207768  -0.0042971287  -0.0024184236
11 10  -0.0007320214  -0.0002063193   0.0014781163  -0.0001801670   0.0003411165
11 11  -0.0000933603   0.0001638208  -0.0000146664  -0.0001680485  -0.0001787806
11 12  -0.0001016623   0.0000573324  -0.0000507167  -0.0000039531   0.0000120032
12  1  -0.0633542422  -0.1117499442   0.0078245825  -0.0377829232   0.2752079332
12  2   0.0395888862   0.1096007490   0.1963448138  -0.0942155197   0.0743627397
12  3  -0.0255852929  -0.0327682593  -0.0034972386   0.0078377556  -0.0092164122
12  4  -0.0485200051   0.0939414559  -0.0417504905  -0.0036093597  -0.0531204739
12  5   0.0281193639   0.0139507220   0.0537539239  -0.0797008988  -0.0434609087
12  6   0.0507000264  -0.0432073788   0.0062776753  -0.0239235591  -0.0029001754
12  7  -0.0071369257  -0.0049236167  -0.0094065485  -0.0080624422   0.0036412397
12  8   0.0080198268   0.0076873442  -0.0048743489  -0.0049890353   0.0011163875
12  9  -0.0017247684  -0.0011487811   0.0038200648   0.0035587246  -0.0002385828
12 10   0.0002893333   0.0011907101  -0.0005800677  -0.0001653180  -0.0002509108
12 11  -0.0000513005  -0.0001620015   0.0000563624  -0.0000429812   0.0001716164
12 12  -0.0001056176  -0.0000331994  -0.0000053529   0.0000010644  -0.0000183588
13  1   0.0029490617  -0.1562194286  -0.0833220855   0.0602633166  -0.0465897926
13  2  -0.1323881122   0.0204529205  -0.0185733854   0.0461278270  -0.0061466596
13  3  -0.0235624793  -0.1226193762   0.0058084540  -0.0206197074   0.0287641484
13  4   0.0680718407  -0.0560900868   0.0591222154  -0.0240411448   0.0150698643
13  5  -0.0078935428  -0.0102052303  -0.0436409615  -0.3001003067   0.0044796455
13  6  -0.0884220991  -0.0869673326  -0.0108656393  -0.1356692122  -0.1618792990
13  7   0.0962628235  -0.0184573365   0.1444773026  -0.0168712563   0.0215756121
13  8   0.0085956407  -0.0052239668  -0.0073842896   0.0723485811   0.0040037025
13  9  -0.0247558552  -0.0038942407  -0.0003485132  -0.0938634438   0.0026672374
13 10  -0.0013519661  -0.0365414776   0.0010405805  -0.0053695343  -0.0009853758
13 11  -0.0000865648  -0.0000827127  -0.0004179567   0.0004933423  -0.0000658169
13 12   0.0136833021  -0.0000945223   0.0000251102   0.0000942377  -0.0000035486
14  1  -0.0869635001   0.1298338112  -0.0955785994   0.1143368072   0.1460815308
14  2  -0.0090995367  -0.0011272882   0.0430618654  -0.0012928826  -0.0412425175
14  3   0.0617943292   0.1076961635  -0.0264853976   0.0145389974   0.0137071799
14  4   0.0109195737   0.0435387917  -0.0694214400   0.0335881328   0.0132681165
14  5  -0.0351991518  -0.0810068214   0.0115738254   0.0756157625  -0.0066058048
14  6  -0.4097988118  -0.2608611674  -0.0236436288   0.0206641810   0.0235188592
14  7  -0.0006513305   0.0224285245   0.0144382956  -0.0164301705  -0.0055472768
14  8   0.0902935909  -0.0072108054  -0.0197853909  -0.0237411519   0.0029592009
14  9   0.0557673982  -0.0146743524   0.0004576852   0.0003438924   0.0010089864
14 10   0.0009276894  -0.0186522464  -0.0020310683   0.0038993024   0.0003088281
14 11   0.0002774453   0.0001033602  -0.0038952982   0.0019711397   0.0003143371
14 12   0.0319294505   0.0003363129  -0.0000257173  -0.0001160759   0.0000052240
15  1   0.0700133777  -0.1259363610  -0.1124876666  -0.0587611861   0.1543544218
15  2   0.0535014902   0.0416355082   0.0424525306  -0.0136933301  -0.0854487373
15  3  -0.0745488903  -0.0466780761  -0.0087617307  -0.0254925863   0.0177002367
15  4   0.0434110931  -0.0405680111   0.0241673746  -0.2106088675  -0.0323321778
15  5  -0.0647583781   0.1730988531   0.0642047622   0.3081023836  -0.0092188252
15  6  -0.0077315417   0.0356847958  -0.0051479781  -0.0141123389  -0.0165774127
15  7   0.1570323572  -0.0088044643   0.1728794726  -0.0404863223  -0.0407368908
15  8   0.0436359971  -0.0151337017  -0.0078857811   0.0434610465  -0.0012662489
15  9  -0.0013309562   0.0032565539   0.0051175696   0.0297053617  -0.0034985262
15 10  -0.0029050258  -0.0112591933   0.0010403435   0.0011074408  -0.0008787144
15 11   0.0014613144  -0.0001067361   0.0072226656  -0.0043820920  -0.0006088105
15 12  -0.0758048999  -0.0005723217   0.0001611311   0.0000738660  -0.0000149978
16  1  -0.0088428352  -0.1318554767  -0.0111473530   0.0755355262  -0.0134059413
16  2  -0.1490510244   0.0860870096   0.0660542180   0.0077558828   0.0676525034
16  3   0.0791046416  -0.1004760724  -0.0165962598  -0.0116892467   0.0597891999
16  4   0.1391081455  -0.0979054691   0.0348108820  -0.1380630672  -0.0225336321
16  5  -0.0314360000   0.1359549468  -0.0026766668  -0.1594265769   0.0053341267
16  6  -0.0425344439  -0.0352187318   0.0093029933   0.1278811780   0.1331331170
16  7   0.1084684451   0.0250496932  -0.0837071630   0.0010105215  -0.0166056862
16  8  -0.0029240176  -0.0016558055   0.0044730721  -0.0544305979  -0.0053554412
16  9   0.0122923535  -0.0025962503  -0.0080371720   0.0092248133  -0.0049543333
16 10   0.0086037093   0.1384431256   0.0014669280  -0.0328443339  -0.0014902442
16 11  -0.0368885599  -0.0023810395   0.0399106418  -0.0204483965  -0.0026397702
16 12   0.0059096651  -0.0001015947   0.0000237357  -0.0006238944  -0.0000121576
17  1   0.0417706971   0.1726670964  -0.1069812235   0.2131463935   0.0812512700
17  2   0.0556828522   0.1307439383  -0.0402931218  -0.0134830385  -0.0171532644
17  3  -0.0478403590  -0.0068435729  -0.0179611638  -0.0105989341   0.0339602777
17  4   0.0659233730   0.0014738801  -0.1144532378   0.1526375812  -0.0270338735
17  5   0.0597176612  -0.0141997934   0.0041449890   0.0712241664  -0.0000573684
17  6   0.0329473080   0.0203652500   0.0008628103  -0.0645501467  -0.0786039887
17  7   0.2981233348   0.0345364923  -0.1917486334   0.0252055086   0.0148928738
17  8  -0.0301746941   0.0021354981   0.0064070736   0.0190981859  -0.0013722811
17  9  -0.0275919833   0.0065992086   0.0028796218   0.0192927037  -0.0008365435
17 10   0.0028714767   0.0577677424   0.0015863510   0.0632470297   0.0026778174
17 11   0.0508545429   0.0024648256  -0.0111180124   0.0033755665   0.0005277125
17 12   0.0000615249  -0.0000775008  -0.0000337200   0.0015351431  -0.0000145695
18  1   0.0812954987  -0.1644965765  -0.2198880077  -0.0864855366   0.1079173083
18  2   0.0752279303  -0.0676580127  -0.0814523701   0.0475622472  -0.2043153022
18  3  -0.2159258172  -0.0763090245   0.0174737903  -0.0390695452  -0.0072551458
18  4  -0.0148007486  -0.0012307240   0.0167759890  -0.0166210780  -0.0054103594
18  5  -0.0060064910   0.0396099089   0.0077146917  -0.0230544881  -0.0044357495
18  6  -0.0533395892  -0.0167796504   0.0010936279   0.0004651541   0.0015004612
18  7  -0.1529431416   0.0172763847  -0.1942206842   0.0381326364   0.0306087384
18  8  -0.0057905944   0.0039944883   0.0041541624   0.0299859602   0.0158923062
18  9   0.0593906749  -0.0091297284  -0.0063842066  -0.0548185940  -0.0037941078
18 10   0.0045226600   0.0735931543   0.0009631906  -0.0424618376  -0.0018991509
18 11  -0.0188557952   0.0005642643  -0.0704018310   0.0412074387   0.0051560414
18 12  -0.0104012861   0.0002552202   0.0000592990  -0.0009718379   0.0000095316
19  1  -0.0359287448  -0.1516244021  -0.0007419158  -0.0205217834  -0.0076708891
19  2  -0.2268112184   0.0385037841   0.1980677807   0.0573392686  -0.2348667583
19  3   0.1029731247   0.0927510227  -0.0386503008   0.0401984111   0.0604652710
19  4   0.1197395119  -0.0097584531  -0.1255226320   0.1342183550  -0.0408840919
19  5   0.0614374554   0.0393828035   0.0076830750   0.0445525873   0.0003960864
19  6   0.0624089085   0.0405334940   0.0001978584  -0.0022598805   0.0006239211
19  7  -0.0978762803  -0.0080922618   0.0076471510   0.0046973465   0.0051996210
19  8   0.0025403910  -0.0012455459  -0.0012523583   0.0330648057   0.0011197253
19  9  -0.0118740094   0.0040588595   0.0036194463   0.0156608742   0.0016142881
19 10  -0.0018394126  -0.0256347956  -0.0004554060   0.0002187851   0.0000618899
19 11   0.0015183316   0.0000542414   0.0000351551  -0.0001178948  -0.0000154234
19 12  -0.0000351474  -0.0000160282   0.0000156095  -0.0508423996   0.0004150617
20  1   0.0499119187   0.1793647184  -0.1113840202   0.2486483652   0.0800329195
20  2   0.0849473750   0.1478874950  -0.0903996716  -0.0328428124   0.0998392597
20  3  -0.0610054723  -0.0864161932  -0.0118124405  -0.0339492081   0.0423492574
20  4   0.0907505598  -0.0381480834  -0.0800210418   0.0821658085  -0.0317331005
20  5   0.0451204634   0.0474361759   0.0026929880   0.0205868762   0.0031524806
20  6   0.0623742913   0.0382431249  -0.0003925681   0.0100361482   0.0169753126
20  7  -0.2227795848  -0.0339056390   0.1605155600  -0.0176703289  -0.0073847607
20  8   0.0105512991   0.0011597413  -0.0023546839  -0.0144326081   0.0029787723
20  9   0.0195025285  -0.0045244499  -0.0026920110  -0.0238261788  -0.0003010425
20 10   0.0016462018   0.0425806471   0.0004283585   0.0082867323   0.0002350832
20 11   0.0019991712   0.0000330188   0.0002949130  -0.0001980865  -0.0000451130
20 12  -0.0001045102  -0.0000063313   0.0000082251  -0.0045972732   0.0000457520
21  1  -0.0755228713  -0.2183360966  -0.2619365659  -0.1108008359   0.1816648790
21  2   0.0976579514  -0.2804522933  -0.2121534585   0.0417117636   0.1470691853
21  3   0.1223036327   0.0665104972  -0.0307238965  -0.0348652809   0.0164878650
21  4   0.0374605716  -0.0093428865  -0.0723315625   0.0827571868  -0.0164120027
21  5   0.0349534819  -0.0022142864  -0.0009808844  -0.0044823015   0.0028129363
21  6   0.0302718235   0.0134638882   0.0033774983   0.0216480830   0.0242443422
21  7   0.0283244087   0.0021615035   0.0022510615  -0.0035808466  -0.0073710061
21  8   0.0053014873  -0.0028553301  -0.0041834716  -0.0153644812  -0.0128784398
21  9  -0.0474024813   0.0035515963   0.0005957103   0.0022530981   0.0004199229
21 10  -0.0018736764  -0.0306252731  -0.0005195688  -0.0008876826   0.0000382669
21 11   0.0002909356   0.0000136277   0.0003604571  -0.0003083749  -0.0000571993
21 12   0.0001823493  -0.0000145370   0.0000186346  -0.0362381060   0.0002904256
22  1   0.0417985198  -0.1386415966  -0.1203572886   0.1793778277  -0.0648461164
22  2  -0.0264751045   0.1275816788  -0.0816710075   0.0173813309  -0.0320599385
22  3   0.0895262571   0.0113709303  -0.0059692083   0.0143280069  -0.0105353609
22  4  -0.0601869128   0.1225116792   0.1086224498  -0.0100250693  -0.0222931321
22  5  -0.0617793273  -0.0141183425  -0.0984964378   0.0165914464  -0.0771401890
22  6   0.0132312334   0.0621444032  -0.0090765438   0.0027675128   0.0097069650
22  7  -0.0045451638  -0.0085707137  -0.0039995337  -0.0002886192  -0.0066425728
22  8   0.0070074881  -0.0020715754   0.0005831082  -0.0032745953   0.0108991701
22  9  -0.0002546830   0.0010088077  -0.0005292343   0.0001045374   0.0019456755
22 10  -0.0024493604   0.0001663893  -0.0008089706  -0.0004206807  -0.0000242767
22 11  -0.0000533130   0.0000124450  -0.0000990404  -0.0000381801  -0.0000152728
22 12  -0.0000390171  -0.0000441804   0.0000339293   0.0000052945   0.0000063028
23  1  -0.1294736440   0.1143012087  -0.0905318176   0.0715263938   0.1664865941
23  2  -0.0392515949  -0.0573941443   0.0787613985  -0.0008396101  -0.0468176146
23  3  -0.0006023214   0.0332795789  -0.0287283082  -0.0009405719   0.0149477447
23  4   0.0403206853  -0.0138153779   0.0709070233  -0.0987255102   0.0878180959
23  5  -0.0568723519  -0.2092681110   0.0061302183  -0.0186396682   0.0091156577
23  6   0.0997035673   0.0553735993   0.0189994786   0.0046254786   0.0002688028
23  7  -0.0080675396  -0.0016164660  -0.0069350156  -0.0071684571   0.0047683236
23  8   0.0011500627   0.0022616824   0.0021723189  -0.0006544920   0.0013976853
23  9  -0.0011943392   0.0007071113  -0.0024456462  -0.0009855454   0.0014366676
23 10   0.0013946755  -0.0003498565   0.0007191873  -0.0002549707   0.0000463157
23 11  -0.0001045484  -0.0000202825  -0.0000065300   0.0000889093  -0.0000195500
23 12   0.0001477706  -0.0000121959  -0.0000622288   0.0000258007  -0.0000019882
24  1   0.2753455099  -0.0583961191  -0.0651212494  -0.0289762847   0.0549275701
24  2   0.0257579415   0.1689181129  -0.0096769577   0.0270723932   0.0015282955
24  3   0.0744762142   0.0772867878  -0.0169260803   0.0163592123  -0.0473284944
24  4  -0.0479271184  -0.0951244326  -0.1010885807  -0.0611467033   0.0460087347
24  5   0.0440799115  -0.0997197444   0.0550108800  -0.0236077944   0.0359767593
24  6  -0.0014990503  -0.0172188924   0.0157869234  -0.0000157205  -0.0020871372
24  7  -0.0125893890  -0.0000863096  -0.0001269171  -0.0082787674   0.0068051559
24  8  -0.0115113855   0.0027157742   0.0043829032  -0.0019109231   0.0024875707
24  9  -0.0032444067   0.0011211821  -0.0015135458   0.0011435992  -0.0008451910
24 10   0.0010364769   0.0000383155   0.0009394753  -0.0000940182  -0.0000002254
24 11  -0.0000592042   0.0000083970   0.0001413097  -0.0000677100  -0.0000244806
24 12   0.0001249858  -0.0002132953  -0.0000331108   0.0000082644  -0.0000018149
25  1   0.0262541893  -0.1049227974  -0.0219288018   0.2022834849  -0.0196116611
25  2  -0.0476054071  -0.0664925291  -0.0042929095  -0.0416657117  -0.0135188970
25  3   0.0161892009   0.0328391634   0.0186442508   0.0055511722  -0.0186370349
25  4  -0.0349482858   0.0311671486   0.1532744196   0.0699737838   0.0087167727
25  5  -0.0571541734   0.0829723998   0.2349061166   0.0315304469   0.3183276533
25  6   0.1293611767  -0.1975927249   0.0054230808   0.0005945745   0.0001378011
25  7  -0.0059060164   0.0080893385  -0.0003684136   0.0461224811  -0.0292204716
25  8  -0.0001476503   0.0209801537   0.0100932269  -0.0006664421   0.0229023477
25  9  -0.0054413245   0.0360184342  -0.0409331025  -0.0045142684   0.0700166123
25 10  -0.0544325763   0.0039903575  -0.0136730864   0.0000931355  -0.0002708585
25 11  -0.0001603268   0.0008064251  -0.0017399692  -0.0035179440  -0.0004165610
25 12  -0.0004397593   0.0686625671  -0.0028395626  -0.0000241020   0.0000152232
26  1  -0.0188582596   0.1266963377  -0.0777995199  -0.0225856713   0.0931473114
26  2  -0.1376001924   0.0106610211   0.0219349155   0.0965931505   0.0200066090
26  3   0.0043080034   0.0600417156   0.0448250052   0.0019120590  -0.0252563176
26  4  -0.0366608573  -0.0642091081   0.1774225505  -0.0025018960  -0.0606714972
26  5   0.1239396830   0.0064952180   0.0408920848  -0.0124514346  -0.0240061255
26  6  -0.0198317399   0.0212813929  -0.1048058792  -0.0417671305   0.0205277082
26  7   0.0073181559  -0.2488805680  -0.0312425665   0.1901400154  -0.1969264180
26  8  -0.0036732171  -0.0444795588  -0.0404174449  -0.0021320394  -0.0037076605
26  9   0.0084835013  -0.0202403547   0.0510961316   0.0032090770  -0.0568997310
26 10  -0.0768704807   0.0052857560  -0.0243851933  -0.0011769360  -0.0043165056
26 11  -0.0001508987  -0.0004397741  -0.0007112018  -0.0012215336  -0.0000630733
26 12  -0.0002195082  -0.0000517669  -0.0004165303  -0.0000330543  -0.0000417308
27  1   0.2526717827  -0.0154795996   0.0607387180   0.0027240909   0.1147354650
27  2   0.0011135201  -0.0809306550   0.0704459577  -0.0425052953   0.0345133177
27  3  -0.0186191611   0.0680932829  -0.0217874434   0.0030558796  -0.0000965648
27  4   0.0513200794  -0.0390021604   0.1422913226   0.1251418967   0.0636634909
27  5  -0.0822469190   0.0279213497   0.0308674133  -0.0304024049  -0.1441642452
27  6  -0.0065667294   0.0615468789  -0.2301644019  -0.1211067387   0.0840621757
27  7  -0.0099497926   0.2020494777   0.0049912604  -0.0325458285  -0.0552523111
27  8   0.0011727524  -0.0046883200  -0.0123081224   0.0084592867  -0.0911211856
27  9   0.0274284627   0.0071793625  -0.0286197032   0.0045287710   0.0219944062
27 10  -0.0262143584   0.0011253932  -0.0053901509   0.0003846405  -0.0000322108
27 11   0.0000504879   0.0003046036  -0.0014757526  -0.0021530689  -0.0010809122
27 12  -0.0002613887   0.0495461362  -0.0018432105   0.0000199981  -0.0000152448
28  1   0.0404270026  -0.0654136939   0.0324636396   0.3030473325   0.0045326204
28  2   0.0082889637  -0.3017562640   0.0836904427  -0.1756240239  -0.0750518936
28  3   0.0393462252  -0.1174097630  -0.0589049507   0.0169034996  -0.0715499524
28  4  -0.0731923523  -0.0685473125  -0.0302358325  -0.0552964207   0.0067748154
28  5   0.1510388473   0.0553314723  -0.0235370762   0.0018191487  -0.0291440429
28  6  -0.0212768563   0.0287157288  -0.0113525174  -0.0071743822   0.0047518084
28  7   0.0003144925   0.0164173150   0.0013552318   0.0015737520  -0.0118814972
28  8  -0.0023496883  -0.0214267291  -0.0069692819  -0.0018136313   0.0154764824
28  9  -0.0017501323  -0.0085098644   0.0189835525  -0.0000470746  -0.0275260759
28 10   0.0537304837  -0.0035548133   0.0111429142   0.0002626269   0.0004517036
28 11  -0.0000565988   0.0001598897  -0.0000469515  -0.0000145444  -0.0001446973
28 12  -0.0000778979  -0.0018116991  -0.0497655580  -0.0000261741   0.0000470416
29  1   0.0725204539   0.1478400335  -0.0773459945  -0.0203622671   0.0404393965
29  2  -0.1500451407  -0.0554527423   0.0259120995   0.0962289178   0.0172559848
29  3   0.0245979256   0.0138881828   0.1205773948  -0.0145869682   0.0387762861
29  4  -0.0361770401   0.0415423118   0.0893764159  -0.0912071977  -0.1539873872
29  5   0.1367892604  -0.0844459071   0.0056743836   0.0054982016   0.0963963706
29  6  -0.0169682176   0.0469383121  -0.0427983545  -0.0168662502   0.0166452419
29  7  -0.0095394826   0.2218351225   0.0200371748  -0.0851250870   0.0572851687
29  8  -0.0050589397  -0.0121039170   0.0033610417  -0.0030930097   0.0292324568
29  9  -0.0065346657  -0.0019709810   0.0107343526  -0.0019132216  -0.0065845737
29 10   0.0193972799  -0.0012318385   0.0065528784   0.0002178663   0.0012646913
29 11  -0.0000225364   0.0000304116   0.0001690028   0.0002696375  -0.0000424039
29 12  -0.0000553907  -0.0007393522   0.0058855436   0.0000198270  -0.0000138626
30  1   0.3955022375   0.0212117389   0.0669090402   0.0162953303   0.0355991207
30  2  -0.0125251197  -0.2120780164   0.0903334713  -0.0635051698   0.0209519551
30  3   0.0148725830  -0.0222032099   0.0911755659  -0.0214980806   0.0876706790
30  4   0.0533273390   0.0962137418  -0.0823122066  -0.0064823716  -0.0537287417
30  5  -0.1280828700  -0.1166102462  -0.0420919236  -0.0085903878   0.0137443573
30  6  -0.0028027386  -0.0095198459   0.0502045893   0.0252635986  -0.0223445008
30  7   0.0025171047  -0.1401276014  -0.0112453997   0.0570024034  -0.0354031345
30  8  -0.0022197805   0.0043773764  -0.0023990170   0.0002339742  -0.0005876593
30  9  -0.0013499425  -0.0002426296   0.0061862263  -0.0002735263  -0.0110926912
30 10   0.0238459342  -0.0015471032   0.0027086054   0.0002344932  -0.0012843930
30 11  -0.0000416319  -0.0001656685  -0.0002259563  -0.0005131287   0.0002620022
30 12   0.0000812598  -0.0008073033  -0.0364648042  -0.0000343074   0.0000029934
31  1  -0.0279574757  -0.1002600782   0.0896425039   0.0866148177   0.0330334927
31  2  -0.1801797043  -0.0042994656  -0.1518299278  -0.0555579392   0.0385980883
31  3  -0.1263181356   0.2029068839  -0.0646353591   0.0046607343   0.1753223170
31  4  -0.1594690455  -0.0528479157  -0.0836798464  -0.0517748908  -0.0000351633
31  5  -0.0001092490  -0.0136289843   0.0731254091  -0.0093989918  -0.0688197301
31  6   0.0065112152   0.0376304598  -0.1530038919   0.1391186989  -0.0909981627
31  7   0.0113036314   0.0121494630   0.0214487512   0.0929333084   0.1021300102
31  8  -0.0571760395   0.0457970137  -0.3429121971  -0.0046354332   0.0748188521
31  9   0.0055076204   0.0772719194  -0.2368793917   0.0218242390  -0.1121658391
31 10  -0.0416883758  -0.0047196326   0.2004517007   0.0030191538  -0.0292608141
31 11  -0.0001019467   0.0031862200   0.0006522957   0.0006856372   0.0007551742
31 12   0.0000067591  -0.0000802195   0.0006555778   0.0069077103   0.8635135994
32  1   0.0536077338   0.1147403918  -0.0509280117  -0.2314748179   0.0305983366
32  2  -0.3287017132   0.0758274052  -0.2616900674  -0.4036810709  -0.0281479311
32  3  -0.0427441528  -0.0748782520  -0.4714330957   0.0371046954   0.8728353477
32  4  -0.8273837862  -0.3327837355   0.1619905777   0.1059531788  -0.0055426771
32  5  -0.0344263956   0.0131425505   0.0240830358   0.0054646953   0.0020901146
32  6   0.0101780387  -0.0302696987   0.0562697290  -0.0363475169   0.0228052922
32  7  -0.0042483847  -0.0051985869  -0.0099867372  -0.0298543332  -0.0417383556
32  8   0.0191132850  -0.0067198415   0.1048641435   0.0007756990  -0.0211739302
32  9  -0.0012366409  -0.0072501029   0.0799532950  -0.0088359248   0.0299567248
32 10   0.0138453120   0.0019064085  -0.0624483784  -0.0010783164   0.0081761737
32 11   0.0000055397  -0.0001972871  -0.0001411323   0.0001194211  -0.0028617390
32 12   0.0000211575  -0.0003184032  -0.0000620297  -0.0010044239  -0.1265569538
33  1  -0.0255008226   0.0185277608   0.3231777881   0.0495482909   0.3710890134
33  2  -0.0303348375   0.0086570252  -0.3391827055   0.2078323882  -0.1446081618
33  3   0.1520311485  -0.3762787681  -0.0155553532  -0.0000017769   0.0589788845
33  4  -0.0836841229   0.0196041783  -0.0478095865   0.0323873855  -0.0051607653
33  5  -0.0591383037  -0.0655262250   0.4362801911  -0.0358223963  -0.1283000002
33  6  -0.0996049254   0.2076698233  -0.1404111508   0.1893025134  -0.1123519900
33  7   0.0277494270   0.0422939102   0.0583861499   0.2486583191   0.2027080124
33  8  -0.0932200978   0.0746345996  -0.5693008520  -0.0075013378   0.1224351399
33  9   0.0093681946   0.1200693416  -0.3914535031   0.0371560723  -0.1840921503
33 10  -0.0672289327  -0.0077232344   0.3130458172   0.0044605191  -0.0444186985
33 11  -0.0001066336   0.0068430221   0.0007133388   0.0009960102  -0.0008945019
33 12  -0.0000190125  -0.0009751312  -0.0004189397  -0.0038857949  -0.4840577171
34  1  -0.0165894913  -0.0498701130   0.1716365771   0.1998175167   0.0698043475
34  2  -0.1255972341  -0.0973177712  -0.1406814942   0.3118922350   0.0154273734
34  3  -0.0562482479   0.0225417983   0.0208280992  -0.0023640359   0.0044562859
34  4  -0.0425041671   0.0115137086  -0.1658573805  -0.0714614093  -0.0126033646
34  5  -0.0221748617  -0.0347447859   0.2572798055   0.0013890401  -0.3314493710
34  6   0.1353564599  -0.1768540600  -0.0058187532   0.0834479112  -0.0628576862
34  7  -0.0045457382   0.1010152180   0.0398412954   0.3096029111   0.1085545293
34  8   0.0934684961  -0.1653400253   0.2754855485  -0.0618996981  -0.1029363503
34  9   0.0715419948   0.5368469034   0.4041343365  -0.0728085458   0.0029259866
34 10  -0.1266149332   0.0042413287   0.5825433927   0.0012431898  -0.1913094476
34 11  -0.0053247423   0.1746357183   0.0251685406   0.0583573797  -0.1658004601
34 12  -0.0002828085  -0.0003044362  -0.0003602577   0.0000826729   0.0035486568
35  1   0.2197111451   0.1697339742  -0.0653882332  -0.1059878890  -0.0532485082
35  2  -0.2468393998  -0.1069361926   0.0533967097   0.2135610563   0.1433652409
35  3  -0.1393558271  -0.1203168811  -0.4290257767   0.0568607987  -0.0853365798
35  4   0.0407117109   0.2198658004  -0.0552746388  -0.0649183558  -0.0515220006
35  5  -0.0107431179   0.0484066449  -0.0449020078  -0.0166734768   0.2610092754
35  6  -0.0646316989   0.1239698048  -0.1144212161  -0.0761150830   0.0777236677
35  7   0.0200862718  -0.1831344814  -0.0273395929  -0.2003787063   0.1230750534
35  8  -0.0220801398  -0.0165470462  -0.0810858159   0.0054970648   0.0118918373
35  9  -0.0065787397  -0.0898154368  -0.0895593653   0.0158849744   0.0064119659
35 10   0.0549979483  -0.0020951600  -0.2576745188   0.0185851227  -0.3667549407
35 11  -0.0169945610   0.5753707160   0.0795916591   0.1815602280  -0.5098099348
35 12   0.0002968010  -0.0008524652   0.0002131892   0.0000798162   0.0009284083
36  1   0.1480394956   0.0077677384   0.1866620831   0.0275990107   0.2212955844
36  2  -0.0164665850  -0.0640220111  -0.0019456237   0.3343477724   0.0755667621
36  3  -0.1052697050  -0.0488506843  -0.3157752277   0.0435016073  -0.0225867945
36  4   0.0172180896   0.1345370459  -0.0072413667  -0.0651540948  -0.0295072251
36  5   0.0223199918   0.0634022038  -0.3102145923   0.0003779716   0.4161251629
36  6  -0.0566454891   0.1063400296  -0.1172528586  -0.2927341589   0.2638007940
36  7   0.0492460127  -0.3858840839  -0.0336418655  -0.2040011178   0.4239646933
36  8   0.0291289448  -0.1676585332  -0.0063702320  -0.0312124503  -0.0430943003
36  9   0.0352257222   0.1561728795  -0.0178370842  -0.0011592601  -0.0522667434
36 10   0.0074372999  -0.0034518838  -0.0466558278   0.0275861572  -0.5692551533
36 11   0.0112281896  -0.3820912390  -0.0543882405  -0.1267587177   0.3667774282
36 12  -0.0000832718   0.0006358369   0.0004015896  -0.0000342152   0.0005332153
37  1  -0.0524016419  -0.0733547906   0.1908378086   0.0774077214   0.0798564979
37  2  -0.2270260354  -0.0083541953  -0.3279287838   0.0419880287  -0.0085970583
37  3  -0.0830801491  -0.0310128512  -0.1173821725   0.0123197389  -0.0017507970
37  4   0.0054014225   0.1606519714  -0.2970741017  -0.1612124769  -0.0282029317
37  5  -0.0223095185  -0.0725353494   0.1821853690  -0.0473993788   0.2053369314
37  6  -0.0421308755   0.1712455243  -0.4335436985  -0.1435904437   0.1485892774
37  7   0.0424769952  -0.1798527170   0.0224931812   0.2696260172   0.1169426426
37  8   0.0656763509   0.0834420887   0.2707411856   0.0226091250   0.0226009485
37  9  -0.0853235035  -0.6603245992  -0.0654543553   0.0611648533   0.1806816688
37 10  -0.0608635298  -0.0035425443   0.6049319562  -0.0062273433   0.0049427704
37 11   0.0035026732  -0.0896553878  -0.0090373267  -0.0017324742  -0.0860696603
37 12   0.0000517844  -0.0009707230   0.0001061613   0.0000187162   0.0022469982
38  1   0.2335981993   0.1768939735  -0.0689621555  -0.0767054225  -0.0584075136
38  2  -0.2238285665  -0.1319838980   0.1000664852   0.2902313660   0.1539421346
38  3  -0.1411687683  -0.1026284471  -0.4109199813   0.0551172334  -0.0818644764
38  4   0.0291629316   0.1901615201  -0.0301904443  -0.0536620793  -0.0536412267
38  5  -0.0093094024   0.0580268282  -0.0492863769  -0.0056180083   0.1558872617
38  6  -0.0186206242   0.0332144120  -0.0110396365  -0.0656312508   0.0607907577
38  7   0.0146070220  -0.1516189491  -0.0222129649  -0.1584442065   0.1286596821
38  8  -0.0061679779  -0.0853387226  -0.0652360090  -0.0151030587  -0.0210597932
38  9   0.0322547560   0.1950673263   0.0265731937  -0.0156879881  -0.0380287947
38 10  -0.0091724346   0.0013572141  -0.0129712684  -0.0185493421   0.4406886881
38 11   0.0196256875  -0.5352886330  -0.0604685581  -0.0139731891  -0.5842044907
38 12   0.0005320317  -0.0019726775  -0.0003675532  -0.0000650013  -0.0008780716
39  1  -0.0573163618  -0.0545557133   0.1528862057   0.0014395825   0.3257981853
39  2   0.0084064405   0.0982237246  -0.1859496454  -0.2048466440  -0.1192739027
39  3   0.0960190104   0.1112704798   0.2720657778  -0.0299628746   0.0160409421
39  4   0.0081661032  -0.1760999511   0.1699406280   0.0833489723   0.0500090081
39  5   0.0459195837   0.0388602214  -0.2627301514   0.0530298601  -0.2341137431
39  6   0.1040866394  -0.2435058839   0.4170272147   0.1042144668  -0.1278373506
39  7  -0.0502880290   0.4534236385   0.0552260538   0.3535335590  -0.3622540583
39  8  -0.0028432674   0.1590193588   0.0534354357   0.0267303820   0.0459545715
39  9  -0.0381119883  -0.1344007426  -0.0956733211   0.0132923511  -0.0558347178
39 10   0.0026577574  -0.0023441865  -0.0603749796   0.0257122579  -0.5463025765
39 11   0.0139350905  -0.3831546764  -0.0440394507  -0.0076974417  -0.4462962230
39 12   0.0004134318  -0.0008797059  -0.0001717527  -0.0000013775   0.0016561939
40  1  -0.0173866507  -0.0723896176   0.1269336821   0.1590035706   0.0495546972
40  2  -0.1393236633  -0.0511665699  -0.1529374306   0.0806952465   0.0185037331
40  3  -0.0912703176   0.2146527958   0.0326650496  -0.0027639482   0.0025578402
40  4   0.0004213614  -0.0174437651  -0.0397700687  -0.0241176784   0.0112620761
40  5  -0.0205317820   0.0514927722   0.1207127074  -0.0154294923  -0.0469425196
40  6  -0.1209088017   0.1604548887   0.4480257117  -0.2756040623   0.2189961735
40  7   0.0190241868  -0.0150001647  -0.0204478577  -0.2176122544  -0.0922888296
40  8  -0.0772388893   0.2121148476  -0.3356534616   0.0029918930   0.0225639483
40  9   0.0071992471  -0.0413552260   0.3800601332  -0.0233310019   0.3647734880
40 10   0.0234117033   0.0201209116   0.0823629676  -0.0240300599  -0.0218769485
40 11  -0.0412125669   0.1451093023  -0.3438371532  -0.5911790641  -0.0934859237
40 12   0.0012551399  -0.0507217580  -0.0014952293   0.0001012177   0.0003603177
41  1   0.1978828818   0.1865998924  -0.0857256799   0.0542132712  -0.0248250670
41  2  -0.1055824452  -0.1591149776  -0.0016193761   0.0827018146  -0.0350262243
41  3   0.0507864082   0.0722829999   0.0294204786   0.0013809510  -0.0383661346
41  4  -0.0033367346  -0.0935626765   0.2293955394   0.1053328912   0.0532238899
41  5  -0.1012851128   0.2342285290   0.1299644408   0.0377330692  -0.1813601559
41  6   0.2483638190  -0.3110779799  -0.1710846132  -0.1091686105   0.1460838529
41  7   0.0573633959  -0.1732951781   0.0086275415  -0.2652848200   0.4519095402
41  8   0.1278445014   0.7007297558  -0.0006460699  -0.0088429449   0.1426572604
41  9  -0.0718127982  -0.0470355719   0.3541526763   0.0056326136  -0.5180856228
41 10  -0.0718170803   0.0134263376  -0.0335120856  -0.0135109761   0.0050742559
41 11   0.0070879125  -0.0254363013   0.0626604961   0.1098725604   0.0158286152
41 12  -0.0007635941   0.0050794999   0.0025063736  -0.0000783717   0.0000632340
42  1   0.1294009471  -0.0725307863  -0.0106448714  -0.0266202844   0.1584291835
42  2   0.0268468834   0.0253541981   0.1697475511  -0.0868225095   0.0677532992
42  3  -0.0167782766   0.0404990923  -0.0420792079   0.0120069354  -0.0329326014
42  4   0.0249559276  -0.0339752154   0.3683558585   0.2123732432   0.0075950693
42  5  -0.0039905356   0.0267448048   0.0924857665   0.0062902946   0.0777817273
42  6  -0.1061636916   0.1313591581  -0.2068257221   0.3683859026  -0.2724521042
42  7  -0.0070271088  -0.0333526947   0.0285554040   0.0201460586   0.2488345733
42  8   0.0806753321  -0.1078673448   0.3546169038   0.0022524218  -0.0224143315
42  9  -0.0216453320  -0.0177366778  -0.2525140223   0.0226679565  -0.4873898804
42 10  -0.0641475186  -0.0146378186  -0.0527346314   0.0189804897   0.0251640061
42 11  -0.0403331904   0.1499719527  -0.3339783903  -0.5778038304  -0.0901923790
42 12   0.0023473602  -0.0526303225  -0.0003824538   0.0002878107   0.0009755853
43  1   0.0069110438  -0.1913904109  -0.1629365935   0.0084054306  -0.0828554032
43  2  -0.1408589076  -0.0832807112  -0.0874892949   0.0999538011  -0.1210512720
43  3  -0.1381572241  -0.1616186576   0.0315483880  -0.0456187759   0.0121596641
43  4   0.0311464164  -0.0659050829   0.0955008107  -0.0807785751   0.0440324039
43  5  -0.0674049798   0.0311791355  -0.0499801767  -0.2808062340   0.0283283005
43  6  -0.2348326934  -0.0660194186  -0.0088401020  -0.3655784267  -0.4542717246
43  7  -0.3874180412   0.0031859998  -0.0249043105   0.0112684874   0.0281000015
43  8   0.0438647144   0.0239857014   0.0022593713  -0.4527570924  -0.0415176227
43  9  -0.1619574356   0.0573129490   0.0299988850   0.7453922361   0.0446536005
43 10   0.0198145224   0.1281293706  -0.0157914582   0.0394844824   0.0061392399
43 11   0.0030821313  -0.0003404356   0.0203444608  -0.0131017824  -0.0014363621
43 12  -0.1690056168  -0.0010624416  -0.0002367604   0.0004955052   0.0000878386
44  1  -0.2024854418   0.1040887710  -0.0970611490   0.1187500735   0.2134270404
44  2   0.0128486845  -0.0293647339   0.0874752559  -0.0371238911  -0.0463394783
44  3   0.0486644537   0.0896237572  -0.0382324188   0.0128755987   0.0227592796
44  4   0.0129103079   0.1114858306   0.0819342736  -0.0211265539  -0.0105866949
44  5  -0.0232736979  -0.0810479422  -0.0230440761   0.0874257186  -0.1374354450
44  6  -0.5358432090  -0.3802313700  -0.1247533636   0.0085250643   0.1597839929
44  7  -0.1357749563  -0.1128379670   0.1849924801   0.0795838235   0.0988116318
44  8  -0.8379534682   0.0995270781   0.1752117480   0.0822540059  -0.0285496411
44  9  -0.1675295646   0.0742877063  -0.0202262816  -0.0407369301  -0.0071388617
44 10  -0.0022369297   0.0241956733   0.0137153928  -0.0051773638  -0.0014935540
44 11   0.0037111566  -0.0006200861   0.0416925479  -0.0242240507  -0.0036835933
44 12  -0.3828680200  -0.0019720908  -0.0004558311  -0.0001581013  -0.0000481690
45  1   0.0202990158  -0.1443819845  -0.1294024948  -0.0674263706   0.1763985695
45  2   0.0613698982   0.0082312476   0.0471794778  -0.0178672131  -0.1110920351
45  3  -0.1035780383  -0.0615832989  -0.0083830812  -0.0318923042   0.0176374865
45  4   0.0351578727  -0.0121392428   0.0961186947  -0.2462507462  -0.0382141552
45  5  -0.0710461331   0.1836098404   0.0500416377   0.3143411469  -0.0619634334
45  6  -0.0910433989  -0.0128638187  -0.0471530781  -0.0649019288  -0.0144227491
45  7   0.0031846617  -0.0639298419   0.2185071525   0.0040476593   0.0040435522
45  8  -0.3452525795   0.0356578294   0.0769299851  -0.0053021114  -0.0226636253
45  9  -0.1215730541   0.0530185425   0.0027461655   0.1723149351   0.0005153226
45 10  -0.0008773933   0.0354674873   0.0049108376   0.0050107754  -0.0004489535
45 11  -0.0096495581   0.0011604644  -0.0940813983   0.0561909739   0.0077160263
45 12   0.8963055406   0.0064245307  -0.0005061591   0.0013854837  -0.0000231566
46  1   0.0108721175  -0.1348551800  -0.0543975235   0.1153422819  -0.0337649283
46  2  -0.1015181233   0.0778767123  -0.0441031987   0.0035165656   0.1761235345
46  3   0.0212098264  -0.1978652797   0.0024942204  -0.0280169265   0.0558036113
46  4   0.1354966878  -0.1178132310   0.0548014410  -0.0887290460  -0.0169477491
46  5  -0.0008108741   0.0976233951  -0.0443092524  -0.3945632332   0.0175267704
46  6   0.0657082858  -0.0091813735   0.0194762240   0.2100604188   0.2149920828
46  7   0.1326215024  -0.0023578744   0.0454861933  -0.0036501993  -0.0105075304
46  8  -0.1110021350   0.0364108665   0.0624565232   0.0973519318   0.1294271534
46  9   0.4671181968   0.0017673897   0.0264558501   0.3275117529   0.0188465012
46 10  -0.0195824398  -0.4211700551  -0.0072312063  -0.0187081986   0.0000613744
46 11   0.5395185109   0.0305587584  -0.3561325239   0.1684305177   0.0225994856
46 12  -0.0432204487   0.0006031200  -0.0002987071   0.0017101008   0.0000394361
47  1   0.0034047119   0.1704511143  -0.1133200709   0.2610658193   0.1081932521
47  2   0.1029380052   0.1042779073  -0.1347136225  -0.0513171777   0.2702844877
47  3   0.0697434463  -0.0610460909  -0.0290916888  -0.0358966308   0.0545469559
47  4   0.1207628556  -0.0595188745  -0.0755962719   0.0195458449  -0.0410224784
47  5   0.0218922357   0.0894353534   0.0128762868   0.1189292231  -0.0016555103
47  6   0.0609597059   0.0656495367  -0.0064764861  -0.1675000547  -0.2017470452
47  7   0.0083984216   0.0269324602  -0.3491266995   0.0868162958   0.0862177405
47  8  -0.1177907181   0.0309644296   0.0612543312   0.2477975508   0.1331537601
47  9   0.3991614214   0.0079217095   0.0190354559   0.2452531049   0.0121491061
47 10  -0.0146555461  -0.3767618399  -0.0092807752  -0.3757012343  -0.0154500392
47 11  -0.4871640295  -0.0276353289   0.3258435228  -0.1562474822  -0.0207935536
47 12   0.0365028723  -0.0004850581   0.0001602013   0.0024209361  -0.0000775477
48  1   0.1748239822  -0.1660282860  -0.2823573683  -0.0953509448   0.0313234454
48  2   0.0803549383  -0.0412930752  -0.1158680302   0.1004463947  -0.4811920349
48  3  -0.5038341715  -0.1543807316   0.0667977697  -0.0300259657  -0.0463926122
48  4  -0.1083032811   0.0650223519  -0.0139007566   0.2853774345   0.0270956749
48  5   0.1071305945  -0.1901888893  -0.0745346776  -0.4846241241   0.0175084513
48  6   0.0848758264  -0.0469682917   0.0283887887   0.3128289639   0.3507598779
48  7   0.3032313566  -0.0209193102   0.3108983776  -0.0738756939  -0.0744842920
48  8  -0.0393033625   0.0201380498   0.0130995691  -0.0553818093   0.0311946018
48  9   0.1631783733  -0.0036419489   0.0274377990   0.1445489525   0.0162249108
48 10  -0.0157301423  -0.2037554120   0.0025683694   0.6069710561   0.0262941946
48 11  -0.3377647205  -0.0185963746   0.1992972371  -0.0933627846  -0.0125086357
48 12   0.0222791099  -0.0002665624   0.0000993251  -0.0000252740  -0.0000168677
49  1  -0.0153656035  -0.0968709699   0.0729029529   0.1212253112   0.0249678982
49  2  -0.1470546760   0.1759017523   0.1296850886  -0.0514650898   0.2380227501
49  3   0.2105384199  -0.1123207603  -0.0441480222  -0.0334370024   0.0978862921
49  4   0.2317855183  -0.1784620987   0.0894488203  -0.4664686196  -0.0663917335
49  5  -0.1357460424   0.4325048213   0.0911855362   0.3032685543  -0.0237425643
49  6  -0.0643221720   0.0883102183   0.0095941252  -0.1795180294  -0.1837566104
49  7  -0.3004446927   0.0405224556  -0.5150134597   0.0824912506   0.0511781327
49  8  -0.0871370533   0.0506178341   0.0094219440  -0.4131264375  -0.0258885041
49  9   0.0370410616  -0.0510452572  -0.0284542026  -0.3407339478  -0.0028764456
49 10  -0.0291759861  -0.4801589704  -0.0034219143   0.4340157514   0.0209166369
49 11  -0.1313561522  -0.0030685581  -0.1274361229   0.0803841860   0.0098265741
49 12  -0.0177733956   0.0005059194   0.0001367858   0.0013940732  -0.0000402845
50  1   0.1621603265   0.1994651831  -0.1054068910   0.2083142549   0.0110451151
50  2   0.0326094264   0.2529203463   0.0410220113   0.0177488573  -0.3684522974
50  3  -0.3513858660  -0.0917673176   0.0237208631  -0.0069551974   0.0090886505
50  4   0.0052151362   0.0413328009  -0.1273118393   0.2930185173  -0.0170857425
50  5   0.1137882101  -0.0957058328  -0.0236632228  -0.0993890105   0.0138984888
50  6   0.1095853718   0.0255025304   0.0178946704   0.1421392355   0.1570039457
50  7   0.5100029817   0.0086317551   0.2078514001  -0.0779808518  -0.1052739697
50  8  -0.0335795203   0.0094214481  -0.0014237163  -0.5404429035  -0.1008420566
50  9  -0.1997558171  -0.0134545881  -0.0426781741  -0.1229662530  -0.0143209032
50 10  -0.0152809389  -0.3869379022  -0.0121411023  -0.5282328121  -0.0206200802
50 11  -0.1576713834  -0.0029543653  -0.1962395416   0.1203982027   0.0149136643
50 12  -0.0279196641   0.0006962674  -0.0000395890   0.0022701953  -0.0000079542
51  1   0.1187878759  -0.1485916111  -0.2019423498  -0.0785655755   0.0932254806
51  2   0.0681970974  -0.0095778600  -0.0412415429   0.0450864792  -0.2833559729
51  3  -0.2861109699  -0.1058946094   0.0244771022  -0.0451395964  -0.0080438042
51  4  -0.0163269716  -0.0039985167   0.0255734529  -0.0408221384  -0.0109490226
51  5  -0.0105286339   0.0745215488   0.0182329584   0.0167665989  -0.0068088917
51  6  -0.0312294453   0.0107762561   0.0068201377   0.0064529202   0.0158039692
51  7  -0.1456384546   0.0152225696  -0.1665049948   0.0234337544   0.0061373188
51  8  -0.0269588167   0.0191028761   0.0029801502  -0.2199148389  -0.0184945149
51  9   0.0191836752  -0.0262404602  -0.0228667113  -0.1712467585  -0.0072684061
51 10  -0.0093389909  -0.1882750936  -0.0041068283  -0.1028757057  -0.0035363993
51 11   0.5535851635   0.0116347683   0.6345599207  -0.3925065799  -0.0481637947
51 12   0.0976894537  -0.0023662192  -0.0003950261   0.0016301741   0.0000263786
52  1  -0.0440142437  -0.1354324734   0.0476924603  -0.0109399448   0.0146042882
52  2  -0.2385046826   0.0369601403   0.2042526165   0.0495475357  -0.1852805691
52  3   0.2455805216   0.2331235793  -0.2068608394  -0.5642753464  -0.0264031141
52  4   0.0041433585   0.0202461744  -0.1180236783   0.1573872550  -0.0471884633
52  5   0.0568391059   0.0205054214  -0.0049918558  -0.0056343377   0.0040835078
52  6   0.0412125725   0.0174546381  -0.0008212536   0.0426574972   0.0513521783
52  7  -0.0936377987  -0.0003022905  -0.0216033081   0.0070105392  -0.0003832327
52  8   0.0236586155  -0.0107644752  -0.0106029172   0.0596292689  -0.0152513307
52  9  -0.0857612999   0.0120446981   0.0077329648   0.0302770587   0.0030109350
52 10  -0.0042220065  -0.0646943313  -0.0011773231   0.0014246223   0.0001509853
52 11   0.0004704270  -0.0001194368  -0.0017233724   0.0009900930   0.0000779090
52 12  -0.0017628636  -0.0000226907  -0.0004870330   0.8087132367  -0.0064786497
53  1   0.1348609905   0.2071452077  -0.1184613492   0.3102988769   0.0369028747
53  2   0.1246400999   0.2651008724  -0.1100579274  -0.0566348757   0.1037384571
53  3  -0.2876930462  -0.3284401024   0.0952946843   0.1779037005   0.0593010367
53  4   0.1111527225  -0.0988403914   0.0922358149  -0.1988643703   0.0004649077
53  5  -0.0613521824   0.1327145018   0.0044527483  -0.1764102751  -0.0035588762
53  6  -0.1984184002  -0.1216967358   0.0019670615   0.2518453069   0.2882007883
53  7  -0.3248116091   0.0646459797  -0.4078322794   0.0649015949   0.0285617095
53  8   0.1776921853  -0.0757097070  -0.0782050793   0.4025356475  -0.1176099049
53  9  -0.6240751198   0.0761134134   0.0544112790   0.1795135093   0.0158548049
53 10  -0.0244150367  -0.3966505768  -0.0040288609   0.0085866146   0.0007496686
53 11   0.0073501215   0.0003368215   0.0021455805  -0.0016121384  -0.0001734054
53 12  -0.0013006950  -0.0001371448  -0.0000487512   0.0511808252  -0.0004310781
54  1  -0.0698977466  -0.2425541072  -0.3284767252  -0.1280914657   0.1536727521
54  2   0.1112364789  -0.2863625975  -0.2195813399   0.0541523489   0.0780239954
54  3  -0.0595976702  -0.1111647941   0.1941426121   0.7848538669   0.1355866406
54  4   0.1963896850  -0.0469836760  -0.0954401477   0.0714487357  -0.0106518962
54  5   0.0494711223   0.0193293188   0.0166413859   0.0782911566  -0.0015930115
54  6   0.0804696864   0.0581049672   0.0047368776  -0.0574087560  -0.0646512917
54  7   0.0106435839  -0.0195453021   0.1011190677  -0.0146895714  -0.0031008382
54  8  -0.0356659268   0.0168225399   0.0146040641  -0.0874625614   0.0206518076
54  9   0.1134601496  -0.0152631927  -0.0103709447  -0.0395697449  -0.0029016493
54 10   0.0040156566   0.0715120651   0.0008930491  -0.0026080279  -0.0001362757
54 11  -0.0012368948  -0.0001725845   0.0015260558  -0.0004051678   0.0000341986
54 12   0.0004704326   0.0000068487  -0.0002865137   0.5825420028  -0.0046260885
55  1   0.0339361581  -0.1233734280  -0.0742380291   0.1878694287  -0.0436295525
55  2  -0.0380945126   0.0270759458  -0.0344735557  -0.0115558541  -0.0162100786
55  3   0.0468571348   0.0315686645   0.0159324861   0.0068034622  -0.0056725845
55  4  -0.0369179472   0.0847908782   0.1868590815   0.0594678934   0.0264770056
55  5  -0.0765158038   0.0783188316   0.1814784069   0.0290299574   0.3726471826
55  6   0.2236834481  -0.2582427108  -0.0525042311   0.0040617155  -0.0292985161
55  7  -0.0203528972   0.1611031545   0.0249635063   0.1816869340   0.0143277068
55  8  -0.0538476377   0.0079505149  -0.1207580778   0.0402720374  -0.4985933202
55  9   0.1170644612  -0.0803600465   0.0691038904   0.0239229680  -0.0968130906
55 10   0.1274378158  -0.0094821028   0.0188519320  -0.0000249876   0.0014239494
55 11   0.0030559768  -0.0118908309   0.0263193947   0.0522655559   0.0107958709
55 12   0.0050714092  -0.8105463317   0.0174495287   0.0000028239   0.0002443770
56  1  -0.1123089667   0.0958151966  -0.0697181654  -0.0927558840   0.1403623156
56  2  -0.1832869282   0.1715680945  -0.0303874226   0.1832420361   0.0764279134
56  3  -0.0573346612   0.2115447189   0.0445744153   0.0062296536  -0.0494236485
56  4  -0.0194656897  -0.1053509914   0.3808160179   0.1112366191  -0.0811352860
56  5   0.1118962970   0.0591167336   0.2009976416  -0.0120062291  -0.0156831271
56  6  -0.1497618145   0.1934698157  -0.1204826217  -0.0572420533   0.0519128053
56  7   0.0294892608  -0.4059881264  -0.0528857815   0.0402507978  -0.2642195367
56  8   0.1266682406   0.3402120155   0.1686922099   0.0345871031  -0.0340044164
56  9   0.0015286827   0.2673558724  -0.2990546924  -0.0226193655   0.1598034312
56 10   0.7785295100  -0.0531239799   0.1547494626   0.0086176950   0.0003425031
56 11   0.0000150198   0.0001053791  -0.0007030417  -0.0020227897  -0.0011841499
56 12   0.0000669346   0.0102519843   0.0015787531   0.0000205654  -0.0003537848
57  1   0.2392308234   0.0105259860   0.1368179440   0.0219082837   0.1507369081
57  2  -0.0138062836  -0.2124860680   0.1143761879  -0.0810673635   0.0418640307
57  3  -0.0665921900   0.0778863082  -0.0183912233   0.0013520337  -0.0187597208
57  4   0.0557471964  -0.1144767951   0.0998545380   0.1438551592   0.0399492411
57  5  -0.0558771716   0.0371508773   0.1072756101  -0.0267085907  -0.2247845959
57  6  -0.1461285712   0.1529497278  -0.1483937642  -0.1291176899   0.1285779571
57  7   0.0099975152  -0.0216349937  -0.0320365404  -0.2170464493  -0.1285422072
57  8   0.0789936921   0.0229095894   0.1762006589  -0.0476790239   0.6337017838
57  9  -0.1423774709   0.1802828293  -0.1970589035  -0.0355044719   0.2729658795
57 10  -0.2778443521   0.0198358524  -0.0524364373   0.0006438968  -0.0030214036
57 11   0.0017637913  -0.0090962200   0.0199496703   0.0363861300   0.0066338830
57 12   0.0037322781  -0.5742116563   0.0108102249  -0.0000275741   0.0000832240
58  1   0.0345609297  -0.0477667209   0.0797072209   0.3202147200   0.0261844546
58  2   0.0028812512  -0.3943006015   0.1102747483  -0.2095169379  -0.0953171535
58  3   0.0092158405  -0.1351359288  -0.0750333937   0.0310360997  -0.1688182141
58  4  -0.1136933853  -0.3545623079  -0.1706131928  -0.0278555655  -0.5182360910
58  5  -0.2153034991  -0.3369406499  -0.1938136811  -0.0100570742  -0.0547099047
58  6  -0.0386299516   0.0831753354   0.0479173532   0.0482398026  -0.0386161258
58  7   0.0115086934  -0.1402904765  -0.0081146090   0.0006074108   0.0370998156
58  8   0.0284099164   0.1447278103   0.0297759180   0.0228569579  -0.1655547103
58  9   0.0288338964   0.0414540886  -0.0935717113   0.0008129102   0.1021940749
58 10  -0.1328073362   0.0090342835  -0.0282798758  -0.0002534125  -0.0012305934
58 11   0.0000729871   0.0001370946  -0.0015821266  -0.0031913046  -0.0003694708
58 12   0.0001761392   0.0202353939   0.8047692263   0.0003797312  -0.0006856649
59  1   0.1571980245   0.1755933052  -0.0844575333   0.0415427494  -0.0025083239
59  2  -0.1100907960  -0.1858031415   0.0707143634   0.0221622556  -0.0157995902
59  3   0.0942217271  -0.1306631275   0.1358530409  -0.0322426414   0.1342128965
59  4  -0.0355898574   0.3158952229  -0.0320405464  -0.3158880933   0.2984815874
59  5   0.7192819336   0.2135948206  -0.1159604666   0.0026414336  -0.1392119415
59  6  -0.2227094528   0.2697905313   0.1493382629   0.1386123013  -0.0914132850
59  7   0.0473921043  -0.2532449615  -0.0057091512  -0.0729940423   0.1599225307
59  8   0.1046615817   0.3809650778   0.1104561446   0.0557385539  -0.3889648737
59  9   0.0749530561   0.1323630541  -0.2742349336   0.0019081871   0.3110945259
59 10  -0.4245670040   0.0281153505  -0.0809998971  -0.0039405234   0.0008838119
59 11   0.0003376293  -0.0015030396   0.0027979068   0.0060531171   0.0006147344
59 12  -0.0002230408   0.0059622301  -0.0853252327  -0.0001394544   0.0002634682
60  1   0.4142284805   0.0000000000   0.0000000000   0.0000000000   0.0000000000
60  2   0.0000000000  -0.0975412100   0.0584276254  -0.0252120038   0.0452046491
60  3   0.0660663525  -0.0148258770   0.1158330137  -0.0435199200   0.2357525811
60  4   0.1102723075   0.5308139829   0.0969866785  -0.0718451137   0.7400683961
60  5   0.4553774998   0.4692457846   0.1823094918   0.0067051802   0.0184805076
60  6  -0.0035081671  -0.0602032603  -0.0069058238  -0.0318132038   0.0238803959
60  7  -0.0055532921   0.0077636713  -0.0024653718   0.0643606506  -0.0929895272
60  8  -0.0301923483  -0.1700112922  -0.0378085022  -0.0256179068   0.1875345125
60  9  -0.0314561983  -0.0477753657   0.1167926712  -0.0005009290  -0.1379447013
60 10   0.2091604778  -0.0142785037   0.0429236861   0.0002278679   0.0014710776
60 11   0.0004203096   0.0008028180  -0.0007712885  -0.0010630594  -0.0010336105
60 12   0.0001703685   0.0102655869   0.5837622154   0.0003834467  -0.0003681347
$end
