$dipgrad          cartesian dipole gradients
  -.54853639017389D+00  -.19711206841280D+00  0.31274482188132D-01
  -.13284133006241D+00  -.38975710446624D+00  0.17293067849111D+00
  0.88599954953119D-01  0.17633101528453D+00  -.56619690960650D+00
  0.40217074165945D+00  0.18162359490943D+00  -.95450097148466D-01
  0.61335484591360D-01  0.19651835167624D+00  -.17725664137946D-01
  0.16337813597179D-02  0.88046199786615D-01  0.12281746715976D+00
  0.23209322454727D+00  0.10251524028007D+00  0.10612276159208D-01
  0.24977254188258D+00  0.18390858405902D+00  -.95092333799718D-01
  -.11537035775872D-01  0.83070995697924D-02  0.46311250037371D-02
  -.18715001443110D+00  -.18042366163329D-01  -.12039460945497D+00
  -.14962848630674D+00  -.86493926649319D-01  0.81407233671896D-01
  -.14756783369560D+00  0.78240964394416D-01  -.10881468087473D-01
  0.34895291619679D+00  -.36132912252951D+00  0.12309255388636D+00
  -.35706418659432D+00  0.15911837093387D+01  0.10327071155363D+00
  0.18186044242597D+00  0.44822246928509D-01  0.11000259404614D+01
  -.41376751163344D+00  0.78179615708265D-01  -.49466665600982D-01
  0.98951725377676D-01  -.79283752121889D+00  -.16993696787702D+00
  -.11533757952389D-01  -.30475434186454D+00  -.90288905708510D+00
  -.39042660465038D+00  0.28286387153997D+00  -.78608546117941D-01
  0.28385052693373D+00  -.12194610363100D+01  0.12537906334877D+00
  -.11789218438116D+00  0.28906793959242D+00  -.33767024517988D+00
  0.28842004952605D-01  0.14595566240516D-01  -.26215665327082D-01
  0.45057241704493D-01  0.10196065743603D+00  -.29004708583910D-02
  -.13818938896974D+00  -.15585002417053D-01  0.27839169925775D+00
  0.14908615931433D+00  0.48423123805673D-02  0.47789942045083D-01
  -.11564495978441D-02  0.19772026042111D+00  -.72097849788764D-01
  0.22210035888712D-01  -.15509262394048D+00  0.17199964754031D+00
  0.12147019106475D-01  0.15618907157220D-01  0.65863250430410D-02
  0.26085520771639D-01  -.13262634702671D+00  -.57886475087765D-01
  0.69735790677672D-02  -.52738666869062D-01  -.26890052651922D-01
  0.17683774085058D-01  -.45999730303299D-01  0.13869153464601D-02
  -.10569655096927D-01  -.14215189950604D-01  -.32104671571742D-01
  0.29633853463373D-01  -.55168275943968D-01  0.61450477341592D-01
  -.21160174522857D-01  -.58698460990826D-01  0.15745309313429D-01
  -.38332850689227D-01  0.24215679387382D-01  0.56672709811594D-01
  0.33041463428801D-02  0.61193053813427D-01  -.52677627827426D-01
  0.25653046183923D-01  0.40615568323467D-01  0.12258989628689D+00
  -.39011385608797D-01  -.57301812813619D-03  -.49923780089197D-01
  0.74694106676636D-01  -.86134887377256D-01  -.61588587527280D-02
  0.34441180934849D+00  -.39672928139762D-01  0.11057883380857D-01
  -.36448697304952D-01  0.34045690141399D+00  -.41992183666399D-01
  0.17810300596590D-01  -.76534720957357D-01  0.16404786240897D+00
$end
