$vibrational normal modes
 1  1  -0.0568940799   0.1113394885   0.0736350128   0.0633077514   0.2677037852
 1  2  -0.1941701965   0.0495227470  -0.0407220993  -0.0706824241   0.0231595791
 1  3  -0.0468302803   0.0917198375  -0.0391542494  -0.3115997992   0.1863771800
 1  4  -0.0096935138   0.0097301797  -0.0701578718   0.0434475600  -0.0197640974
 1  5  -0.0542527840  -0.0061325266   0.0325680972  -0.0935205452  -0.1309441828
 1  6   0.0163894186  -0.0070226975   0.0166631645  -0.0127239654  -0.0085538415
 1  7   0.0399730266  -0.0262554280  -0.0000689429   0.0592862131   0.0019363663
 1  8  -0.0000004503   0.0009153923  -0.0001752441   0.0001403570  -0.0403218065
 1  9  -0.0523136725  -0.0000624346
 2  1   0.3085025387  -0.1472751835  -0.0628986448  -0.1897731662   0.0007560349
 2  2   0.0082029306  -0.1781424450  -0.0884658179   0.0690564355  -0.0548974342
 2  3  -0.0122326948  -0.1113482677   0.0622784112  -0.0204174817   0.0988787185
 2  4  -0.0199193489   0.0098358211  -0.0219171824   0.0489074563  -0.0203700069
 2  5  -0.0813059510   0.0700817044  -0.0097971187  -0.0726513791  -0.1227839643
 2  6   0.0030381323   0.0403051837  -0.0185618198   0.0167897146   0.0327941440
 2  7  -0.0329058974   0.0516506658   0.0009820191   0.0444978303  -0.0041373159
 2  8   0.0000600869  -0.0010881403   0.0004617026  -0.0001636496  -0.0265686424
 2  9   0.0560639929  -0.0001626634
 3  1   0.2378050044   0.1693927889   0.2203983636   0.0173815992  -0.0696917830
 3  2  -0.1451659949  -0.0246122646  -0.0589592283   0.0721315845  -0.0474340076
 3  3  -0.1723113598   0.0568390926  -0.1068869880   0.0190928608  -0.0893786456
 3  4   0.0171519613   0.0068614972   0.0124288904  -0.0318046605   0.0061949434
 3  5   0.0915873175  -0.1173215978   0.0099901734   0.0710700784  -0.0311731185
 3  6   0.0134009003   0.0045375910  -0.0070114513  -0.0019761927   0.0109346539
 3  7  -0.0081775525   0.0379074736  -0.0022087432   0.0046777743   0.0013683700
 3  8   0.0000323086  -0.0012739457   0.0001930120  -0.0003879907  -0.0287879591
 3  9   0.0267280711  -0.0001887877
 4  1  -0.0097910670   0.0077229147   0.0084500682   0.0138657650   0.1732782232
 4  2  -0.2273376688  -0.0611209019  -0.0687814064   0.0191809767  -0.0403477481
 4  3   0.0332695198  -0.1071645448   0.0516056430  -0.2120952434  -0.0113953971
 4  4  -0.0270095970   0.0044314599   0.0624196928   0.0120349402  -0.0070192491
 4  5   0.0075747851  -0.0728518353   0.0505108036  -0.0755369407   0.2751481501
 4  6  -0.0339275003  -0.0369337464  -0.0349922274   0.0179202412  -0.0242826195
 4  7  -0.1411036805   0.0741743969  -0.0016728439   0.0095879761   0.0077742805
 4  8   0.0000451231  -0.0142981349   0.0014238568  -0.0017852093   0.0001402441
 4  9  -0.0003974826  -0.0001612661
 5  1   0.2220530424  -0.0654361810  -0.0775091880  -0.1035896438   0.0831545347
 5  2   0.0582704494  -0.0707430031  -0.0116228207  -0.0342104011   0.0320699594
 5  3   0.0094405700   0.0802621578   0.0281380995  -0.0698188994   0.1842160538
 5  4   0.0018759549  -0.0893316374  -0.0983932815   0.0371423374  -0.0529239193
 5  5   0.0693233878   0.0141012394  -0.0596133390   0.1882254935   0.1397324162
 5  6   0.0021851698  -0.0737589954   0.0926068920  -0.0578153032  -0.0903136167
 5  7   0.0658697162   0.0109665073  -0.0190880416  -0.0045162245  -0.0241409253
 5  8   0.0003523835   0.0665046006  -0.0106149574   0.0061996233  -0.0000937488
 5  9   0.0019265003   0.0005818957
 6  1   0.1342881988   0.1344273350   0.0381349303   0.1149846891  -0.0825968447
 6  2  -0.0984763374   0.0098609219   0.0698526906   0.0356667289   0.0111203911
 6  3   0.0327331474   0.0556056816   0.0244961862  -0.0096988290  -0.1131425930
 6  4   0.0067766647  -0.2155646075  -0.0382103421   0.0099137140  -0.0954080294
 6  5   0.0963384458   0.0752135024  -0.0716926247  -0.2210759674   0.0052145148
 6  6  -0.0138194291   0.0226720164   0.0368387050   0.0253225360  -0.0134403655
 6  7  -0.0929263949  -0.1061182573   0.0228893779   0.0267096497  -0.0434080701
 6  8   0.0001684948   0.0465193835  -0.0065999567   0.0052194503  -0.0026577158
 6  9   0.0005825320   0.0001454456
 7  1  -0.0305294816   0.0563734345   0.0483487014   0.0412842626   0.2215924225
 7  2  -0.2133196097  -0.0106813851  -0.0620181870   0.0095092351  -0.0269310608
 7  3   0.0373569013  -0.0826457619   0.0281938979  -0.0626839952  -0.1244721612
 7  4  -0.0282962540   0.0018916617   0.2500621364   0.0271325190  -0.0847944989
 7  5   0.0541896397   0.1059220893  -0.0219980733   0.1962606983  -0.0711073955
 7  6   0.0140267370  -0.0289564801   0.0969858115   0.0582452538   0.0939672653
 7  7   0.0308388731  -0.0167990561   0.0367398023  -0.0040448216  -0.0133323978
 7  8   0.0001171444   0.0030734416   0.0184092822  -0.0003237680   0.0001115112
 7  9   0.0001837211   0.0001495270
 8  1   0.1559601589   0.1070124781  -0.0534126813  -0.1079364866   0.1814529491
 8  2   0.1195333891   0.0514231706   0.0785294769  -0.1219660879   0.0721381491
 8  3  -0.0185201919   0.0144341225  -0.0393540646   0.1085274080   0.1618392227
 8  4   0.0149417925  -0.0609206192   0.2968458236  -0.0244631171   0.1039004374
 8  5   0.0502111496   0.0210247544   0.0642420996  -0.0730780010   0.0596880787
 8  6   0.0066650185   0.0592477554  -0.0232414936   0.0184067259   0.0532244475
 8  7   0.0019850215  -0.0052130450  -0.0657233200   0.0022404539   0.0021236784
 8  8   0.0006871254  -0.0116081760  -0.0634743001   0.0251443440  -0.0002610527
 8  9  -0.0001443104  -0.0000942482
 9  1   0.1218744208   0.1959905822  -0.1301272065  -0.0396231110  -0.1574827888
 9  2  -0.0591590917   0.0234482080   0.1955462895  -0.1097062436   0.0472875603
 9  3   0.0007090393  -0.1770931683  -0.0130208569  -0.1491538471  -0.1159759547
 9  4  -0.0116801090  -0.0552773910  -0.1004050894  -0.0711939805  -0.1636596591
 9  5  -0.0567176466   0.0179649615   0.1089911624   0.0863100536   0.0096426823
 9  6   0.0284937100   0.0237154262  -0.0386626117  -0.0299012521   0.0054290758
 9  7   0.0485049298   0.0143076331   0.0242799195  -0.0036028075   0.0019255977
 9  8   0.0009203641  -0.0064192691   0.0113315742   0.0912989199   0.0000960763
 9  9   0.0000200143  -0.0000990662
10  1   0.0233963680  -0.0634382914  -0.0306625239  -0.0175313571   0.1108505038
10  2  -0.2510624082  -0.0716069521  -0.0848239412  -0.1319011840   0.0263245747
10  3   0.0217245490   0.0107959742  -0.0084520180   0.2158840933  -0.0624921329
10  4   0.0111032012   0.0102269748  -0.0985684590   0.0055323405   0.0062261287
10  5   0.0036772568   0.0031444852   0.0180955836  -0.0084760006   0.0014653798
10  6   0.0036080721   0.0120914168  -0.0033058598  -0.0026371556  -0.0030189462
10  7  -0.0009204424  -0.0009575171  -0.0012426674   0.0006094654   0.0009992402
10  8   0.0061434046  -0.0000499099  -0.0001342090   0.0000460777  -0.0000070097
10  9   0.0000140717  -0.0000203234
11  1   0.0418362994   0.2230463114  -0.0701339031   0.0007249142   0.2927980923
11  2   0.1873013076   0.1024757253  -0.0552369507   0.0633675442  -0.0100015161
11  3   0.0225849776  -0.0418717158   0.0065232590   0.0849283432  -0.0550952907
11  4   0.0004684677   0.0122704287  -0.1026267563   0.0000396780  -0.0097702020
11  5  -0.0125524557  -0.0112793700   0.0006841242  -0.0039017894   0.0028879480
11  6  -0.0018122393  -0.0049598263   0.0031702968   0.0047412043   0.0062860930
11  7   0.0002248052  -0.0004985451  -0.0029714683  -0.0002150349  -0.0005070893
11  8  -0.0219295000  -0.0001722862  -0.0003186536   0.0003523771   0.0000224863
11  9   0.0000051636   0.0000150782
12  1  -0.0050729793   0.1601423488  -0.3693006957   0.0622877858  -0.1811511302
12  2   0.0017041540  -0.0179634956  -0.1677516892  -0.0591113191  -0.0170949991
12  3  -0.0091701252   0.0154340675  -0.0060993223  -0.0303844890   0.0215972893
12  4   0.0003245116   0.0023013228   0.0487666453   0.0006499759   0.0077211651
12  5  -0.0006249199  -0.0047280048  -0.0255819829  -0.0089638844  -0.0068297371
12  6  -0.0066422558  -0.0191139472  -0.0063502990   0.0019055906   0.0038444754
12  7   0.0016396220   0.0012803592   0.0005525885  -0.0003369885   0.0000659893
12  8  -0.0216800451  -0.0000661464  -0.0002308797   0.0000081789   0.0000098161
12  9  -0.0000146327   0.0000087733
13  1  -0.0389641332   0.0053926678  -0.1969500675  -0.0795115439   0.0838311874
13  2  -0.1939607316  -0.0336180967   0.0818313924   0.0663805012  -0.0267857083
13  3   0.0190277590  -0.0681734542   0.0349922296  -0.0994194677   0.0082016935
13  4   0.0235897228  -0.0832199472  -0.0783767006  -0.2760682650   0.3128948132
13  5   0.0554108836  -0.0077200989  -0.0321497162   0.0189094969  -0.0602224349
13  6  -0.0365755719   0.0229774344   0.0250391655   0.0309906066  -0.0157291055
13  7   0.0458283796   0.0115873917  -0.0025605999  -0.0028652123  -0.0610782793
13  8   0.0000705203  -0.0010608514   0.0000825945  -0.0005759880   0.0002357130
13  9   0.0000343766   0.0000654692
14  1   0.1268890340  -0.1662107551  -0.1548509300   0.1132826210   0.1125383078
14  2   0.0734598786  -0.0347947976   0.0304158220  -0.0139373614   0.0171267608
14  3   0.0187781672   0.0877335261   0.0140608169  -0.1105456982  -0.0859903884
14  4   0.0029728786   0.0598634303  -0.0090406249  -0.0887352706   0.0626566118
14  5   0.0091882579  -0.0116926618  -0.0143235657   0.0378972530  -0.0073411800
14  6   0.1550882188  -0.0224321066  -0.0296746626  -0.0963710791   0.0817247791
14  7  -0.1008463053  -0.0623094955   0.0189439040   0.0011411805   0.4601826966
14  8  -0.0004520750   0.0036238197  -0.0007608845   0.0005952859   0.0001145088
14  9  -0.0000740979  -0.0010848356
15  1   0.1156061746   0.1116720950   0.0418554721   0.1741922859  -0.0665847736
15  2  -0.0984826378   0.0138665658   0.0652778199   0.0341966478   0.0068752136
15  3   0.0635944844   0.0579923074   0.0460277852   0.0370025444  -0.0345260564
15  4  -0.0054090035  -0.0539912269   0.0296640327   0.1348175857   0.1188203503
15  5  -0.0786527758  -0.0177358318   0.0250393972   0.0197121758  -0.0103545131
15  6  -0.1107987408   0.0189097876   0.0218354303   0.0742653981  -0.0529620978
15  7   0.0857427524   0.0587870454  -0.0054126996  -0.0045630339   0.5346189754
15  8  -0.0003048114  -0.0004781018  -0.0008131128  -0.0001027444   0.0000373014
15  9   0.0000625931  -0.0032632672
16  1  -0.1173116457   0.1177095296  -0.3103742551  -0.1092020432   0.1073622128
16  2  -0.1272071144  -0.3200357879   0.2122781031   0.1329636531  -0.0165812209
16  3  -0.0227493960   0.0984594658  -0.0407149489   0.0866807389   0.0335036955
16  4   0.0273959295   0.0605148180   0.0226994041   0.0555734553  -0.1021228687
16  5   0.0000837318   0.0008226361   0.0049361135  -0.0128113272   0.0105291876
16  6  -0.0066063409  -0.0008228219  -0.0006449379  -0.0096697739   0.0044584288
16  7  -0.0060210646  -0.0003714760  -0.0001061189   0.0006951855   0.0396096332
16  8  -0.0000646116   0.0001501398  -0.0001398449   0.0001639074   0.0000090714
16  9  -0.0000045756  -0.0001200465
17  1   0.0584082506  -0.2024800460  -0.1988724306   0.2461751161   0.1453292120
17  2   0.0919729227  -0.0854747877   0.0669488408  -0.0106285525  -0.0072002747
17  3  -0.0593474821  -0.0005412352  -0.0444820213  -0.0462958212  -0.1333601931
17  4   0.0056636874  -0.1158348837   0.0163162978   0.1330851237   0.1134919395
17  5  -0.0693803379  -0.0188377476   0.0142489869   0.0440336816  -0.0030457781
17  6   0.0414408187  -0.0099694221  -0.0242769156   0.0495977730  -0.0239264571
17  7   0.0061584876  -0.0011682393  -0.0050455862   0.0001450015  -0.2879359144
17  8   0.0001568105  -0.0007902074   0.0004109364  -0.0002662485   0.0000710481
17  9  -0.0000403163   0.0008506076
18  1   0.1696006691   0.1608006679   0.0681471628   0.0451533026  -0.0943058666
18  2  -0.1069961171   0.0225226797   0.0502664739   0.0369385835   0.0291684586
18  3   0.1299806145   0.1675939526   0.0920954566  -0.0013407224  -0.0010003364
18  4  -0.0076537935   0.1426649678   0.0288628940  -0.0146207138   0.0606514682
18  5  -0.0452967265  -0.0201709989   0.0226093024   0.0488080866  -0.0115112706
18  6   0.0524618674  -0.0129635508  -0.0339364533   0.0256081805  -0.0046084362
18  7  -0.0190305683  -0.0173320678  -0.0029967798   0.0013185559  -0.3236994292
18  8   0.0001915344  -0.0004020472   0.0002328395  -0.0001936122  -0.0000059292
18  9   0.0000111938   0.0010568783
19  1   0.0257905029  -0.1272364793  -0.2502826145  -0.1291773183  -0.0241430448
19  2  -0.2414521846   0.4671188047   0.0601162811   0.0926073174  -0.0258120568
19  3  -0.0275018586   0.0296317643  -0.0248981544   0.0848400647   0.0356371783
19  4  -0.0677012150  -0.0316075396   0.0043158898   0.0678703064  -0.0064743289
19  5  -0.0223097935  -0.0034697095   0.0024856046   0.0131990722   0.0124570774
19  6   0.0197560548  -0.0078980671  -0.0045864572  -0.0224384441   0.0106111478
19  7  -0.0172262134  -0.0066164594   0.0008362313   0.0003428877  -0.0016702076
19  8   0.0000246432   0.0003125067  -0.0000298285   0.0000824182  -0.0000633334
19  9  -0.0000188051   0.0042897711
20  1   0.1232439121  -0.2196410716  -0.1737231882   0.1532752458   0.0977377884
20  2   0.0636724871   0.0838907865   0.0306391135  -0.0158615702   0.0045207808
20  3  -0.0181895174   0.0622199925  -0.0104388502  -0.0491572390  -0.0563128759
20  4  -0.0171702770   0.1644209606   0.0181173318  -0.1350979093  -0.1571892337
20  5   0.0644347147   0.0149130256   0.0112301121  -0.0723206212  -0.0036497155
20  6  -0.1058428159   0.0217715376   0.0139699706   0.0654254120  -0.0417380429
20  7   0.0485556129   0.0310012050  -0.0047360792  -0.0007196890  -0.0146379381
20  8   0.0001113121  -0.0009999864   0.0001823362  -0.0001404691   0.0000674404
20  9  -0.0000301977  -0.0375758285
21  1   0.0374370640   0.0330506249   0.0204839869   0.3799663395  -0.0180909920
21  2  -0.0900016799   0.0014345669   0.0801423403   0.0239176207  -0.0337560668
21  3  -0.0135358957  -0.1487897947   0.0190136911   0.1624492089   0.2458298689
21  4   0.0096402991   0.0306703619  -0.0206469443  -0.0150907411  -0.0043889705
21  5   0.0062911971   0.0008042787  -0.0031083846   0.0310338256  -0.0027130393
21  6  -0.0284577971  -0.0041172911   0.0128505418  -0.0844759678   0.0398869220
21  7  -0.0298317436  -0.0178395675   0.0024461588   0.0004850152  -0.0538871694
21  8  -0.0000102715   0.0000433748   0.0001979106   0.0000039188   0.0000524426
21  9  -0.0000549186  -0.0492771017
22  1  -0.0375944014   0.0735732159   0.0642546630   0.0517922337   0.2394441805
22  2  -0.2086649319   0.0191471597  -0.0596650435  -0.0361126224  -0.0055647231
22  3   0.0208539637   0.0148847669  -0.0581188618  -0.2793141127   0.1332960364
22  4  -0.0140914417   0.0111824709   0.0249722098   0.0500447912  -0.0133634994
22  5  -0.0127036969  -0.1207696714   0.1545144819  -0.2448535365  -0.1577192657
22  6   0.0542899214  -0.1020369103   0.1051575237  -0.0573184940  -0.0787061842
22  7   0.1228273164  -0.1658572435   0.0023633608  -0.1947064920   0.0024969945
22  8   0.0000858427  -0.0007633145   0.0007650944  -0.0004557642   0.6215720947
22  9   0.6959297372  -0.0001150717
23  1   0.3617548022  -0.2555493442  -0.0724696850  -0.2058758832  -0.0685908181
23  2  -0.0347419589  -0.2560061831  -0.1499678182   0.1658925094  -0.1399201503
23  3   0.2426890543  -0.3119996370  -0.0792968387   0.0357578818  -0.0166201949
23  4  -0.0293049356   0.0159694428   0.2222533537   0.0601091038  -0.0006741319
23  5   0.0350022192  -0.2424856891   0.3109149664  -0.4411215707  -0.1924886342
23  6   0.1047877458  -0.2143071684   0.2159867711  -0.1060291738  -0.1571480236
23  7   0.1967072740  -0.3048128417   0.0061885288  -0.6019197664  -0.0018233242
23  8   0.0001237965   0.0056910331   0.0012069322   0.0005420298  -0.2436064701
23  9  -0.2567336468  -0.0000920831
24  1   0.2447612342   0.1270820387   0.3320817007   0.1237788697  -0.0190146048
24  2  -0.1712042333   0.0038179834  -0.1258170052   0.0967736099  -0.1029694805
24  3   0.3644510775   0.1107648044  -0.8220648847  -0.2554663736   0.1656004879
24  4   0.0361551105   0.0910632043  -0.1603994515  -0.1826224655   0.1461591098
24  5  -0.3169980695   0.5100639966  -0.1880936097   0.1008117903   0.2967739256
24  6  -0.0799879206   0.0793902808  -0.0938161349   0.0468130788   0.0235573788
24  7  -0.1346708524   0.0640904869   0.0012407308  -0.2741227432  -0.0013299883
24  8  -0.0000677874  -0.0026330002   0.0002110646  -0.0015376978  -0.0029814932
24  9   0.0306911740   0.0007157373
25  1  -0.1254571259   0.2153124032  -0.0046230358   0.0479208155   0.3009365955
25  2  -0.1368498630   0.1067199650   0.0700783750  -0.1716840860   0.1317093499
25  3  -0.4421788320   0.2394730960   0.4129973663  -0.2401796135   0.1706083114
25  4  -0.0087761649  -0.0780765236  -0.2207718178   0.1065603009  -0.1143015269
25  5  -0.0043943878   0.1033130438  -0.2198116952   0.1308437169  -0.0991493271
25  6  -0.0739603679   0.2344207141  -0.1821815608   0.1064869511   0.1257638957
25  7  -0.2335394993   0.1720024061   0.0087841711  -0.7161913961  -0.0341819182
25  8   0.0006506524  -0.0024516872   0.0034602724  -0.0023654075  -0.0639546196
25  9   0.0294190604  -0.0003700981
26  1   0.2619567762  -0.1759913453  -0.0941240965  -0.0968494539   0.0217379418
26  2   0.0199359091  -0.1261445609  -0.0581156974   0.0433589726  -0.0360987797
26  3   0.3207176504  -0.0679193927  -0.1285730000  -0.1385879994   0.2071700891
26  4  -0.0217042152  -0.1793848628  -0.0886882680   0.1736587697  -0.2046479592
26  5   0.2561822548  -0.2918157809  -0.0765220026   0.1324952951  -0.3626719120
26  6  -0.0174878247   0.1855994995  -0.1339285812   0.0751409659   0.1237384095
26  7  -0.1324165465   0.2021487474   0.0063070503  -0.0354667536  -0.0380231137
26  8   0.0002292868   0.0117905327  -0.0026161505   0.0010341993   0.6038019728
26  9  -0.5283015024   0.0017904086
27  1   0.2925074590   0.2159118341   0.2542790476  -0.1051200049  -0.0941474927
27  2  -0.1554595101  -0.0883305847  -0.0884452813   0.0973928500  -0.0628711403
27  3  -0.6410968529   0.0126972523   0.1800426512   0.1790411798  -0.2317146536
27  4   0.0194884037   0.2533114022   0.0835132991  -0.1975379604   0.2492573301
27  5  -0.3778309500   0.4154643427   0.0669921215  -0.1989871245   0.3118298518
27  6   0.0282907883  -0.1663435142   0.1313980490  -0.0691097208  -0.1025569615
27  7   0.0939350638  -0.1534785030  -0.0081679409   0.0034395355   0.0401484158
27  8   0.0001217597   0.0159748362  -0.0027267752   0.0023560184   0.4269942499
27  9  -0.4025111885   0.0014268988
28  1   0.0634407099  -0.1055834892   0.0837088613   0.0260986678   0.1327697788
28  2  -0.2881262564  -0.1547380536  -0.1912063528   0.1383917943  -0.1150824395
28  3   0.0240599181  -0.1222185040   0.0788951778  -0.2475385453  -0.0848080698
28  4  -0.0716216865   0.1324209905   0.0053347801   0.1610089748  -0.0393239173
28  5  -0.0098301974  -0.1746715209  -0.3026678784  -0.0812755795   0.5112082536
28  6   0.0201893407   0.4196787070  -0.3434123626  -0.0994289271   0.2663690333
28  7   0.7069075110  -0.3900310497  -0.0092341088   0.0125939933  -0.0466006604
28  8  -0.0021665271   0.1634923468  -0.0250386614   0.0177585008  -0.0023169535
28  9   0.0022592418  -0.0001194460
29  1   0.2750531934  -0.0519343731  -0.0481149290  -0.1971284322   0.0530956814
29  2   0.0408949596  -0.1025013030  -0.0385482581  -0.0174956475   0.0129732732
29  3  -0.0438742212   0.0150773462   0.0187479891  -0.0639788661   0.2278452649
29  4  -0.0034734940  -0.1100982585  -0.1268242130   0.0474852211  -0.0765897402
29  5   0.0790971366  -0.0054242193  -0.0417226565   0.3412897834   0.0751458063
29  6  -0.2461837912  -0.0164687829  -0.1385390920   0.1632059237  -0.1232568794
29  7  -0.0810630787  -0.5260676524   0.0472748070   0.0396443263   0.1298912396
29  8  -0.0013404719  -0.8006376729   0.1194270674  -0.0715919689   0.0092351045
29  9  -0.0135805908   0.0014850185
30  1   0.0776897629   0.0799232162   0.0172686878   0.2578502379  -0.0501859657
30  2  -0.0910938263   0.0290127746   0.0745740530   0.0446584937   0.0147268521
30  3   0.1043061817   0.1458792778   0.0500592007  -0.0282814347  -0.1983744812
30  4  -0.0008368406  -0.1393527523  -0.0083318565   0.0387995771  -0.0731261870
30  5   0.0755539363   0.0789570302  -0.2023446571  -0.4610503992   0.1706816463
30  6   0.4012064659   0.0750831933   0.2904639845  -0.3403401190   0.1212165180
30  7   0.3720481586   0.5274320364  -0.0769619643  -0.0374569331  -0.2335567468
30  8  -0.0014269099  -0.5430184856   0.0793218114  -0.0482831826   0.0064174195
30  9  -0.0070672700  -0.0006458630
31  1  -0.1036207898   0.1701632043  -0.0241762455   0.0303812949   0.2635817678
31  2  -0.1527828522   0.0487139421  -0.0564907119  -0.0292032029  -0.0455705742
31  3   0.0240919724  -0.2235443683   0.0061838034  -0.0331718180  -0.2503051102
31  4  -0.0404058040   0.1973060323   0.4695231638   0.0019636666  -0.0646188720
31  5  -0.1377425128  -0.0586139654  -0.2646930962   0.2038616317  -0.2219018357
31  6   0.1313826792   0.4790634048   0.1038981535  -0.3506502468  -0.7558672767
31  7  -0.2413224030  -0.0710563768  -0.1178847267   0.0233858100   0.0429918389
31  8   0.0016034742  -0.0274191741  -0.1435539172   0.1046987441  -0.0005027366
31  9   0.0014372486  -0.0000181089
32  1   0.1036324405   0.0959156994  -0.0817170804  -0.0170122718   0.2118480899
32  2   0.1371556845   0.0372006808  -0.0690980784  -0.0214356279   0.0208040136
32  3   0.0018018199   0.1555857841   0.0071446602   0.1883987805   0.1913131632
32  4   0.0423217536  -0.3260937705   0.3666006154  -0.2853133052  -0.1419128219
32  5  -0.1157193858   0.0026987893   0.2207272997   0.0377900453   0.0706727484
32  6   0.0635753262   0.2269474953  -0.1158783715  -0.1414664479  -0.1745253852
32  7   0.0474422924   0.0536980296   0.3148588327   0.0072344404  -0.0192418901
32  8  -0.0139036013   0.1413604763   0.6533075814  -0.4699549573   0.0008439042
32  9  -0.0009915889   0.0008197768
33  1   0.1786820798   0.2512544410  -0.1104267805  -0.1844287408  -0.1906361076
33  2  -0.0662826319   0.0640494366   0.4259340343  -0.2757571620   0.1217542542
33  3  -0.0321197361  -0.4431894168  -0.0932207714  -0.2625706190  -0.2071197517
33  4  -0.0589829207   0.4311219876  -0.1478286467   0.3377565203   0.2324746602
33  5   0.1443052210  -0.0079290212  -0.2184392324  -0.0869199272  -0.0485847352
33  6  -0.0192298700  -0.0625483099   0.1081609621   0.0727566098   0.0612888326
33  7  -0.1078183188  -0.0924963190  -0.5894918877   0.0053713061   0.0674913505
33  8  -0.0069863909   0.0941753066   0.4370234782  -0.2949178803   0.0001660774
33  9  -0.0005309439   0.0008469141
34  1  -0.0093885923   0.0571939645   0.1939880869   0.1073334900   0.2844811162
34  2  -0.2373393829   0.0029476929  -0.0374010687   0.1199252018  -0.0252074513
34  3   0.0665695644  -0.0268588408   0.0709179820   0.0265884167  -0.2103674248
34  4  -0.0037286299  -0.2164699593   0.2355055520  -0.0438934802  -0.1201605426
34  5   0.2370544967   0.3033292314  -0.0314298655  -0.0177294357  -0.3152593979
34  6  -0.1051330892  -0.4331382192  -0.7321922140  -0.3319356395  -0.2341004322
34  7   0.2127410139   0.1278462256  -0.2400990805  -0.0142920256   0.0753968676
34  8  -0.0018691863  -0.0041416620  -0.0633194409  -0.0941131843   0.0003381028
34  9   0.0003614947  -0.0005292557
35  1   0.2233820333   0.1786428487   0.0014574078  -0.2617355921   0.1607101346
35  2   0.1088208176   0.0965159881   0.3504186403  -0.2723180683   0.1386971278
35  3  -0.0477549588  -0.2832287552  -0.1081536314  -0.0045151942   0.0049866695
35  4  -0.0336363446   0.4680635920   0.1215652836   0.4260644724   0.5179746422
35  5   0.2689773083   0.0120218662  -0.3346447472  -0.2784037543  -0.0378277808
35  6  -0.0776698514  -0.1841114665  -0.1181048440  -0.0711259867  -0.1335458863
35  7   0.0392278896   0.0943325855   0.6541590211   0.0036461238  -0.0656484603
35  8   0.0024727300  -0.0000283051   0.1045261170   0.1688061475   0.0001158074
35  9   0.0002999532   0.0003675526
36  1   0.1345549009   0.2117415901  -0.1333334378  -0.0805839331  -0.1686921132
36  2  -0.0589979982   0.0320193225   0.2534844662  -0.1555493533   0.0613797246
36  3  -0.0093953846  -0.2500403424  -0.0320378542  -0.1837799693  -0.1432755105
36  4  -0.0258464905   0.0847901765  -0.1333656245   0.0374594224  -0.0734457456
36  5  -0.0282388727  -0.0038883581   0.0234875054   0.0662175131   0.0143136068
36  6   0.0260653221   0.0218597486   0.0421032266  -0.0022290425   0.0077808153
36  7   0.0333649997   0.0110073293   0.1939685670  -0.0020142167  -0.0247433072
36  8  -0.0030689534  -0.0157898573  -0.5662700907  -0.7917311371  -0.0002088663
36  9  -0.0001670762  -0.0004064761
37  1   0.1107629681  -0.1906518232   0.0885489325   0.0119092273   0.0802350586
37  2  -0.3251208233  -0.1374866174  -0.1264519539   0.3237962349   0.6848640379
37  3  -0.0393278273  -0.2452572086  -0.0974437268   0.1786912862   0.0085780020
37  4  -0.0211359007  -0.1708536292   0.3115011095  -0.3765928828  -0.3047322790
37  5  -0.4795738386  -0.3489925409  -0.4099016062  -0.0852375967  -0.0627174666
37  6  -0.0858532086  -0.2286762694   0.0099242897   0.0624810723   0.0717878195
37  7   0.0018076623   0.0089642521  -0.0014968139  -0.0049021126  -0.0105055982
37  8  -0.1948777890  -0.0019084939   0.0000686626  -0.0008277227   0.0001863640
37  9  -0.0002393308  -0.0000773531
38  1   0.1223604128   0.2461003992  -0.0246592626  -0.1430142330   0.2479453473
38  2   0.1614338381   0.1372630916   0.2513542229  -0.4171703738  -0.3563856284
38  3   0.0467429855   0.0804526238   0.0274839736   0.1586542158  -0.0219642371
38  4   0.0469908991  -0.1434315222   0.1953466107  -0.2631395089  -0.2475937233
38  5  -0.3671563026  -0.2689052220  -0.3424397572  -0.0731741705  -0.0500269611
38  6  -0.0702350763  -0.2076213684  -0.0025121473   0.0513213900   0.0665423401
38  7   0.0063068442   0.0011234813  -0.0103276222  -0.0030668381   0.0133161501
38  8   0.6977257374   0.0004407160   0.0097185015  -0.0116137663   0.0000546376
38  9  -0.0001212576   0.0000411123
39  1  -0.0629669395   0.1006387032  -0.3822909455   0.2179129876  -0.1438138149
39  2   0.0073317471  -0.0717170711  -0.4919067358   0.5583228538   0.5198264086
39  3  -0.0501478308  -0.1799246174  -0.0524932171  -0.1146212094   0.0082898177
39  4  -0.0543405634   0.1069699798  -0.1343388340   0.1575321801   0.1597932424
39  5   0.2206389094   0.1561792235   0.2016129028   0.0384397652   0.0302485521
39  6   0.0391814713   0.1209968624  -0.0002957779  -0.0297035733  -0.0364656172
39  7  -0.0009211548   0.0013216202   0.0068821620   0.0018228529  -0.0074652297
39  8   0.6884309212   0.0001479291   0.0054666377  -0.0072099894  -0.0001133619
39  9   0.0000612930  -0.0001956817
40  1   0.0854931569  -0.2083068861  -0.1471553113  -0.0981291584  -0.0320253607
40  2  -0.2931918890   0.6259562423  -0.0748746580   0.1195813555   0.0094238540
40  3   0.0349119295  -0.2134361324   0.0731069872  -0.2059881556   0.0548380483
40  4   0.9589586654   0.1214297831   0.0659050260   0.1847197441  -0.1776041875
40  5   0.0006188656   0.0215349000  -0.0286691615  -0.0064762390   0.0398951102
40  6   0.1808217869  -0.0065758289  -0.0416437305   0.1638251451  -0.0624906131
40  7   0.0412324577   0.0025815022  -0.0008854932   0.0024985710   0.1035512486
40  8  -0.0009843288   0.0011125989  -0.0003037955  -0.0000266903   0.0002630437
40  9  -0.0001582381  -0.0640824338
41  1   0.1820877855  -0.1822029723  -0.1338833076   0.0350743538   0.0715766897
41  2   0.0490768290   0.0993118769  -0.0083282411  -0.0086060730   0.0376184520
41  3   0.0463907186   0.1383945181   0.0275746245  -0.2224781302  -0.3024564673
41  4   0.2075166657   0.0538569428   0.0752846293   0.0985037062   0.0868289065
41  5  -0.0826427390  -0.0380785506   0.0891628584   0.0400891376  -0.0710449732
41  6  -0.6726293134   0.0605471923   0.1407008984  -0.5629517855   0.2529257989
41  7  -0.1014348252  -0.0219021403   0.0025687829   0.0010711645  -0.3633830403
41  8   0.0001894228  -0.0069376293   0.0006613417  -0.0002949418  -0.0012985927
41  9   0.0009673102   0.5874206337
42  1   0.0000000000   0.0000000000   0.0000000000   0.4668742459   0.0000000000
42  2  -0.0835795983   0.0021613622   0.0973622915   0.0209914195  -0.0540132912
42  3  -0.0544823569  -0.2188415791   0.0001923848   0.2616399850   0.4170583467
42  4  -0.0729489797   0.1229802294  -0.0553766722  -0.1747844079  -0.1946472778
42  5   0.1139986801   0.0402658584  -0.0606289737  -0.0572737461   0.0473005437
42  6   0.3939709358  -0.0304397854  -0.0823439979   0.3926592856  -0.1824648218
42  7   0.0887342427   0.0264246383  -0.0031942904  -0.0009213658   0.2554308709
42  8  -0.0000191782   0.0045003163  -0.0018946701   0.0005604114  -0.0012081009
42  9   0.0013456853   0.8043302302
$end
