$hessian (projected)
 1  1   0.2466174842  -0.1032256183  -0.1074919225  -0.0931262830  -0.0170554197
 1  2   0.0194742350  -0.0165980281  -0.0345631907   0.0166137493  -0.0121486411
 1  3  -0.0043612903   0.0017625944  -0.0021837809  -0.0027594214   0.0042649941
 1  4   0.0028963481   0.0019820232  -0.0024658815   0.0045081256   0.0063921571
 1  5  -0.0041102181  -0.0001562901   0.0047576608  -0.0006187447  -0.0148048761
 1  6   0.0039919199   0.0251571910  -0.1223916099   0.1427002398   0.0458884036
 1  7   0.0017840747   0.0006178969   0.0001853395   0.0033769476  -0.0004979684
 1  8   0.0012252851  -0.0007231033   0.0001847784  -0.0007921917   0.0000632445
 1  9  -0.0005811121  -0.0005187088   0.0006633317  -0.0000814668  -0.0000952148
 1 10   0.0003912406   0.0002239082   0.0016467043  -0.0001239879   0.0008391441
 1 11   0.0006591543   0.0020282554   0.0016114256  -0.0011619100  -0.0000724520
 1 12  -0.0001756663   0.0003771416
 2  1  -0.1032256183   0.5615909863   0.0409132601  -0.0524675266  -0.1440655845
 2  2   0.0128007925  -0.0088737758  -0.0133121698   0.0051166016  -0.0039900477
 2  3   0.0009833637   0.0006117804   0.0000004362  -0.0051030661   0.0094527265
 2  4  -0.0012074660   0.0007422159   0.0019677769  -0.0117927832  -0.0360156384
 2  5   0.0144514860   0.0016072850  -0.0070497765  -0.0017991581  -0.0004937888
 2  6  -0.0642588738  -0.0316880905   0.1815459726  -0.2974540556  -0.0490661243
 2  7   0.0008174460   0.0021089047   0.0008225733   0.0017149563   0.0000856561
 2  8  -0.0007872088  -0.0001169816   0.0002236243  -0.0003554368   0.0000116431
 2  9   0.0016714133  -0.0006470502  -0.0002020600   0.0005651952  -0.0010532307
 2 10   0.0002028581  -0.0017158621  -0.0015808299  -0.0010001594   0.0003247300
 2 11  -0.0008130896  -0.0019640755   0.0005439076   0.0025112266  -0.0005663143
 2 12   0.0001350298  -0.0008580050
 3  1  -0.1074919225   0.0409132601   0.6146710817   0.0466020576   0.0283524114
 3  2  -0.1037670911   0.0018483795   0.0024008975  -0.0021015840  -0.0003001331
 3  3  -0.0007498582   0.0032517110   0.0180502201   0.0362870921  -0.0302443259
 3  4   0.0028710141   0.0038652019  -0.0008198002  -0.0064788518  -0.0068499895
 3  5   0.0036751063   0.0008318021  -0.0037365600   0.0020150776  -0.0219019351
 3  6  -0.0296125664  -0.4144021178   0.0680894754  -0.0667439580  -0.0714587042
 3  7  -0.0010172206   0.0003449661  -0.0002996089   0.0001081676  -0.0009402031
 3  8   0.0027078933  -0.0009534574  -0.0004049539  -0.0000825877   0.0003185425
 3  9   0.0009114584   0.0029603870  -0.0024270673   0.0004353911  -0.0073758355
 3 10   0.0021994129  -0.0024629426   0.0011491481   0.0003122859  -0.0006048985
 3 11  -0.0001446899  -0.0006816182  -0.0006604062   0.0011229180   0.0000208483
 3 12  -0.0007443420  -0.0008569776
 4  1  -0.0931262830  -0.0524675266   0.0466020576   0.4802142140  -0.0177161370
 4  2  -0.0043473852  -0.1498459338   0.0266905156  -0.0246695396  -0.0118669806
 4  3  -0.0100383741   0.0032184481  -0.0741802635  -0.0009884697  -0.0010258612
 4  4  -0.0319958522  -0.0004968759  -0.0409503728  -0.0963289487   0.0195053146
 4  5   0.0156290834   0.0050421514  -0.0002405944  -0.0034071819  -0.0052263660
 4  6   0.0000435874  -0.0044902768   0.0047851552   0.0165991770  -0.0099596109
 4  7  -0.0144964778   0.0020825758  -0.0047899380  -0.0105801799   0.0017727996
 4  8  -0.0010057655   0.0001956225  -0.0008281198   0.0006236867   0.0030337785
 4  9   0.0007324019   0.0083833743   0.0040583543   0.0014647033   0.0141870207
 4 10  -0.0009232448   0.0008373627  -0.0045214843   0.0066834532  -0.0116170308
 4 11  -0.0074484804  -0.0144759920   0.0240138688   0.0181776471  -0.0009662071
 4 12   0.0006508216  -0.0002054213
 5  1  -0.0170554197  -0.1440655845   0.0283524114  -0.0177161370   0.4807807036
 5  2   0.0050569823   0.0204399189  -0.0757700857   0.0001958354  -0.0350920448
 5  3  -0.0078291019  -0.0009956887   0.0034501337  -0.0811066382  -0.0024263100
 5  4   0.0003636910   0.0010428801   0.0053648841   0.0278055544  -0.1087845639
 5  5  -0.0361232198   0.0083697096  -0.0319564551   0.0019356847  -0.0009183633
 5  6   0.0031043903  -0.0014499017  -0.0199554417  -0.0270724684   0.0117770278
 5  7   0.0267036470  -0.0043228306   0.0037317988   0.0023685237  -0.0001926681
 5  8   0.0006161173  -0.0009099188   0.0006064690  -0.0007275749  -0.0040439793
 5  9  -0.0032398465  -0.0310282745   0.0051497489   0.0018278325   0.0235161660
 5 10  -0.0023400723   0.0015252610  -0.0022470681   0.0057981720  -0.0062723920
 5 11  -0.0059153835  -0.0021445010   0.0021280665   0.0003818180  -0.0002732212
 5 12  -0.0004029682  -0.0000153047
 6  1   0.0194742350   0.0128007925  -0.1037670911  -0.0043473852   0.0050569823
 6  2   0.5091311056  -0.0198101416  -0.0002050691  -0.0896019823   0.0126836949
 6  3   0.0039686147   0.0025245761  -0.0151058403  -0.0163347276  -0.1615170703
 6  4  -0.0113915286   0.0008321557  -0.0068764710   0.0151417517  -0.0285195455
 6  5  -0.1013788161  -0.0085096550   0.0208603069   0.0067985858   0.0185753414
 6  6   0.0326372562  -0.0152714594  -0.0049476711  -0.0071958014   0.0043777760
 6  7   0.0159239677  -0.0031337975   0.0036151207  -0.0341514095   0.0048841283
 6  8  -0.0083649875   0.0030966648  -0.0001875824   0.0005492628  -0.0010589122
 6  9   0.0011012819  -0.0166959119  -0.0005449028  -0.0007450573  -0.0105431003
 6 10   0.0002993353   0.0004153001   0.0011519593   0.0127231929  -0.0211122434
 6 11  -0.0125429714   0.0029120366  -0.0073328551  -0.0035679326  -0.0009627740
 6 12   0.0022098608   0.0019794074
 7  1  -0.0165980281  -0.0088737758   0.0018483795  -0.1498459338   0.0204399189
 7  2  -0.0198101416   0.4309827347  -0.0443731696   0.0024691863  -0.0952604700
 7  3  -0.0622135746   0.0210110334  -0.0137439011   0.0017070063  -0.0138372160
 7  4   0.0033133871   0.0001222896   0.0020994879  -0.0181025704   0.0123388522
 7  5   0.0021242102   0.0001934299  -0.0025809521   0.0011789014   0.0004113270
 7  6   0.0008455749  -0.0001115265   0.0006672559   0.0008934684  -0.0002496450
 7  7  -0.0874092135   0.0755000984   0.0471766216  -0.0532448192   0.0065873808
 7  8  -0.0414412391  -0.0015381463   0.0009777432  -0.0029530840   0.0006162831
 7  9   0.0004977329   0.0020808420   0.0001414321  -0.0006053029   0.0011657330
 7 10  -0.0005295718  -0.0003310172  -0.0004550320   0.0001690676  -0.0013702710
 7 11  -0.0014707973   0.0000712054   0.0001004823  -0.0008280935  -0.0002934688
 7 12   0.0003375153   0.0000023797
 8  1  -0.0345631907  -0.0133121698   0.0024008975   0.0266905156  -0.0757700857
 8  2  -0.0002050691  -0.0443731696   0.5014449369   0.0302918783  -0.0550760439
 8  3  -0.1622277256   0.0406083331   0.0009497009   0.0031781148  -0.0034125325
 8  4   0.0017249173  -0.0004361857   0.0018380508   0.0302748715   0.0016195378
 8  5   0.0009526715  -0.0022126889  -0.0033406026   0.0023616335  -0.0004556536
 8  6  -0.0003032371  -0.0008244185  -0.0035529532   0.0004007433   0.0008889495
 8  7   0.0750664280  -0.1876703719  -0.0940426167   0.0078968686  -0.0492310694
 8  8   0.0236959885  -0.0035237730  -0.0087717684  -0.0028331909  -0.0009333533
 8  9  -0.0007790889  -0.0010130225  -0.0000486030  -0.0007103362   0.0015561692
 8 10  -0.0006416291  -0.0005804850   0.0002209456   0.0007116965   0.0002102724
 8 11  -0.0000772039   0.0021430718  -0.0039945763  -0.0024229621  -0.0000770119
 8 12   0.0002740974   0.0000154989
 9  1   0.0166137493   0.0051166016  -0.0021015840  -0.0246695396   0.0001958354
 9  2  -0.0896019823   0.0024691863   0.0302918783   0.6287259055  -0.0028369531
 9  3   0.0046288695  -0.1019978273  -0.0356510881   0.0008768329  -0.0008905876
 9  4  -0.0060851132   0.0008435096  -0.0097941370   0.0148072277  -0.0022106028
 9  5   0.0018404653   0.0003210746  -0.0004484360   0.0002395532   0.0034093905
 9  6   0.0005242168   0.0006336723  -0.0006051721  -0.0007455493   0.0006331892
 9  7   0.0489112324  -0.0909153715  -0.1154954008  -0.0451937541   0.0146746463
 9  8  -0.3007704356   0.0233112876   0.0390441790  -0.0101662922  -0.0001694748
 9  9  -0.0002456140   0.0004259084   0.0007341107   0.0012801214  -0.0000400621
 9 10   0.0013038537   0.0008564453  -0.0003621590   0.0014663593  -0.0013269174
 9 11   0.0005983925   0.0019810033  -0.0021525197  -0.0015427273  -0.0001173807
 9 12  -0.0002881251  -0.0003338911
10  1  -0.0121486411  -0.0039900477  -0.0003001331  -0.0118669806  -0.0350920448
10  2   0.0126836949  -0.0952604700  -0.0550760439  -0.0028369531   0.1274340607
10  3   0.1165449385   0.0051984825   0.0013909433   0.0009429630   0.0006995184
10  4  -0.0003078154  -0.0000217790  -0.0007327873   0.0035124017  -0.0009548234
10  5  -0.0013619311  -0.0031215920   0.0016392797   0.0000958242   0.0001346705
10  6  -0.0000163637  -0.0005766072   0.0002727970   0.0007283514   0.0003864440
10  7   0.0057848029  -0.0029772567  -0.0025635407   0.0006820274  -0.0021633335
10  8   0.0038016703  -0.0158931025  -0.0180190282  -0.0157546968  -0.0002542559
10  9  -0.0006198399  -0.0000499416  -0.0008575925  -0.0002457524   0.0000893665
10 10   0.0004118271  -0.0002869284   0.0007481754  -0.0000578422   0.0002218022
10 11   0.0000980448   0.0001797006  -0.0004160998  -0.0000749973  -0.0000349390
10 12  -0.0001979936   0.0004503671
11  1  -0.0043612903   0.0009833637  -0.0007498582  -0.0100383741  -0.0078291019
11  2   0.0039686147  -0.0622135746  -0.1622277256   0.0046288695   0.1165449385
11  3   0.2512700301  -0.0953903032   0.0006368616  -0.0017039138   0.0020971108
11  4  -0.0009511001   0.0015747601  -0.0012642841  -0.0008428094  -0.0039321661
11  5   0.0006662112   0.0027712512   0.0026087762  -0.0017724800   0.0003883787
11  6  -0.0001167631  -0.0003913928   0.0015250452   0.0012597076   0.0002015538
11  7  -0.0232083384  -0.0377796673   0.0115637567  -0.0078943410  -0.0109614992
11  8   0.0079942371  -0.0134034475  -0.0345906107   0.0681049519   0.0001462345
11  9   0.0006797735   0.0003216480  -0.0002620725   0.0003075283  -0.0014417105
11 10   0.0005329133  -0.0001534809   0.0006526539   0.0001376608   0.0003445740
11 11   0.0007080434   0.0003146497   0.0005105805   0.0004218726   0.0001774145
11 12  -0.0002441654  -0.0003194950
12  1   0.0017625944   0.0006117804   0.0032517110   0.0032184481  -0.0009956887
12  2   0.0025245761   0.0210110334   0.0406083331  -0.1019978273   0.0051984825
12  3  -0.0953903032   0.5996389104   0.0012069511   0.0011839127  -0.0028919106
12  4   0.0001674677  -0.0008485242   0.0019708473   0.0001682149   0.0021578451
12  5  -0.0015977050  -0.0010257076  -0.0006291702   0.0009034641  -0.0012115854
12  6  -0.0003057678   0.0003425839  -0.0003877176  -0.0000347967  -0.0004237145
12  7  -0.0076470249  -0.0059276619   0.0092659772   0.0221215753   0.0358536397
12  8  -0.0091579055  -0.0433733373   0.0247745842  -0.5031168667   0.0000354864
12  9  -0.0001401146   0.0000846914  -0.0007533237  -0.0010013564   0.0011707019
12 10  -0.0004244061  -0.0000632004  -0.0003289481   0.0000596740   0.0002120345
12 11   0.0003604158  -0.0000966515  -0.0000684471   0.0001350641  -0.0000301737
12 12   0.0000029015  -0.0001340655
13  1  -0.0021837809   0.0000004362   0.0180502201  -0.0741802635   0.0034501337
13  2  -0.0151058403  -0.0137439011   0.0009497009  -0.0356510881   0.0013909433
13  3   0.0006368616   0.0012069511   0.4788390720   0.0272204479  -0.0685730927
13  4  -0.1942811845  -0.0018374170   0.0029030079   0.0051914433  -0.0036180891
13  5   0.0137219991  -0.0027813280   0.0005974851  -0.0012839722  -0.0019767121
13  6  -0.0038101747   0.0025298238   0.0002260222   0.0006195580  -0.0012473568
13  7   0.0004971027  -0.0003731125  -0.0008390505  -0.0050749394  -0.0000872736
13  8  -0.0007609926  -0.0016158719  -0.0010990902  -0.0002155859  -0.0649537885
13  9   0.0574313130   0.0275089479  -0.0939949025  -0.0897562951   0.0576173869
13 10  -0.0308395003   0.0018056031  -0.0035850085  -0.0019769362   0.0018049452
13 11   0.0011596611  -0.0013231618   0.0009819012   0.0013095480   0.0027816872
13 12   0.0050830663   0.0012544418
14  1  -0.0027594214  -0.0051030661   0.0362870921  -0.0009884697  -0.0811066382
14  2  -0.0163347276   0.0017070063   0.0031781148   0.0008768329   0.0009429630
14  3  -0.0017039138   0.0011839127   0.0272204479   0.6238890271  -0.0253873409
14  4   0.0275138267  -0.0826783933   0.0192025205  -0.0050900227  -0.0013876135
14  5  -0.0325081651   0.0001719668   0.0005538532   0.0007131152  -0.0014343325
14  6  -0.0055359385   0.0041258833   0.0007079933   0.0002051014   0.0020843749
14  7   0.0010998937  -0.0005526562   0.0005718477   0.0005179751  -0.0003512475
14  8   0.0004987018  -0.0022950691  -0.0001638746  -0.0005937463   0.0555802451
14  9  -0.2415607677  -0.0798068599  -0.0787119362  -0.2022400048   0.0969269307
14 10  -0.0293614155   0.0027562310  -0.0043253688   0.0028266329  -0.0037504257
14 11  -0.0018491198   0.0002270253  -0.0008692688  -0.0001781378   0.0021246909
14 12  -0.0035785189  -0.0014877456
15  1   0.0042649941   0.0094527265  -0.0302443259  -0.0010258612  -0.0024263100
15  2  -0.1615170703  -0.0138372160  -0.0034125325  -0.0008905876   0.0006995184
15  3   0.0020971108  -0.0028919106  -0.0685730927  -0.0253873409   0.4888911214
15  4  -0.0335191556   0.0159090988  -0.0797881713   0.0006942122  -0.0143366217
15  5  -0.0192730133   0.0001803681   0.0031096933  -0.0039047191  -0.0002845254
15  6   0.0015961265  -0.0007376125  -0.0004222079  -0.0006831161   0.0021902054
15  7   0.0017204264  -0.0009856322   0.0003262330   0.0032058790  -0.0005655026
15  8   0.0013671101   0.0008595135   0.0003741709   0.0006645918   0.0273262849
15  9  -0.0810510729  -0.0864931094   0.0522736714   0.0993274085  -0.1158440592
15 10   0.0260231575  -0.0028293903   0.0056294832   0.0010134762  -0.0003385596
15 11   0.0004198097  -0.0006843952   0.0008267768   0.0007234919   0.0000849523
15 12  -0.0006770334   0.0013725328
16  1   0.0028963481  -0.0012074660   0.0028710141  -0.0319958522   0.0003636910
16  2  -0.0113915286   0.0033133871   0.0017249173  -0.0060851132  -0.0003078154
16  3  -0.0009511001   0.0001674677  -0.1942811845   0.0275138267  -0.0335191556
16  4   0.4110264863   0.1025503682  -0.0828429472  -0.0013541348   0.0035813632
16  5   0.0014145100   0.0018377766  -0.0025756878   0.0005370322   0.0009871317
16  6   0.0000926673   0.0002755989  -0.0004578527  -0.0005460527   0.0002339723
16  7   0.0006764000  -0.0003181986   0.0004902866  -0.0022778211   0.0000205924
16  8  -0.0005556707   0.0010291188   0.0005672761   0.0000187519  -0.0316186723
16  9   0.0095633274  -0.0036911308  -0.0306499614   0.0012125412  -0.0044226979
16 10  -0.1277903227  -0.1399931348   0.1378403578   0.0006759085   0.0000406467
16 11  -0.0000784352   0.0010665387  -0.0007693165  -0.0014243698  -0.0027754788
16 12  -0.0008702608   0.0001620576
17  1   0.0019820232   0.0007422159   0.0038652019  -0.0004968759   0.0010428801
17  2   0.0008321557   0.0001222896  -0.0004361857   0.0008435096  -0.0000217790
17  3   0.0015747601  -0.0008485242  -0.0018374170  -0.0826783933   0.0159090988
17  4   0.1025503682   0.2776229300  -0.2173132965   0.0006238584  -0.0032032487
17  5   0.0028907867  -0.0034132954  -0.0024910847  -0.0043187559   0.0015859984
17  6   0.0001834499   0.0000622657  -0.0002578533   0.0001943942  -0.0005781103
17  7  -0.0007924204   0.0005902090   0.0000278816  -0.0000374093   0.0003935716
17  8   0.0000176683   0.0009284506  -0.0001449096   0.0001480117   0.0321848758
17  9   0.0040652107   0.0073678376  -0.0265430323   0.0067562803  -0.0056205580
17 10  -0.1064000004  -0.2086978463   0.1968493169  -0.0004436195   0.0004105729
17 11  -0.0000393452  -0.0004950199   0.0003725135   0.0000795929   0.0007608582
17 12   0.0037026802  -0.0001747374
18  1  -0.0024658815   0.0019677769  -0.0008198002  -0.0409503728   0.0053648841
18  2  -0.0068764710   0.0020994879   0.0018380508  -0.0097941370  -0.0007327873
18  3  -0.0012642841   0.0019708473   0.0029030079   0.0192025205  -0.0797881713
18  4  -0.0828429472  -0.2173132965   0.2858945327   0.0007212065   0.0007661705
18  5   0.0012424947  -0.0012170766  -0.0019440212   0.0000641026  -0.0012023319
18  6  -0.0003347338   0.0003828832  -0.0011690767  -0.0001275247  -0.0009945415
18  7  -0.0003565228   0.0003311107   0.0000643779  -0.0024555834   0.0002092765
18  8  -0.0002205375  -0.0002896114  -0.0003769703  -0.0003539790   0.0080023975
18  9   0.0011080137   0.0064205713   0.0187120466  -0.0031459462   0.0053409554
18 10   0.1025104656   0.1926673808  -0.2008160707  -0.0009745829   0.0001734392
18 11   0.0005203915  -0.0011005785  -0.0004007381   0.0002652148   0.0008087412
18 12   0.0012788911  -0.0025026631
19  1   0.0045081256  -0.0117927832  -0.0064788518  -0.0963289487   0.0278055544
19  2   0.0151417517  -0.0181025704   0.0302748715   0.0148072277   0.0035124017
19  3  -0.0008428094   0.0001682149   0.0051914433  -0.0050900227   0.0006942122
19  4  -0.0013541348   0.0006238584   0.0007212065   0.5923984308   0.0548182960
19  5   0.0447120656  -0.0797616208  -0.0275264089   0.0003969054   0.0022875252
19  6  -0.0007162638   0.0008018417  -0.0019890671  -0.0030036004   0.0021813471
19  7  -0.0058654314  -0.0001756837  -0.0010116967   0.0011257313   0.0000232228
19  8   0.0004001472  -0.0006245759  -0.0000238329   0.0003256677  -0.0001291716
19  9  -0.0001989173  -0.0025451074  -0.0000065284   0.0004829486   0.0001189956
19 10   0.0004373102  -0.0011781094  -0.0007846450  -0.1297135403  -0.0447856965
19 11  -0.1079224821  -0.2751746678  -0.0441437951   0.0577579874  -0.0004107108
19 12   0.0254491715  -0.0194847877
20  1   0.0063921571  -0.0360156384  -0.0068499895   0.0195053146  -0.1087845639
20  2  -0.0285195455   0.0123388522   0.0016195378  -0.0022106028  -0.0009548234
20  3  -0.0039321661   0.0021578451  -0.0036180891  -0.0013876135  -0.0143366217
20  4   0.0035813632  -0.0032032487   0.0007661705   0.0548182960   0.4332703966
20  5   0.0167556805   0.0018695012  -0.1570940277   0.0785659968   0.0008215000
20  6  -0.0001499299  -0.0005466915  -0.0008395719  -0.0018847183   0.0010846008
20  7  -0.0029274225   0.0012600131  -0.0002276539  -0.0014178168   0.0004214829
20  8  -0.0004891521  -0.0005826539   0.0010133809  -0.0000603828  -0.0002759073
20  9   0.0000052249   0.0025279098  -0.0007489375  -0.0004943902   0.0021691683
20 10  -0.0007141333  -0.0007809994  -0.0013012594  -0.0399645800  -0.0695883686
20 11  -0.0561894961  -0.0451083870  -0.0548680406   0.0084319585  -0.0021746618
20 12   0.0005936690  -0.0017279350
21  1  -0.0041102181   0.0144514860   0.0036751063   0.0156290834  -0.0361232198
21  2  -0.1013788161   0.0021242102   0.0009526715   0.0018404653  -0.0013619311
21  3   0.0006662112  -0.0015977050   0.0137219991  -0.0325081651  -0.0192730133
21  4   0.0014145100   0.0028907867   0.0012424947   0.0447120656   0.0167556805
21  5   0.5516625878  -0.0206810393   0.0462377971  -0.1267365125  -0.0004744535
21  6   0.0025115067   0.0011065761   0.0021085543   0.0044435895  -0.0007517881
21  7  -0.0007432995   0.0007069297  -0.0002826652  -0.0016744304   0.0013996362
21  8   0.0002179040   0.0013888881  -0.0010259248  -0.0005887074  -0.0011981677
21  9   0.0012182389  -0.0059134646   0.0006296273   0.0003141946  -0.0003456794
21 10  -0.0005061136   0.0003908227   0.0007039300  -0.1149699699  -0.0654210915
21 11  -0.2099093930   0.0623256924   0.0114537233  -0.0700005899   0.0016649927
21 12   0.0306851266  -0.0236707297
22  1  -0.0001562901   0.0016072850   0.0008318021   0.0050421514   0.0083697096
22  2  -0.0085096550   0.0001934299  -0.0022126889   0.0003210746  -0.0031215920
22  3   0.0027712512  -0.0010257076  -0.0027813280   0.0001719668   0.0001803681
22  4   0.0018377766  -0.0034132954  -0.0012170766  -0.0797616208   0.0018695012
22  5  -0.0206810393   0.3055994219   0.0820994985   0.2486423359  -0.0008198806
22  6   0.0002868227  -0.0001920492   0.0008434339   0.0004473324  -0.0004287544
22  7   0.0001339015   0.0003835999   0.0003385763   0.0002578148   0.0000234966
22  8   0.0000975901   0.0010467019  -0.0006264217  -0.0005353329   0.0005724589
22  9   0.0002219824  -0.0003052036   0.0004798830   0.0009457893  -0.0007305987
22 10  -0.0000066367   0.0002394510  -0.0001676558   0.0016548855   0.0202044305
22 11  -0.0147689433   0.0086791701  -0.0259647345   0.0192159929  -0.2396936811
22 12  -0.0874249765  -0.2210657236
23  1   0.0047576608  -0.0070497765  -0.0037365600  -0.0002405944  -0.0319564551
23  2   0.0208603069  -0.0025809521  -0.0033406026  -0.0004484360   0.0016392797
23  3   0.0026087762  -0.0006291702   0.0005974851   0.0005538532   0.0031096933
23  4  -0.0025756878  -0.0024910847  -0.0019440212  -0.0275264089  -0.1570940277
23  5   0.0462377971   0.0820994985   0.2752923044  -0.0511787413  -0.0003632330
23  6   0.0007868445  -0.0003746491  -0.0006445082  -0.0019488045   0.0014369114
23  7   0.0011522602  -0.0001025632  -0.0000734157   0.0000395689   0.0000275129
23  8   0.0000072326  -0.0001515737  -0.0005924380   0.0001728957  -0.0000531041
23  9   0.0001136094   0.0004689943  -0.0000740090  -0.0010681484  -0.0005921599
23 10   0.0006722919  -0.0003173553   0.0003862884   0.0031777508   0.0016965693
23 11   0.0039613513  -0.0029499576  -0.0196459872   0.0184210479  -0.0569757671
23 12  -0.0554722267  -0.0360853655
24  1  -0.0006187447  -0.0017991581   0.0020150776  -0.0034071819   0.0019356847
24  2   0.0067985858   0.0011789014   0.0023616335   0.0002395532   0.0000958242
24  3  -0.0017724800   0.0009034641  -0.0012839722   0.0007131152  -0.0039047191
24  4   0.0005370322  -0.0043187559   0.0000641026   0.0003969054   0.0785659968
24  5  -0.1267365125   0.2486423359  -0.0511787413   0.4047081212   0.0006407509
24  6  -0.0013545647   0.0002954575  -0.0003784369  -0.0003297354  -0.0000185066
24  7  -0.0009132252   0.0002018106   0.0001140885   0.0005209778  -0.0002811544
24  8   0.0004328519  -0.0010822074   0.0006280908   0.0000594943  -0.0004358339
24  9  -0.0013934169   0.0015041826  -0.0010525584  -0.0016954491   0.0020035483
24 10   0.0001282772  -0.0004237508  -0.0015231715  -0.0015093597   0.0318826958
24 11  -0.0225699866   0.0022874438   0.0208825456  -0.0128744943  -0.2437469286
24 12  -0.0726243664  -0.2515111369
25  1  -0.0148048761  -0.0004937888  -0.0219019351  -0.0052263660  -0.0009183633
25  2   0.0185753414   0.0004113270  -0.0004556536   0.0034093905   0.0001346705
25  3   0.0003883787  -0.0012115854  -0.0019767121  -0.0014343325  -0.0002845254
25  4   0.0009871317   0.0015859984  -0.0012023319   0.0022875252   0.0008215000
25  5  -0.0004744535  -0.0008198806  -0.0003632330   0.0006407509   0.0227793992
25  6  -0.0009356332  -0.0184101854  -0.0037077500   0.0031119166   0.0213702079
25  7   0.0000229311  -0.0001075585  -0.0001190751  -0.0008409978  -0.0002911529
25  8  -0.0008484241   0.0001816478   0.0001538505  -0.0000164569   0.0000014497
25  9  -0.0000067891   0.0000388475   0.0002456393   0.0001619035   0.0001502212
25 10   0.0013144072  -0.0013892212   0.0010772283  -0.0000789146  -0.0002747332
25 11  -0.0003314823  -0.0009927956   0.0005838873  -0.0001725768   0.0000821641
25 12  -0.0001369757  -0.0002889559
26  1   0.0039919199  -0.0642588738  -0.0296125664   0.0000435874   0.0031043903
26  2   0.0326372562   0.0008455749  -0.0003032371   0.0005242168  -0.0000163637
26  3  -0.0001167631  -0.0003057678  -0.0038101747  -0.0055359385   0.0015961265
26  4   0.0000926673   0.0001834499  -0.0003347338  -0.0007162638  -0.0001499299
26  5   0.0025115067   0.0002868227   0.0007868445  -0.0013545647  -0.0009356332
26  6   0.0679183234   0.0296799891  -0.0003946477  -0.0020492050  -0.0363883568
26  7  -0.0000054030   0.0000559998  -0.0001458440  -0.0004526858   0.0002932024
26  8  -0.0004408465   0.0001829969   0.0000615609   0.0000205168  -0.0001665718
26  9   0.0002512745   0.0000538487   0.0004180644   0.0001557858   0.0019065691
26 10   0.0000694365  -0.0001283284  -0.0001175386  -0.0004979320  -0.0004012432
26 11  -0.0004177274   0.0010427700  -0.0001655589  -0.0000454114   0.0000218357
26 12   0.0002982464   0.0002333275
27  1   0.0251571910  -0.0316880905  -0.4144021178  -0.0044902768  -0.0014499017
27  2  -0.0152714594  -0.0001115265  -0.0008244185   0.0006336723  -0.0005766072
27  3  -0.0003913928   0.0003425839   0.0025298238   0.0041258833  -0.0007376125
27  4   0.0002755989   0.0000622657   0.0003828832   0.0008018417  -0.0005466915
27  5   0.0011065761  -0.0001920492  -0.0003746491   0.0002954575  -0.0184101854
27  6   0.0296799891   0.4364762488  -0.0043813303   0.0012064568  -0.0092794492
27  7  -0.0000635695   0.0000020817   0.0000679718   0.0007499936  -0.0000576571
27  8   0.0003473219  -0.0001927128  -0.0000500404  -0.0000314028  -0.0000172572
27  9  -0.0000456896   0.0005915338  -0.0005995730  -0.0001557354  -0.0010070834
27 10   0.0003060326  -0.0003734969   0.0001025946  -0.0004025101   0.0005024715
27 11   0.0000614233  -0.0004833766   0.0005213467   0.0005089596   0.0001004930
27 12  -0.0001427312  -0.0001881016
28  1  -0.1223916099   0.1815459726   0.0680894754   0.0047851552  -0.0199554417
28  2  -0.0049476711   0.0006672559  -0.0035529532  -0.0006051721   0.0002727970
28  3   0.0015250452  -0.0003877176   0.0002260222   0.0007079933  -0.0004222079
28  4  -0.0004578527  -0.0002578533  -0.0011690767  -0.0019890671  -0.0008395719
28  5   0.0021085543   0.0008434339  -0.0006445082  -0.0003784369  -0.0037077500
28  6  -0.0003946477  -0.0043813303   0.1209643667  -0.1597129478  -0.0588306499
28  7  -0.0001892573   0.0005272971   0.0007185406  -0.0001955071  -0.0000502902
28  8  -0.0002612909   0.0001211483  -0.0000471584   0.0001292455   0.0002802266
28  9   0.0001815435  -0.0002003905   0.0000069988  -0.0001831278  -0.0000312858
28 10  -0.0002266496   0.0011983237   0.0009243946   0.0002640520   0.0003406572
28 11  -0.0001566169   0.0007850656  -0.0003532241  -0.0002929577  -0.0000588284
28 12  -0.0000351081   0.0000945938
29  1   0.1427002398  -0.2974540556  -0.0667439580   0.0165991770  -0.0270724684
29  2  -0.0071958014   0.0008934684   0.0004007433  -0.0007455493   0.0007283514
29  3   0.0012597076  -0.0000347967   0.0006195580   0.0002051014  -0.0006831161
29  4  -0.0005460527   0.0001943942  -0.0001275247  -0.0030036004  -0.0018847183
29  5   0.0044435895   0.0004473324  -0.0019488045  -0.0003297354   0.0031119166
29  6  -0.0020492050   0.0012064568  -0.1597129478   0.3275224681   0.0693982292
29  7  -0.0012491615   0.0004281078   0.0001629667  -0.0003639627  -0.0000372693
29  8  -0.0002560511   0.0001336552  -0.0000993461   0.0000774816  -0.0000103773
29  9   0.0004249955   0.0009289534  -0.0001756266   0.0002130577   0.0000482856
29 10   0.0001512968  -0.0001369369   0.0001786702   0.0000268406  -0.0002041067
29 11  -0.0004777281  -0.0001740242   0.0002497938   0.0003975986  -0.0001760830
29 12  -0.0000114585  -0.0002479708
30  1   0.0458884036  -0.0490661243  -0.0714587042  -0.0099596109   0.0117770278
30  2   0.0043777760  -0.0002496450   0.0008889495   0.0006331892   0.0003864440
30  3   0.0002015538  -0.0004237145  -0.0012473568   0.0020843749   0.0021902054
30  4   0.0002339723  -0.0005781103  -0.0009945415   0.0021813471   0.0010846008
30  5  -0.0007517881  -0.0004287544   0.0014369114  -0.0000185066   0.0213702079
30  6  -0.0363883568  -0.0092794492  -0.0588306499   0.0693982292   0.0763383571
30  7   0.0002694841  -0.0004508755   0.0000123014  -0.0000582282  -0.0004540564
30  8  -0.0003505208   0.0000275367   0.0001398328   0.0000617055   0.0005148683
30  9  -0.0007630440  -0.0009607037   0.0001679796  -0.0005411844  -0.0001045332
30 10  -0.0001775622   0.0007538979   0.0006650854   0.0000404556   0.0005310679
30 11   0.0000651401  -0.0002139004  -0.0000760576  -0.0001453059   0.0000850089
30 12   0.0000213632   0.0001440075
31  1   0.0017840747   0.0008174460  -0.0010172206  -0.0144964778   0.0267036470
31  2   0.0159239677  -0.0874092135   0.0750664280   0.0489112324   0.0057848029
31  3  -0.0232083384  -0.0076470249   0.0004971027   0.0010998937   0.0017204264
31  4   0.0006764000  -0.0007924204  -0.0003565228  -0.0058654314  -0.0029274225
31  5  -0.0007432995   0.0001339015   0.0011522602  -0.0009132252   0.0000229311
31  6  -0.0000054030  -0.0000635695  -0.0001892573  -0.0012491615   0.0002694841
31  7   0.0960387706  -0.0745781098  -0.0516931661   0.0031434147  -0.0039663173
31  8  -0.0031187779   0.0006788800   0.0009435291  -0.0010736375  -0.0000305583
31  9  -0.0007221070  -0.0008268764  -0.0000397985  -0.0000143853  -0.0002962993
31 10   0.0000048373   0.0001700715   0.0001987980   0.0001789126  -0.0001710728
31 11  -0.0002506773  -0.0009783679   0.0015767078   0.0007642741   0.0000650766
31 12   0.0001047548   0.0002121144
32  1   0.0006178969   0.0021089047   0.0003449661   0.0020825758  -0.0043228306
32  2  -0.0031337975   0.0755000984  -0.1876703719  -0.0909153715  -0.0029772567
32  3  -0.0377796673  -0.0059276619  -0.0003731125  -0.0005526562  -0.0009856322
32  4  -0.0003181986   0.0005902090   0.0003311107  -0.0001756837   0.0012600131
32  5   0.0007069297   0.0003835999  -0.0001025632   0.0002018106  -0.0001075585
32  6   0.0000559998   0.0000020817   0.0005272971   0.0004281078  -0.0004508755
32  7  -0.0745781098   0.2209130477   0.1006535430  -0.0004283386   0.0039015873
32  8   0.0001447160  -0.0001598816   0.0005480895  -0.0011643079   0.0000349873
32  9   0.0006960603   0.0008202070  -0.0000280651   0.0000158515  -0.0001858499
32 10   0.0000101252  -0.0000840775  -0.0001299090  -0.0002595942   0.0000649101
32 11   0.0000421328   0.0002701948  -0.0000082354  -0.0002243819  -0.0000209760
32 12  -0.0000623786  -0.0001297102
33  1   0.0001853395   0.0008225733  -0.0002996089  -0.0047899380   0.0037317988
33  2   0.0036151207   0.0471766216  -0.0940426167  -0.1154954008  -0.0025635407
33  3   0.0115637567   0.0092659772  -0.0008390505   0.0005718477   0.0003262330
33  4   0.0004902866   0.0000278816   0.0000643779  -0.0010116967  -0.0002276539
33  5  -0.0002826652   0.0003385763  -0.0000734157   0.0001140885  -0.0001190751
33  6  -0.0001458440   0.0000679718   0.0007185406   0.0001629667   0.0000123014
33  7  -0.0516931661   0.1006535430   0.1138275126   0.0129624083  -0.0240238161
33  8  -0.0139714579  -0.0010303638   0.0005271301   0.0014588323  -0.0000907094
33  9   0.0000266764   0.0004792853   0.0001742265   0.0000874381  -0.0000496602
33 10   0.0000168034  -0.0000849623   0.0000329403  -0.0000401352   0.0004070548
33 11   0.0005320639   0.0000871738   0.0001321312   0.0003161428   0.0000276991
33 12  -0.0001164897  -0.0000140547
34  1   0.0033769476   0.0017149563   0.0001081676  -0.0105801799   0.0023685237
34  2  -0.0341514095  -0.0532448192   0.0078968686  -0.0451937541   0.0006820274
34  3  -0.0078943410   0.0221215753  -0.0050749394   0.0005179751   0.0032058790
34  4  -0.0022778211  -0.0000374093  -0.0024555834   0.0011257313  -0.0014178168
34  5  -0.0016744304   0.0002578148   0.0000395689   0.0005209778  -0.0008409978
34  6  -0.0004526858   0.0007499936  -0.0001955071  -0.0003639627  -0.0000582282
34  7   0.0031434147  -0.0004283386   0.0129624083   0.0636275230   0.0010959784
34  8   0.0419185328  -0.0010829573  -0.0036441835   0.0012042307   0.0002058724
34  9  -0.0003108863  -0.0001106995   0.0001805902   0.0001980994   0.0000806711
34 10   0.0002832798   0.0003904535  -0.0002951885   0.0001898657   0.0006097775
34 11   0.0009327196   0.0002139066  -0.0000060711   0.0001627182   0.0000102480
34 12  -0.0002765065  -0.0000285803
35  1  -0.0004979684   0.0000856561  -0.0009402031   0.0017727996  -0.0001926681
35  2   0.0048841283   0.0065873808  -0.0492310694   0.0146746463  -0.0021633335
35  3  -0.0109614992   0.0358536397  -0.0000872736  -0.0003512475  -0.0005655026
35  4   0.0000205924   0.0003935716   0.0002092765   0.0000232228   0.0004214829
35  5   0.0013996362   0.0000234966   0.0000275129  -0.0002811544  -0.0002911529
35  6   0.0002932024  -0.0000576571  -0.0000502902  -0.0000372693  -0.0004540564
35  7  -0.0039663173   0.0039015873  -0.0240238161   0.0010959784   0.0608794130
35  8  -0.0327490298  -0.0025416737  -0.0050637140   0.0021909003   0.0000012554
35  9   0.0002244402   0.0004065259   0.0000116908   0.0000179022  -0.0000471267
35 10   0.0000541386   0.0000142702  -0.0001265167   0.0001149810  -0.0003744904
35 11  -0.0002460684  -0.0000984526  -0.0000440377  -0.0000937612  -0.0000090740
35 12  -0.0000030431  -0.0000338606
36  1   0.0012252851  -0.0007872088   0.0027078933  -0.0010057655   0.0006161173
36  2  -0.0083649875  -0.0414412391   0.0236959885  -0.3007704356   0.0038016703
36  3   0.0079942371  -0.0091579055  -0.0007609926   0.0004987018   0.0013671101
36  4  -0.0005556707   0.0000176683  -0.0002205375   0.0004001472  -0.0004891521
36  5   0.0002179040   0.0000975901   0.0000072326   0.0004328519  -0.0008484241
36  6  -0.0004408465   0.0003473219  -0.0002612909  -0.0002560511  -0.0003505208
36  7  -0.0031187779   0.0001447160  -0.0139714579   0.0419185328  -0.0327490298
36  8   0.3247110620   0.0003704320   0.0012550662   0.0021341134   0.0001110138
36  9   0.0000408267   0.0002850474   0.0001139711  -0.0000947746   0.0001137914
36 10  -0.0000237899   0.0000826642  -0.0001408608  -0.0001074965   0.0005889042
36 11   0.0004903672   0.0000365295   0.0000939861   0.0002261734   0.0000482755
36 12  -0.0002190460  -0.0000569304
37  1  -0.0007231033  -0.0001169816  -0.0009534574   0.0001956225  -0.0009099188
37  2   0.0030966648  -0.0015381463  -0.0035237730   0.0233112876  -0.0158931025
37  3  -0.0134034475  -0.0433733373  -0.0016158719  -0.0022950691   0.0008595135
37  4   0.0010291188   0.0009284506  -0.0002896114  -0.0006245759  -0.0005826539
37  5   0.0013888881   0.0010467019  -0.0001515737  -0.0010822074   0.0001816478
37  6   0.0001829969  -0.0001927128   0.0001211483   0.0001336552   0.0000275367
37  7   0.0006788800  -0.0001598816  -0.0010303638  -0.0010829573  -0.0025416737
37  8   0.0003704320   0.0189765656   0.0212544170   0.0199670585   0.0001091812
37  9   0.0006057832  -0.0000632110  -0.0007387855   0.0004480019  -0.0019422887
37 10   0.0001691323  -0.0001177413   0.0002333241  -0.0000229357  -0.0001467456
37 11  -0.0001673102   0.0000954179   0.0001303081  -0.0001511445  -0.0003639380
37 12   0.0002658470  -0.0000090609
38  1   0.0001847784   0.0002236243  -0.0004049539  -0.0008281198   0.0006064690
38  2  -0.0001875824   0.0009777432  -0.0087717684   0.0390441790  -0.0180190282
38  3  -0.0345906107   0.0247745842  -0.0010990902  -0.0001638746   0.0003741709
38  4   0.0005672761  -0.0001449096  -0.0003769703  -0.0000238329   0.0010133809
38  5  -0.0010259248  -0.0006264217  -0.0005924380   0.0006280908   0.0001538505
38  6   0.0000615609  -0.0000500404  -0.0000471584  -0.0000993461   0.0001398328
38  7   0.0009435291   0.0005480895   0.0005271301  -0.0036441835  -0.0050637140
38  8   0.0012550662   0.0212544170   0.0466991566  -0.0649259830  -0.0000839677
38  9  -0.0005040998  -0.0000890351   0.0000105863   0.0008388330  -0.0001006124
38 10   0.0000803305   0.0000105361   0.0000758540  -0.0000150531  -0.0000226283
38 11   0.0001464690   0.0000598140  -0.0001897873   0.0001513413   0.0001545305
38 12   0.0001415266   0.0000443842
39  1  -0.0007921917  -0.0003554368  -0.0000825877   0.0006236867  -0.0007275749
39  2   0.0005492628  -0.0029530840  -0.0028331909  -0.0101662922  -0.0157546968
39  3   0.0681049519  -0.5031168667  -0.0002155859  -0.0005937463   0.0006645918
39  4   0.0000187519   0.0001480117  -0.0003539790   0.0003256677  -0.0000603828
39  5  -0.0005887074  -0.0005353329   0.0001728957   0.0000594943  -0.0000164569
39  6   0.0000205168  -0.0000314028   0.0001292455   0.0000774816   0.0000617055
39  7  -0.0010736375  -0.0011643079   0.0014588323   0.0012042307   0.0021909003
39  8   0.0021341134   0.0199670585  -0.0649259830   0.5092149205  -0.0000557980
39  9  -0.0001255834  -0.0000590250  -0.0008960119   0.0000500581  -0.0001862381
39 10   0.0000980808   0.0000294032   0.0001695728   0.0000801483   0.0000081205
39 11  -0.0000279500  -0.0000953921   0.0000108124   0.0000976390  -0.0000586822
39 12  -0.0000269462   0.0002029167
40  1   0.0000632445   0.0000116431   0.0003185425   0.0030337785  -0.0040439793
40  2  -0.0010589122   0.0006162831  -0.0009333533  -0.0001694748  -0.0002542559
40  3   0.0001462345   0.0000354864  -0.0649537885   0.0555802451   0.0273262849
40  4  -0.0316186723   0.0321848758   0.0080023975  -0.0001291716  -0.0002759073
40  5  -0.0011981677   0.0005724589  -0.0000531041  -0.0004358339   0.0000014497
40  6  -0.0001665718  -0.0000172572   0.0002802266  -0.0000103773   0.0005148683
40  7  -0.0000305583   0.0000349873  -0.0000907094   0.0002058724   0.0000012554
40  8   0.0001110138   0.0001091812  -0.0000839677  -0.0000557980   0.0855885048
40  9  -0.0722880480  -0.0269784768   0.0064697408  -0.0111593479  -0.0054227145
40 10   0.0005103549   0.0018988782  -0.0004382359   0.0002471453  -0.0002748750
40 11  -0.0000672276   0.0001442642  -0.0000570364  -0.0002034675  -0.0008560584
40 12  -0.0005115513  -0.0001723178
41  1  -0.0005811121   0.0016714133   0.0009114584   0.0007324019  -0.0032398465
41  2   0.0011012819   0.0004977329  -0.0007790889  -0.0002456140  -0.0006198399
41  3   0.0006797735  -0.0001401146   0.0574313130  -0.2415607677  -0.0810510729
41  4   0.0095633274   0.0040652107   0.0011080137  -0.0001989173   0.0000052249
41  5   0.0012182389   0.0002219824   0.0001136094  -0.0013934169  -0.0000067891
41  6   0.0002512745  -0.0000456896   0.0001815435   0.0004249955  -0.0007630440
41  7  -0.0007221070   0.0006960603   0.0000266764  -0.0003108863   0.0002244402
41  8   0.0000408267   0.0006057832  -0.0005040998  -0.0001255834  -0.0722880480
41  9   0.2575339389   0.0881673724   0.0057912526  -0.0204747308  -0.0098510984
41 10   0.0001249357   0.0001932664   0.0009214935  -0.0000346864   0.0000062001
41 11  -0.0001879237   0.0000511595   0.0000186541  -0.0000815292  -0.0004390460
41 12   0.0006744721   0.0003897249
42  1  -0.0005187088  -0.0006470502   0.0029603870   0.0083833743  -0.0310282745
42  2  -0.0166959119   0.0020808420  -0.0010130225   0.0004259084  -0.0000499416
42  3   0.0003216480   0.0000846914   0.0275089479  -0.0798068599  -0.0864931094
42  4  -0.0036911308   0.0073678376   0.0064205713  -0.0025451074   0.0025279098
42  5  -0.0059134646  -0.0003052036   0.0004689943   0.0015041826   0.0000388475
42  6   0.0000538487   0.0005915338  -0.0002003905   0.0009289534  -0.0009607037
42  7  -0.0008268764   0.0008202070   0.0004792853  -0.0001106995   0.0004065259
42  8   0.0002850474  -0.0000632110  -0.0000890351  -0.0000590250  -0.0269784768
42  9   0.0881673724   0.0915686246  -0.0046034300   0.0138159575   0.0073185893
42 10   0.0006482813  -0.0004201250  -0.0002232637   0.0010063557  -0.0013681558
42 11  -0.0007768267   0.0002208951  -0.0003788036  -0.0002561299   0.0000056325
42 12  -0.0001279279  -0.0002603860
43  1   0.0006633317  -0.0002020600  -0.0024270673   0.0040583543   0.0051497489
43  2  -0.0005449028   0.0001414321  -0.0000486030   0.0007341107  -0.0008575925
43  3  -0.0002620725  -0.0007533237  -0.0939949025  -0.0787119362   0.0522736714
43  4  -0.0306499614  -0.0265430323   0.0187120466  -0.0000065284  -0.0007489375
43  5   0.0006296273   0.0004798830  -0.0000740090  -0.0010525584   0.0002456393
43  6   0.0004180644  -0.0005995730   0.0000069988  -0.0001756266   0.0001679796
43  7  -0.0000397985  -0.0000280651   0.0001742265   0.0001805902   0.0000116908
43  8   0.0001139711  -0.0007387855   0.0000105863  -0.0008960119   0.0064697408
43  9   0.0057912526  -0.0046034300   0.1218767533   0.0947862649  -0.0598859236
43 10  -0.0068656285   0.0002692686  -0.0026869085   0.0000375773   0.0001253206
43 11  -0.0000436519   0.0000737950   0.0001139648  -0.0001035270  -0.0010808985
43 12   0.0001181803   0.0007912450
44  1  -0.0000814668   0.0005651952   0.0004353911   0.0014647033   0.0018278325
44  2  -0.0007450573  -0.0006053029  -0.0007103362   0.0012801214  -0.0002457524
44  3   0.0003075283  -0.0010013564  -0.0897562951  -0.2022400048   0.0993274085
44  4   0.0012125412   0.0067562803  -0.0031459462   0.0004829486  -0.0004943902
44  5   0.0003141946   0.0009457893  -0.0010681484  -0.0016954491   0.0001619035
44  6   0.0001557858  -0.0001557354  -0.0001831278   0.0002130577  -0.0005411844
44  7  -0.0000143853   0.0000158515   0.0000874381   0.0001980994   0.0000179022
44  8  -0.0000947746   0.0004480019   0.0008388330   0.0000500581  -0.0111593479
44  9  -0.0204747308   0.0138159575   0.0947862649   0.2135679899  -0.1066618597
44 10   0.0020445861   0.0010784904  -0.0008603443  -0.0001246721   0.0000934707
44 11   0.0001253803   0.0000090163  -0.0000575498   0.0000921770   0.0004164958
44 12  -0.0003930570  -0.0006264192
45  1  -0.0000952148  -0.0010532307  -0.0073758355   0.0141870207   0.0235161660
45  2  -0.0105431003   0.0011657330   0.0015561692  -0.0000400621   0.0000893665
45  3  -0.0014417105   0.0011707019   0.0576173869   0.0969269307  -0.1158440592
45  4  -0.0044226979  -0.0056205580   0.0053409554   0.0001189956   0.0021691683
45  5  -0.0003456794  -0.0007305987  -0.0005921599   0.0020035483   0.0001502212
45  6   0.0019065691  -0.0010070834  -0.0000312858   0.0000482856  -0.0001045332
45  7  -0.0002962993  -0.0001858499  -0.0000496602   0.0000806711  -0.0000471267
45  8   0.0001137914  -0.0019422887  -0.0001006124  -0.0001862381  -0.0054227145
45  9  -0.0098510984   0.0073185893  -0.0598859236  -0.1066618597   0.1196359964
45 10  -0.0015818311   0.0001560451   0.0000212423  -0.0000449931  -0.0000636665
45 11   0.0000266280  -0.0001379926  -0.0001094633   0.0001476850   0.0011824450
45 12  -0.0005519982  -0.0002828865
46  1   0.0003912406   0.0002028581   0.0021994129  -0.0009232448  -0.0023400723
46  2   0.0002993353  -0.0005295718  -0.0006416291   0.0013038537   0.0004118271
46  3   0.0005329133  -0.0004244061  -0.0308395003  -0.0293614155   0.0260231575
46  4  -0.1277903227  -0.1064000004   0.1025104656   0.0004373102  -0.0007141333
46  5  -0.0005061136  -0.0000066367   0.0006722919   0.0001282772   0.0013144072
46  6   0.0000694365   0.0003060326  -0.0002266496   0.0001512968  -0.0001775622
46  7   0.0000048373   0.0000101252   0.0000168034   0.0002832798   0.0000541386
46  8  -0.0000237899   0.0001691323   0.0000803305   0.0000980808   0.0005103549
46  9   0.0001249357   0.0006482813  -0.0068656285   0.0020445861  -0.0015818311
46 10   0.1634649841   0.1362147482  -0.1304035733  -0.0000478880   0.0000878039
46 11   0.0001026548   0.0001037110  -0.0001509572   0.0000184791   0.0001383577
46 12  -0.0006372569  -0.0005375580
47  1   0.0002239082  -0.0017158621  -0.0024629426   0.0008373627   0.0015252610
47  2   0.0004153001  -0.0003310172  -0.0005804850   0.0008564453  -0.0002869284
47  3  -0.0001534809  -0.0000632004   0.0018056031   0.0027562310  -0.0028293903
47  4  -0.1399931348  -0.2086978463   0.1926673808  -0.0011781094  -0.0007809994
47  5   0.0003908227   0.0002394510  -0.0003173553  -0.0004237508  -0.0013892212
47  6  -0.0001283284  -0.0003734969   0.0011983237  -0.0001369369   0.0007538979
47  7   0.0001700715  -0.0000840775  -0.0000849623   0.0003904535   0.0000142702
47  8   0.0000826642  -0.0001177413   0.0000105361   0.0000294032   0.0018988782
47  9   0.0001932664  -0.0004201250   0.0002692686   0.0010784904   0.0001560451
47 10   0.1362147482   0.2072045084  -0.1889228754   0.0004006264   0.0002119179
47 11   0.0000051140   0.0003784728  -0.0000198111  -0.0007511962  -0.0007310155
47 12  -0.0003792985   0.0009748665
48  1   0.0016467043  -0.0015808299   0.0011491481  -0.0045214843  -0.0022470681
48  2   0.0011519593  -0.0004550320   0.0002209456  -0.0003621590   0.0007481754
48  3   0.0006526539  -0.0003289481  -0.0035850085  -0.0043253688   0.0056294832
48  4   0.1378403578   0.1968493169  -0.2008160707  -0.0007846450  -0.0013012594
48  5   0.0007039300  -0.0001676558   0.0003862884  -0.0015231715   0.0010772283
48  6  -0.0001175386   0.0001025946   0.0009243946   0.0001786702   0.0006650854
48  7   0.0001987980  -0.0001299090   0.0000329403  -0.0002951885  -0.0001265167
48  8  -0.0001408608   0.0002333241   0.0000758540   0.0001695728  -0.0004382359
48  9   0.0009214935  -0.0002232637  -0.0026869085  -0.0008603443   0.0000212423
48 10  -0.1304035733  -0.1889228754   0.1937310907   0.0002930714   0.0001196656
48 11  -0.0001289915   0.0004181347  -0.0004631098  -0.0007214391  -0.0000424568
48 12   0.0006699318   0.0008878577
49  1  -0.0001239879  -0.0010001594   0.0003122859   0.0066834532   0.0057981720
49  2   0.0127231929   0.0001690676   0.0007116965   0.0014663593  -0.0000578422
49  3   0.0001376608   0.0000596740  -0.0019769362   0.0028266329   0.0010134762
49  4   0.0006759085  -0.0004436195  -0.0009745829  -0.1297135403  -0.0399645800
49  5  -0.1149699699   0.0016548855   0.0031777508  -0.0015093597  -0.0000789146
49  6  -0.0004979320  -0.0004025101   0.0002640520   0.0000268406   0.0000404556
49  7   0.0001789126  -0.0002595942  -0.0000401352   0.0001898657   0.0001149810
49  8  -0.0001074965  -0.0000229357  -0.0000150531   0.0000801483   0.0002471453
49  9  -0.0000346864   0.0010063557   0.0000375773  -0.0001246721  -0.0000449931
49 10  -0.0000478880   0.0004006264   0.0002930714   0.1354118703   0.0374868250
49 11   0.1239617907  -0.0150014910  -0.0082689711  -0.0236660314   0.0015107979
49 12  -0.0000719179   0.0007582688
50  1   0.0008391441   0.0003247300  -0.0006048985  -0.0116170308  -0.0062723920
50  2  -0.0211122434  -0.0013702710   0.0002102724  -0.0013269174   0.0002218022
50  3   0.0003445740   0.0002120345   0.0018049452  -0.0037504257  -0.0003385596
50  4   0.0000406467   0.0004105729   0.0001734392  -0.0447856965  -0.0695883686
50  5  -0.0654210915   0.0202044305   0.0016965693   0.0318826958  -0.0002747332
50  6  -0.0004012432   0.0005024715   0.0003406572  -0.0002041067   0.0005310679
50  7  -0.0001710728   0.0000649101   0.0004070548   0.0006097775  -0.0003744904
50  8   0.0005889042  -0.0001467456  -0.0000226283   0.0000081205  -0.0002748750
50  9   0.0000062001  -0.0013681558   0.0001253206   0.0000934707  -0.0000636665
50 10   0.0000878039   0.0002119179   0.0001196656   0.0374868250   0.0816462205
50 11   0.0563576685  -0.0027272959  -0.0000413902  -0.0055181684  -0.0003936319
50 12  -0.0043543928   0.0049705787
51  1   0.0006591543  -0.0008130896  -0.0001446899  -0.0074484804  -0.0059153835
51  2  -0.0125429714  -0.0014707973  -0.0000772039   0.0005983925   0.0000980448
51  3   0.0007080434   0.0003604158   0.0011596611  -0.0018491198   0.0004198097
51  4  -0.0000784352  -0.0000393452   0.0005203915  -0.1079224821  -0.0561894961
51  5  -0.2099093930  -0.0147689433   0.0039613513  -0.0225699866  -0.0003314823
51  6  -0.0004177274   0.0000614233  -0.0001566169  -0.0004777281   0.0000651401
51  7  -0.0002506773   0.0000421328   0.0005320639   0.0009327196  -0.0002460684
51  8   0.0004903672  -0.0001673102   0.0001464690  -0.0000279500  -0.0000672276
51  9  -0.0001879237  -0.0007768267  -0.0000436519   0.0001253803   0.0000266280
51 10   0.0001026548   0.0000051140  -0.0001289915   0.1239617907   0.0563576685
51 11   0.2352176387   0.0043295874   0.0014761176   0.0097394909   0.0014624919
51 12   0.0033908087  -0.0019309524
52  1   0.0020282554  -0.0019640755  -0.0006816182  -0.0144759920  -0.0021445010
52  2   0.0029120366   0.0000712054   0.0021430718   0.0019810033   0.0001797006
52  3   0.0003146497  -0.0000966515  -0.0013231618   0.0002270253  -0.0006843952
52  4   0.0010665387  -0.0004950199  -0.0011005785  -0.2751746678  -0.0451083870
52  5   0.0623256924   0.0086791701  -0.0029499576   0.0022874438  -0.0009927956
52  6   0.0010427700  -0.0004833766   0.0007850656  -0.0001740242  -0.0002139004
52  7  -0.0009783679   0.0002701948   0.0000871738   0.0002139066  -0.0000984526
52  8   0.0000365295   0.0000954179   0.0000598140  -0.0000953921   0.0001442642
52  9   0.0000511595   0.0002208951   0.0000737950   0.0000090163  -0.0001379926
52 10   0.0001037110   0.0003784728   0.0004181347  -0.0150014910  -0.0027272959
52 11   0.0043295874   0.2928549086   0.0518912354  -0.0710682729   0.0016505369
52 12  -0.0007256959  -0.0000363183
53  1   0.0016114256   0.0005439076  -0.0006604062   0.0240138688   0.0021280665
53  2  -0.0073328551   0.0001004823  -0.0039945763  -0.0021525197  -0.0004160998
53  3   0.0005105805  -0.0000684471   0.0009819012  -0.0008692688   0.0008267768
53  4  -0.0007693165   0.0003725135  -0.0004007381  -0.0441437951  -0.0548680406
53  5   0.0114537233  -0.0259647345  -0.0196459872   0.0208825456   0.0005838873
53  6  -0.0001655589   0.0005213467  -0.0003532241   0.0002497938  -0.0000760576
53  7   0.0015767078  -0.0000082354   0.0001321312  -0.0000060711  -0.0000440377
53  8   0.0000939861   0.0001303081  -0.0001897873   0.0000108124  -0.0000570364
53  9   0.0000186541  -0.0003788036   0.0001139648  -0.0000575498  -0.0001094633
53 10  -0.0001509572  -0.0000198111  -0.0004631098  -0.0082689711  -0.0000413902
53 11   0.0014761176   0.0518912354   0.0755588540  -0.0219001702  -0.0008735755
53 12   0.0005218732  -0.0018548692
54  1  -0.0011619100   0.0025112266   0.0011229180   0.0181776471   0.0003818180
54  2  -0.0035679326  -0.0008280935  -0.0024229621  -0.0015427273  -0.0000749973
54  3   0.0004218726   0.0001350641   0.0013095480  -0.0001781378   0.0007234919
54  4  -0.0014243698   0.0000795929   0.0002652148   0.0577579874   0.0084319585
54  5  -0.0700005899   0.0192159929   0.0184210479  -0.0128744943  -0.0001725768
54  6  -0.0000454114   0.0005089596  -0.0002929577   0.0003975986  -0.0001453059
54  7   0.0007642741  -0.0002243819   0.0003161428   0.0001627182  -0.0000937612
54  8   0.0002261734  -0.0001511445   0.0001513413   0.0000976390  -0.0002034675
54  9  -0.0000815292  -0.0002561299  -0.0001035270   0.0000921770   0.0001476850
54 10   0.0000184791  -0.0007511962  -0.0007214391  -0.0236660314  -0.0055181684
54 11   0.0097394909  -0.0710682729  -0.0219001702   0.0746510025   0.0017407017
54 12   0.0003270851   0.0011748370
55  1  -0.0000724520  -0.0005663143   0.0000208483  -0.0009662071  -0.0002732212
55  2  -0.0009627740  -0.0002934688  -0.0000770119  -0.0001173807  -0.0000349390
55  3   0.0001774145  -0.0000301737   0.0027816872   0.0021246909   0.0000849523
55  4  -0.0027754788   0.0007608582   0.0008087412  -0.0004107108  -0.0021746618
55  5   0.0016649927  -0.2396936811  -0.0569757671  -0.2437469286   0.0000821641
55  6   0.0000218357   0.0001004930  -0.0000588284  -0.0001760830   0.0000850089
55  7   0.0000650766  -0.0000209760   0.0000276991   0.0000102480  -0.0000090740
55  8   0.0000482755  -0.0003639380   0.0001545305  -0.0000586822  -0.0008560584
55  9  -0.0004390460   0.0000056325  -0.0010808985   0.0004164958   0.0011824450
55 10   0.0001383577  -0.0007310155  -0.0000424568   0.0015107979  -0.0003936319
55 11   0.0014624919   0.0016505369  -0.0008735755   0.0017407017   0.2403677924
55 12   0.0590545527   0.2377261140
56  1  -0.0001756663   0.0001350298  -0.0007443420   0.0006508216  -0.0004029682
56  2   0.0022098608   0.0003375153   0.0002740974  -0.0002881251  -0.0001979936
56  3  -0.0002441654   0.0000029015   0.0050830663  -0.0035785189  -0.0006770334
56  4  -0.0008702608   0.0037026802   0.0012788911   0.0254491715   0.0005936690
56  5   0.0306851266  -0.0874249765  -0.0554722267  -0.0726243664  -0.0001369757
56  6   0.0002982464  -0.0001427312  -0.0000351081  -0.0000114585   0.0000213632
56  7   0.0001047548  -0.0000623786  -0.0001164897  -0.0002765065  -0.0000030431
56  8  -0.0002190460   0.0002658470   0.0001415266  -0.0000269462  -0.0005115513
56  9   0.0006744721  -0.0001279279   0.0001181803  -0.0003930570  -0.0005519982
56 10  -0.0006372569  -0.0003792985   0.0006699318  -0.0000719179  -0.0043543928
56 11   0.0033908087  -0.0007256959   0.0005218732   0.0003270851   0.0590545527
56 12   0.0585599132   0.0369330373
57  1   0.0003771416  -0.0008580050  -0.0008569776  -0.0002054213  -0.0000153047
57  2   0.0019794074   0.0000023797   0.0000154989  -0.0003338911   0.0004503671
57  3  -0.0003194950  -0.0001340655   0.0012544418  -0.0014877456   0.0013725328
57  4   0.0001620576  -0.0001747374  -0.0025026631  -0.0194847877  -0.0017279350
57  5  -0.0236707297  -0.2210657236  -0.0360853655  -0.2515111369  -0.0002889559
57  6   0.0002333275  -0.0001881016   0.0000945938  -0.0002479708   0.0001440075
57  7   0.0002121144  -0.0001297102  -0.0000140547  -0.0000285803  -0.0000338606
57  8  -0.0000569304  -0.0000090609   0.0000443842   0.0002029167  -0.0001723178
57  9   0.0003897249  -0.0002603860   0.0007912450  -0.0006264192  -0.0002828865
57 10  -0.0005375580   0.0009748665   0.0008878577   0.0007582688   0.0049705787
57 11  -0.0019309524  -0.0000363183  -0.0018548692   0.0011748370   0.2377261140
57 12   0.0369330373   0.2759812165
$end
