$vibrational normal modes
 1  1   0.1555142970   0.2149590026   0.1171912948   0.1075746633   0.1184225233
 1  2  -0.0294394221  -0.0154672198   0.0002867751   0.0642505166   0.1189708742
 1  3   0.0999825238   0.0067792916  -0.0142268809   0.1059351746  -0.0646392264
 1  4  -0.2272919752  -0.0207681112  -0.0876698929  -0.0419474939   0.0160154730
 1  5  -0.0455819396   0.0467201413   0.1552396949   0.0157306421   0.0334816943
 1  6   0.0229532487   0.0630845364  -0.0270453084   0.0312977812  -0.0009356800
 1  7   0.0380224579  -0.0081594610   0.0235065701  -0.0144063596  -0.0276941878
 1  8  -0.0081942293  -0.0041867083  -0.0170951230   0.0085861171   0.0017800627
 1  9  -0.0009337880   0.0036700291   0.0010224766  -0.0005364006  -0.0010965149
 1 10   0.0059228896   0.0001823000  -0.0002344423   0.0004401016   0.0000313651
 1 11   0.0005009543  -0.0001419470   0.0211132395   0.0238548716  -0.0002034460
 1 12  -0.0000172598  -0.0001244621
 2  1   0.0956219034  -0.0089262411   0.0168473261  -0.1802619340  -0.1040163869
 2  2   0.1464509490   0.0250526848  -0.0062583246  -0.0704414979  -0.0593027543
 2  3   0.0763017414   0.0019049166   0.0172354882  -0.0704523756   0.0388435590
 2  4   0.1072169028   0.1209134742  -0.0841521344  -0.1081513036   0.0933249197
 2  5  -0.0367924497   0.0882516521   0.0900169040  -0.0661660638   0.0146902215
 2  6  -0.0334262262   0.0163870834   0.0082562294   0.0326367062  -0.0687753072
 2  7   0.0195407578  -0.0581210399  -0.0220272788  -0.0323005905   0.0222109054
 2  8   0.0227368454   0.0036475260   0.0212325301  -0.0197398776  -0.0076265822
 2  9  -0.0043201862  -0.0024785993   0.0044183847   0.0017695706   0.0045924203
 2 10   0.0610333459   0.0004711821   0.0004729986  -0.0001950406  -0.0000529148
 2 11  -0.0005366912  -0.0004127765  -0.0420406168  -0.0421960668   0.0001468875
 2 12  -0.0000235321  -0.0000605124
 3  1  -0.0132274335  -0.0127705687   0.0843515356   0.0956600695  -0.0227349819
 3  2   0.2946160083  -0.0252948034  -0.0031059650   0.1304520199  -0.0651762284
 3  3   0.1627791859  -0.0168793200  -0.0007249051   0.1011226341   0.0444282389
 3  4  -0.0349905237   0.1420637780   0.0197753762   0.0414013829  -0.0439247093
 3  5   0.0542872417  -0.0748100573  -0.0099897277   0.0676273392   0.0261014199
 3  6   0.0410273686   0.0101789578  -0.0036373750  -0.0584010528  -0.0327651132
 3  7   0.0044753125   0.0677547001  -0.0177732283   0.0146163351   0.0109396093
 3  8   0.0481949600   0.0000825031   0.0280366011  -0.0222141099  -0.0010881753
 3  9   0.0044889937   0.0138298401  -0.0025987378  -0.0025958004   0.0020915987
 3 10  -0.0428616243  -0.0000702406   0.0002922818  -0.0002030132   0.0009206570
 3 11  -0.0000841083   0.0003933989   0.0312101229  -0.0646131265  -0.0001181638
 3 12  -0.0000519093  -0.0000087778
 4  1   0.1667815752   0.0660387984   0.1235706547   0.0731292566   0.0363231671
 4  2  -0.0354044172   0.0110039977  -0.0413205431  -0.0127037445   0.0178793160
 4  3  -0.0245044123   0.0041462693   0.0222601415  -0.0648259877   0.0104960213
 4  4  -0.0269033311   0.0591836990   0.0062385508   0.0189290116   0.0829696495
 4  5  -0.0968247500  -0.0012649102  -0.0100500653   0.0861312599  -0.0184847909
 4  6  -0.0135640359  -0.0845140879   0.0167661087  -0.0109497351   0.1162085365
 4  7  -0.1882289629  -0.0235092307  -0.0495045328   0.0807742539   0.1405411677
 4  8   0.0016443176   0.0607501218   0.0428466460  -0.0298547856   0.0199161640
 4  9   0.0238045083  -0.0201854340   0.0058363970  -0.0000815715  -0.0006181582
 4 10  -0.0262192681  -0.0003511027   0.0003486138  -0.0012502896   0.0006539571
 4 11  -0.0010977185   0.0002901612   0.0023167217  -0.0000357285   0.0003956409
 4 12  -0.0001574249   0.0000991757
 5  1   0.1136373855   0.0461972623  -0.0421816149  -0.1603630675  -0.0204310091
 5  2   0.0866945116   0.0384793334   0.0206857265  -0.0673724401   0.0136103631
 5  3   0.0484712393   0.0252193985  -0.0195433566   0.0068349947  -0.0015841623
 5  4   0.0266080517  -0.0634043462  -0.0811431196  -0.0901689993   0.0401988639
 5  5  -0.0284941534  -0.0044796785  -0.0970328749   0.0383669367   0.0336027877
 5  6   0.0359994233   0.0033536126  -0.0005864819  -0.1147406720  -0.0275223937
 5  7  -0.0643478879   0.2038041126   0.0205280846   0.1028125774  -0.0598762005
 5  8  -0.0571676568  -0.0061752303  -0.0785714538   0.0761995639   0.0419292333
 5  9   0.0360761126   0.0219380442  -0.0101224468  -0.0011977434  -0.0114870154
 5 10   0.0050128254  -0.0010570842  -0.0022750824  -0.0010345830  -0.0004514699
 5 11  -0.0002319220   0.0012026745  -0.0001772847  -0.0007547623   0.0002410903
 5 12  -0.0000505349  -0.0001285362
 6  1   0.0346502775  -0.0735831435  -0.0235802375   0.0955385153   0.0475041143
 6  2   0.1713112680   0.0275412253   0.0020006046   0.0585085523  -0.0462787218
 6  3  -0.0370480484   0.0258768516  -0.0334521313   0.0722947560   0.0472815951
 6  4   0.0498995156  -0.0929737192   0.0263459502   0.0328555972   0.0282891222
 6  5  -0.0724045721  -0.0041259985   0.0034285930   0.0382859939   0.0843799282
 6  6  -0.0268192832  -0.0523140148  -0.0072859043  -0.0457202683  -0.1093181692
 6  7  -0.0588708308  -0.1362615381  -0.0085890892  -0.0873902285   0.0572886408
 6  8  -0.1452259474   0.0009209106  -0.0922304220   0.0730947471  -0.0010397518
 6  9  -0.0205351182  -0.0541366525   0.0032854864   0.0107927893  -0.0106827178
 6 10  -0.0153709567  -0.0007574305   0.0001557937  -0.0001217278  -0.0018473153
 6 11  -0.0010621662   0.0002039264   0.0006254483  -0.0010758090  -0.0000666708
 6 12   0.0001840903   0.0000903876
 7  1   0.1561033164   0.0847550109   0.1412567679   0.0679493702   0.0563332060
 7  2  -0.0298558044  -0.0020287884  -0.0468188838  -0.0022636899   0.0074194447
 7  3   0.0149291467   0.0032577084   0.0162458060  -0.0487488837   0.0316565779
 7  4   0.0949385852   0.0287995473   0.0809530593   0.0924183268   0.0762177148
 7  5  -0.1304703232  -0.0974667654  -0.0104348024  -0.1068567346  -0.0370877077
 7  6   0.0676648562  -0.1279864650   0.1515854813  -0.0810756649  -0.0377018988
 7  7   0.0976135057   0.0717947858   0.0184536512   0.0087056098  -0.0478589436
 7  8  -0.0448516908  -0.0597933455   0.0632164567   0.0402428280  -0.0595918670
 7  9  -0.0387707883  -0.0289071069   0.0278444474   0.0175092655   0.0017825190
 7 10   0.0001712168   0.0328919113   0.0109554683   0.0025779568  -0.0053135616
 7 11  -0.0011899849  -0.0002784624   0.0000637657   0.0000188609  -0.0000681230
 7 12  -0.0000421949  -0.0008718949
 8  1   0.1339211806   0.2127564679  -0.1099286396  -0.0817280739   0.0059455136
 8  2   0.0968265265  -0.0042898455   0.0746969398   0.0491253168   0.0519164979
 8  3  -0.0288235417  -0.0060162753  -0.0154182405  -0.0087002171  -0.0718988067
 8  4   0.1557758032  -0.0251861789  -0.0009184749  -0.0240714583  -0.0591537565
 8  5   0.0774459004   0.0523132772  -0.0002941723   0.0517647946   0.0550862047
 8  6  -0.0272391752  -0.3354970063   0.2673948010  -0.0389214733   0.0802169544
 8  7   0.0592421044  -0.0279947496  -0.0238721480  -0.0147173700   0.0079982338
 8  8  -0.0016120779  -0.0114243759   0.0323009180  -0.0059270902  -0.0191512545
 8  9  -0.0195978045  -0.0260414277  -0.0596804210  -0.0190579056   0.0041308736
 8 10  -0.0004167313  -0.0593969215  -0.0190083382  -0.0038581004  -0.0061601571
 8 11  -0.0018692891   0.0011648935   0.0004330307   0.0000731779  -0.0001340506
 8 12   0.0000475122  -0.0008938899
 9  1   0.1078559751  -0.1373803602  -0.1557299289   0.1530090001  -0.0691244360
 9  2   0.1398706744   0.0892957791   0.0464908418   0.0321557551   0.0814936157
 9  3  -0.1399439521   0.0139351363  -0.0196728046  -0.0236409816  -0.1325933885
 9  4  -0.0221372614   0.0569901926   0.0093692559   0.0269313161   0.0405592970
 9  5  -0.0600959642  -0.0568419958  -0.0300452164  -0.0450443905   0.1318387697
 9  6  -0.0411094927   0.1288515363  -0.0068902081   0.0587544285   0.0424685565
 9  7   0.0198456877  -0.0029521623   0.0367978133   0.0385468442  -0.0363777494
 9  8   0.0891585557   0.0426681908   0.0213854871   0.0455743193  -0.0189214205
 9  9  -0.0153186519   0.0081159104   0.0309421233   0.0109393690  -0.0006518385
 9 10   0.0026320738  -0.0186019518  -0.0048720198  -0.0022286046  -0.0867852187
 9 11  -0.0193025427  -0.0016881471   0.0000881358   0.0000880471   0.0001666908
 9 12  -0.0000275334  -0.0021371558
10  1   0.1556416423  -0.0550194326   0.1692748019   0.0242883426  -0.0091751597
10  2  -0.0297359739   0.0808032981  -0.0274541617  -0.0772920188   0.1407763373
10  3   0.1904168184   0.0865057068  -0.0146569711  -0.0141894616  -0.0393314634
10  4   0.2521413354  -0.0336210207   0.0590067984   0.0265729859  -0.0599571646
10  5   0.0599778438   0.0024654587  -0.0035249398  -0.0004381163   0.0201260371
10  6  -0.0230647045   0.1392163447  -0.0904266049   0.0458812202   0.0057634147
10  7  -0.0059899314  -0.0020166607  -0.0182912859  -0.0132607560   0.0111275046
10  8  -0.0105416862  -0.0026473767  -0.0084330156  -0.0159658101   0.0079611917
10  9   0.0062792674   0.0037420623  -0.0007172138  -0.0011847412   0.0002689649
10 10  -0.0001568460  -0.0011445607  -0.0004399924  -0.0001064890   0.0007297274
10 11   0.0001713070   0.0001605776   0.0000936164  -0.0000249468  -0.0000564908
10 12   0.0000605619  -0.0014964652
11  1   0.1497002440   0.2795555973  -0.1618576735  -0.0543342498   0.0671510945
11  2   0.0582071567  -0.1289434807   0.0042117042   0.0424227407  -0.0343552611
11  3  -0.0692100860  -0.0796554688   0.0114405864  -0.0294135048   0.0122183257
11  4   0.1230865690  -0.0047412702   0.0463704004   0.0320094773  -0.0117098727
11  5   0.0067640230  -0.0222772355  -0.0086459952  -0.0187014736   0.0110149697
11  6  -0.0145928493   0.2631929255  -0.1797891969   0.0621954437  -0.0185537119
11  7  -0.0343739404   0.0169549714  -0.0050102988   0.0046834021   0.0069128559
11  8  -0.0334586581  -0.0234404573   0.0132898318  -0.0196287450  -0.0037203722
11  9  -0.0004899029  -0.0030086374  -0.0079138976  -0.0036699541   0.0002359316
11 10   0.0000218803  -0.0016362798  -0.0004190709  -0.0000588839   0.0007017421
11 11   0.0003277131  -0.0001705218   0.0000501625  -0.0000205415  -0.0000142862
11 12  -0.0000868875   0.0091277681
12  1   0.1583234026  -0.2006601467  -0.2685735600   0.1545050164  -0.0013967477
12  2   0.0143216011  -0.1579138503  -0.1384584945  -0.1388146977   0.0789886014
12  3   0.0944935076  -0.0386013062   0.0024813827   0.0095934056  -0.0114222239
12  4  -0.0345095582   0.0115948928  -0.0128771927  -0.0088829107   0.0009470706
12  5   0.0013989397   0.0103145073   0.0055965117   0.0060038419  -0.0202507104
12  6   0.0103399508  -0.0671031025   0.0500570250  -0.0264660350   0.0004206069
12  7   0.0102328995   0.0044363513  -0.0066187843  -0.0084487065   0.0024294203
12  8  -0.0388625246  -0.0283473976  -0.0068765752  -0.0497447368   0.0158484809
12  9   0.0163114588   0.0054652157   0.0041846197   0.0003850586   0.0002742516
12 10  -0.0007767125   0.0007301378   0.0003101785  -0.0000480705   0.0015080453
12 11   0.0003908611   0.0004440039   0.0000105397   0.0000056593  -0.0001473278
12 12   0.0004387914  -0.0617941760
13  1   0.2408011895   0.0058845652  -0.0125153053   0.1305347254  -0.0695304777
13  2  -0.0738068962   0.0743504179   0.0063714063   0.0215202259  -0.0712408582
13  3  -0.0717186880   0.0248676564   0.0164646970  -0.0438869172   0.0801016548
13  4  -0.0625409793   0.0113038122  -0.0131257619  -0.0313811056  -0.0301937937
13  5   0.0406732858  -0.0582517786  -0.0094703210   0.0117271891   0.0243442622
13  6  -0.0054186529  -0.3038605037  -0.3100969342   0.1596978547  -0.0298543281
13  7  -0.0058050411   0.0697081216   0.0110350765  -0.0559101628   0.0145132694
13  8   0.0422927457  -0.0799398787  -0.0148113069   0.0223103051   0.0111190246
13  9  -0.0013210925   0.0286862906  -0.0068717553   0.0059992637   0.0590828418
13 10   0.0033402861  -0.0089589479   0.0281047926   0.0018683291   0.0003744165
13 11  -0.0001457278   0.0318494534  -0.0002265484   0.0001747914  -0.0014045411
13 12   0.0007934899   0.0000101260
14  1   0.1280096444  -0.0264509842  -0.0878382385  -0.2072458665   0.1218461416
14  2  -0.0473753914   0.0864816285   0.0030823658  -0.1144660132   0.0296744087
14  3  -0.0972601766   0.0329297136   0.0172459931   0.2050390124   0.0581643687
14  4   0.0101755773   0.0694240370  -0.0255939077   0.0373609106   0.0015672806
14  5  -0.0186765002   0.0114878033  -0.0720685140   0.0531203138   0.0076837716
14  6   0.1423533137   0.0859679344   0.0244688405   0.0475911761   0.0188478871
14  7   0.0464096603  -0.0690263452   0.0027907267  -0.0272465330   0.0385186905
14  8   0.0556792250  -0.0365588301   0.0106297783  -0.0060273842  -0.0030901169
14  9   0.0241326109  -0.0358657476   0.0020802866  -0.0013106405  -0.0106438113
14 10   0.0015539643   0.0189897689  -0.0545560661  -0.0028507158  -0.0023541591
14 11   0.0022519567   0.0739198722  -0.0002722564   0.0001799616  -0.0016046843
14 12   0.0000901458  -0.0000932965
15  1   0.0191277131  -0.0590627217   0.0055593110   0.0853137727   0.0646133158
15  2   0.1833218828   0.0154209605  -0.0081251168   0.0537042824  -0.0244368731
15  3  -0.0319294132   0.0180984990  -0.0343522963   0.0512864319   0.0645426941
15  4   0.0332940713  -0.1070897623   0.0443390073   0.0134808871   0.0232099210
15  5  -0.0403390452   0.3169113383  -0.0087226829  -0.0531938581  -0.0672239776
15  6   0.0276196507  -0.0307344306  -0.0594082730   0.0697781693   0.0770305472
15  7   0.0147381876   0.0355271838   0.0019843132   0.0406530022   0.0240464206
15  8   0.0415092481  -0.0373107814  -0.0005101009  -0.0145952326  -0.0009891350
15  9  -0.0635430195   0.1047971182  -0.0038245488  -0.0189043529  -0.0401279458
15 10   0.0099877014   0.0112574472  -0.0370763775  -0.0032110930   0.0003610804
15 11   0.0006173862  -0.0345332412  -0.0001762151   0.0002054584   0.0013287482
15 12   0.0000260248   0.0001329714
16  1   0.2506764809  -0.0214776649  -0.0269225431   0.1322188325  -0.0927823308
16  2  -0.0789468588   0.0709883688   0.0050691112   0.0841779166  -0.1142328078
16  3  -0.0396985514   0.0244880706   0.0043515535  -0.0461800334   0.0891280835
16  4  -0.0628041813  -0.0274149928  -0.0063390643  -0.0530658561  -0.0468574949
16  5   0.0673985926   0.0180572296   0.0090231355  -0.0125634529  -0.0316234637
16  6   0.0024904473   0.2433067952   0.2435814723  -0.1283224581   0.0219592685
16  7  -0.0008300759  -0.0276875564   0.0111389929  -0.0006141107   0.0100283297
16  8   0.0075287435  -0.0140120599  -0.0079680820   0.0067856211  -0.0029947592
16  9  -0.0009743693   0.0016264109  -0.0016216580   0.0028815376   0.0096977268
16 10   0.0004478446  -0.0006438164   0.0019178460   0.0003375843  -0.0000883578
16 11   0.0001425822   0.0001768152  -0.0000778344  -0.0000753539  -0.0302714831
16 12   0.0012445424   0.0000768499
17  1   0.1096497516  -0.1807899384  -0.0264729428  -0.2803476476   0.1002904908
17  2  -0.0591968772   0.0057394791  -0.1526715909   0.2915700979   0.0716135274
17  3  -0.0181209640   0.0016054130   0.0220678641  -0.0044163758  -0.0055443942
17  4  -0.0254374655   0.0082842765   0.0281835660  -0.0147225778   0.0151260489
17  5   0.0235554556  -0.0172658857   0.0108499273  -0.0032163396   0.0072805040
17  6  -0.0157112539  -0.0391837692  -0.0294684838   0.0023666406  -0.0099838288
17  7  -0.0054154316   0.0189218467  -0.0024813223  -0.0017188123  -0.0163211217
17  8  -0.0321834284   0.0418337615   0.0082017272  -0.0151939018  -0.0053386245
17  9  -0.0290176412   0.0274528578   0.0006669801  -0.0001096008   0.0029411023
17 10  -0.0001745486   0.0001788143  -0.0001349073  -0.0000716786   0.0000676683
17 11  -0.0000218461  -0.0012329433  -0.0000337504  -0.0001025675  -0.0386831039
17 12   0.0020538070   0.0001408932
18  1  -0.0473078310  -0.0025104570   0.1239725332   0.0305014008   0.1807790857
18  2   0.2046158489  -0.0188117852  -0.0612897824  -0.0729720957   0.1643504019
18  3  -0.1745014927   0.0263686430   0.0489147422  -0.1118771592   0.0851397727
18  4  -0.0760257732  -0.0131817240   0.0138234965  -0.0565037732   0.0101983677
18  5   0.1070892657  -0.0285038139   0.0070134672  -0.0080383687  -0.0042350446
18  6  -0.0053189829   0.0332315863   0.0336485511  -0.0210457956  -0.0029272022
18  7  -0.0025478018   0.0152802023   0.0135029431  -0.0278482564  -0.0071209255
18  8   0.0162288762  -0.0166789345   0.0024949054   0.0081203931   0.0043418329
18  9   0.0267492961  -0.0353587727   0.0016715791   0.0006897849  -0.0066784982
18 10  -0.0003254995  -0.0001023927   0.0008777678  -0.0000877781   0.0000670643
18 11  -0.0001535370   0.0009970468   0.0000174884   0.0001389737   0.0375156485
18 12  -0.0019700828  -0.0001577071
19  1   0.1154810996  -0.0387855337   0.2462904601  -0.0119263052   0.0405127770
19  2  -0.0089140952  -0.0227382927  -0.1322743074  -0.0928021992  -0.1447291258
19  3  -0.0858400187  -0.0675980921  -0.0021944049  -0.0090786931  -0.1156171047
19  4  -0.0343178377   0.0365267269   0.0102343282   0.0220886640   0.0089296755
19  5   0.0134448180   0.1361212899  -0.0753535678   0.1284052010   0.0160679683
19  6  -0.0758479637   0.0442144479  -0.0033115575  -0.0168369185  -0.0259275323
19  7   0.0686542056  -0.0201041547   0.0128497972  -0.0322546354  -0.0671907764
19  8  -0.0179325394  -0.0188459538   0.0370066312   0.0332258309   0.0519830507
19  9  -0.0035163988   0.0161640397   0.0034388462  -0.0200920084   0.0035088960
19 10   0.0054185861   0.0026628401   0.0030317326  -0.0565420833   0.0156457636
19 11  -0.0663874530   0.0017288741  -0.0000900414   0.0004785486  -0.0001384818
19 12  -0.0016464443   0.0000507431
20  1   0.0958761594  -0.0010577654   0.0159269911  -0.1761655710  -0.1074327464
20  2   0.1508603999   0.0235671529  -0.0331156861  -0.0801141891  -0.0371621104
20  3   0.0024827398   0.0031470542  -0.0415143917   0.0137697195  -0.0152756564
20  4  -0.1066247776  -0.1055543942   0.0062195069   0.0229559938   0.0010383166
20  5  -0.0153249899  -0.1465873999   0.0384054753  -0.0029716133  -0.0753811482
20  6  -0.0407474271  -0.0129725822  -0.2485439168  -0.1857696755   0.1193386436
20  7   0.0788459060  -0.0378922344   0.0163979733   0.0115498062   0.0203730636
20  8   0.0402896049  -0.0006102935  -0.0339158032  -0.0544287228  -0.0030278728
20  9  -0.0745566465  -0.0737735184   0.0152771413  -0.0000328434   0.0113352347
20 10  -0.0043213019   0.0010610440   0.0008538908  -0.0065757942   0.0058185575
20 11  -0.0255953042   0.0009866819   0.0002888638   0.0002941376  -0.0000859355
20 12  -0.0010161340  -0.0000667799
21  1   0.0206486374  -0.0809518421  -0.0203521994   0.0458847786   0.2200319025
21  2   0.0719846822   0.0481343561  -0.0007107914  -0.0087429948  -0.1146250307
21  3  -0.0094189692  -0.0026009794  -0.0291299063   0.0598693014  -0.0374128433
21  4   0.1252482215  -0.0822222167  -0.0613950959  -0.0404104688   0.0104412975
21  5  -0.0198544357  -0.2005909740   0.0494372734   0.0234643563  -0.1127492461
21  6  -0.0488979490   0.0219779412   0.1614731562   0.1748311676  -0.0122490540
21  7  -0.0414993572   0.0256066378  -0.0352985089   0.0067038919  -0.0465952588
21  8   0.0436901785  -0.0121424985   0.0312980674  -0.0160988288   0.0423587998
21  9  -0.0271186511   0.0023024392  -0.0242369459   0.0695353395  -0.0105770446
21 10  -0.0005514397  -0.0012633874  -0.0037235863   0.0437370144   0.0114307696
21 11  -0.0536471918   0.0000891261   0.0001859742   0.0004224050  -0.0002329037
21 12  -0.0015085788  -0.0000686601
22  1   0.1390021144  -0.1966118921   0.2299371965  -0.0365432919  -0.0586135719
22  2  -0.0212356128  -0.2093610290   0.2020735159   0.0142156746   0.0208812864
22  3  -0.1146202097  -0.0272118463  -0.0037447167   0.0803613887  -0.0113280100
22  4   0.0640037145  -0.0126351382  -0.0071749841  -0.0466871947  -0.0149494698
22  5  -0.0062131239  -0.0293815128   0.0098818238  -0.0197003984  -0.0017563898
22  6   0.0089723256  -0.0099976591   0.0034861131   0.0065192781   0.0034823798
22  7  -0.0141965529   0.0108561238  -0.0019295777   0.0088288637   0.0082169625
22  8   0.0062392896   0.0020760886  -0.0266987918  -0.0122952922  -0.0501861844
22  9   0.0155135136   0.0038664142   0.0008553981  -0.0057015211  -0.0008500361
22 10  -0.0005191245   0.0000093209   0.0000336257   0.0002548953  -0.0002180298
22 11   0.0010728796  -0.0001060395  -0.0000779194  -0.0001308754  -0.0021145934
22 12  -0.0419855814  -0.0003228320
23  1   0.1062818335  -0.0260256393  -0.0174688963  -0.1952409070  -0.0223322557
23  2   0.0742614198   0.0075982619   0.0956459025  -0.0815101947  -0.0157647500
23  3   0.0926896723   0.0005619454  -0.0200121605  -0.1029220669  -0.0035892988
23  4  -0.2561044279  -0.0470910677   0.0773201410   0.1027546701  -0.0068694269
23  5   0.0107565611   0.0080711754   0.0081928636   0.0270360097  -0.0100379637
23  6  -0.0111045321   0.0134641892   0.1676498171   0.1731259917  -0.0583005834
23  7  -0.0166271428   0.0209013769   0.0029662530   0.0050286726   0.0174164515
23  8  -0.0038252462   0.0034866333  -0.0212136503  -0.0051130797  -0.0399182663
23  9   0.0166569228   0.0082652095   0.0011172690  -0.0072717649  -0.0017009232
23 10   0.0001493732  -0.0000559376   0.0001685238  -0.0016635017  -0.0002273475
23 11   0.0010522717   0.0000723108  -0.0000602707  -0.0000547937  -0.0004512389
23 12  -0.0089224130  -0.0000216463
24  1   0.0342491447  -0.1110630167  -0.0654728228   0.0204924808   0.3385127802
24  2  -0.0321335723   0.0386481097   0.1689779255  -0.0062580187  -0.0936117830
24  3   0.1184034080  -0.0177873474   0.0165648575  -0.1130259737  -0.0275010773
24  4  -0.0062000505   0.0288473287  -0.0266321566   0.0178927819   0.0122257568
24  5   0.0311397585   0.0306103676  -0.0070159528  -0.0190307766   0.0273230827
24  6   0.0096031273  -0.0190770174  -0.1369241748  -0.1279228596   0.0394706637
24  7   0.0270670048  -0.0251422981   0.0098512582  -0.0055990511   0.0102676696
24  8  -0.0099502320   0.0029481515   0.0039987135   0.0058269792  -0.0192560801
24  9   0.0230179201   0.0131853642  -0.0055154979   0.0065172733  -0.0012881885
24 10   0.0013499072  -0.0000879166   0.0000608903   0.0010546752  -0.0001100857
24 11   0.0007970452   0.0006505841  -0.0000778128  -0.0000823192  -0.0022105199
24 12  -0.0450457805  -0.0003235471
25  1   0.1048834802   0.2515513329   0.2111595583   0.0669010625   0.1886782042
25  2  -0.0031752894  -0.0962437512  -0.0427664983   0.1209694521   0.1608259530
25  3   0.2020261092  -0.0442775446  -0.6036806970   0.0594621046   0.1278170088
25  4  -0.3124507073   0.4264231437  -0.0990286378  -0.1292026708   0.0446781640
25  5   0.2091953323  -0.1439697753  -0.5614864552  -0.3602168946  -0.2152229434
25  6  -0.1408714555  -0.0866307015   0.0397191961   0.2818275903   0.2169636274
25  7  -0.0508221630  -0.2676018101   0.0625667299  -0.0217843597  -0.0262561711
25  8  -0.2054692243   0.0280651573  -0.0827442692   0.0909541635   0.0037347259
25  9  -0.0280210733  -0.0409130740   0.0085757246   0.0145137341   0.0010365119
25 10   0.1730658805   0.0001949948  -0.0001228552  -0.0024630259  -0.0031828141
25 11  -0.0029675881  -0.0008308848   0.0423513264  -0.0160990413  -0.0020456253
25 12  -0.0002414754   0.0000837730
26  1   0.0825226034   0.0170179671   0.0589556303  -0.1592013197  -0.2075895402
26  2   0.2388136338   0.0187532494   0.0083897164  -0.0325019285  -0.1092696348
26  3   0.2217337274  -0.0057635400   0.3848560218   0.0006937366  -0.0555338040
26  4   0.0352197586   0.1846065317  -0.1189123279  -0.0885328163   0.0110822723
26  5   0.0078626565   0.0215979799  -0.0660166923  -0.2138742969  -0.1669551953
26  6  -0.0209769951   0.0100947102   0.0536542345   0.4291753976   0.3922344758
26  7   0.0139268712  -0.2212789421   0.1892636190  -0.0443172234  -0.1815780925
26  8  -0.2583843746  -0.0321380779  -0.1811510601   0.1643880817   0.0162588566
26  9  -0.0192632072   0.0185797540  -0.0283551157  -0.0129866718  -0.0514676577
26 10  -0.6830523348  -0.0005266577   0.0021922282   0.0051026189  -0.0019018807
26 11  -0.0019109099  -0.0004433989  -0.0654131070   0.0524300826   0.0000372868
26 12   0.0005499431   0.0000294640
27  1  -0.0129843041  -0.0140889972   0.0826660647   0.0936649852  -0.0146287482
27  2   0.2885556000  -0.0265949397  -0.0045295686   0.1296452443  -0.0605442387
27  3   0.1554939167  -0.0171864641  -0.0364587390   0.0957987613   0.0545827844
27  4  -0.0328556971   0.1462138618   0.0231143124   0.0382308949  -0.0383258712
27  5   0.0577954283  -0.0775771320  -0.0414339471   0.0595879585   0.0264410454
27  6   0.0272750051  -0.0021609888  -0.0023413583  -0.0811412751  -0.0594825010
27  7  -0.0070729096   0.0659400847  -0.0361902547   0.0172646063   0.0327742852
27  8   0.0574391464   0.0061211457   0.0393845575  -0.0318138104  -0.0032978508
27  9   0.0038093658   0.0045385206   0.0011442300   0.0010679352   0.0062654647
27 10   0.0394853377  -0.0000551027  -0.0002246878   0.0009904523  -0.0019077211
27 11   0.0015144015  -0.0014936453  -0.6367299846   0.7641502876  -0.0009377207
27 12  -0.0005098777  -0.0004384862
28  1   0.1795451005   0.2955151805   0.0536079112   0.1571357083   0.1313098541
28  2  -0.0418214845   0.0064786589   0.0573122619   0.0873198162   0.1789069755
28  3   0.1479752682   0.0490522890   0.2892893031   0.2872602560  -0.2478921917
28  4  -0.4684927050  -0.3627876891  -0.1335763743  -0.0589575098  -0.0603689993
28  5  -0.0546946557   0.0331377207  -0.5518379063  -0.3244933680  -0.0856096180
28  6  -0.2433228477  -0.0617658882  -0.0257404734  -0.1930797211  -0.3677413303
28  7  -0.0206180674  -0.0751063191  -0.1802513449  -0.0424854930   0.1589519271
28  8   0.1832005356   0.0172593340   0.1455198078  -0.1184954913  -0.0371450377
28  9  -0.0111402473   0.0077387380  -0.0028404962   0.0048805419   0.0031133395
28 10  -0.0846992514   0.0034494409   0.0024086708   0.0020125290  -0.0004112301
28 11  -0.0018306687   0.0001689513  -0.3577405005  -0.3144932101   0.0012925720
28 12   0.0007757803   0.0002841794
29  1   0.1061891745   0.0380841438  -0.0179576465  -0.1606920858  -0.0645014392
29  2   0.1222727528   0.0300407922   0.0187863903  -0.0580104089  -0.0080236879
29  3   0.0824723617   0.0216526887   0.0433241089   0.0121724659  -0.0239506017
29  4  -0.0197031804  -0.0393766329  -0.1073927569  -0.1269639135   0.0674886057
29  5  -0.0324946582   0.0919209302  -0.2435233084  -0.2158117549  -0.0049309971
29  6  -0.1650837934  -0.0261391015  -0.0094238737  -0.1651335012  -0.3635184633
29  7   0.0212233043  -0.0441560698  -0.1604339819  -0.0537968061   0.1344512653
29  8   0.1972823930   0.0075620203   0.1421732675  -0.1168535875  -0.0330907768
29  9  -0.0079928848   0.0288097711  -0.0066409295  -0.0021321310   0.0002675953
29 10  -0.2089126284   0.0022811216   0.0017350991   0.0032415382   0.0010402029
29 11   0.0037948956  -0.0001771676   0.6462675240   0.5378656189  -0.0023251481
29 12  -0.0019543106   0.0003317326
30  1   0.0004649109  -0.0115121044   0.0744947038   0.1324679006  -0.1458003936
30  2   0.3597362553   0.0056267279   0.0310918361   0.1368721137  -0.1264329595
30  3   0.2461461112   0.0026095231   0.5894041574   0.1914204136  -0.1279882787
30  4  -0.0824690180  -0.0120254601   0.0012830056   0.0802381343  -0.1176902330
30  5   0.0006664229  -0.0968240718  -0.1820102687  -0.0629176711  -0.1275084550
30  6  -0.0073166338  -0.0598083786   0.0529162457   0.1906426284   0.2676049863
30  7  -0.0958432728  -0.0937803459   0.0789588454   0.0243642479  -0.0430739282
30  8  -0.1839813101   0.0164278519  -0.0996935571   0.0787885381   0.0133687944
30  9   0.0005762026  -0.0756665747   0.0240709832   0.0169209035   0.0168617393
30 10   0.6603234453  -0.0000686901  -0.0057446229  -0.0022200380  -0.0015606885
30 11   0.0012408197   0.0018118515   0.1990959281   0.1352344089  -0.0006893382
30 12  -0.0000555459   0.0001540966
31  1   0.1949373218   0.1547020753   0.0501820161   0.1294300512   0.0487218027
31  2  -0.0499167747  -0.0449561963  -0.0424269636   0.0342394487   0.0268929380
31  3  -0.1067402727  -0.0688285405   0.0360176171  -0.1157695292  -0.0756730426
31  4   0.0839057627   0.1647777744   0.1324591946   0.1613998157   0.0794269149
31  5  -0.1103836858  -0.0697253191   0.0363386473  -0.1294959614  -0.3613007269
31  6   0.1430933636   0.0013642734   0.0215761375  -0.1103354748  -0.0629193553
31  7   0.2536313214   0.1471833902  -0.2821517379  -0.2975140630   0.0778439858
31  8   0.2452152459   0.3758203815  -0.5209930768   0.1746209016   0.2667339732
31  9   0.1491206969   0.1327984798  -0.1308081100  -0.0611660466  -0.0224469776
31 10   0.0172800203  -0.3448381376  -0.1125270403  -0.0245601263  -0.0931447349
31 11  -0.0215560321   0.0035434294  -0.0016664608  -0.0014976400   0.0000419187
31 12   0.0007628505  -0.0022811762
32  1   0.1467892998   0.2417409525  -0.1519640612  -0.0731052970   0.0723831753
32  2   0.0464470835  -0.1437960811  -0.0174766321   0.0044606471  -0.0204942460
32  3   0.0249112786  -0.0476650309   0.0060032201   0.0028667228   0.0494181958
32  4   0.1523656072  -0.0713444044   0.0243876109  -0.0058726665  -0.0476162107
32  5   0.0456733661  -0.0090594603  -0.0293510426   0.0067888798   0.2076855696
32  6  -0.1017812850  -0.1917712497   0.2779560754   0.0596210408   0.2191688050
32  7   0.1944113278   0.0221884760  -0.1778627661  -0.1297894158   0.0458634541
32  8   0.2638438362   0.2523686465  -0.2247893678   0.1602016495   0.1063315662
32  9   0.0674925477   0.1073209930   0.2579555167   0.0928636988  -0.0166772375
32 10  -0.0014419901   0.7202123524   0.2301959042   0.0490417789   0.1785699074
32 11   0.0421650669  -0.0078267391  -0.0004288752   0.0000068390   0.0000044103
32 12  -0.0007469824  -0.0015718345
33  1   0.1166236636  -0.1314142274  -0.1562282840   0.1867723754  -0.1875366868
33  2   0.2093447479   0.2955655650   0.2055718360   0.1344725648   0.2189509773
33  3  -0.3292056870   0.0190751067  -0.0416566047  -0.0971137145  -0.4206464161
33  4  -0.0155533577   0.2433043807   0.0117783092   0.0540729774   0.0191436718
33  5   0.0113668644   0.0722024775   0.0546252029   0.0177122359  -0.3824616662
33  6   0.1452802107   0.0398380160  -0.1652129756  -0.1182671515  -0.2143628389
33  7  -0.0991134900  -0.0186733499   0.0539641680  -0.0058981007   0.0043362416
33  8  -0.1275622081  -0.0475079495  -0.0283569474  -0.0949138722   0.0346455261
33  9  -0.0104048254  -0.0762348115  -0.5777874623  -0.2182959920   0.0105056420
33 10   0.0210099570   0.4507396819   0.1425286508   0.0291750047   0.0988478464
33 11   0.0257000254  -0.0050525167  -0.0006819118  -0.0000993434  -0.0002038389
33 12  -0.0003168194   0.0021681427
34  1   0.1059054990   0.1454237933   0.2296933077   0.0351593691   0.1375029739
34  2  -0.0037954554  -0.0432358269  -0.0714404627   0.0326283466  -0.1322664696
34  3   0.0352086295   0.0402259507   0.0132800631   0.0006134815   0.2286320884
34  4   0.1195402252  -0.1126965064   0.1105438693   0.1018529315   0.1033199045
34  5  -0.2063626130  -0.2554351928  -0.0917971481  -0.1524775275   0.3625062039
34  6  -0.0769903032  -0.2324225659   0.2540131812  -0.0237901166  -0.0532196675
34  7  -0.0048930907  -0.3042704169   0.4090437404   0.1355145239  -0.2300583191
34  8   0.2110264067   0.0498152584  -0.2157095995  -0.5235210393   0.2961060388
34  9   0.2286605741   0.1892782989  -0.2263845585  -0.1247639105  -0.0041462302
34 10   0.0280909126  -0.0234647858  -0.0126512046  -0.0008559259   0.1463989111
34 11   0.0362565742   0.0013738725  -0.0021028391   0.0011279774   0.0012439542
34 12  -0.0002630950   0.0019468296
35  1   0.1229171980   0.2594145613  -0.0748617769  -0.0506565771  -0.0971770035
35  2   0.1928348819   0.2158135308   0.2519332037   0.1924258869   0.1349179252
35  3  -0.2704874844   0.0155643197  -0.0351799571  -0.0816430181  -0.3290667453
35  4   0.1768542130   0.1443781178   0.0276588607   0.0306744773  -0.0677715844
35  5   0.1155652061   0.1360228137   0.0474324936   0.0862958464  -0.3866531193
35  6   0.1400550779  -0.3359305880   0.0131326479  -0.2031112817  -0.2543306694
35  7  -0.1353450205  -0.1747557500   0.1644714352   0.0177232068  -0.0528492148
35  8  -0.1330198847  -0.1243805071  -0.1271295496  -0.3264712677   0.1613102355
35  9   0.1847331088   0.1676885449   0.6052421708   0.2122694919  -0.0161772091
35 10  -0.0238571510   0.0137627376   0.0077373961  -0.0002665714  -0.1076139708
35 11  -0.0251412017  -0.0020828227  -0.0001205541  -0.0001339951   0.0002099981
35 12  -0.0000470758  -0.0002121552
36  1   0.1143924080  -0.1410666292  -0.1652649195   0.1621113477  -0.0949670217
36  2   0.1478827239   0.1240936840   0.0730708392   0.0447809016   0.1148681708
36  3  -0.1746782885   0.0096224153  -0.0223784370  -0.0405725350  -0.1965991930
36  4  -0.0251196791   0.1014432862   0.0078416819   0.0316083279   0.0367275651
36  5  -0.0453218912  -0.0221959316  -0.0129688720  -0.0363221770   0.0103848961
36  6   0.0027576662   0.1311234901  -0.0430156689   0.0246617788  -0.0002533024
36  7   0.0136187144   0.0312484845   0.0001628168   0.0194759799  -0.0149119653
36  8   0.0331716488   0.0175785556   0.0391055672   0.1033545414  -0.0523078712
36  9  -0.0376147073  -0.0079578888   0.1365706533   0.0582387886  -0.0021447545
36 10  -0.0038918502  -0.2354855594  -0.0908295660  -0.0022969565   0.9276035866
36 11   0.2071628652   0.0171249257  -0.0024453249   0.0005351593   0.0006814553
36 12  -0.0003835620   0.0146720252
37  1   0.2006075167  -0.1088639463   0.0899585754   0.0538155457  -0.0816483627
37  2  -0.0530797159   0.4159284002   0.0357456241  -0.1226003570   0.4395038095
37  3   0.2767626087  -0.8180240690   0.0330132613   0.0699838197   0.2565776683
37  4   0.2312553336  -0.1788350781   0.0382203181  -0.0505150791  -0.0641063625
37  5   0.0593530280   0.0245232223   0.0242595932   0.0715323721  -0.1363473718
37  6   0.0438149896  -0.2102886528  -0.0416169782  -0.0770229922  -0.1883165400
37  7  -0.1882089697  -0.2239331923   0.2421154460   0.0871848566  -0.0590667674
37  8   0.2625439498   0.1705683259   0.0328288953   0.2420844964  -0.0759605644
37  9  -0.0989815380   0.0012980724  -0.0028585117   0.0041300188  -0.0020058285
37 10   0.0018180700  -0.0039152717  -0.0002949500   0.0006633399  -0.0063026082
37 11  -0.0018820336  -0.0039386101   0.0002791183  -0.0001208111  -0.0003102243
37 12  -0.0006442635   0.0367297895
38  1   0.1612342769   0.2493915776  -0.1988442831  -0.0768172729   0.1630927787
38  2  -0.0285416671  -0.5455375242  -0.1869502547  -0.0723571177  -0.2224209343
38  3   0.0927428771   0.4846204650  -0.0047091851  -0.0486879192  -0.0833748786
38  4   0.1482990727   0.0422540737   0.0356501807   0.0433894923  -0.0813380830
38  5   0.1261066761   0.1009000501   0.0506625553   0.0867445872  -0.2340195508
38  6   0.0777050502  -0.2446229052  -0.1776276772  -0.1150568521  -0.2773925276
38  7  -0.2526860993  -0.3030593477   0.3417588535   0.1616861501  -0.1034790921
38  8   0.4023492960   0.2554766148   0.0583172155   0.3881949181  -0.1256684585
38  9  -0.1367119567  -0.0254841053  -0.0121809026   0.0000816459   0.0107612741
38 10   0.0049944157  -0.0005064842  -0.0021554639  -0.0006213849  -0.0039785397
38 11  -0.0005965478  -0.0022654973   0.0000625060  -0.0001238574  -0.0003361816
38 12   0.0012529337  -0.1295817143
39  1   0.1577912532  -0.2020194160  -0.2696666599   0.1504859081   0.0134441544
39  2   0.0047377071  -0.2231577647  -0.1641167732  -0.1500815121   0.0422743917
39  3   0.1097298157   0.0692471456  -0.0015686010   0.0041307368  -0.0348720857
39  4  -0.0326820379   0.0236355517  -0.0142702543  -0.0045501872  -0.0063050065
39  5   0.0154535796   0.0241864749   0.0124297478   0.0164202973  -0.0438129588
39  6   0.0201619723  -0.1295712260   0.0565318588  -0.0462970053  -0.0239069975
39  7  -0.0073005149  -0.0285765099   0.0283118586   0.0087228669  -0.0111412638
39  8   0.0116057500   0.0034831684  -0.0026728741  -0.0029406892   0.0028089873
39  9   0.0028006899   0.0010806917   0.0042649076   0.0008647771   0.0010631977
39 10  -0.0000660345   0.0031519208   0.0008587301   0.0003324989  -0.0154932118
39 11  -0.0032399750  -0.0006637409  -0.0003821912   0.0002013169   0.0023335314
39 12  -0.0069928235   0.9887650218
40  1   0.2753587087   0.0885276919  -0.0975151893   0.1915477693  -0.0666728540
40  2  -0.0916412870   0.1481417403   0.1358230133  -0.2336147385  -0.1459480507
40  3  -0.1239142142   0.0545145421   0.0040017146   0.1814083348   0.1532435088
40  4  -0.0519996711   0.0812190076  -0.0114552700   0.0507747643  -0.0696846455
40  5   0.0851022984   0.0780045311   0.0654375702  -0.0758629589  -0.0163588695
40  6  -0.1868460652  -0.2337146879  -0.1547588366  -0.0381397730  -0.0088957933
40  7  -0.1565845169   0.4299160037   0.1684968759  -0.3690996562  -0.1956294090
40  8  -0.2125861738   0.5173907226   0.2086596449  -0.2239955213  -0.0714146505
40  9  -0.0578313697  -0.1328453651   0.0545672396  -0.0548046185  -0.4317029547
40 10   0.0012116449   0.0946912094  -0.2816640502  -0.0168104358  -0.0058540175
40 11   0.0056086926   0.0604126269  -0.0001624769  -0.0003269517   0.0044512294
40 12  -0.0021677303  -0.0001109590
41  1   0.1387424931   0.0005798034  -0.1229336559  -0.1985171309   0.1754083377
41  2  -0.0872794536   0.1287894937   0.0487093452  -0.2479003952   0.0313426415
41  3  -0.1720284221   0.0486959517   0.0328774617   0.3702259145   0.1129736448
41  4  -0.0164060287   0.1916171631   0.0164748854   0.1492838031  -0.0315253623
41  5   0.0411800583   0.0757766347   0.0592829096  -0.0526051878  -0.0113016557
41  6  -0.1115885246   0.0072946218   0.0644220198  -0.0993265151   0.0181084107
41  7  -0.0538561500   0.0578554639   0.0154489633  -0.0010425258   0.0181770290
41  8   0.0036301966  -0.0191978695  -0.0062549446  -0.0053979032  -0.0002748523
41  9  -0.0799488246   0.0705106148   0.0138051634  -0.0714615775  -0.3431813717
41 10   0.0263444991  -0.2682330141   0.8105080457   0.0508300797   0.0181997433
41 11  -0.0144081124  -0.1534791006   0.0007994288   0.0002528967  -0.0040118116
41 12   0.0012334265  -0.0000181853
42  1   0.0246501509  -0.0490427604   0.0122999943   0.1189507110  -0.0580365994
42  2   0.2607868606  -0.0207781800  -0.0050249249   0.1460323410  -0.0905182983
42  3   0.0983142645   0.0123559550  -0.0771636233  -0.1290632008  -0.0041759897
42  4   0.1062617479  -0.3299186146  -0.0535331887  -0.1650469096   0.0697298360
42  5  -0.1436441012   0.2948322138  -0.2518832440   0.1150605030  -0.0528904513
42  6   0.4511005336   0.1531367641  -0.0768071886   0.2648180055   0.0918707966
42  7   0.1209243268   0.0700580996   0.1079142232  -0.2655538926  -0.1132827864
42  8  -0.0508753053   0.4155401595   0.2087753523  -0.2075158401  -0.0702361374
42  9   0.1572960388  -0.2818076887   0.0099981392   0.0959976253   0.3726845988
42 10  -0.0351235850  -0.1100874420   0.3423528958   0.0218673034   0.0090634057
42 11  -0.0055183226  -0.0791237179   0.0009561285   0.0019395723  -0.0004035888
42 12  -0.0002320420  -0.0001030777
43  1   0.2543801559  -0.1024403570  -0.0186199601   0.1110055957  -0.1348825763
43  2  -0.0809349552   0.0377353120  -0.0594012050   0.2719867800  -0.1132510896
43  3   0.0235564640  -0.0049799099  -0.0080378649  -0.1514483255   0.0590677522
43  4  -0.0368875913  -0.0926751034  -0.0221661434  -0.0754296987  -0.0553352506
43  5   0.0324867683  -0.0139063762  -0.0362942857   0.0439914818   0.0003863025
43  6   0.1640175256  -0.2108612021  -0.3730483499   0.2882284452  -0.1118009344
43  7   0.2704993121  -0.2350339768  -0.2024018970   0.3333217696  -0.1288236346
43  8   0.0741283094  -0.0465650140   0.0377214067   0.0515597857   0.0638621563
43  9   0.3456000539  -0.4474140662   0.0353557835  -0.0610181686  -0.4650711246
43 10  -0.0023840569   0.0222012555  -0.0862201677  -0.0099907400   0.0071745468
43 11  -0.0051590090  -0.4419686651   0.0010364919  -0.0012493628   0.0070524284
43 12  -0.0013820764  -0.0020119404
44  1   0.1424762949   0.0118520425  -0.1351658340  -0.1944749927   0.1928306189
44  2  -0.0997771796   0.1528554666   0.0648315691  -0.2995391201   0.0364040212
44  3  -0.2038806774   0.0450125757   0.0439428572   0.4229969539   0.1345163768
44  4  -0.0337319573   0.2340406665   0.0387824504   0.1650281562  -0.0587489574
44  5   0.0472367157   0.0802630507   0.1038389677  -0.0904225004  -0.0063472459
44  6  -0.2107074541  -0.0543890198   0.0416157206  -0.1060807331  -0.0138804616
44  7  -0.0754592808   0.1107193674   0.0172069017   0.0088226605  -0.0406572475
44  8  -0.0633447759   0.0553397695  -0.0184821946   0.0169449966   0.0018519961
44  9   0.0608049551  -0.0176773115  -0.0252860388   0.0897999128   0.4775602419
44 10  -0.0284072174   0.0426569557  -0.1596846271  -0.0185343212   0.0106369470
44 11  -0.0087394494  -0.7315034233   0.0011663676  -0.0007576445   0.0115108396
44 12  -0.0021713761  -0.0002826581
45  1   0.0538311399  -0.1025592107  -0.0720170846   0.0863765301   0.1110533403
45  2   0.0970820437   0.0847331465   0.0224312876   0.0082869510  -0.0513995542
45  3  -0.1122726549   0.0053372911  -0.0188486412   0.2879921047   0.1614889264
45  4  -0.0048528054   0.0445760667   0.1386325484   0.1590256361  -0.0890875667
45  5   0.0471576484   0.4665176219   0.2314768725  -0.2392370173  -0.1114904933
45  6  -0.3430208284  -0.1661605865  -0.1132595840  -0.0169114509  -0.0559538107
45  7   0.0924050280   0.0156440550  -0.1730557202   0.4607635381  -0.2378700272
45  8  -0.1077280598   0.1496721481   0.0086173671   0.0458032904   0.0522951536
45  9   0.3151339690  -0.3048764261  -0.0082149064   0.0625625990   0.2464356958
45 10  -0.0411989503  -0.0211290796   0.0834730128   0.0099589455  -0.0071536176
45 11   0.0054378456   0.4767226949   0.0005141041   0.0001024866  -0.0052186563
45 12   0.0019764632  -0.0004655806
46  1   0.2306295201   0.0695432341  -0.0045528640   0.1397610994  -0.0288319264
46  2  -0.0684823754   0.0958767704   0.0480767168  -0.1740110011  -0.0399881225
46  3  -0.1659853714   0.0473513674   0.0670207610  -0.0429939904   0.1262039088
46  4  -0.0956703802   0.0253057689  -0.0423680348  -0.0831749650  -0.0549698206
46  5   0.1173711511  -0.2371039287  -0.0395876692   0.1143880628   0.0543173008
46  6   0.1949425682  -0.0208158043  -0.1281140342   0.0898147510  -0.1586953230
46  7   0.2727554921  -0.2819785435  -0.2458690747   0.3737667468  -0.1232111944
46  8  -0.3427766573   0.3559513410   0.0094519732  -0.1245182664  -0.0705569049
46  9  -0.3439386205   0.3702639988  -0.0077880675  -0.0089251679   0.0538682366
46 10   0.0049727889  -0.0017660471   0.0058836366   0.0005773717  -0.0005585727
46 11  -0.0006763671   0.0000967736   0.0010994985   0.0017316390   0.4853659179
46 12  -0.0247014387  -0.0009615285
47  1   0.0951040986  -0.2114952359   0.0210170460  -0.2889872317   0.0238579876
47  2  -0.0007253951  -0.0241993964  -0.1722900015   0.3172495484   0.0355849603
47  3   0.0040748192  -0.0240292104  -0.0771944473  -0.2390030138   0.0582036467
47  4   0.0815388677   0.0778883706  -0.3644624492   0.2313324239  -0.5468190252
47  5  -0.4777795379   0.1698008660  -0.0043045231  -0.0669894144  -0.0417021026
47  6  -0.1134319195   0.0921016860   0.1383268995  -0.0853077449   0.0566498110
47  7  -0.1153287570   0.1065624396   0.0962915894  -0.1441053714   0.0471708168
47  8   0.1111710760  -0.1133332013  -0.0109782348   0.0376223596   0.0145662375
47  9   0.0942537848  -0.1002481775  -0.0031163862   0.0121605035  -0.0139685941
47 10   0.0033634881  -0.0018556847   0.0046226403   0.0022352678  -0.0007189104
47 11   0.0004393639   0.0128487817   0.0007516109   0.0007335770   0.6264943324
47 12  -0.0305470446  -0.0015820909
48  1  -0.0769192086   0.0334287316   0.1888423692   0.0272733178   0.1501725561
48  2   0.2718770150  -0.0292791550  -0.0495601334  -0.2454923719   0.1828620090
48  3  -0.2521074690   0.0184184153  -0.0028847598  -0.3540301956   0.1795645557
48  4   0.0111176354   0.0968762184  -0.4213106599   0.1758271440  -0.5768776732
48  5  -0.3749808648  -0.0328208097  -0.0448801571   0.0265293888   0.0133382820
48  6   0.0433509949  -0.0405771543  -0.0879599568   0.0590619208  -0.0776214275
48  7   0.1021332719  -0.0936083437  -0.0889618458   0.1287067064  -0.0492508550
48  8  -0.1195879017   0.1270068902  -0.0024122814  -0.0459436946  -0.0305248183
48  9  -0.1193527935   0.1296332576  -0.0065686984   0.0033492068   0.0093135510
48 10   0.0061434292   0.0003480745  -0.0037133691   0.0008320867  -0.0003161263
48 11   0.0017213628  -0.0105302628  -0.0010390712  -0.0015519530  -0.6043941595
48 12   0.0312657814   0.0019514660
49  1   0.0681751195  -0.0295737909   0.3389301270  -0.0576464500   0.0943622460
49  2   0.0156039863   0.0400988949  -0.3678591854  -0.2095207929  -0.3500442260
49  3  -0.1491760445  -0.1425071182  -0.0344402562   0.0183563794  -0.3126568766
49  4  -0.0630192843  -0.0015870724  -0.0032910992   0.0158229985  -0.1284332966
49  5   0.2153450790   0.1103923433   0.0656727850  -0.2840635353   0.1994484462
49  6   0.2128114475  -0.0997065035   0.0679230294   0.0572553179  -0.0404661225
49  7  -0.1028257917   0.0952286828   0.0392088453   0.1050177788   0.1775530243
49  8   0.0204800379   0.0309322163  -0.1507107983  -0.0916525493   0.0218477971
49  9  -0.1430206478  -0.1287762750  -0.1726292459   0.5259965192  -0.0947272591
49 10  -0.0147707669   0.0022678921   0.0243371325  -0.2024079797  -0.1093044065
49 11   0.4926098699  -0.0067768392   0.0000075645  -0.0022631672   0.0008844353
49 12   0.0085894073   0.0002157269
50  1   0.0936161496   0.0839600581   0.0222008386  -0.1291911013  -0.1775086772
50  2   0.2264627233   0.0934530441  -0.2179806775  -0.0923080283  -0.0597034667
50  3  -0.0593500403   0.0150135487  -0.0727078810   0.0779981868  -0.0158464403
50  4  -0.0836777829  -0.1609412035   0.0048668272   0.0636089002   0.0368196861
50  5  -0.0618754611  -0.1968499694   0.0458080123   0.0300632307  -0.0773800592
50  6   0.0113944408  -0.0560813962  -0.2284484933  -0.2589999178   0.2032363774
50  7  -0.2654826449  -0.2746124769  -0.2576582816  -0.2218063950  -0.4347823960
50  8   0.0207380319  -0.0635497011   0.1728521336   0.0916824339  -0.3875983290
50  9   0.4622342552   0.4262940276  -0.1186786306   0.0912431920  -0.0560726307
50 10   0.0334871606   0.0017454178   0.0105371740  -0.0886304278  -0.0497659895
50 11   0.2405128819  -0.0044977784  -0.0016925028   0.0000411007   0.0006042596
50 12   0.0033418701   0.0000537222
51  1   0.0525515069  -0.1136036899  -0.0834055479   0.0613508633   0.2064265120
51  2   0.0321822654  -0.0151930018   0.2161431490   0.0735341389   0.0291313289
51  3   0.0540472325   0.0426319277   0.0025083039   0.0214341415   0.0939580541
51  4   0.1404209297  -0.0379825412  -0.0527578104  -0.0537426534   0.0899444823
51  5  -0.1386735001  -0.1720351407  -0.0458017443   0.2822653451  -0.2335098018
51  6  -0.2566614365   0.1243295856   0.1001560421   0.1394097485  -0.0249610378
51  7   0.1807521893   0.0205235803   0.0325657382  -0.0121061875  -0.0611842140
51  8   0.0193694449  -0.0247582727   0.0973806860   0.0268420604   0.1943030355
51  9  -0.1088999945  -0.0649660587   0.1462426793  -0.3390192730   0.0805597828
51 10  -0.0034654582   0.0047228225   0.0333848888  -0.2732123526  -0.1591241330
51 11   0.7336137654  -0.0111757693  -0.0017582232  -0.0021334335   0.0015502171
51 12   0.0117753827  -0.0000155543
52  1   0.1032915208   0.0009767761   0.2629132834  -0.0121550232   0.0720406968
52  2  -0.0025644619   0.0294999647  -0.2440779185  -0.1322585987  -0.2102679932
52  3  -0.0911743085  -0.0887248760  -0.0135602802  -0.0219266915  -0.1703417855
52  4  -0.0509476563   0.0438816143   0.0069444519   0.0229400744  -0.0130582197
52  5   0.0549455321   0.1591395756  -0.0615270279   0.0409698805   0.0735150459
52  6   0.0062888655  -0.0080811386  -0.0178855049  -0.0567477214  -0.0020254835
52  7  -0.0618453197  -0.0069135890  -0.0512011814  -0.0176013967  -0.1229261636
52  8   0.0375397017  -0.0315846265  -0.1161494911  -0.0489975963  -0.0858595456
52  9  -0.0703441983  -0.0797140566   0.0900807813  -0.2111190728   0.0492758854
52 10   0.0024212065  -0.0372378588  -0.0632402570   0.8703995855  -0.0801049273
52 11   0.3007616234  -0.0146508453  -0.0008908502  -0.0035700549   0.0001143054
52 12   0.0019061465  -0.0004923019
53  1   0.0760970107  -0.0992849790   0.0811986889  -0.2183034272  -0.1747593209
53  2   0.1885324462  -0.0528698443  -0.0065399627  -0.0934795747  -0.0755723615
53  3  -0.0822212322  -0.0175713379  -0.0600766072   0.1036252274  -0.0759889508
53  4  -0.0867319468  -0.1849578487   0.0180491149   0.0166442710  -0.1096446400
53  5   0.0708197519  -0.2390851425   0.1396578332  -0.2170398234  -0.0054583931
53  6   0.0630783032  -0.0431503146  -0.0821768681  -0.0298110678   0.0093859972
53  7   0.2490782208  -0.0355180869   0.2200692833   0.0193986653   0.4499593920
53  8  -0.2617668208   0.1208131434   0.5077514811   0.3078230757   0.4149758438
53  9   0.3048910252   0.2882927565  -0.0378352790  -0.0203644369  -0.0214785001
53 10   0.0116557287  -0.0098052729  -0.0155754699   0.2020565623  -0.0166412702
53 11   0.0640131620  -0.0034818406  -0.0001208187   0.0010792583   0.0002778896
53 12  -0.0031225435   0.0000263828
54  1  -0.0320654654  -0.0303265270   0.0800855168   0.0137585703   0.2680447426
54  2   0.1198473767   0.1587523566  -0.3344931938  -0.1395582484  -0.3544925068
54  3  -0.0886988557  -0.0894139428  -0.0715471288   0.0885603862  -0.2625977773
54  4   0.0963323218  -0.1326646039  -0.0858808563  -0.0332022437  -0.1464903881
54  5   0.1752444853  -0.2061107181   0.1727191690  -0.4244642037   0.1185925452
54  6   0.2842129136  -0.1539794290   0.1906499765   0.1136660255  -0.0042556195
54  7  -0.2990120603   0.0543052208  -0.0810454923   0.0476497702   0.0833628514
54  8   0.0002715327   0.0356687410  -0.0568869131  -0.0129944102  -0.1171649899
54  9   0.0466059205  -0.0353714282   0.2398770823  -0.6245466338   0.1222536070
54 10  -0.0139839127   0.0109951187   0.0178904921  -0.2550375240   0.0273363401
54 11  -0.0994693708   0.0046633612  -0.0000297815   0.0018272576   0.0002170644
54 12   0.0032383920   0.0002629068
55  1   0.1753434923  -0.2086232034   0.1597262244  -0.0029448821  -0.1023115828
55  2  -0.0400750962  -0.1825694038   0.2454203076   0.1248600236   0.0517262588
55  3  -0.0192733751  -0.0269120489   0.0089176042  -0.0898188108   0.0635477862
55  4   0.1254186319  -0.1534401795  -0.4846633558   0.5728646063   0.2852124521
55  5   0.3714413908   0.0549349225   0.0043714563  -0.0666629860   0.0504351698
55  6   0.0719734170  -0.0005706986  -0.0240687958  -0.0535868398   0.0240119655
55  7  -0.0749846537  -0.0314019780  -0.0566555182  -0.0217065540  -0.0864748428
55  8   0.0139392007  -0.0122464354   0.0454481505   0.0079626387   0.1025318133
55  9  -0.0515909160  -0.0187467313   0.0036284113   0.0035566822   0.0236067945
55 10   0.0003313340   0.0013863180  -0.0023725001   0.0052871729   0.0027597381
55 11  -0.0100564195   0.0006056977   0.0007931501   0.0013596524   0.0341777384
55 12   0.6758652593   0.0044673390
56  1   0.1049493052  -0.1138343034  -0.0120724700  -0.2417700874   0.0257593975
56  2   0.0166512559  -0.1052049254   0.3551489445  -0.1107297197   0.0485336055
56  3   0.1119501762   0.0092344095  -0.0090690556  -0.0567310701   0.0044859948
56  4  -0.3527754957   0.0790576239   0.3923193135  -0.2385714315  -0.2191308562
56  5  -0.2011742666   0.0817997627   0.0415164239  -0.1865564863   0.1417177746
56  6   0.2379585692  -0.0664553287  -0.0549385912  -0.1746591587   0.0698356078
56  7  -0.3882520523  -0.1584471091  -0.2594424953  -0.1535149611  -0.4016081435
56  8   0.0610466357  -0.0843106454   0.2170822393   0.0730915231   0.5162037410
56  9  -0.2619798453  -0.0934599946   0.0159372365   0.0167320412   0.0226058718
56 10  -0.0040297337  -0.0008052689   0.0029742966  -0.0026378190   0.0018078917
56 11  -0.0110270144  -0.0010380220   0.0003734517   0.0002567895   0.0057652064
56 12   0.1540122247   0.0009622435
57  1   0.0000000000  -0.0779784277   0.0000000000   0.0000000000   0.3682293923
57  2   0.0000000000   0.0398296480   0.0684480207  -0.1063835336  -0.1381584478
57  3   0.0235967421  -0.0207167204   0.0014413396   0.0395178296  -0.1003698556
57  4  -0.0414834209   0.1343892000   0.3556687157  -0.4954408243  -0.2227656966
57  5  -0.2795603456  -0.0673650916  -0.0102432743   0.0747828689  -0.0567310738
57  6  -0.1063739491  -0.0048608110  -0.0636777304  -0.0035748730  -0.0054585211
57  7   0.1686250122   0.0519391474   0.1195497681   0.0562268464   0.1892336101
57  8  -0.0317795247   0.0374021573  -0.1094315520  -0.0300980557  -0.2787050004
57  9   0.1463920850   0.0568309708  -0.0123701105  -0.0038698045  -0.0314877889
57 10   0.0017935626   0.0008745250  -0.0014815851   0.0029400870   0.0023040216
57 11  -0.0088309842  -0.0028216795   0.0009767837   0.0009544846   0.0364008880
57 12   0.7160696777   0.0052855677
$end
