$coord
9.76157542344274 -0.10640299641884 0.64715914833219 n
8.11945689619959 1.47958616708107 -0.92987608723827 c
5.35152584558376 1.57696131941622 -0.10076599795034 c
4.02634615632399 -0.9740711939524301 -0.42812695327057 c
1.27041800729043 -0.80377252674894 0.29171217046404 c
-0.15607744651225 0.78193668436049 -0.69040969033536 o
0.43581590262242 -2.43800985222021 2.03709156085442 n
-2.15952894148333 -2.4029560481855 2.92316969135009 c
-3.99209428729773 -2.65731248863966 0.7125001202453 c
-3.83867798617982 -4.38700258672589 -0.82583072265686 o
-5.7491783376259 -0.81776962488186 0.54939758463744 n
-7.5308639971231 -0.69214141539804 -1.50964406038707 c
-9.80102726072128 0.9736994853767699 -0.839867079667 c
-11.65046889817688 -0.19017830434491 1.86128921663291 s
-6.36143633619345 0.27379242113282 -3.99646311319518 c
-7.607250063924679 0.3119353317341 -5.91843374745904 o
-3.9868260468825 1.08874097087985 -4.01424312306346 o
9.25151536761067 4.15394503802752 -1.03449672089143 c
8.23420103264093 5.94234485927876 -2.04677483393145 o
11.50744212048062 4.33684142815034 0.05863355270282 o
9.00159463612198 -0.43717776536865 2.37564193506504 h
10.14996650969206 -1.79232730135396 -0.16739517057736 h
8.21250104242514 0.78619495519031 -2.87448413718423 h
4.37331419207826 3.00635910327289 -1.21317571409384 h
5.26366614191278 2.17097050512298 1.87913338055126 h
4.9639764285361 -2.44311823706652 0.67246409770551 h
4.09930322784061 -1.54041865208274 -2.41534453920473 h
1.63858564813115 -3.71608577713818 2.77802907202457 h
-2.42937781133898 -4.00993720258272 4.17878641400523 h
-2.53116091095081 -0.67535882095378 3.98646264541886 h
-5.72122838967483 0.60342635458215 1.82102502316622 h
-8.18537875125959 -2.59977261766112 -1.93632519448559 h
-9.17834339182393 2.86153689553826 -0.2987725563863 h
-11.02542646603136 1.14523645740048 -2.47710947793692 h
-12.56221159707101 -2.28915505689875 0.72823438586752 h
-3.0224646566754 0.88922251139635 -2.4258983729162 h
11.82781699801319 2.59023798068203 0.71458218676756 h
$user-defined bonds 
 
$end
