$vibrational normal modes
 1  1   0.0378264834  -0.1125874351   0.0131765203   0.2465134702  -0.0762034114
 1  2   0.0006057278  -0.0115758044  -0.0169600965   0.2074729045  -0.0898421981
 1  3  -0.0833198762   0.0075840187  -0.0733522569  -0.0365043280   0.0780596656
 1  4  -0.0388330491  -0.2340997694   0.0870069925   0.1364131695  -0.0001520051
 1  5   0.0113509908  -0.0125461672  -0.0158364234   0.0101719975  -0.0006561348
 1  6   0.0064097825   0.0370007100   0.0115174463   0.0693109402  -0.0055800451
 1  7  -0.0026782244  -0.0562291044   0.1117897375   0.0399151747   0.0071952186
 1  8   0.0104221514   0.0105039653   0.0157941564  -0.0065125027   0.0022191152
 1  9   0.0157655430   0.0282524283  -0.0109632381   0.0053537840  -0.0005401241
 1 10   0.0000717867  -0.0008230181   0.0546350993  -0.0012021013  -0.0000026338
 1 11  -0.0002252997   0.0001287405   0.0002764146   0.0002268769   0.0000306977
 1 12  -0.0000922262   0.0000121595   0.0490250090   0.0386225624  -0.0001074274
 2  1  -0.0000198393  -0.0945961573   0.2245196127  -0.1573350474   0.0686407223
 2  2  -0.0150280764  -0.0415159229   0.0121470421  -0.0090108868   0.0636640081
 2  3  -0.0186939030  -0.0315105603   0.0366952962   0.0593580088  -0.1113754368
 2  4   0.1085857701   0.0478034939   0.1251839052   0.1699355559   0.0181590980
 2  5   0.0126197853  -0.0430879855  -0.0529608535   0.0243228576  -0.0124379511
 2  6   0.0994529404  -0.1705100849  -0.0208943117   0.0634491136  -0.0579905327
 2  7   0.0146517703  -0.0161583745   0.0835228707   0.0016382220   0.0171936201
 2  8   0.0064624477  -0.0092195641  -0.0035007963  -0.0006137352  -0.0013960706
 2  9  -0.0048655991   0.0037565429  -0.0045089676   0.0099977599   0.0002102772
 2 10  -0.0005701355   0.0010401282   0.0389211486  -0.0054375335  -0.0000069576
 2 11   0.0000441584   0.0004991662   0.0006082646   0.0003713931   0.0000205790
 2 12   0.0002781883   0.0000122156   0.0047169985   0.0083230529   0.0000395285
 3  1   0.3381761274   0.1385939417  -0.0540349377  -0.0069379052   0.1654541531
 3  2  -0.0054381545  -0.1673912061  -0.0230135140   0.0569286538   0.0002555180
 3  3   0.1350732193   0.0435476988  -0.0075797598  -0.0905726490   0.0402245350
 3  4   0.0544168788   0.0637287567   0.0161594996   0.0012723374   0.0056163694
 3  5   0.0024184986  -0.0002142795  -0.0173895208   0.0057623660  -0.0083747261
 3  6   0.0086066151  -0.0072620158   0.0044037612   0.0107582355   0.0105198015
 3  7   0.0134209516  -0.0092808322   0.0867848681   0.0175674926   0.0322174188
 3  8  -0.0080691284  -0.0388451271  -0.0090648962   0.0010658513  -0.0146243637
 3  9  -0.0423246171  -0.0228647186   0.0505623965  -0.0443686508   0.0014564537
 3 10   0.0003080755   0.0009174180   0.0303563985  -0.0050474673   0.0000135753
 3 11   0.0000628817  -0.0005728541  -0.0012603853  -0.0009539176   0.0000261031
 3 12  -0.0002908264  -0.0000189845   0.0273188717  -0.0706156470  -0.0002631148
 4  1   0.0711993429  -0.0855109009   0.0608359793   0.1575010409  -0.1106086126
 4  2  -0.0122532749  -0.0431771911   0.0385706619   0.1078129588  -0.0539478031
 4  3   0.0249609730   0.0114279283   0.0098197771   0.0226679908  -0.0478775280
 4  4   0.1405284312  -0.0504118441   0.1255074255  -0.0749382293   0.0236609518
 4  5   0.0011738093  -0.1067539696  -0.0098584693  -0.0151585761  -0.0365202065
 4  6  -0.0806715335   0.0249382256  -0.0277616025   0.1152735723  -0.1111294508
 4  7   0.0048761103   0.0313278103  -0.2041929932  -0.0646304375  -0.0456319821
 4  8  -0.0240626476   0.0196843822  -0.0428376750   0.0266310874   0.0114602632
 4  9  -0.0391201397  -0.1390703034   0.0180824437  -0.0253215002  -0.0014509533
 4 10  -0.0070829654   0.0077954536   0.0177330282  -0.0176470487   0.0000037502
 4 11   0.0004903474   0.0032631472   0.0050382615   0.0029329556  -0.0000070986
 4 12   0.0011554664   0.0000060452   0.0009079842   0.0001516683   0.0000700323
 5  1   0.0483832318  -0.0945634864   0.1791065572  -0.1169985547   0.1111404852
 5  2   0.0387686172  -0.0720323947  -0.0107825512   0.0836716455   0.0663450271
 5  3  -0.0108636032  -0.0121817620  -0.0010679680  -0.0125164182   0.0033466840
 5  4   0.0599782422  -0.0059856067   0.0766093469   0.1573173207   0.0093090518
 5  5   0.0126191943   0.1256725299  -0.0243316403   0.0013779459   0.0166594116
 5  6   0.0851220795   0.1051948199   0.0051766705  -0.0960338855   0.1362128929
 5  7  -0.0494843014  -0.0075157533  -0.1775039615  -0.0234100092  -0.0529938966
 5  8  -0.0234914418   0.0509471184   0.0189366247  -0.0082904069   0.0080652950
 5  9   0.0610044389   0.0368543968   0.0494954830  -0.1128260228  -0.0025879993
 5 10   0.0075466649  -0.0167239486  -0.0193627872   0.0250863662  -0.0000092703
 5 11  -0.0005147804  -0.0045481121  -0.0060631028  -0.0033228562  -0.0000135082
 5 12  -0.0018183837  -0.0001017751  -0.0021287048  -0.0002892226   0.0001708658
 6  1   0.1762946282   0.1013995573  -0.0104050092   0.0182983448   0.1106454720
 6  2  -0.1168869435  -0.0705637811  -0.0393091041  -0.0275736333  -0.0445452661
 6  3  -0.0344236122  -0.0116259260  -0.0200324110   0.0265573466  -0.0591282395
 6  4  -0.1002459172  -0.0250030640  -0.0456673123   0.1197354547  -0.0230815952
 6  5  -0.0222793862  -0.2127292935   0.0194627467   0.0344047601  -0.0058848535
 6  6  -0.1290298033  -0.0541817187   0.0442161761  -0.1347390362   0.0104886845
 6  7   0.0188754055   0.0674284920  -0.0535073578  -0.0135332415  -0.0356218497
 6  8   0.0541014020   0.1014217568   0.0209862891  -0.0244154104   0.0229270625
 6  9   0.0760509230   0.0074811368  -0.0462938029   0.0247291716  -0.0043030260
 6 10   0.0023227748  -0.0048138279   0.0079127508  -0.0419891374  -0.0000259308
 6 11   0.0044448505   0.0404268378   0.0606315193   0.0374112121  -0.0005668512
 6 12   0.0097992101   0.0007192102   0.0014405906  -0.0020618339   0.0006682566
 7  1   0.0406345679  -0.0665995284   0.0880484108   0.1748049028  -0.1036357053
 7  2   0.0082026920  -0.0265810439  -0.0078892931   0.0495779326  -0.0610559749
 7  3  -0.0356573404  -0.0296901327   0.0402526252   0.0103611720   0.0040064946
 7  4   0.1828202130  -0.0003684059   0.0266279576  -0.1454330880   0.0320363278
 7  5  -0.0085185782  -0.0071483621  -0.0106290275   0.0251778874  -0.1070414002
 7  6  -0.0429612990  -0.0643546666  -0.0499647419  -0.1586869919   0.1326630022
 7  7  -0.1006216972   0.0102558208   0.0403579271   0.0205052909  -0.0176456630
 7  8   0.0315535257   0.0197229966  -0.0121002669  -0.0585331579  -0.0425869951
 7  9  -0.0417200204   0.0619370152   0.0769839870   0.0865911636   0.0085245755
 7 10  -0.0019827228   0.0237081166  -0.0049172305  -0.0144486674   0.0000091642
 7 11  -0.0018899478   0.0038754610  -0.0015255235  -0.0107456827   0.0040604934
 7 12   0.0366832871   0.0012207204  -0.0000735036  -0.0001276387   0.0000969033
 8  1  -0.0243745600  -0.1702458413   0.1097227852  -0.0335134557   0.1104863500
 8  2  -0.0334308077  -0.0118615895  -0.0129039071   0.2142535716   0.0266307055
 8  3  -0.0225169867   0.0523632806  -0.0654712092   0.0296646121   0.0136956801
 8  4  -0.1419280913   0.1710971291   0.0094672957  -0.0016223371  -0.0071896850
 8  5  -0.0115417400   0.0291435172  -0.0558303242  -0.0690515982   0.0250449083
 8  6  -0.0127901297   0.0418054643  -0.0616039598  -0.0812541344  -0.0968568625
 8  7  -0.0765948295   0.1504051282   0.0484261878  -0.0146012438  -0.0114084849
 8  8   0.0647427514  -0.0050024955  -0.0341799279   0.0153324108   0.0050325137
 8  9  -0.0708558186   0.0035106522   0.0308383205   0.0452003775   0.0059323665
 8 10   0.0343815724  -0.0425457959   0.0021731189  -0.0026275645  -0.0000236095
 8 11   0.0057798675  -0.0144653213   0.0050429855   0.0228234134  -0.0085759912
 8 12  -0.0640550549  -0.0026948474   0.0001339395   0.0000344516   0.0000254087
 9  1   0.0942175845   0.1352293453   0.0438251501   0.0707059819   0.1269467828
 9  2  -0.0789366176  -0.0520012937  -0.1412754827  -0.1396695208  -0.0908025207
 9  3  -0.1813480339  -0.0829709193   0.0170837604   0.0009272400   0.0620311927
 9  4   0.0168531317   0.0599801672  -0.0314786148   0.0415232894  -0.0144378370
 9  5  -0.0072561751  -0.0422859369   0.0590101089  -0.0455567937  -0.0043547552
 9  6   0.0217120338   0.0310931551  -0.0876646553   0.1004337798  -0.0432434668
 9  7  -0.0828634433   0.0103588650  -0.0676594820  -0.0026111351   0.0229697122
 9  8  -0.0138256359  -0.1073247334   0.0188432151  -0.0246577756  -0.0427424192
 9  9   0.0078107731   0.0070939614  -0.0047167888  -0.0071938844  -0.0017727640
 9 10   0.0299619642  -0.0456823165   0.0012329975   0.0053803826  -0.0000598295
 9 11   0.0103006859  -0.0592850496   0.0190314683   0.0231798205  -0.0006762648
 9 12   0.0490263197   0.0028646487   0.0001662708   0.0002368863  -0.0001330535
10  1   0.0737100555  -0.0395686945   0.1356002486   0.0862982961  -0.1378441219
10  2  -0.0045028975  -0.0476423023  -0.0055078795   0.0836753171   0.0957873016
10  3  -0.0397133356  -0.0133268179  -0.0273490004   0.0269472264  -0.0013141547
10  4   0.1150486652   0.0509534012  -0.1992520756   0.0120612766  -0.0074488640
10  5  -0.1164876684   0.0167399408   0.0179296371   0.0083047083  -0.0302731774
10  6   0.0385074301   0.0295429006  -0.0186713334  -0.1634837913  -0.1103634047
10  7   0.0770685858  -0.1325924077  -0.0095699424  -0.0034255628  -0.0052218290
10  8   0.0336528208  -0.0151376796  -0.0130966993   0.0258887405  -0.0351150674
10  9  -0.0653417922   0.0187322990  -0.1143078161  -0.0799337974  -0.0054124499
10 10   0.0109658518   0.0202407893   0.0020539239   0.0034958466  -0.0001297133
10 11   0.0217599638   0.0085467944  -0.0181474556   0.0156389257  -0.0078321783
10 12   0.0052943273  -0.0000552418   0.0000007899  -0.0000086491   0.0000415722
11  1   0.0225642974  -0.1753473414   0.0563414702   0.0153840079   0.1559918594
11  2   0.0193266601  -0.0030962698   0.0340185469   0.1502279699  -0.1464729659
11  3  -0.0714990221  -0.0209058869   0.0337471706   0.0056368661   0.0306165712
11  4  -0.1281127649   0.1989456134   0.0432232149  -0.1185312837   0.0011992299
11  5   0.0477032785   0.0008376900  -0.0140346883  -0.0017790978   0.0382894855
11  6  -0.0486917437  -0.0583362347   0.0516544068   0.0612387422   0.0887756781
11  7   0.0765472209  -0.1436914195  -0.0567943020   0.0044792667   0.0204788750
11  8   0.0016755441   0.0205842369  -0.0106181816  -0.0715179387  -0.0202322294
11  9  -0.0403900853  -0.0015249547  -0.0596821926  -0.0286339723  -0.0111250192
11 10  -0.0523370102  -0.0348719395   0.0005324714  -0.0020927991   0.0001230738
11 11  -0.0479234770  -0.0162545809   0.0345538812  -0.0284267943   0.0132989822
11 12  -0.0103222573   0.0009779480  -0.0000841191  -0.0001219031  -0.0001000171
12  1  -0.0745907701   0.1021537440   0.0928019478   0.1013152613   0.0745713596
12  2  -0.1849170361  -0.0334343660  -0.2592615803  -0.0449541476   0.0729108492
12  3  -0.0460704900   0.0686678826  -0.0869720441   0.0345751613   0.0331910194
12  4   0.0900720376   0.0700853688   0.0455593013  -0.0773181091   0.0071326943
12  5  -0.0018553187   0.0079487637   0.0334509033   0.0122905380  -0.0505618773
12  6   0.0565454138   0.0079066947   0.0658568933   0.0684511595   0.0410536427
12  7   0.1008202766   0.0585911512   0.0431417370  -0.0126254967  -0.0485557267
12  8  -0.0499242361   0.0870571081  -0.0131189833   0.0383781191  -0.0162739608
12  9  -0.0322220073   0.0282074880   0.0077081859   0.0048540373   0.0068811718
12 10  -0.0396878020  -0.0346804679  -0.0023704938  -0.0031973198  -0.0003472518
12 11  -0.0406621369   0.0107653851  -0.0409428541   0.0548120398  -0.0196982525
12 12   0.0133051370   0.0083035071  -0.0001140358  -0.0000188690   0.0001989272
13  1   0.0450822714  -0.0237838263   0.1579624340   0.1053382425  -0.1302307703
13  2   0.0142738789  -0.0295523672   0.0197141287   0.1275697163   0.0693157039
13  3   0.0084450556  -0.0437330868   0.0507595685  -0.0017248991  -0.0120110939
13  4   0.0181845485   0.0474750878  -0.2222923061   0.0272192173  -0.0171415498
13  5  -0.1485030844   0.0242278974   0.0064888942   0.0374187140   0.0496346778
13  6   0.0126496991  -0.0162725230   0.1063555232   0.1710520350   0.0409542565
13  7  -0.0567125485   0.1222474553   0.0239510290  -0.0062192344  -0.0174205786
13  8  -0.0520755377  -0.0029798544   0.0033580533  -0.0765965122   0.0726779001
13  9  -0.0128501347   0.0028924548   0.0143436727   0.0060126785  -0.0483692707
13 10   0.0004501127   0.0014697943  -0.0002539464  -0.0004905290  -0.0004383824
13 11   0.0025358867   0.0007116158  -0.0036042058   0.0049920758   0.0230922917
13 12  -0.0025534972   0.0319771052   0.0000096197  -0.0000080891  -0.0000007786
14  1  -0.0455313870  -0.2492643444  -0.0142093288   0.0993964109   0.1579580163
14  2  -0.0478930613   0.0041829509  -0.0809670029   0.0406507846  -0.1363569473
14  3   0.0539181638  -0.0015310317   0.0566372953  -0.0040684006  -0.0221038720
14  4   0.0520677255   0.0111515262  -0.1384568336   0.0016607363  -0.0075825204
14  5   0.2742851274  -0.0384470790   0.0688588631   0.1369672537   0.0119876625
14  6   0.0653862160   0.0402898096   0.0291468504  -0.0330004283  -0.0707451432
14  7  -0.0246429374   0.0074822143   0.0008229504   0.0009736115   0.0106264710
14  8   0.0123371925  -0.0126792119   0.0068110885   0.0630912855  -0.0356558932
14  9   0.0405641049  -0.0107398151   0.0293176597   0.0176503210  -0.0413777546
14 10  -0.0065015169  -0.0048320176   0.0004386639   0.0006745920  -0.0004173197
14 11   0.0042672709   0.0001948135  -0.0037260936   0.0059370350   0.0364469800
14 12  -0.0051201400   0.0588640117   0.0000356397   0.0000336901   0.0000102656
15  1  -0.1510514231   0.1388807088   0.1464975621   0.1540553314   0.0941187766
15  2  -0.1402195605   0.0139168353  -0.1991291579   0.0569179527  -0.0227624677
15  3   0.0972474784   0.0049966352   0.1008749275  -0.0359300945  -0.0095614293
15  4  -0.0709080556  -0.0315816969   0.0894746611  -0.0057792936   0.0059372833
15  5  -0.1870683789   0.0229873834  -0.0205715974   0.0237933249   0.0202111434
15  6  -0.0163575529  -0.0098192746   0.0513153924  -0.0651552097  -0.0585547823
15  7  -0.0698438474  -0.0832255431  -0.0549952792   0.0140176189   0.0778420624
15  8   0.0335523615  -0.0181649323   0.0044954626   0.0104241352   0.0383985396
15  9   0.0055634997  -0.0058260877   0.0050030022  -0.0011401595   0.0524319408
15 10   0.0014271134  -0.0004136897   0.0002933888  -0.0001943144  -0.0010451271
15 11   0.0036661964   0.0001357771   0.0084262286  -0.0165975213  -0.0489179426
15 12  -0.0012179299   0.0666274722  -0.0000008230   0.0000316766  -0.0000347150
16  1   0.0638983508  -0.0859071320   0.0593703387   0.1688535121  -0.1061846519
16  2  -0.0083426064  -0.0166387379  -0.0205560840  -0.0867097396   0.2558637883
16  3   0.0212801244  -0.0499742892   0.0157025812  -0.0149419590   0.0167027955
16  4  -0.1188502163   0.0306711563   0.0534089600  -0.0144285771   0.0009557234
16  5   0.1004376915  -0.0120258155   0.0044057229  -0.0054840171  -0.0113417229
16  6   0.0034250901  -0.0000168317   0.0069654712  -0.0056883511  -0.0021993794
16  7  -0.0032569852  -0.0066027882  -0.0044081972   0.0008268479   0.0045248214
16  8   0.0034182589  -0.0000708681  -0.0003129562   0.0015656295  -0.0005343102
16  9  -0.0000470443  -0.0002822117  -0.0001633494  -0.0000205162   0.0012281879
16 10  -0.0004215734  -0.0001567338   0.0000147775   0.0001050876   0.0017434182
16 11  -0.0000942958  -0.0000430199   0.0001154235  -0.0001589169  -0.0002096129
16 12   0.0000935102   0.0000320072  -0.0000019247   0.0000016114  -0.0000050942
17  1   0.0046401248  -0.2606397073  -0.0820455576   0.1629466593   0.2115487457
17  2   0.0091763739   0.0477233125   0.0225042294  -0.1414375061   0.0188444939
17  3   0.0332132734  -0.0036563665  -0.0246260799   0.0068076186  -0.0047507126
17  4   0.0381290850  -0.0195757235  -0.0137689817   0.0147863244  -0.0001579404
17  5  -0.1379420842   0.0178784664  -0.0161032084  -0.0119724942   0.0156839866
17  6  -0.0152283856  -0.0059659222  -0.0157961059   0.0148498622   0.0185246044
17  7   0.0148360860   0.0023116415   0.0040125057  -0.0018444238  -0.0151334764
17  8   0.0070080583  -0.0074348005   0.0007209016   0.0031002453   0.0005479987
17  9   0.0018308737  -0.0003364217   0.0009808033   0.0003288489  -0.0026193332
17 10   0.0004264401   0.0005478449   0.0000092898   0.0000531789   0.0080481914
17 11   0.0001226599   0.0000592399  -0.0001213493   0.0000950889   0.0000346160
17 12   0.0000958897  -0.0001055668  -0.0000009552  -0.0000004968   0.0000045183
18  1  -0.0569246497   0.2331454397   0.1653954131   0.1939928021   0.1867723048
18  2   0.0548051104   0.0974290964   0.1602540333   0.0187223202   0.0381803342
18  3   0.0024542283   0.0093586484  -0.0125584626   0.0044440018  -0.0019817485
18  4   0.0135463970  -0.0000548978  -0.0143475298   0.0019397717  -0.0014913572
18  5   0.0580415386  -0.0077221902   0.0054699059   0.0068845113   0.0014801094
18  6   0.0026418206   0.0046744907  -0.0161086835  -0.0045664922   0.0009944716
18  7   0.0140481191   0.0013859736   0.0066595392  -0.0023165798  -0.0153483635
18  8  -0.0006517834  -0.0073282743   0.0007844986  -0.0059361846   0.0044052605
18  9   0.0007206973  -0.0007782081   0.0004156709   0.0001487837   0.0016562816
18 10   0.0005452314   0.0001636123   0.0000011474   0.0000161856   0.0303439077
18 11   0.0000611895  -0.0000483816   0.0001564757  -0.0002195154  -0.0003508701
18 12  -0.0000114819   0.0003693360   0.0000004129  -0.0000009150   0.0000079970
19  1   0.0621250850  -0.0330441033   0.1448715233   0.0938022572  -0.1348399998
19  2   0.0031227793  -0.0206835568   0.0230581871  -0.0762193317  -0.1308516237
19  3   0.0329284790   0.0216679825   0.0046705866   0.0245997029  -0.0539749197
19  4   0.0684157838  -0.0000251801   0.0875884218  -0.0540027769  -0.0177879254
19  5   0.0082615649  -0.0572395333   0.1767238139  -0.1104484218   0.2156288025
19  6   0.0490478015   0.0207495012   0.0324898723  -0.0525844755   0.0022495913
19  7   0.0139290662   0.0183084212   0.0610182064  -0.0395960773   0.0199206391
19  8   0.0323803668   0.0051789989  -0.0307016709  -0.0178296547  -0.0015486938
19  9   0.0250445902   0.0422370765   0.0115951542  -0.0186958229   0.0005842711
19 10  -0.0032514069  -0.0020086564  -0.0015969957   0.2930762272   0.0000147941
19 11  -0.0000591668  -0.0006270400  -0.0000517409   0.0001094792  -0.0001232350
19 12  -0.0005612999  -0.0000250857  -0.0001941572  -0.0000930065  -0.0015428814
20  1   0.0178194268  -0.0842471341   0.2265949018  -0.1621656644   0.0756624843
20  2   0.0036146585  -0.0350047299   0.0057551371  -0.0177022298   0.0383457956
20  3  -0.0000543677  -0.0094706687  -0.0008123741  -0.0245123501   0.0208776676
20  4   0.0344694398  -0.0897019509   0.0285810944  -0.0048999177  -0.0101695749
20  5   0.0109989712   0.1037298646   0.1728225761  -0.0224570965   0.0364892925
20  6  -0.0888871881  -0.0053756059   0.0206716643  -0.0292460929  -0.0031562503
20  7   0.0229031981   0.0359270801  -0.0297664206   0.1883781595  -0.0127245324
20  8  -0.0133111279  -0.0053501609   0.1381525037   0.0181836219  -0.0051090568
20  9  -0.0827348995  -0.0696926044  -0.0296971617   0.0655444557   0.0007316277
20 10  -0.0000969125   0.0099806858   0.0010305226  -0.1698204536   0.0000094263
20 11  -0.0004642885   0.0012859769   0.0013681978   0.0005674008   0.0000975815
20 12   0.0001703059   0.0001151348  -0.0001200303   0.0000758937   0.0018543182
21  1   0.0793030254   0.0212271641  -0.0195415055  -0.0101026231   0.0293655475
21  2  -0.2874397100   0.0245514043   0.0596936207   0.0057791158  -0.0150929839
21  3  -0.0132998567  -0.0077952781  -0.0071828118   0.0427828040  -0.0746479243
21  4  -0.0862362247  -0.0716713976  -0.0388692438  -0.0494403099   0.0089862944
21  5   0.0013628243   0.0437123398  -0.0987139971   0.0208081083  -0.0374701000
21  6   0.0597537806   0.0163302813  -0.0102860213   0.0032530794   0.0246143240
21  7  -0.0071051617  -0.0059785892  -0.0355567247   0.0961443860  -0.0135094307
21  8  -0.0222739885  -0.0072450504   0.0662339866   0.0122342950  -0.0034355554
21  9  -0.0457179220  -0.0386408242  -0.0055728930   0.0284286332   0.0010411191
21 10  -0.0060501677   0.0089628566   0.0032079203   0.6219698928   0.0000176091
21 11  -0.0001225806   0.0010638678   0.0026173041   0.0020456013  -0.0002263950
21 12   0.0006592112   0.0001173827   0.0001224914   0.0000588102  -0.0024620928
22  1   0.0072626829   0.0037465545   0.1983298699   0.1206811291  -0.1239213784
22  2   0.0404053425  -0.3188196702   0.0438040569  -0.1943795408  -0.2273839711
22  3   0.0383213488   0.0563687808  -0.0365375070   0.0520820256  -0.0515068198
22  4  -0.1357858177   0.0026154651  -0.0241481993   0.0019791093  -0.0191750866
22  5   0.0057254158   0.0821060108  -0.0674233143   0.0170216116  -0.0308927820
22  6   0.0422152831   0.0131936025  -0.0095548310   0.0068175337   0.0189488526
22  7  -0.0106028256  -0.0126508764  -0.0101529139   0.0301056696  -0.0050704517
22  8  -0.0159233724  -0.0091310680  -0.0177366532   0.0083932177   0.0023438363
22  9  -0.0025115003  -0.0078952122  -0.0069495040   0.0061943904  -0.0003081025
22 10   0.0029375383  -0.0010552600  -0.0000394397  -0.1773615112  -0.0000085599
22 11  -0.0000074629  -0.0000476665  -0.0002498355  -0.0001910964   0.0000307558
22 12  -0.0000352199   0.0000022037  -0.0000723818   0.0000085793   0.0005453086
23  1  -0.0945092861  -0.1184978521   0.2697888404  -0.1906547955   0.0056040380
23  2  -0.1173153259  -0.0921237594   0.0898562240  -0.1016330790  -0.0025441394
23  3   0.0181889076   0.0072267010  -0.0140214453  -0.1032618520   0.1674665294
23  4   0.0225579970  -0.0551938117  -0.0409603226  -0.0617819014  -0.0134766365
23  5  -0.0192481982  -0.1938383471  -0.0686888450   0.0072709228  -0.0075469015
23  6   0.0037151744  -0.0041323747  -0.0000306652   0.0043897720  -0.0109414829
23  7   0.0038013004   0.0037811113  -0.0028627313  -0.0235677071   0.0012903821
23  8   0.0069758671   0.0046500875  -0.0112684819  -0.0053864847  -0.0004742444
23  9   0.0113098819   0.0099271093   0.0062731872  -0.0103408473  -0.0000506603
23 10  -0.0007554690  -0.0006775642   0.0005235117   0.0929945491  -0.0000086082
23 11   0.0000750520  -0.0001197458  -0.0001039288   0.0000128897  -0.0000443078
23 12   0.0001261573  -0.0000227022  -0.0000904820   0.0000730024  -0.0003490322
24  1   0.0799993722  -0.0022177797  -0.0341144095  -0.0279580389   0.0098482500
24  2  -0.3292782792   0.1450609094   0.0676826359   0.0404578644   0.0186444042
24  3  -0.0119102420  -0.0195878839   0.0072644090   0.0133438221  -0.0472442771
24  4  -0.0007280634  -0.0700784470  -0.0051625702  -0.0957637083   0.0098820016
24  5  -0.0016563473  -0.0689136964  -0.0509259706  -0.0378041312   0.0813349297
24  6   0.1222640827   0.0281578454   0.0011070226  -0.0219819401   0.0373588356
24  7  -0.0117013255  -0.0107174380  -0.0040372084   0.0652369816  -0.0057737476
24  8  -0.0190835741  -0.0148620901  -0.0618472886   0.0099364745   0.0054972761
24  9   0.0098713436   0.0013381082  -0.0107048266   0.0050173053  -0.0005795438
24 10   0.0045732067  -0.0029622792  -0.0024360299  -0.3875244964  -0.0000219366
24 11  -0.0000100746  -0.0000859605  -0.0007776458  -0.0007253587   0.0001144984
24 12  -0.0003985790  -0.0000533300  -0.0001155847   0.0000108090   0.0011952615
25  1   0.1184755746  -0.0277205849   0.1598561592   0.0028534021  -0.1702566886
25  2  -0.0266107244   0.4695147920  -0.0380487604  -0.1047495554  -0.1562866906
25  3   0.0442859792   0.0428606262  -0.0205041976  -0.0208927677   0.0445744026
25  4  -0.0277608443   0.1073591602  -0.0040209655   0.0999053658   0.0576003018
25  5   0.0006051179   0.0173219137  -0.0167381223   0.0170962138  -0.0278432888
25  6  -0.0058799967   0.0006987647  -0.0023177440   0.0018007010   0.0062781111
25  7  -0.0048932591  -0.0027300479  -0.0092146485  -0.0197464059  -0.0029182466
25  8  -0.0021389265   0.0057303801   0.0427732461   0.0027770167  -0.0001225294
25  9  -0.0119018448  -0.0129694033  -0.0012081624   0.0037877203  -0.0001293688
25 10  -0.0001308282   0.0002830626  -0.0000158421  -0.0270136236  -0.0000017757
25 11   0.0002488138   0.0001992685  -0.0000968397   0.0001356793  -0.0000195688
25 12   0.0001117983   0.0000011612   0.0000327023   0.0000562574  -0.0241784157
26  1   0.1218638787  -0.0352252690   0.2180660822  -0.1687369394   0.1260935555
26  2   0.1136441728   0.1189963676  -0.0953065866  -0.0053191007   0.0286329387
26  3  -0.0106665662  -0.0053274147  -0.0172300997   0.0301806616  -0.0502521374
26  4  -0.0894812280  -0.2049802819  -0.0583927295  -0.1372129719   0.0337927051
26  5   0.0073899015   0.0927047466   0.0331831355   0.0101093118  -0.0449534967
26  6  -0.0582969436  -0.0124545578  -0.0101991238   0.0399138682  -0.0307023792
26  7   0.0021125923  -0.0081527025   0.0202153162  -0.0371736757   0.0083097071
26  8   0.0041614856  -0.0100862055  -0.1151116679  -0.0067493616   0.0032018678
26  9   0.0401937203   0.0322323279   0.0098343010  -0.0227509151  -0.0000430862
26 10  -0.0010462371  -0.0032484779  -0.0000216930   0.0376605976  -0.0000008597
26 11   0.0002765519  -0.0002846673  -0.0004042572  -0.0002196623  -0.0000123565
26 12  -0.0000472319  -0.0000627634   0.0000014419  -0.0000391201   0.0183756431
27  1  -0.0132236187  -0.0248083412  -0.0097030121  -0.0143058588  -0.0226947439
27  2  -0.3955584687  -0.0655046762   0.1472319765  -0.0086814949  -0.0082702115
27  3  -0.0022580527  -0.0103744349   0.0038757469  -0.0199514635   0.0062862454
27  4   0.0168098741   0.0180883360   0.0200619992   0.0478372527  -0.0171733167
27  5   0.0165379103   0.1993158642   0.0992821823   0.0161129347  -0.0509913378
27  6  -0.1013690139  -0.0146280828  -0.0035674186   0.0252731730  -0.0233642697
27  7  -0.0014776171  -0.0103173747   0.0366800056  -0.1099074131   0.0127843456
27  8   0.0128697677   0.0036689274  -0.0255360107  -0.0076269625   0.0002083208
27  9   0.0199311227   0.0195652293   0.0075368421  -0.0146721873  -0.0001189214
27 10  -0.0003191831  -0.0025546423  -0.0001512343  -0.0321891202  -0.0000174838
27 11   0.0000728578  -0.0003184549  -0.0007401891  -0.0004430588   0.0000158779
27 12  -0.0001043252  -0.0000426150  -0.0001429657   0.0000839202  -0.0541426130
28  1  -0.0135742815  -0.0829784616   0.0553823155   0.2788372207  -0.0632452753
28  2   0.0345708225  -0.0255521701  -0.0916408165   0.1330867562  -0.1482940522
28  3  -0.2267719434  -0.0498533848  -0.2858837740  -0.6052077266  -0.4228513295
28  4  -0.0777691190  -0.1144211301   0.0291169466   0.1130342031  -0.0106813823
28  5   0.0137558846  -0.0086817984  -0.0205762222   0.0416731108   0.0167278135
28  6   0.0895692453  -0.2860751961   0.0284279693  -0.1221254650   0.0203795849
28  7   0.1208510705   0.1241442873  -0.0130559745  -0.0705129919   0.0982154052
28  8  -0.0536615355  -0.1402110793  -0.0634370887   0.0262510592  -0.0308709967
28  9  -0.1216767591  -0.1330859215   0.0754597744  -0.0603846948   0.0020184094
28 10  -0.0046247297   0.0081348654  -0.6628559663   0.0255976451  -0.0000790901
28 11   0.0005065004   0.0048944405   0.0012282951  -0.0007774649   0.0003158824
28 12  -0.0011019662  -0.0002873300  -0.0704890269   0.1061893736   0.0001347444
29  1  -0.1054681572  -0.1361065995   0.2480375518  -0.1662483356   0.0106965996
29  2  -0.1274786403   0.0453142466   0.0429685243  -0.0583928827   0.0623513723
29  3  -0.0852787469  -0.0569217864   0.1485385711   0.4782928412  -0.0194429931
29  4   0.0194551368  -0.0677917176   0.1348230531   0.3536828066   0.0048509111
29  5  -0.0220020617  -0.4581407241  -0.1092194643   0.0820799129  -0.0880779264
29  6  -0.4591852108   0.4724723918   0.2040647991  -0.1276567507   0.2760375288
29  7   0.1766325999   0.0318923590   0.3924687150  -0.0161131703   0.2486647920
29  8  -0.1161636892  -0.3066621193  -0.0970966834   0.0362954005  -0.0747321085
29  9  -0.2324893114  -0.1382034266   0.2083253448  -0.1792701011   0.0072543315
29 10  -0.0088518203   0.0150428837  -0.2609225531  -0.0486829727   0.0000531066
29 11  -0.0005131641  -0.0023392088  -0.0059281399  -0.0043689657   0.0000993254
29 12  -0.0024496755  -0.0001639948   0.0384042938  -0.0515905745  -0.0002985629
30  1   0.3371498542   0.1307427181  -0.0583992998  -0.0125034070   0.1587339532
30  2  -0.0197973245  -0.1580416833  -0.0092277117   0.0637536822   0.0085209761
30  3   0.1510065503   0.0500097623   0.0328577726   0.0270462227   0.1218168706
30  4   0.0527518064   0.0359622885   0.0258249904   0.0198562836   0.0063364528
30  5   0.0002348579  -0.0284770873  -0.0194809324   0.0060054858  -0.0147042047
30  6  -0.0315495031   0.0563307228   0.0143547904   0.0224414046   0.0217587271
30  7   0.0096406847  -0.0244874877   0.1181571564   0.0272315446   0.0347146896
30  8  -0.0061658650  -0.0369966332  -0.0050523234  -0.0008127474  -0.0142689330
30  9  -0.0377441655  -0.0136820939   0.0487944659  -0.0446552190   0.0014110033
30 10   0.0001299098   0.0007533888   0.0884733237  -0.0111087400   0.0000045292
30 11   0.0012964758   0.0082441803   0.0140209189   0.0085476381   0.0000475816
30 12   0.0026765403   0.0002096502  -0.7065243047   0.6895224627   0.0030792364
31  1   0.0592432631  -0.1268176520  -0.0074784028   0.2358269807  -0.0805397584
31  2  -0.0139221844  -0.0095605460   0.0160733069   0.2424605418  -0.0688004521
31  3  -0.0215464458   0.0348767859   0.0166555229   0.2116177450   0.3245904102
31  4  -0.0352871195  -0.3123815780   0.1086532754   0.1586563570   0.0016826270
31  5   0.0180433988   0.0407931873   0.0116213018  -0.0014306631   0.0177148896
31  6   0.1192902115  -0.1277391686  -0.0384239910   0.1178867887  -0.0952538393
31  7  -0.0295466433  -0.0536360039   0.0335814999   0.0249912644  -0.0381500437
31  8   0.0346941792   0.0659254419   0.0243546472  -0.0081317132   0.0223899628
31  9   0.0670747737   0.0358691587  -0.0917080371   0.0770319873  -0.0025418764
31 10  -0.0027560030   0.0010359254  -0.2570575427   0.0188895267  -0.0000075273
31 11   0.0003250249   0.0003707420  -0.0012880042  -0.0008393678   0.0001121705
31 12  -0.0004229822   0.0001240111  -0.6179156211  -0.6414212232  -0.0001841876
32  1   0.0508623904  -0.0437675878   0.2692223885  -0.2117198435   0.0708528944
32  2   0.0357041552  -0.0893583957   0.0062335522  -0.0926220385   0.0804001076
32  3   0.0348495315  -0.0458043486  -0.0107458198  -0.2594529019  -0.5021450434
32  4   0.3096090440   0.3980311829   0.1449314326  -0.1113646895   0.0458841270
32  5  -0.0084680761  -0.1536652809  -0.1556501738  -0.0271399869  -0.1196481958
32  6  -0.2527052247   0.6246054328  -0.0337673326   0.4717622060  -0.1603727849
32  7  -0.1899532916  -0.3296496960   0.3542663472   0.2016157626  -0.1185927567
32  8   0.1427816121   0.2222108512   0.1060683683  -0.0568758141   0.0475590406
32  9   0.2012971263   0.1899408929  -0.1978369561   0.1812929900  -0.0052936669
32 10   0.0013663807  -0.0033925332  -0.1649638993  -0.0048309646  -0.0000236164
32 11  -0.0002987939   0.0030206656   0.0028292692   0.0009578240   0.0003468908
32 12   0.0017572013   0.0000715982  -0.0783002160  -0.0625157371  -0.0005504612
33  1   0.3948834009   0.1179729779  -0.0898255196  -0.0410773629   0.1564945698
33  2  -0.0267242275  -0.1729300189   0.0474760372   0.1164059685   0.0498604907
33  3   0.2800585618   0.0997814871   0.1782590100   0.3835263250   0.4919596352
33  4   0.1032305504  -0.0301256575   0.0654194571  -0.0117320020   0.0150635647
33  5   0.0103394733   0.0820150194   0.0167820597  -0.0309578815   0.0041524245
33  6   0.1403317189  -0.1172637081  -0.0936685077   0.1989380791  -0.1772756563
33  7  -0.0942570376  -0.0856775105  -0.0005942201   0.0411903092  -0.0939122494
33  8   0.0737140290   0.1341706537   0.0384941689  -0.0180737191   0.0386795760
33  9   0.1178462413   0.0465270701  -0.1556179519   0.1310411136  -0.0041661373
33 10  -0.0054224728   0.0029897683  -0.6166728380   0.0320732842   0.0000191095
33 11  -0.0010143832   0.0031770288   0.0015543993   0.0008674243   0.0000926256
33 12  -0.0007739604   0.0000052778   0.3211268965   0.2974983254   0.0003014821
34  1   0.1269129719  -0.1176293536   0.0150481620   0.1225019773  -0.1246399370
34  2  -0.0490732476  -0.0526922898   0.1237285407   0.2132085695  -0.0113728158
34  3   0.1614786519   0.0728674789   0.0010024626   0.0237057852  -0.0982346827
34  4   0.1236309148  -0.0830815714   0.1722014421  -0.1360083388   0.0778560549
34  5   0.0203669192   0.0036395156  -0.2137790220   0.0292351778  -0.0939028388
34  6  -0.0697038142   0.0664041051   0.0702479179   0.0859745627  -0.1771571348
34  7   0.4516892251   0.4440790769  -0.4712960148   0.0290214947   0.2779536822
34  8   0.0256295526  -0.3334350013   0.3118011134  -0.1181415979  -0.1166979729
34  9   0.1387876759   0.6594516372  -0.0880516907   0.1094336995   0.0104406737
34 10   0.0214447105  -0.0375527244   0.0000865577  -0.1421979841   0.0001549875
34 11  -0.0058655766  -0.0407376532  -0.0579950627  -0.0334414698  -0.0002756269
34 12  -0.0058922125   0.0001666311  -0.0002070610   0.0009908793   0.0003665388
35  1   0.1631989993  -0.0468617623   0.1580560081  -0.1120642466   0.1721389136
35  2   0.1609218015  -0.1467966909  -0.0472800669   0.1176277730   0.0753749994
35  3   0.0456972235   0.0018980363  -0.0035035059  -0.0988317932   0.0644138508
35  4   0.1399263427   0.0186349117   0.1188253155   0.2065545057   0.0137824783
35  5   0.0204634278   0.0822627127  -0.0103791147   0.0011207195   0.0457829313
35  6   0.0613108464   0.1592286194   0.0519370697  -0.1829942367   0.3363507258
35  7  -0.0254806101  -0.0326105721  -0.1013304283  -0.4183466425   0.0766005886
35  8  -0.2904920943  -0.2449934136  -0.2846913432   0.2141100747   0.1061049055
35  9  -0.0237346899  -0.0711141237  -0.5082849601   0.6949682371  -0.0004329264
35 10  -0.0160174007   0.0382713784   0.0581795277   0.2302453336  -0.0000346149
35 11   0.0045045322   0.0440921647   0.0645270815   0.0399293669  -0.0009186637
35 12   0.0113639685   0.0009378381   0.0017993492   0.0002691164   0.0012571740
36  1   0.1816174488   0.1078044221  -0.0086816848   0.0213644343   0.1167839281
36  2  -0.1039325398  -0.0758804283  -0.0491008622  -0.0327397423  -0.0471930100
36  3  -0.0402536435  -0.0157023164  -0.0200818823   0.0161586716  -0.0508646061
36  4  -0.0899180866  -0.0186701073  -0.0442721989   0.1301724659  -0.0251038721
36  5  -0.0222859865  -0.2212634825   0.0359063719   0.0312900767  -0.0014453133
36  6  -0.1303569401  -0.0563587482   0.0381571662  -0.1341331970   0.0291242480
36  7  -0.0150712597   0.0334629371  -0.0280059732  -0.0381830626  -0.0524202951
36  8   0.0271101868   0.1037582041  -0.0326252795   0.0048767472   0.0393229701
36  9   0.0542071782  -0.0700014866  -0.0950459074   0.0922279078  -0.0052020083
36 10  -0.0023645233   0.0028975163   0.0164417168   0.0182786921   0.0002837178
36 11  -0.0526384271  -0.4935659006  -0.7217594248  -0.4456817744   0.0091627108
36 12  -0.1104916079  -0.0090264942  -0.0108412852   0.0149171240  -0.0001883108
37  1   0.0475715153  -0.1048756607   0.0267776587   0.2208074798  -0.0861405923
37  2  -0.0031878211  -0.0084123399   0.0303837046   0.0858573072  -0.1588095808
37  3  -0.0298525934  -0.0144650962   0.0442747023   0.0179791162  -0.0234550692
37  4   0.0937140350   0.0883713288   0.0820360410  -0.2968819507   0.0211023440
37  5   0.0470864276  -0.1671919188   0.0081486232  -0.0365243958  -0.0474566993
37  6  -0.3169302912  -0.2753905822  -0.0796228794  -0.1199092926   0.0922657966
37  7  -0.2526460053  -0.0315555469   0.2010973979   0.0744085002  -0.1047773506
37  8  -0.4530942529  -0.1370913857   0.2310327042   0.4206144377   0.2225341433
37  9   0.1851747335   0.2409645236  -0.1734451520  -0.3445039944  -0.0062829452
37 10   0.0214405263  -0.0574993188  -0.0138282693   0.0527290383  -0.0000924374
37 11   0.0405715074  -0.1132092093   0.0347472784   0.1626717233  -0.0566034863
37 12  -0.4125262317  -0.0155454763  -0.0006278679  -0.0006182781  -0.0005159821
38  1  -0.0011658391  -0.1758204199   0.0777739001  -0.0035204798   0.1355379914
38  2  -0.0069953900  -0.0049921643   0.0116365735   0.1944562082  -0.0724255716
38  3  -0.0555095903   0.0179158283  -0.0177248163   0.0164839000   0.0291829728
38  4  -0.1501033558   0.2034178215   0.0539523400  -0.0887185409   0.0009010925
38  5   0.0690168469   0.0625254488  -0.1807088302  -0.1127090347   0.1280316620
38  6  -0.1857054951  -0.0581286401  -0.0252379355  -0.1156242014  -0.1638917055
38  7  -0.1119372963   0.1833732130   0.1655493875   0.0075999439  -0.0723049092
38  8  -0.1681969912  -0.0343445794   0.0805736525   0.2976192734   0.1742723640
38  9   0.0415027314   0.1065663202  -0.0902006061  -0.1908918394   0.0099832264
38 10  -0.0825577217   0.0947461233  -0.0011355541   0.0126506052   0.0006040720
38 11  -0.0735743757   0.2076850878  -0.0718628882  -0.2962684090   0.1012828253
38 12   0.7619759621   0.0270889476   0.0003332690  -0.0002294078   0.0004369434
39  1   0.1670984162   0.1921758382   0.0486817120   0.0895687216   0.1852633594
39  2   0.0433098823  -0.0628461312  -0.1247217745  -0.2872404449  -0.2515539246
39  3  -0.3161103541  -0.2397988885   0.1875334251  -0.0692056121   0.1729389832
39  4   0.1610838908   0.0084750530   0.0235664764   0.0174890427   0.0410108062
39  5   0.1757184893   0.4112729197  -0.4692021360  -0.0892576025   0.2589424208
39  6  -0.0863262477   0.0827596278   0.1129836046  -0.1044398143  -0.2413495956
39  7   0.1043264355   0.2289622631   0.0572486776  -0.0299776789  -0.0331516853
39  8   0.0888002623   0.1004862277  -0.0423862504   0.0581683608   0.0442043785
39  9  -0.0310551357   0.0157831798   0.0399154589   0.0029390509   0.0368480343
39 10  -0.4126106097   0.5761127108   0.0082907150  -0.0822343419   0.0005186706
39 11   0.0238822731  -0.0720234129   0.0235455890   0.0878652858  -0.0288920005
39 12  -0.2049843247  -0.0071727435  -0.0000969219  -0.0002228577   0.0002264481
40  1  -0.0156061649  -0.0360337492   0.1312596083   0.2128627538  -0.0884294195
40  2   0.0450023822  -0.0148423788  -0.0833641078  -0.0321591808  -0.0946705459
40  3  -0.1182172080  -0.0892089583   0.1011661798  -0.0228851789   0.1094735624
40  4   0.3504967212   0.0406697249   0.1065642055  -0.3067149129   0.0797394970
40  5   0.0634991506   0.3614036602  -0.2647976094  -0.0257319731  -0.1065982134
40  6   0.0619876342   0.0471793775  -0.0245898060  -0.2144984357   0.1256604841
40  7   0.1759682221   0.4102882751   0.3055656471   0.0852940247   0.2748823142
40  8   0.1728710026   0.0333367933   0.0696145614  -0.1203740816   0.0900499236
40  9   0.4697483972  -0.5215642279  -0.3345011199  -0.1753817213  -0.0619439656
40 10   0.1584489275  -0.2507242740   0.0249903289   0.0698982739  -0.0002947010
40 11  -0.0143338664   0.0700454257  -0.0184268032  -0.0324750145   0.0058755282
40 12  -0.0272751076  -0.0040972673   0.0005493237  -0.0013505816   0.0001253251
41  1  -0.1395711545  -0.2178434584   0.1313205715  -0.0389639878   0.0490662916
41  2  -0.1560192129  -0.0012014620  -0.0674588662   0.3422115141   0.2060608249
41  3   0.1105503653   0.2225715154  -0.2339117911   0.0853985993  -0.0779329935
41  4  -0.2101640213   0.2339367385  -0.0004454142  -0.0519450797  -0.0445112561
41  5  -0.1822398921  -0.3008551321   0.4308959658  -0.0171582817  -0.3040652370
41  6   0.2080287288   0.0341485591  -0.2621002880   0.1117711909   0.2322770428
41  7  -0.1531413433   0.1087179459  -0.0090350041   0.0443390121   0.1967164264
41  8   0.0282026632  -0.1821175798   0.0930069869  -0.1478601593  -0.0519076348
41  9   0.3409817031  -0.1696644588  -0.1279432247  -0.1267775116  -0.0000822187
41 10  -0.3675465808   0.4951444661   0.0136961339  -0.0451464170   0.0001443727
41 11   0.0080950180  -0.0400691385   0.0138703487   0.0209026508  -0.0012679661
41 12   0.0083137151  -0.0004013478  -0.0002619803  -0.0004357098  -0.0001783272
42  1   0.0945603163   0.1308736251   0.0410303426   0.0673185944   0.1233519759
42  2  -0.0866505937  -0.0530511847  -0.1366918667  -0.1278059426  -0.0810296262
42  3  -0.1680487996  -0.0713319099   0.0059390399   0.0070712831   0.0496045116
42  4  -0.0005334919   0.0591845265  -0.0384454886   0.0527207535  -0.0196134400
42  5  -0.0183614270  -0.0832353080   0.0927333204  -0.0392402499  -0.0152419918
42  6   0.0194946263   0.0221188032  -0.0944267947   0.1093216970  -0.0319685542
42  7  -0.1061609651  -0.0175748261  -0.0933495584  -0.0069866849   0.0045927920
42  8  -0.0262738483  -0.1109867456   0.0174057046  -0.0247922774  -0.0589347128
42  9  -0.0135817332   0.0508009970   0.0225878226   0.0083192956   0.0076903265
42 10  -0.0112042246   0.0136205730   0.0047655493   0.0060588584   0.0009316736
42 11  -0.1510521367   0.7865373811  -0.2537747680  -0.3565680378   0.0350907399
42 12  -0.3828594038  -0.0293467513  -0.0007575743   0.0011524115   0.0005865944
43  1   0.1304333584  -0.0686940960   0.0947785961   0.0454123400  -0.1541367016
43  2  -0.0412802688  -0.0785431330  -0.0489852259   0.0148704228   0.1660197666
43  3  -0.1238068859   0.0295731148  -0.1673173176   0.0817814388   0.0144355432
43  4   0.2609697539   0.0981041656  -0.3954486350   0.0659808007  -0.0388986699
43  5   0.1502027786   0.0023492506  -0.0321599063  -0.0900339555   0.0859444786
43  6  -0.0910663865  -0.0159876581  -0.3136427066   0.0339233552   0.0871570415
43  7   0.2036869032  -0.2924694541  -0.1897021420   0.0837353260   0.4156789117
43  8   0.0791037266   0.1121725507   0.0508278362   0.1593839059   0.5810353147
43  9   0.0859604959   0.0049060373   0.3938537097   0.2148759149   0.0538100046
43 10  -0.2355496131  -0.1854634094  -0.0067419218  -0.0216790418   0.0026727370
43 11   0.0335430751  -0.0007395682   0.0089397546  -0.0211927154   0.0057959992
43 12  -0.0070734031  -0.0016809320  -0.0001926669   0.0003244118  -0.0004680267
44  1   0.1384940461  -0.1257769240   0.0376452733   0.0176873262   0.2164067920
44  2   0.1425039340   0.0025312553   0.1807644153   0.1004506725  -0.3508274405
44  3  -0.1800837601  -0.1924733733   0.2070135025  -0.0505469887   0.0686120652
44  4  -0.3161226604   0.2447260945   0.1909061602  -0.1660191305   0.0044057142
44  5  -0.2988086646  -0.1123974296   0.3375130075   0.0206433209  -0.3522018565
44  6   0.3469077880   0.1393662108  -0.0277328538   0.0401995829  -0.0092872088
44  7   0.3531478280   0.0496763029   0.0483950090  -0.0072580072   0.0959064352
44  8  -0.0601442938   0.2407030594  -0.0151171355   0.2128416300   0.2473447268
44  9  -0.0012500131   0.0643247072   0.1776745391   0.0641313421  -0.0172630163
44 10   0.5120011227   0.3567649589  -0.0080998696   0.0192422779  -0.0006037720
44 11  -0.0142564633  -0.0028358560   0.0029513347  -0.0040560394  -0.0000674872
44 12  -0.0029661052   0.0011405009  -0.0001806785   0.0002824430   0.0000222251
45  1  -0.0770049065   0.1029736920   0.0942903201   0.1027250928   0.0749043128
45  2  -0.1841146942  -0.0316177812  -0.2585985761  -0.0422442715   0.0698592686
45  3  -0.0413993535   0.0662252531  -0.0819791740   0.0335122210   0.0328755334
45  4   0.0854296778   0.0668624531   0.0517301956  -0.0769111163   0.0058680527
45  5  -0.0099443793   0.0094664503   0.0311966906   0.0136146980  -0.0505546999
45  6   0.0560138469   0.0071878955   0.0767118826   0.0648726268   0.0340432670
45  7   0.0908614737   0.0619125964   0.0437166649  -0.0132988640  -0.0586487330
45  8  -0.0546014259   0.0812256482  -0.0130360917   0.0304312826  -0.0393215987
45  9  -0.0377832582   0.0320506938  -0.0144799253  -0.0074633999   0.0028388822
45 10  -0.0146790185  -0.0167527845  -0.0016373409   0.0033640591   0.0004574501
45 11   0.6949167850  -0.0685002284   0.3606965331  -0.5547668022   0.1876660817
45 12  -0.1182897544  -0.0941923607   0.0006216107   0.0003357633  -0.0009885127
46  1   0.0641750254   0.0003399255   0.1992246127   0.0417298994  -0.1547605397
46  2   0.0086313830  -0.0391263869   0.0206537348   0.1682528849   0.1524907296
46  3  -0.0353218477  -0.0129842345  -0.0260072364   0.0216980837   0.0137530666
46  4  -0.0458309758   0.1272209423  -0.1300634129   0.0137205923  -0.0181685941
46  5  -0.3338272949   0.0813762960  -0.0672578193  -0.1238670195   0.0254977495
46  6  -0.0147040524   0.0269595545   0.0447750413  -0.3108811885  -0.3809977643
46  7   0.1776584632  -0.1793846429   0.1353199356  -0.0125026389  -0.1197493305
46  8  -0.4302904693  -0.0130030784   0.1048806978  -0.0506556295  -0.3135251493
46  9   0.4927636161  -0.1641575918   0.3725723861   0.2790519822   0.0347507768
46 10  -0.0337435388  -0.0438965259  -0.0028096473  -0.0063062666  -0.0002639019
46 11  -0.2975493724  -0.1037318061   0.2137180526  -0.1765957595   0.0852768767
46 12  -0.0581363609   0.0040770560  -0.0001044434  -0.0001027035  -0.0002450517
47  1  -0.0062842410  -0.1732788286   0.0872079229  -0.0126354079   0.1289161579
47  2  -0.0129757477  -0.0064097551   0.0017036261   0.1957321215  -0.0512327437
47  3  -0.0473730358   0.0273514654  -0.0292892858   0.0253484156   0.0291386897
47  4  -0.1394647889   0.2251779648   0.0039128162  -0.0857865779  -0.0076895024
47  5   0.0730507657   0.0588564836  -0.1469660246  -0.0839672046   0.1872756505
47  6  -0.1887830712  -0.1062103949   0.0608067609   0.0097698799  -0.0194742187
47  7   0.0737941199  -0.2409888473  -0.0397246054   0.0105936508   0.0124519884
47  8  -0.2096042429  -0.0120614350   0.0540495614  -0.1565323863  -0.1581068004
47  9   0.2599372369  -0.1118825955   0.1705596227   0.1405000364  -0.0166840308
47 10   0.1331271285   0.0855824805  -0.0009606182   0.0061826257  -0.0003749843
47 11   0.5849318348   0.2018503898  -0.4197205568   0.3468282984  -0.1599214549
47 12   0.1249749595  -0.0063512651   0.0004265996   0.0006089839   0.0012007653
48  1  -0.1500342247   0.0457361270   0.0893171851   0.0836923147   0.0163224375
48  2  -0.3069240801  -0.0507076085  -0.4027698818  -0.0374927382   0.2766206464
48  3   0.0229831916   0.2207451343  -0.2918994043   0.1047494166   0.0059794694
48  4   0.3097234297   0.0377075602  -0.1900597233   0.0178467935   0.0028749271
48  5   0.4167531859   0.0891802444  -0.2643413864  -0.0380727156   0.3418268703
48  6  -0.3208976330  -0.1568865441  -0.0046181623   0.1629234768   0.1509596671
48  7  -0.0860881353  -0.1773294907  -0.1414486401   0.0181816469   0.1103577240
48  8   0.0230460419  -0.0276127510   0.0006794718  -0.1099007867   0.0034125081
48  9   0.0184770424  -0.0188183194  -0.0375775781  -0.0339534074  -0.0575124704
48 10   0.5576530246   0.4054214105  -0.0000291171   0.0337534708  -0.0008118126
48 11  -0.2053857303  -0.0646977560   0.1314345434  -0.1046061893   0.0483373625
48 12  -0.0381253346   0.0023519035  -0.0000940336  -0.0000848056  -0.0006402563
49  1  -0.0117705513   0.0030794626   0.1951021619   0.1497387941  -0.1125937692
49  2   0.0506728574   0.0091774154   0.0751738815   0.2019791480   0.0006943909
49  3   0.1341543414  -0.0968553348   0.1841590767  -0.0529118688  -0.0607376601
49  4  -0.0649946151  -0.0590263140  -0.3722467328   0.1897531185  -0.0354508442
49  5  -0.0646303975   0.0021552331  -0.0571428818  -0.1182648886   0.1467597090
49  6  -0.1281915003  -0.0419194635  -0.2809414842   0.3612006031   0.2866318718
49  7  -0.0019380450   0.2069641667  -0.0304643391   0.0332922493   0.3264807045
49  8  -0.0706696154   0.4665333628  -0.0726288994   0.3460871825  -0.5057301360
49  9  -0.0166871595   0.0314566246  -0.0991333739  -0.0350811034   0.3551827474
49 10   0.0096886960  -0.0230328732  -0.0001938092   0.0055033937   0.0007372805
49 11   0.0003751728  -0.0014100682  -0.0018497688   0.0066153436   0.0116861026
49 12   0.0010884358  -0.0004057617  -0.0000045757  -0.0000126253   0.0001141861
50  1  -0.1610968928  -0.2996059852   0.0027411069   0.0988666508   0.0985078577
50  2  -0.1705771112  -0.0304100425  -0.3099806173   0.1311087293  -0.2367427432
50  3   0.2137113696  -0.0126377228   0.2294239262  -0.0641987463  -0.0813676299
50  4   0.0183501967  -0.1248870557  -0.3477317705   0.2078653159  -0.0351274269
50  5   0.4493738943  -0.0694605420   0.0077779057  -0.4186827042  -0.2497101577
50  6   0.0367439381   0.0043399814  -0.0678354875  -0.0221618254   0.0541273640
50  7   0.2426967184   0.0163601304   0.1225406103  -0.0474940751  -0.3232570339
50  8  -0.0682772437  -0.1684810031   0.0226459721  -0.3096415680   0.2271100799
50  9  -0.0306247759  -0.0251625746  -0.0576473095  -0.0419222863   0.5926153513
50 10   0.0536839853   0.0161997492   0.0003800031  -0.0031207225  -0.0010703895
50 11  -0.0000230771  -0.0002361045  -0.0097996119   0.0185866769   0.0603253937
50 12  -0.0009784199  -0.0315673209  -0.0000046380  -0.0000509829  -0.0000027805
51  1  -0.1435356060   0.1417752888   0.1451835455   0.1537615926   0.0976406011
51  2  -0.1329517814   0.0156293416  -0.1855887531   0.0508160856  -0.0159732866
51  3   0.0863367673   0.0067306590   0.0896835200  -0.0318638227  -0.0056949510
51  4  -0.0676393490  -0.0225831618   0.1015820382  -0.0187930345   0.0073493102
51  5  -0.1905528942   0.0241028131  -0.0160061325   0.0540891267   0.0315790326
51  6  -0.0124638812  -0.0071941065   0.0606140734  -0.0684886426  -0.0684479340
51  7  -0.0842485742  -0.0866403375  -0.0635264348   0.0168404981   0.0970073340
51  8   0.0401405691  -0.0097744503   0.0031938525   0.0353309931   0.0252679782
51  9   0.0060359931  -0.0017274113   0.0129524180   0.0041004980  -0.0079570491
51 10  -0.0032486601  -0.0018259192   0.0002502013   0.0010289732   0.0169557447
51 11  -0.0288740626   0.0028552376  -0.1302398674   0.2379214448   0.7475535679
51 12  -0.0044236540  -0.5937777392   0.0000179047  -0.0001510665  -0.0000446914
52  1   0.0651668692   0.0002087809   0.1991238444   0.0404594246  -0.1552576988
52  2   0.0080633884  -0.0590821375   0.0148862892   0.2208300051   0.0219612513
52  3  -0.0711047570  -0.0156992772   0.0325715541   0.0168962144   0.0101024430
52  4   0.0149374118   0.1487605108  -0.1762945053  -0.0723400681  -0.0086850295
52  5  -0.0901092353   0.0279246659   0.0051246200   0.0413429726   0.0186920706
52  6   0.0030534073  -0.0936831780   0.2979567023   0.2777969256   0.2629742626
52  7   0.0452508188  -0.0607478239  -0.0513700489  -0.0128890586  -0.2752784755
52  8   0.4880313851  -0.3684868096   0.0604513615   0.4547951811  -0.0824813039
52  9   0.2593786654  -0.0851800370   0.1602152389   0.0850816541   0.1437325119
52 10   0.0287476242   0.0010424005   0.0022399253   0.0048503372   0.0031951409
52 11  -0.0259214820  -0.0057323673   0.0353694733  -0.0546499085  -0.2764518928
52 12   0.0316130509  -0.3753301275   0.0000117128   0.0001174228  -0.0001244173
53  1  -0.0197227417  -0.2536479216  -0.0464331892   0.1292899395   0.1842982719
53  2  -0.0187042669   0.0242926305  -0.0288389536  -0.0443026924  -0.0733205219
53  3   0.0411411441  -0.0064241203   0.0089098240   0.0058238593  -0.0130337174
53  4   0.0665750505   0.0034874806  -0.0861828138  -0.0159935203  -0.0026785391
53  5   0.1490998532  -0.0246215422   0.0869618806   0.2874487121   0.0859974467
53  6   0.0904715600   0.0892393440   0.0103474470  -0.1071169048  -0.2510706396
53  7  -0.1589952453   0.0931075711   0.0162733456   0.0114600207   0.2015720687
53  8  -0.2870384757   0.1794127302  -0.0195251410  -0.2487195871   0.0812876131
53  9  -0.0954500278   0.0237980480  -0.0565842515  -0.0315999447   0.0965864866
53 10  -0.0074329123  -0.0063003680  -0.0007206680  -0.0035815552   0.0036617962
53 11  -0.0534843780  -0.0080377383   0.0618307846  -0.0951250696  -0.4920216598
53 12   0.0571537782  -0.6670792954  -0.0001480188  -0.0000561097  -0.0000716711
54  1  -0.2753885160   0.1094085836   0.1794576617   0.1727589619   0.0512650797
54  2  -0.2274413196   0.0002662057  -0.3685148750   0.1723186076  -0.1495850811
54  3   0.2912638576  -0.0335987838   0.2974749103  -0.1039846684  -0.0818487728
54  4  -0.1142642851  -0.1946533326  -0.1830862307   0.2439400259  -0.0276371681
54  5   0.1125196107  -0.0285230171  -0.0771995470  -0.4912955616  -0.1691566869
54  6  -0.0795523726  -0.0303984905  -0.2322303229  -0.0003016175   0.1329257149
54  7   0.1939892027  -0.0255440502   0.0342618557  -0.0085562427  -0.0740783180
54  8   0.0070980558   0.0353002770  -0.0122225116   0.0411152267  -0.0565954741
54  9  -0.0472991456   0.0398877443   0.0179314414   0.0162502921  -0.6868155037
54 10  -0.0526854905  -0.0009484827  -0.0007916902  -0.0012306136  -0.0008507288
54 11  -0.0187305444  -0.0015425201   0.0224267308  -0.0355558431  -0.1664397795
54 12   0.0178372541  -0.2009835768  -0.0001046111  -0.0000562460   0.0000158223
55  1   0.1337676772  -0.1094846370   0.0290252644   0.1004236717  -0.1331568529
55  2  -0.0512015249  -0.0498169142  -0.0304878728  -0.0955641594   0.3836938453
55  3  -0.4382958960   0.6711637587   0.5651744330  -0.1712650156  -0.0722234829
55  4  -0.1508269971  -0.0803520468   0.0386862336   0.0034842917   0.0070641347
55  5  -0.1504655647   0.0116440730   0.0066683307   0.3440223669   0.2951949050
55  6  -0.0763229714   0.0539591051  -0.3964871032   0.0188218900   0.0860100631
55  7   0.2035285848   0.0433531013   0.0841088666  -0.0259962096  -0.1754343847
55  8  -0.0041740536  -0.0644390244   0.0077037216  -0.0474881751   0.0274074974
55  9   0.0047503140  -0.0059701284   0.0000261069  -0.0007070730  -0.0040432160
55 10   0.0082058589   0.0034497222   0.0000432796  -0.0002327897  -0.0548772223
55 11   0.0007871185   0.0001134741   0.0005686462  -0.0014254371   0.0020117926
55 12   0.0001027602  -0.0031416798   0.0000127302   0.0000048329  -0.0000391134
56  1   0.1429119476  -0.2024795024  -0.1060983341   0.1675297326   0.2844123555
56  2   0.1562028619   0.1066076606   0.3426933857  -0.2325607271   0.2040551268
56  3  -0.3625643255   0.4916524678   0.1960540540  -0.0479350014  -0.0557943879
56  4   0.1409457633  -0.0840023183  -0.1704876907   0.0820815795  -0.0102843324
56  5   0.1682180576  -0.0220166566  -0.0032144288  -0.4771992545  -0.4036483140
56  6   0.1097695009  -0.0680375494   0.5289602706  -0.0275234518  -0.1296416062
56  7  -0.2944617137  -0.0615886048  -0.1197616191   0.0370440744   0.2659565378
56  8  -0.0085207051   0.1016410828  -0.0113512535   0.0632233902  -0.0410953311
56  9  -0.0054427948   0.0063802865  -0.0010925664   0.0001295375  -0.0077626475
56 10  -0.0015553378  -0.0063923067  -0.0002044879   0.0007721577  -0.2543856400
56 11  -0.0011744500   0.0003172544  -0.0006313454   0.0001426701  -0.0001060685
56 12   0.0004868414  -0.0005139519   0.0000081786   0.0000004398  -0.0000254173
57  1  -0.0965663898   0.2195636413   0.1733532851   0.1968093132   0.1696071009
57  2   0.0194933203   0.0840862600   0.0777853851   0.0427823127  -0.0175420070
57  3   0.1322903222  -0.1624018839  -0.1023802556   0.0279788286   0.0168254409
57  4  -0.0121116887   0.0237157768   0.0289383296  -0.0174192714   0.0008281357
57  5  -0.0098257534   0.0016890498   0.0015346270   0.1110866889   0.0960830924
57  6  -0.0265818718   0.0177750926  -0.1370391390   0.0050483078   0.0348765771
57  7   0.0827493638   0.0139235675   0.0326618439  -0.0105149263  -0.0768057363
57  8   0.0054045537  -0.0324913875   0.0037761571  -0.0169478442   0.0146751168
57  9   0.0028346967  -0.0020887076   0.0021647096   0.0008642158   0.0042551655
57 10  -0.0012477887   0.0012702494   0.0000957983   0.0000210144  -0.9648639271
57 11  -0.0001895667   0.0004733242  -0.0018376443   0.0023716293   0.0106329306
57 12   0.0000116842  -0.0147774191   0.0000133092  -0.0000092095  -0.0000216521
58  1   0.1596720618  -0.0605930909   0.1112088960  -0.0096223085  -0.1755104777
58  2  -0.0556480927   0.6242121263  -0.0378536089  -0.0140216771  -0.0813941054
58  3   0.0466218961   0.0191980234   0.0281223158  -0.0211688804   0.0238836124
58  4   0.1912566686   0.1104102620   0.2425187464   0.0149210738  -0.8724800900
58  5   0.0196433202   0.1744436591  -0.1127652585   0.0830129963  -0.1458399577
58  6  -0.0725802866  -0.0235371234  -0.0066828757   0.0065652243  -0.0169043372
58  7   0.0246618676   0.0340868488  -0.0557468583   0.1583310230  -0.0104780063
58  8  -0.0108855702  -0.0264386932  -0.1949790124  -0.0020955803  -0.0014491156
58  9   0.0425449176   0.0430197655  -0.0080691556  -0.0080651557  -0.0001231427
58 10   0.0072978676   0.0030117882   0.0021938023   0.1046318359   0.0000357888
58 11  -0.0022694438  -0.0006081300   0.0009329710   0.0008428348  -0.0003543156
58 12  -0.0001495323   0.0001742936   0.0006552604  -0.0008776870   0.3935265340
59  1   0.2079086921  -0.0095085302   0.1840334587  -0.1459238783   0.1801933693
59  2   0.2063371752   0.1365479758  -0.1574743819   0.0546080394   0.0634787175
59  3  -0.0233882768  -0.0216888828   0.0002746771   0.0973007864  -0.1566731870
59  4  -0.0665966675  -0.3647263005   0.0015042763  -0.4077587339  -0.3673296577
59  5   0.0023840191  -0.0598974258  -0.2026953997  -0.0243614085   0.0466388869
59  6   0.2002871848   0.0588564656  -0.0210100226   0.0168852838   0.0662930994
59  7  -0.0707533819  -0.1056140298   0.1664335442  -0.6801680583   0.0547872012
59  8   0.0480215279   0.0776699001   0.6839283642  -0.0021006395  -0.0283870699
59  9  -0.1616662481  -0.0900527579   0.0172484413   0.0209953144   0.0000294819
59 10   0.0093996083   0.0052266631  -0.0033721115  -0.3908502035   0.0000456392
59 11  -0.0012951895  -0.0032345721  -0.0060893255  -0.0035739905   0.0001706376
59 12  -0.0008564031   0.0002488999  -0.0004016515   0.0007215092  -0.3119831010
60  1   0.0000000000   0.0000000000   0.0000000000   0.0000000000   0.0000000000
60  2  -0.3474261000  -0.1303775221   0.1234985738  -0.0281085359  -0.0296359910
60  3  -0.0084533263  -0.0055861897  -0.0123558278   0.0059475555  -0.0260359561
60  4  -0.0771406959  -0.0460280383  -0.0724761061  -0.0180687469   0.2624152552
60  5   0.0062151495   0.0718190888   0.0558926494  -0.0270783552   0.0363523938
60  6   0.0244836761   0.0227113746  -0.0064905709   0.0180908087   0.0209519012
60  7  -0.0418888042  -0.0643850905   0.1137366193  -0.4271861850   0.0343777661
60  8   0.0337980462   0.0492373960   0.3686968992  -0.0045896303  -0.0104985420
60  9  -0.0766345427  -0.0479752470   0.0156150409   0.0034227135  -0.0000210577
60 10  -0.0001635223  -0.0008156209  -0.0024437866  -0.2031630673  -0.0000573993
60 11   0.0005729679  -0.0028983151  -0.0024306011  -0.0033704185   0.0006311000
60 12  -0.0010524195  -0.0002473111   0.0018695657  -0.0022119806   0.8625077059
$end
