$basis
*
o def-TZVP 
*
 6  s
  27032.382631      .21726302465E-03
  4052.3871392      .16838662199E-02
  922.32722710      .87395616265E-02
  261.24070989      .35239968808E-01
  85.354641351      .11153519115
  31.035035245      .25588953961
   2  s
  12.260860728      .39768730901
  4.9987076005      .24627849430
   1  s
  1.1703108158      1.0000000000
   1  s
  .46474740994      1.0000000000
   1  s
  .18504536357      1.0000000000
   4  p
  63.274954801      .60685103418E-02
  14.627049379      .41912575824E-01
  4.4501223456      .16153841088
  1.5275799647      .35706951311
   1  p
  .52935117943      .44794207502
   1  p
  .17478421270      .24446069663
 1  d
  1.20   1.00 
*
n def-TZVP 
*
 6  s
  19730.800647      .21887984991E-03
  2957.8958745      .16960708803E-02
  673.22133595      .87954603538E-02
  190.68249494      .35359382605E-01
  62.295441898      .11095789217
  22.654161182      .24982972552
   2  s
  8.9791477428      .40623896148
  3.6863002370      .24338217176
   1  s
  .84660076805      1.0000000000
   1  s
  .33647133771      1.0000000000
   1  s
  .13647653675      1.0000000000
   4  p
  49.200380510      .55552416751E-02
  11.346790537      .38052379723E-01
  3.4273972411      .14953671029
  1.1785525134      .34949305230
   1  p
  .41642204972      .45843153697
   1  p
  .14260826011      .24428771672
 1  d
  1.00   1.00 
*
h def-TZVP 
*
 3  s
    34.061341      .60251978E-02
    5.1235746      .45021094E-01
    1.1646626      .20189726
    1  s
    .32723041      1.0000000
    1  s
    .10307241      1.0000000
 1  p
 .80   1.00 
*
f def-TZVP 
*
 6  s
  35479.100441      .21545014888E-03
  5318.4728983      .16700686527E-02
  1210.4810975      .86733211476E-02
  342.85518140      .35049933175E-01
  112.01943181      .11165320133
  40.714740248      .25988506647
   2  s
  16.039678111      .39422966880
  6.5038186740      .24998238551
   1  s
  1.5440477509      1.0000000000
   1  s
  .61223452862      1.0000000000
   1  s
  .24027979698      1.0000000000
   4  p
  80.233900483      .63685999134E-02
  18.594010743      .44303143530E-01
  5.6867902653      .16867248708
  1.9511006294      .36166346255
   1  p
  .66970211298      .44202901491
   1  p
  .21651300410      .24319875730
 1  d
  1.40   1.00 
*
c def-TZVP 
*
 6  s
  13575.349682      .22245814352E-03
  2035.2333680      .17232738252E-02
  463.22562359      .89255715314E-02
  131.20019598      .35727984502E-01
  42.853015891      .11076259931
  15.584185766      .24295627626
   2  s
  6.2067138508      .41440263448
  2.5764896527      .23744968655
   1  s
  .57696339419      1.0000000000
   1  s
  .22972831358      1.0000000000
   1  s
  .95164440028E-01  1.0000000000
   4  p
  34.697232244      .53333657805E-02
  7.9582622826      .35864109092E-01
  2.3780826883      .14215873329
  .81433208183      .34270471845
   1  p
  .28887547253      .46445822433
   1  p
  .10056823671      .24955789874
 1  d
  .80   1.00 
*
$end
