$coord
9.73994507119266 1.00321353668913 -0.15603460471816 n
7.29282732777281 0.42132087023487 0.02014874330344 c
6.59847732399803 -1.79236831729069 0.96778190370614 n
4.13199643869515 -2.45236575894245 1.17227420663971 c
3.42771704225713 -4.5123525178877 2.00221645404415 o
2.28915007479329 -0.67363579843577 0.38303252798845 n
2.97033441166676 1.61665963278093 -0.59437817883762 c
5.42984955637832 2.1940392362745 -0.80220095185235 c
6.19635265009301 4.45120444993032 -1.73678438686537 f
-0.3723035765015 -1.32842263219755 0.62747336768791 c
-1.79597605208111 0.82048768531039 1.31621095982865 o
-3.9599932916967204 1.14861508145621 -0.35026671281148 c
-6.14110271951421 2.12902213279529 1.21710513916136 c
-8.1156112625021 2.76568976478614 -0.50792085454167 o
-4.35283555810137 -1.41757230805797 -1.61445639163346 c
-5.68298857400392 -3.04994575723906 0.02532877824695 o
-1.59729218083768 -2.28050770692623 -1.84339254022619 c
-0.49367207824768 -1.15582124770061 -3.90391813239177 f
-1.33014049967102 -4.81797723649877 -2.15060921120176 f
10.31779157117265 2.67454941190301 -0.86083212422991 h
11.05427072899627 -0.24107085885509 0.44105328090988 h
1.48689481237455 2.90979158384487 -1.12696746466315 h
-0.49496813670051 -2.80488425384344 2.05164420630532 h
-3.47878944944852 2.54023353044417 -1.79893369037033 h
-5.49627847029914 3.7925280977940905 2.26302235822775 h
-6.74922108814053 0.68582101558317 2.55923596067806 h
-9.58660843787403 3.24028254828793 0.45989699178746 h
-5.24326154808606 -1.25954548597509 -3.4660944616908 h
-6.0445640856892 -4.60698869826389 -0.85803701910624 h
$user-defined bonds 
 
$end
