$dipgrad          cartesian dipole gradients
  -.47911979924900D+00  -.11869208426324D+00  0.32194912977923D-01
  -.14470273759097D+00  -.77923855042148D+00  0.32112998072567D+00
  -.64953257577299D-02  0.10280518832063D+00  -.93258818609516D+00
  0.44648069410557D+00  0.19152646105306D+00  0.14993287134181D+00
  0.30896816526425D+00  0.11754896904794D+01  0.64006787097580D-01
  0.21781073096352D+00  0.90146942035396D-01  0.16256094316652D+01
  -.47699303975235D+00  -.67259071503421D-01  -.19192724180263D+00
  -.19301780373735D+00  -.49494475814247D+00  -.44828823097836D+00
  -.20027080320226D+00  -.30722474802001D+00  -.11273601021317D+01
  0.34346479091611D-01  0.25584121883329D-01  -.42818056449173D-01
  -.87431613083459D-01  -.21299649430384D+00  -.41819337450652D-01
  -.39823430744891D-01  -.71343917153877D-01  0.43250374185178D-01
  0.18346177782248D+00  0.24698918197543D-01  0.27447938080653D-01
  0.41730889245470D-01  0.11502207512037D+00  0.15219721850926D-01
  0.40005182819878D-01  0.87935978249900D-01  0.11166316827946D+00
  0.30699565023899D-01  0.16162164658731D-01  -.26235719704573D-02
  -.21366172800980D-01  0.82815754237845D-01  -.49225454948916D-01
  0.27827550917440D-02  -.66121985441467D-01  0.14378399912026D+00
  0.45917171134054D-01  0.11812252963378D-01  0.92927828266592D-02
  -.60855556560307D-03  0.92614741328102D-01  -.13416118595731D-01
  0.28224926086757D-01  0.15106714578805D-03  0.95642349009113D-01
  0.63088722944103D-01  -.49228057298310D-02  -.86358619320921D-02
  0.25917864830353D-01  0.14077384666888D+00  -.20661427308385D-01
  0.13613296426070D-01  -.31902955430410D-01  0.15051301302779D+00
  0.53161678654114D-02  0.66843884324024D-04  -.10802354475668D-01
  -.11219120483953D-01  0.13486077561133D+00  -.39029296513570D-01
  -.22883157645999D-01  -.30329951031088D-01  0.88794096032627D-01
  0.18063009232060D-01  0.87348938733644D-02  -.17312719282173D-01
  -.28334552743250D-01  0.14647348631055D+00  -.46843136099139D-01
  -.72416032038460D-01  -.34986526523790D-01  0.10981274510320D+00
  0.35494977196040D-01  -.14672232241946D-01  0.86042550771193D-02
  0.40610552608848D-01  0.99131598614668D-01  -.10367335380868D-01
  0.51564964628311D-01  -.14053061163348D-01  0.10731626110453D+00
  0.10336784483362D+00  -.13493245031172D-01  0.25007350834787D-01
  0.96075325874588D-02  0.69168322293241D-01  -.59325664559461D-02
  -.66206409122608D-01  0.10560394552286D+00  0.64557068142757D-01
  0.10966940452162D-01  0.95206230046633D-01  -.92902111727674D-01
  -.30650089842937D-01  0.29926717218800D+00  -.17282010557217D+00
  0.50730061807329D-01  -.23741001309409D+00  0.22399702602480D+00
  0.51736377452763D-01  -.80495729214999D-01  0.95983190625077D-01
  0.70185790563033D-01  -.30132380257001D+00  -.19344351808919D-01
  0.64831938075257D-01  -.35296390729173D-02  -.17346208033997D+00
  0.36519482549315D+00  0.95818687942293D-03  0.25073972059671D-01
  -.10011757884439D-01  0.21639813776966D+00  0.57080442229928D-01
  0.35831777142917D-01  0.91843396118489D-01  0.27779730150692D+00
  0.61777199895946D-01  -.58314951444329D-01  0.53491286536902D-01
  -.37821544315672D-01  0.28429643574240D-01  0.19655136137616D-01
  0.17171354272183D-01  0.40090580352446D-01  -.75318937294197D-01
  -.10464028288500D+00  0.24994753042964D-01  0.16868525152012D-02
  0.18863845130494D-01  0.25526157434060D-01  -.47554588736841D-02
  0.28856999756173D-01  -.16984290385476D-01  0.80115850429290D-01
  0.32251975705493D-02  -.50730429933138D-02  0.53772722047960D-02
  -.19244974662620D-01  0.49183643593177D-01  0.89642035841566D-01
  0.12916275937658D-01  0.37193255515724D-01  -.67848327346734D-01
  -.44807896306453D-01  0.34250735388347D-01  -.46831655097824D-02
  0.56359189229400D-01  -.16700248737367D+00  -.69835554947848D-01
  -.12072215687623D-01  -.48565443212464D-01  0.50650470257138D-01
  -.55995687465193D-01  -.68101778412415D-01  -.82747096632669D-01
  -.55941863898142D-01  0.14961322403692D-02  -.50898430818655D-01
  -.10445752881312D+00  -.64312804819833D-01  -.45239364970513D-01
  0.92708679409478D-02  -.31316227619304D-02  0.32709742422487D-01
  0.55584299405031D-02  -.36637102506080D-01  0.70943797590454D-01
  0.55821918606568D-01  0.10977329810668D+00  -.10686855644411D+00
  0.25728537895397D-01  0.19904854758784D-02  0.31907532798634D-01
  0.12553992900321D-01  -.33230187253364D-01  0.60846568928500D-01
  0.61375868134020D-01  0.84182707022440D-01  -.72765412086090D-01
  -.10616127788240D+00  -.37198635869238D-01  -.86730854520191D-01
  -.45147794816959D-01  -.16691363227175D-01  -.46937008078198D-01
  -.12925530717901D+00  -.70523493676709D-01  -.52895211677031D-01
  -.12580843507243D-01  -.15998111837317D-01  0.21985416775383D-01
  -.49021954030211D-01  -.10065500029739D-01  0.11266389709739D+00
  0.11561762116772D-01  0.71295099488330D-01  -.11838873784830D+00
  -.29637751637042D-01  0.63714038136635D-01  0.14156932800779D-01
  0.62449848299253D-01  -.15490367825965D+00  -.73337621443228D-01
  0.18502390461886D-03  -.39628063254517D-01  0.24665254361620D-01
  0.26914215094043D-01  0.75700471234258D-02  -.52250068720643D-02
  0.47772212952437D-01  -.14664286340812D+00  -.57938867954238D-01
  0.58601165294450D-02  -.43580218040958D-01  0.18256909851000D-01
  0.39750619751797D-02  -.17761442928190D-01  0.27382123362610D-01
  -.22785856758720D-01  -.61874988457573D-03  0.88221491998297D-01
  0.29714674414272D-01  0.62687247313523D-01  -.12007393641443D+00
  0.16601933712545D-01  0.25743976304661D-02  0.11593140387112D-02
  0.53880181140341D-01  -.16287367426143D+00  -.50254338141958D-01
  0.21053373617532D-01  -.42372584141473D-01  0.17896685509732D-01
  -.58561858433817D-02  -.17435534263700D-01  0.30668582153606D-01
  -.19719933761266D-01  0.21506629231698D-02  0.91611535641706D-01
  0.35664105417033D-01  0.64993537720174D-01  -.12465678199411D+00
  0.15561627530329D-03  0.69303166399443D-01  0.40292337082245D-02
  0.47355055560778D-01  -.16127333718981D+00  -.66902954339884D-01
  -.20394931611655D-01  -.30147071899563D-01  0.40120840889097D-01
  0.44981478048303D-02  -.42135948489399D-01  0.26770350579891D-01
  -.62538061865958D-01  0.21308656797893D-01  0.92173031050061D-01
  -.10556581963393D-03  0.63483090008250D-01  -.92417884043492D-01
  -.10403491127952D+00  -.25097246749357D-01  -.80252522976153D-01
  -.50740556773628D-02  0.20582445663079D-01  -.39373900513445D-01
  -.96651948255820D-01  -.88694219136766D-01  -.35145601024228D-01
  0.25557752589816D-01  0.27681086120755D-01  0.15814460394475D-01
  0.42875554526324D-03  -.10619913975185D+00  0.12211565299271D+00
  0.78211654531734D-01  0.10022417184457D+00  -.78975065145865D-01
  -.10965203719352D+00  0.29641882885793D-01  0.57179163141031D-01
  0.25160199212500D-01  0.13086358351834D-01  0.38392705950904D-01
  0.34437923344550D-01  0.36010575155924D-01  0.37692698571370D-01
  0.60337250904228D-01  -.43737939234032D-01  -.74520322439596D-01
  -.27414578072286D-01  -.39831915662877D-01  0.40037574647047D-01
  -.75256598449883D-01  0.33995260970172D-01  -.12046107853816D+00
  -.10269662130511D+00  -.29492426777287D-02  0.33253493345911D-02
  0.44650516579605D-01  0.90694303047369D-01  0.44241136442718D-01
  -.51937429294060D-01  0.59295644606432D-01  0.32329720323858D-01
$end
