$hessian (projected)
 1  1   0.7099810254  -0.0650287533  -0.0958881650  -0.2850150217   0.1801338844
 1  2   0.0409606838  -0.0586112414   0.0253941191   0.0054131890   0.0004177772
 1  3   0.0084340998   0.0003186988   0.0005878071   0.0005766232  -0.0000394813
 1  4  -0.0000119478  -0.0000218380  -0.0000243446   0.0019251586   0.0009960515
 1  5   0.0019123649  -0.0018114143   0.0012722645  -0.0008891471   0.0004125216
 1  6  -0.0079208761   0.0000286693  -0.0650576356  -0.0485780289   0.0051202449
 1  7  -0.3084429632  -0.0896374687   0.0424863762   0.0080988395  -0.0050102048
 1  8  -0.0012601238  -0.0004989129  -0.0011349284  -0.0001651084   0.0002045811
 1  9  -0.0020360386   0.0005051893  -0.0000425626   0.0001196984   0.0000068322
 1 10  -0.0001772978  -0.0001512944  -0.0000175502   0.0000907215  -0.0000470756
 1 11   0.0001665457  -0.0001492579   0.0000128152   0.0000274821  -0.0001229973
 1 12   0.0007920181  -0.0001299988  -0.0017771796   0.0018349326   0.0014676430
 2  1  -0.0650287533   0.7133135170   0.0277673140   0.1710661322  -0.3031947035
 2  2  -0.0343256946   0.0120146033   0.0156520179   0.0036181173  -0.0026227687
 2  3   0.0017400366  -0.0008049223  -0.0003279627  -0.0001639703   0.0004311479
 2  4   0.0002427903   0.0001399887   0.0000980502  -0.0019905929   0.0004723013
 2  5  -0.0000294163   0.0010132491  -0.0000314209  -0.0001764386  -0.0042701597
 2  6   0.0014520297  -0.0013280987  -0.0538745695  -0.3299814378  -0.0013391399
 2  7  -0.0832494842  -0.0831135193   0.0107127885   0.0225873039  -0.0188238887
 2  8  -0.0032854473   0.0014062006   0.0012329471  -0.0009694126   0.0020076587
 2  9   0.0017610651   0.0003017319  -0.0000371633  -0.0001374789   0.0000354836
 2 10   0.0001753697   0.0000765034  -0.0000517832  -0.0000295349  -0.0000309193
 2 11  -0.0000885864   0.0000789481   0.0000489300   0.0000598787  -0.0000730459
 2 12   0.0004572826   0.0000170708   0.0009117793  -0.0008692808  -0.0006426428
 3  1  -0.0958881650   0.0277673140   0.0945890714   0.0408313158  -0.0350657171
 3  2  -0.0587624566   0.0085762578  -0.0024272719   0.0118530986  -0.0005855844
 3  3  -0.0012415388  -0.0016102156  -0.0000988504  -0.0002583956   0.0003083135
 3  4   0.0001895145   0.0001678792   0.0000622686  -0.0004241710  -0.0003481721
 3  5  -0.0009896037   0.0004985181  -0.0002081947   0.0009469170   0.0006991468
 3  6   0.0006362817   0.0024143223   0.0044942486  -0.0017001592  -0.0258745419
 3  7   0.0418076720   0.0121392877  -0.0272963163   0.0004612568  -0.0001555999
 3  8   0.0060809103   0.0002639848   0.0006464696  -0.0005776521  -0.0002308236
 3  9  -0.0000409988  -0.0005569001  -0.0000791716   0.0000228916   0.0000023808
 3 10   0.0000365820   0.0000671580  -0.0001022217   0.0000508268   0.0000202021
 3 11  -0.0000260598   0.0000261053  -0.0000104258   0.0000335150  -0.0000271317
 3 12  -0.0001368194  -0.0002016075  -0.0006015315   0.0001258093  -0.0002932222
 4  1  -0.2850150217   0.1710661322   0.0408313158   0.7231181312  -0.0842153155
 4  2  -0.0868490406  -0.3132727602  -0.0355360984   0.0507766661  -0.0201785048
 4  3  -0.0201100639  -0.0036530348  -0.0004588995   0.0013220629   0.0009741978
 4  4   0.0001272719  -0.0002326636   0.0000646178  -0.0046851982   0.0000233685
 4  5   0.0006009684   0.0031609735  -0.0019369447   0.0006161822  -0.0356285146
 4  6   0.0150577981  -0.0015454881   0.0091288522  -0.0067744625  -0.0016372830
 4  7  -0.0190769501   0.0233622509   0.0027247676  -0.0708227410  -0.0651974698
 4  8   0.0029123784   0.0028359933   0.0045649864   0.0013620980   0.0040757191
 4  9   0.0075203099  -0.0026437524  -0.0004037627  -0.0004010525   0.0000688960
 4 10   0.0009299353   0.0003941829   0.0000248430  -0.0003345372  -0.0002140816
 4 11  -0.0006432736   0.0003641981   0.0001685691  -0.0001889142   0.0011669343
 4 12  -0.0038580308  -0.0002907439   0.0049688812  -0.0050034775  -0.0035054003
 5  1   0.1801338844  -0.3031947035  -0.0350657171  -0.0842153155   0.7723779685
 5  2   0.0448246596  -0.0460352114  -0.1323159922  -0.0051059408  -0.0372731614
 5  3  -0.0083033351   0.0041957516  -0.0001303002  -0.0072439393  -0.0007561049
 5  4   0.0005993905  -0.0002064454   0.0005934898  -0.0007984128  -0.0051838765
 5  5  -0.0052537908   0.0028819604  -0.0011109566   0.0023789852   0.0298450605
 5  6   0.0073256648   0.0008994048   0.0232100710  -0.0182217599  -0.0043302642
 5  7  -0.0096112164   0.0083711626   0.0023735951  -0.0571970326  -0.3118926262
 5  8  -0.0036249790  -0.0015299821  -0.0000356016   0.0000872115  -0.0019485730
 5  9   0.0001081793  -0.0000106980  -0.0000904643   0.0000182463   0.0001368453
 5 10  -0.0020399888   0.0000270401   0.0001724467   0.0000902154   0.0001744244
 5 11  -0.0000661473  -0.0000361193   0.0001075759  -0.0000943506   0.0034943202
 5 12  -0.0001796373  -0.0005949296   0.0006508753  -0.0006213881  -0.0007594671
 6  1   0.0409606838  -0.0343256946  -0.0587624566  -0.0868490406   0.0448246596
 6  2   0.1499197273   0.0266932774  -0.0069515775  -0.0452414001   0.0031266673
 6  3   0.0052493983   0.0001795639  -0.0007701328  -0.0004842699   0.0002221542
 6  4   0.0006277990  -0.0002135415  -0.0004646317  -0.0018413570   0.0011055228
 6  5  -0.0001910685  -0.0006150649   0.0004706698  -0.0008174617   0.0139523734
 6  6  -0.0010931265  -0.0079802181  -0.0000001980   0.0002308400   0.0040213950
 6  7   0.0021591512  -0.0031282310  -0.0026633518   0.0015069186  -0.0029678575
 6  8  -0.0402540161  -0.0011755544  -0.0007096714   0.0005988562   0.0007316902
 6  9  -0.0007804768   0.0010313964  -0.0000149291  -0.0000594579  -0.0000142111
 6 10  -0.0002843154  -0.0001469918   0.0002095547  -0.0000618661  -0.0001570986
 6 11   0.0000522240   0.0000566979   0.0000423718   0.0000395531  -0.0002667984
 6 12   0.0005784705   0.0005153492   0.0020639979  -0.0014839378  -0.0004009582
 7  1  -0.0586112414   0.0120146033   0.0085762578  -0.3132727602  -0.0460352114
 7  2   0.0266932774   0.6734782419   0.0101551947  -0.1231241532  -0.1077302871
 7  3  -0.0198802219   0.0167670517  -0.0164042071  -0.0412130869  -0.0023025733
 7  4   0.0048418699  -0.0017310148  -0.0025616028  -0.0170671988   0.0315400265
 7  5   0.0195244339  -0.0114430228   0.0030741414  -0.0075080647  -0.1398198640
 7  6   0.0381108372   0.0484529863   0.0007177225  -0.0014857823  -0.0008208925
 7  7   0.0008049521   0.0030991434   0.0021199574  -0.0135837182  -0.0034805723
 7  8   0.0004575128   0.0033252753   0.0067849753  -0.0028394905   0.0036777452
 7  9   0.0027838477   0.0067272231   0.0008567421   0.0002425167   0.0002699477
 7 10  -0.0079521312  -0.0001850285   0.0015572622  -0.0007296067  -0.0005522472
 7 11   0.0002712384   0.0006118288   0.0001375103   0.0011263727   0.0077417893
 7 12  -0.0080445798  -0.0056128080  -0.0094421295   0.0146649484   0.0122260638
 8  1   0.0253941191   0.0156520179  -0.0024272719  -0.0355360984  -0.1323159922
 8  2  -0.0069515775   0.0101551947   0.5771693048   0.0605879125  -0.0184853060
 8  3  -0.1872201076   0.0043503528  -0.0094196095  -0.0041393725  -0.0023755800
 8  4   0.0011943478  -0.0003452356   0.0020189689   0.0076474735  -0.0043218643
 8  5   0.0038700313   0.0012943827   0.0032172086  -0.0011970238   0.0370577672
 8  6  -0.1615977358  -0.0394967073  -0.0013440331   0.0005146876   0.0006059651
 8  7   0.0037047256  -0.0031648957  -0.0005902570  -0.0352199901  -0.0081954363
 8  8   0.0024643404  -0.0069390476  -0.0326328913  -0.0038589126  -0.0080671448
 8  9  -0.0343202075   0.0061079272   0.0007726488   0.0002575247   0.0001264150
 8 10   0.0008748956   0.0012333368   0.0007962370   0.0001536082   0.0003823340
 8 11  -0.0002031487  -0.0002078257  -0.0001606256   0.0001503290   0.0210021640
 8 12  -0.0267302311  -0.0131987105   0.0059677280  -0.0032818189  -0.0107792899
 9  1   0.0054131890   0.0036181173   0.0118530986   0.0507766661  -0.0051059408
 9  2  -0.0452414001  -0.1231241532   0.0605879125   0.1400405203   0.0119938804
 9  3  -0.0055442992  -0.0652417029   0.0001507323   0.0046102814  -0.0011993665
 9  4  -0.0007235149  -0.0010640017  -0.0018767928  -0.0002823456   0.0047488114
 9  5   0.0070824127  -0.0018369869   0.0001292560  -0.0011854470   0.0348509559
 9  6  -0.0336368914  -0.0637789534  -0.0010407489   0.0002690295  -0.0044997894
 9  7   0.0020078398  -0.0009377185   0.0077581299   0.0006458059  -0.0001208742
 9  8   0.0018316328  -0.0089132135  -0.0253148996   0.0081323964   0.0096726399
 9  9   0.0242711882   0.0073967639   0.0001445810   0.0001857013   0.0002241622
 9 10  -0.0000331868  -0.0000773662   0.0002958618  -0.0007143033   0.0000009220
 9 11   0.0010203660  -0.0000771991   0.0001215470   0.0008058549  -0.0030911014
 9 12   0.0012917368   0.0010944453   0.0241804632  -0.0280325119  -0.0045121927
10  1   0.0004177772  -0.0026227687  -0.0005855844  -0.0201785048  -0.0372731614
10  2   0.0031266673  -0.1077302871  -0.0184853060   0.0119938804   0.5090975313
10  3  -0.0509089756  -0.0050716203  -0.1825026043   0.0076263810   0.0105926999
10  4  -0.0223723871   0.0052117847  -0.0064595219   0.0017702616   0.0024171981
10  5   0.0022180862  -0.0007032083  -0.0014267035  -0.0011062441   0.0128254763
10  6   0.0129446789  -0.0055829573  -0.0016181791  -0.0009380086   0.0000753270
10  7   0.0003019633  -0.0006922979  -0.0003414059  -0.0047099896  -0.0003494798
10  8   0.0013967398  -0.0712713481   0.0339821450   0.0626385269  -0.0894161514
10  9   0.0454385664  -0.0782454570  -0.0126831958   0.0010300729  -0.0001525791
10 10  -0.0097377016   0.0002925404   0.0022348840   0.0007281183  -0.0010607835
10 11   0.0006705796   0.0009856817   0.0008278625  -0.0002935349  -0.0027451596
10 12   0.0036551260   0.0016471020  -0.0004580929   0.0003311291   0.0012444117
11  1   0.0084340998   0.0017400366  -0.0012415388  -0.0201100639  -0.0083033351
11  2   0.0052493983  -0.0198802219  -0.1872201076  -0.0055442992  -0.0509089756
11  3   0.4902744479   0.0060143430  -0.0007517008  -0.0816874858  -0.0000205515
11  4   0.0259661828   0.0010840608  -0.0023298213   0.0045984436   0.0020049352
11  5   0.0019904141  -0.0027605314   0.0000375839  -0.0012283839  -0.0040146818
11  6  -0.0291145107  -0.0004784325   0.0010790248  -0.0005888261   0.0001812299
11  7   0.0002565488  -0.0011634703  -0.0006660898   0.0024729381   0.0024582244
11  8  -0.0003958498   0.0350278948  -0.0915921699  -0.0914096413   0.0443591335
11  9  -0.0965901536   0.0840892393   0.0065036527  -0.0011074805  -0.0001830049
11 10  -0.0308163656   0.0000640609   0.0027721073  -0.0006537537   0.0014076625
11 11   0.0002566456   0.0014265423  -0.0043528607   0.0029293832   0.0019923220
11 12   0.0000737683  -0.0009239433  -0.0022204885   0.0025756197   0.0009387956
12  1   0.0003186988  -0.0008049223  -0.0016102156  -0.0036530348   0.0041957516
12  2   0.0001795639   0.0167670517   0.0043503528  -0.0652417029  -0.0050716203
12  3   0.0060143430   0.5813000806   0.0107307174   0.0001747713  -0.0824503924
12  4  -0.0239221866   0.0001921736   0.0001932087   0.0000750614   0.0000321037
12  5  -0.0000290651   0.0003209175   0.0001375649   0.0007073198  -0.0059198940
12  6  -0.0117444418  -0.0039669265  -0.0000178997  -0.0001672260  -0.0009428236
12  7   0.0000567604  -0.0001724018   0.0007415637   0.0011235779   0.0002252094
12  8   0.0034646452   0.0632121392  -0.0879021724  -0.2306541189  -0.0765596201
12  9   0.0834075355  -0.2004171078   0.0329327386   0.0004297367  -0.0000214137
12 10  -0.0089419921  -0.0001775223  -0.0002431251  -0.0013095176  -0.0003947910
12 11   0.0005070383  -0.0017320296   0.0042443596  -0.0020208049   0.0014809285
12 12  -0.0007797319   0.0001478431   0.0001092031  -0.0012606925   0.0003564332
13  1   0.0005878071  -0.0003279627  -0.0000988504  -0.0004588995  -0.0001303002
13  2  -0.0007701328  -0.0164042071  -0.0094196095   0.0001507323  -0.1825026043
13  3  -0.0007517008   0.0107307174   0.4656584416   0.0411541726  -0.0295111410
13  4  -0.0978968071   0.0235697340  -0.0216938134   0.0053978545   0.0014943497
13  5   0.0105880816   0.0019448958  -0.0033767326  -0.0034690918   0.0004821852
13  6  -0.0011866902  -0.0014225783  -0.0000921288   0.0000721980   0.0000203816
13  7   0.0000273273   0.0000651277  -0.0000097038  -0.0001138837   0.0003193016
13  8   0.0001046137  -0.0130574547  -0.0011347009   0.0011939251  -0.0137351379
13  9   0.0015179550   0.0028281842  -0.0712307027   0.0066651843   0.0718995487
13 10  -0.0731529413  -0.0765492419  -0.0281954121   0.0034503116  -0.0077891700
13 11   0.0046336136  -0.0085703162   0.0254941433  -0.0180493542  -0.0003466977
13 12   0.0006887629   0.0004215297   0.0000129578  -0.0003748203   0.0006487498
14  1   0.0005766232  -0.0001639703  -0.0002583956   0.0013220629  -0.0072439393
14  2  -0.0004842699  -0.0412130869  -0.0041393725   0.0046102814   0.0076263810
14  3  -0.0816874858   0.0001747713   0.0411541726   0.5618226585   0.0493650080
14  4   0.0222702918  -0.1287917956   0.0433918166   0.0136920057  -0.0321982847
14  5   0.0203038208  -0.0018971950  -0.0043090979  -0.0043655798  -0.0014525533
14  6   0.0012506427  -0.0036796387   0.0000619623   0.0007595656  -0.0000906266
14  7  -0.0000232114   0.0004095212   0.0001125062  -0.0017690621  -0.0004169275
14  8   0.0003880267   0.0122851738   0.0006389810   0.0013236188   0.0167486820
14  9   0.0023682117  -0.0031174409   0.0063406144  -0.0537525931  -0.0280548267
14 10  -0.0750074667  -0.2582901020  -0.0787368518  -0.0004249843   0.0019725607
14 11   0.0003885402  -0.0003798467   0.0019416022  -0.0019091360   0.0006673691
14 12   0.0005395755   0.0006614251  -0.0005779325  -0.0007097503  -0.0000230491
15  1  -0.0000394813   0.0004311479   0.0003083135   0.0009741978  -0.0007561049
15  2   0.0002221542  -0.0023025733  -0.0023755800  -0.0011993665   0.0105926999
15  3  -0.0000205515  -0.0824503924  -0.0295111410   0.0493650080   0.5540264111
15  4  -0.0204088138   0.0396355294  -0.1089844855   0.0078732263  -0.0007177724
15  5   0.0105455374   0.0000194118  -0.0063463149  -0.0035022555  -0.0012679873
15  6  -0.0000937038   0.0015259481  -0.0000896697   0.0001347496  -0.0005634728
15  7   0.0000163412   0.0000768424   0.0003200641  -0.0002231760   0.0000096345
15  8   0.0004645992   0.0289776352   0.0019404429  -0.0004995868  -0.0249424413
15  9  -0.0011004248   0.0027995360   0.0702270753  -0.0287006446  -0.2779932515
15 10  -0.0266911289  -0.0765163064  -0.0752714684  -0.0132261044   0.0272118577
15 11  -0.0186968377   0.0005235444  -0.0019628739   0.0000461678  -0.0000108773
15 12   0.0000782947  -0.0003084606  -0.0004907380  -0.0002932298  -0.0007891536
16  1  -0.0000119478   0.0002427903   0.0001895145   0.0001272719   0.0005993905
16  2   0.0006277990   0.0048418699   0.0011943478  -0.0007235149  -0.0223723871
16  3   0.0259661828  -0.0239221866  -0.0978968071   0.0222702918  -0.0204088138
16  4   0.6018374009   0.0040112305  -0.0098264630  -0.1092690356  -0.0388026412
16  5  -0.0223295664   0.0155012517   0.0283692369   0.0090571851  -0.0052166122
16  6  -0.0226307997  -0.0192617841  -0.0000182497  -0.0001507950  -0.0001132799
16  7  -0.0000127724  -0.0001076761  -0.0000255899   0.0002760508   0.0001770109
16  8  -0.0000809121   0.0011336173   0.0001132254   0.0000822808  -0.0061692724
16  9  -0.0003060762   0.0008492837   0.0044505281  -0.0070966757   0.0042857293
16 10   0.0052221905  -0.0071960615   0.0071156092  -0.0726863464   0.0065780010
16 11   0.0809180578  -0.3140818924  -0.0123589948  -0.0028464883  -0.0025555826
16 12  -0.0001574381  -0.0020047984  -0.0030992754  -0.0007145499  -0.0015820620
17  1  -0.0000218380   0.0001399887   0.0001678792  -0.0002326636  -0.0002064454
17  2  -0.0002135415  -0.0017310148  -0.0003452356  -0.0010640017   0.0052117847
17  3   0.0010840608   0.0001921736   0.0235697340  -0.1287917956   0.0396355294
17  4   0.0040112305   0.4350001884   0.0104423083  -0.0391498611  -0.1428950763
17  5  -0.0340415013   0.0093771268  -0.0498813239  -0.0170548227  -0.0020379412
17  6  -0.0001192049  -0.0031599784   0.0000135927  -0.0000248702  -0.0000016247
17  7  -0.0000360176  -0.0000050920  -0.0000146783  -0.0001096100   0.0001428667
17  8   0.0000364658  -0.0006977442   0.0000096467  -0.0000873246  -0.0017373484
17  9   0.0003858862  -0.0003945870  -0.0008145367   0.0006498722   0.0006681288
17 10   0.0148174589  -0.0217092155   0.0197344367   0.0033782550  -0.0447706603
17 11  -0.0176767391  -0.0145970009  -0.0495130128   0.0022032489   0.0011844042
17 12   0.0007707023   0.0005876164  -0.0003980103   0.0000787202   0.0000410122
18  1  -0.0000243446   0.0000980502   0.0000622686   0.0000646178   0.0005934898
18  2  -0.0004646317  -0.0025616028   0.0020189689  -0.0018767928  -0.0064595219
18  3  -0.0023298213   0.0001932087  -0.0216938134   0.0433918166  -0.1089844855
18  4  -0.0098264630   0.0104423083   0.4985251036  -0.0201156523  -0.0249805616
18  5  -0.1009409249   0.0033001422  -0.0108558620   0.0216194396  -0.0099809165
18  6  -0.0162794843   0.0135500226  -0.0000366223   0.0001093407   0.0000428280
18  7   0.0000164857   0.0000672593   0.0000841955   0.0002424122   0.0001666269
18  8  -0.0000700795   0.0007601438  -0.0001860376   0.0010439088   0.0010932099
18  9   0.0003481204   0.0008738460  -0.0145204022   0.0250636822  -0.0174399451
18 10   0.0047589470  -0.0064418746   0.0061681976   0.0783115125  -0.0252669322
18 11  -0.2661931160  -0.0038749627   0.0023137584  -0.0452384128  -0.0023547433
18 12   0.0003038569  -0.0016853378   0.0029015738   0.0014232952   0.0007307072
19  1   0.0019251586  -0.0019905929  -0.0004241710  -0.0046851982  -0.0007984128
19  2  -0.0018413570  -0.0170671988   0.0076474735  -0.0002823456   0.0017702616
19  3   0.0045984436   0.0000750614   0.0053978545   0.0136920057   0.0078732263
19  4  -0.1092690356  -0.0391498611  -0.0201156523   0.5878869678  -0.2233448657
19  5   0.0917583231  -0.3017617226   0.2805856505  -0.0214988123  -0.1460767846
19  6  -0.0159531076  -0.0302450993   0.0000609139  -0.0002515840   0.0000411148
19  7   0.0002010017  -0.0002405635   0.0001209959  -0.0004820821  -0.0002598096
19  8   0.0001652329  -0.0000854184  -0.0012555430  -0.0003623976  -0.0001905975
19  9  -0.0011584422   0.0001755119   0.0007935137  -0.0004812235  -0.0003893998
19 10  -0.0018355986   0.0033201078  -0.0022403566   0.0020863809   0.0136385388
19 11   0.0043506259  -0.0115260283  -0.0341738320  -0.0156824347  -0.0130589733
19 12  -0.0022335304  -0.0110869388   0.0059165852  -0.0021908515  -0.0003911274
20  1   0.0009960515   0.0004723013  -0.0003481721   0.0000233685  -0.0051838765
20  2   0.0011055228   0.0315400265  -0.0043218643   0.0047488114   0.0024171981
20  3   0.0020049352   0.0000321037   0.0014943497  -0.0321982847  -0.0007177724
20  4  -0.0388026412  -0.1428950763  -0.0249805616  -0.2233448657   0.7715910326
20  5   0.0490320950   0.2824647265  -0.5001444987   0.0043648639  -0.0336227349
20  6  -0.0872134579  -0.0128041132   0.0000418379  -0.0002128259   0.0003362785
20  7   0.0001124728  -0.0003625771  -0.0003974664  -0.0001338859   0.0003665032
20  8  -0.0000820931   0.0001607857  -0.0004170402   0.0001903019  -0.0012794365
20  9  -0.0005637998   0.0003475094  -0.0011304713   0.0013944285  -0.0020686148
20 10   0.0008688035   0.0002392196   0.0008451421   0.0018894893  -0.0006738082
20 11  -0.0026992481   0.0001628206  -0.0012004868  -0.0043295111  -0.0274661503
20 12  -0.0011027837  -0.0156046214   0.0036082552   0.0004219598   0.0030295454
21  1   0.0019123649  -0.0000294163  -0.0009896037   0.0006009684  -0.0052537908
21  2  -0.0001910685   0.0195244339   0.0038700313   0.0070824127   0.0022180862
21  3   0.0019904141  -0.0000290651   0.0105880816   0.0203038208   0.0105455374
21  4  -0.0223295664  -0.0340415013  -0.1009409249   0.0917583231   0.0490320950
21  5   0.3077655075  -0.0221727767   0.0043080690  -0.0798699670  -0.0446008207
21  6  -0.0086265765  -0.1040227057   0.0000670150  -0.0002131254  -0.0000256458
21  7   0.0003031612  -0.0003180361  -0.0002038214  -0.0003726950  -0.0003179227
21  8   0.0002100751   0.0001426242  -0.0006126813  -0.0002350675  -0.0004298289
21  9  -0.0009086721  -0.0000288312   0.0002266655   0.0016587815  -0.0007481777
21 10  -0.0034452270   0.0047598125  -0.0037505804  -0.0087210695  -0.0302005229
21 11  -0.0130351705  -0.0011067271  -0.0001685596  -0.0036486420   0.0062048459
21 12  -0.0018609402   0.0011092025  -0.0303678587  -0.0033712789  -0.0189934637
22  1  -0.0018114143   0.0010132491   0.0004985181   0.0031609735   0.0028819604
22  2  -0.0006150649  -0.0114430228   0.0012943827  -0.0018369869  -0.0007032083
22  3  -0.0027605314   0.0003209175   0.0019448958  -0.0018971950   0.0000194118
22  4   0.0155012517   0.0093771268   0.0033001422  -0.3017617226   0.2824647265
22  5  -0.0221727767   0.3183743427  -0.3362892751   0.0333200353  -0.0272161935
22  6   0.0385171523  -0.0130392935   0.0000171755   0.0001198072  -0.0001413915
22  7  -0.0002660589   0.0002760970   0.0002120806   0.0002058531  -0.0000621205
22  8  -0.0001524833  -0.0000182297   0.0005145975   0.0001171657   0.0001652293
22  9   0.0006283932  -0.0002719279  -0.0003779555   0.0001513142  -0.0002395396
22 10  -0.0000103158  -0.0000226205  -0.0001910289   0.0009107885  -0.0022476472
22 11  -0.0013484045   0.0030101752   0.0029701604   0.0009708428   0.0032617448
22 12   0.0019526598   0.0032151320  -0.0029443086   0.0011177628  -0.0019653484
23  1   0.0012722645  -0.0000314209  -0.0002081947  -0.0019369447  -0.0011109566
23  2   0.0004706698   0.0030741414   0.0032172086   0.0001292560  -0.0014267035
23  3   0.0000375839   0.0001375649  -0.0033767326  -0.0043090979  -0.0063463149
23  4   0.0283692369  -0.0498813239  -0.0108558620   0.2805856505  -0.5001444987
23  5   0.0043080690  -0.3362892751   0.5554075983  -0.0013787669   0.0242158903
23  6  -0.0013125697   0.0087252701  -0.0000588794   0.0001069358   0.0000372076
23  7   0.0001275233   0.0000285660  -0.0001114037   0.0000843921   0.0000903740
23  8   0.0000972478  -0.0000684094   0.0000968925  -0.0000864283   0.0005198913
23  9   0.0002085303   0.0000691290   0.0001693598   0.0000981693   0.0010381301
23 10   0.0012837005  -0.0021150829   0.0019660652  -0.0001415854  -0.0042378160
23 11  -0.0001757134   0.0012744658   0.0026230891   0.0029757281   0.0020657675
23 12   0.0010989744  -0.0003696769   0.0002562459   0.0001288445  -0.0004219771
24  1  -0.0008891471  -0.0001764386   0.0009469170   0.0006161822   0.0023789852
24  2  -0.0008174617  -0.0075080647  -0.0011970238  -0.0011854470  -0.0011062441
24  3  -0.0012283839   0.0007073198  -0.0034690918  -0.0043655798  -0.0035022555
24  4   0.0090571851  -0.0170548227   0.0216194396  -0.0214988123   0.0043648639
24  5  -0.0798699670   0.0333200353  -0.0013787669   0.0402364039  -0.0130243328
24  6   0.0153522203   0.0164715800  -0.0000018153   0.0000702553   0.0000307332
24  7  -0.0001231036   0.0001428726   0.0000892197   0.0000949004   0.0000057028
24  8  -0.0001461332  -0.0000019396   0.0002863794   0.0000681291   0.0002947502
24  9   0.0003911931  -0.0001177021   0.0000241240  -0.0002502627   0.0003141437
24 10   0.0011245892  -0.0013771002   0.0012418794   0.0001780174   0.0034798708
24 11   0.0008888500   0.0006460562   0.0001623347   0.0001590414  -0.0006110045
24 12   0.0004712983   0.0001839878   0.0028777159  -0.0000775976   0.0026813218
25  1   0.0004125216  -0.0042701597   0.0006991468  -0.0356285146   0.0298450605
25  2   0.0139523734  -0.1398198640   0.0370577672   0.0348509559   0.0128254763
25  3  -0.0040146818  -0.0059198940   0.0004821852  -0.0014525533  -0.0012679873
25  4  -0.0052166122  -0.0020379412  -0.0099809165  -0.1460767846  -0.0336227349
25  5  -0.0446008207  -0.0272161935   0.0242158903  -0.0130243328   0.4948850646
25  6   0.0605182634  -0.0281251300  -0.0000882801   0.0003207268   0.0001670000
25  7  -0.0006392434   0.0007859456  -0.0002345472   0.0001678673   0.0031662488
25  8  -0.0003580893  -0.0010307411  -0.0045022247  -0.0008718103  -0.0006339634
25  9  -0.0017913698  -0.0001437826  -0.0004995329  -0.0003631387   0.0005948814
25 10  -0.0003527683   0.0005132655  -0.0001285734  -0.0007069958  -0.0015108689
25 11  -0.0003836069   0.0005174213   0.0006916938  -0.0001813440  -0.1013970107
25 12  -0.0994008575   0.0273492795  -0.0499840319  -0.0041483314   0.0276071979
26  1  -0.0079208761   0.0014520297   0.0006362817   0.0150577981   0.0073256648
26  2  -0.0010931265   0.0381108372  -0.1615977358  -0.0336368914   0.0129446789
26  3  -0.0291145107  -0.0117444418  -0.0011866902   0.0012506427  -0.0000937038
26  4  -0.0226307997  -0.0001192049  -0.0162794843  -0.0159531076  -0.0872134579
26  5  -0.0086265765   0.0385171523  -0.0013125697   0.0153522203   0.0605182634
26  6   0.5746652393  -0.0177042638   0.0000941791  -0.0001243425   0.0002495471
26  7  -0.0007748947   0.0006652626  -0.0001968769  -0.0034187274   0.0003352087
26  8   0.0007998773  -0.0010160601  -0.0020905075   0.0015130607   0.0001650945
26  9   0.0006294357  -0.0001442891   0.0001657506  -0.0001662708  -0.0004092503
26 10   0.0010286261   0.0003760946  -0.0001741457  -0.0010554354  -0.0019065382
26 11  -0.0014823823  -0.0011144765  -0.0039974928  -0.0028611061  -0.1078052226
26 12  -0.2512682363   0.0515205305  -0.0037260897  -0.0477887107   0.0243750210
27  1   0.0000286693  -0.0013280987   0.0024143223  -0.0015454881   0.0008994048
27  2  -0.0079802181   0.0484529863  -0.0394967073  -0.0637789534  -0.0055829573
27  3  -0.0004784325  -0.0039669265  -0.0014225783  -0.0036796387   0.0015259481
27  4  -0.0192617841  -0.0031599784   0.0135500226  -0.0302450993  -0.0128041132
27  5  -0.1040227057  -0.0130392935   0.0087252701   0.0164715800  -0.0281251300
27  6  -0.0177042638   0.4745442578   0.0000235985   0.0001145618  -0.0007581273
27  7  -0.0001765263   0.0000940357   0.0024001125  -0.0001396584  -0.0005880274
27  8  -0.0012986347   0.0001072882  -0.0016395082  -0.0000196730   0.0008799555
27  9   0.0041744529  -0.0001297800   0.0003612855   0.0002339405  -0.0010126497
27 10   0.0009323045  -0.0003877778  -0.0001717659   0.0021556547   0.0032465309
27 11   0.0005925914  -0.0000540320  -0.0027634958  -0.0002615622   0.0272585994
27 12   0.0464787048  -0.0534008388   0.0193922055   0.0200631404  -0.2746969993
28  1  -0.0650576356  -0.0538745695   0.0044942486   0.0091288522   0.0232100710
28  2  -0.0000001980   0.0007177225  -0.0013440331  -0.0010407489  -0.0016181791
28  3   0.0010790248  -0.0000178997  -0.0000921288   0.0000619623  -0.0000896697
28  4  -0.0000182497   0.0000135927  -0.0000366223   0.0000609139   0.0000418379
28  5   0.0000670150   0.0000171755  -0.0000588794  -0.0000018153  -0.0000882801
28  6   0.0000941791   0.0000235985   0.0618419778   0.0546323083  -0.0046663037
28  7  -0.0008169172  -0.0254795173  -0.0007529003  -0.0023042849   0.0026124465
28  8   0.0018144933  -0.0014471911  -0.0003603631  -0.0001485287  -0.0004571094
28  9  -0.0003001712   0.0003399669   0.0001052118  -0.0000140400  -0.0000284227
28 10   0.0000278970   0.0000063401   0.0000197406  -0.0000193354   0.0000015398
28 11   0.0000043514   0.0000058993  -0.0000435613   0.0000025360  -0.0000076866
28 12  -0.0002188215   0.0000004456   0.0000213481  -0.0000593463   0.0000167135
29  1  -0.0485780289  -0.3299814378  -0.0017001592  -0.0067744625  -0.0182217599
29  2   0.0002308400  -0.0014857823   0.0005146876   0.0002690295  -0.0009380086
29  3  -0.0005888261  -0.0001672260   0.0000721980   0.0007595656   0.0001347496
29  4  -0.0001507950  -0.0000248702   0.0001093407  -0.0002515840  -0.0002128259
29  5  -0.0002131254   0.0001198072   0.0001069358   0.0000702553   0.0003207268
29  6  -0.0001243425   0.0001145618   0.0546323083   0.3520093195   0.0020438461
29  7   0.0006810290  -0.0043462378  -0.0003101314   0.0030207814  -0.0007258927
29  8  -0.0007570453  -0.0003469568   0.0003114138   0.0007570052  -0.0002695340
29  9   0.0001783249  -0.0005245281  -0.0001454479   0.0000176063   0.0000264034
29 10   0.0001029030  -0.0000033641  -0.0000197178   0.0000299481  -0.0000084514
29 11  -0.0000021155  -0.0000234891   0.0000816418  -0.0000443489  -0.0000157846
29 12   0.0002286864  -0.0000085759   0.0000001720   0.0000298267  -0.0000090580
30  1   0.0051202449  -0.0013391399  -0.0258745419  -0.0016372830  -0.0043302642
30  2   0.0040213950  -0.0008208925   0.0006059651  -0.0044997894   0.0000753270
30  3   0.0001812299  -0.0009428236   0.0000203816  -0.0000906266  -0.0005634728
30  4  -0.0001132799  -0.0000016247   0.0000428280   0.0000411148   0.0003362785
30  5  -0.0000256458  -0.0001413915   0.0000372076   0.0000307332   0.0001670000
30  6   0.0002495471  -0.0007581273  -0.0046663037   0.0020438461   0.0188548516
30  7   0.0002194703   0.0039485484   0.0001106608   0.0020066721  -0.0013296563
30  8   0.0092631744  -0.0014896431  -0.0004083673   0.0002886626   0.0015003885
30  9   0.0005582236  -0.0002193641   0.0001109065  -0.0000040150  -0.0000285788
30 10  -0.0000623840  -0.0000114581   0.0000526631  -0.0000050784  -0.0000115817
30 11  -0.0000012787  -0.0000206861   0.0000334462  -0.0000113894  -0.0003719175
30 12  -0.0001032776   0.0001559878   0.0000673539  -0.0003642811   0.0001040554
31  1  -0.3084429632  -0.0832494842   0.0418076720  -0.0190769501  -0.0096112164
31  2   0.0021591512   0.0008049521   0.0037047256   0.0020078398   0.0003019633
31  3   0.0002565488   0.0000567604   0.0000273273  -0.0000232114   0.0000163412
31  4  -0.0000127724  -0.0000360176   0.0000164857   0.0002010017   0.0001124728
31  5   0.0003031612  -0.0002660589   0.0001275233  -0.0001231036  -0.0006392434
31  6  -0.0007748947  -0.0001765263  -0.0008169172   0.0006810290   0.0002194703
31  7   0.3274411122   0.0882783222  -0.0452343888   0.0005387868   0.0003147994
31  8  -0.0010643507   0.0001172908   0.0000845544   0.0000501543  -0.0000697534
31  9   0.0000072196  -0.0000479853  -0.0000273847   0.0000156275   0.0000052388
31 10  -0.0000214174  -0.0000177076  -0.0000053602   0.0000125618  -0.0000090708
31 11   0.0000000952  -0.0000105603   0.0000067621  -0.0000045474   0.0000397688
31 12   0.0000505118  -0.0000151109  -0.0001007438   0.0000815061   0.0000290030
32  1  -0.0896374687  -0.0831135193   0.0121392877   0.0233622509   0.0083711626
32  2  -0.0031282310   0.0030991434  -0.0031648957  -0.0009377185  -0.0006922979
32  3  -0.0011634703  -0.0001724018   0.0000651277   0.0004095212   0.0000768424
32  4  -0.0001076761  -0.0000050920   0.0000672593  -0.0002405635  -0.0003625771
32  5  -0.0003180361   0.0002760970   0.0000285660   0.0001428726   0.0007859456
32  6   0.0006652626   0.0000940357  -0.0254795173  -0.0043462378   0.0039485484
32  7   0.0882783222   0.0813025525  -0.0121240930   0.0001822826   0.0010517014
32  8   0.0001942077   0.0000233513   0.0001777886   0.0005070011   0.0000739873
32  9   0.0002062178  -0.0004177683  -0.0001009345   0.0000089330   0.0000181173
32 10   0.0000698197   0.0000096294  -0.0000119913   0.0000155555  -0.0000026050
32 11  -0.0000111289  -0.0000136863   0.0000588388  -0.0000299591  -0.0000330735
32 12  -0.0000330829   0.0000239929   0.0000733348  -0.0000986940  -0.0000608374
33  1   0.0424863762   0.0107127885  -0.0272963163   0.0027247676   0.0023735951
33  2  -0.0026633518   0.0021199574  -0.0005902570   0.0077581299  -0.0003414059
33  3  -0.0006660898   0.0007415637  -0.0000097038   0.0001125062   0.0003200641
33  4  -0.0000255899  -0.0000146783   0.0000841955   0.0001209959  -0.0003974664
33  5  -0.0002038214   0.0002120806  -0.0001114037   0.0000892197  -0.0002345472
33  6  -0.0001968769   0.0024001125  -0.0007529003  -0.0003101314   0.0001106608
33  7  -0.0452343888  -0.0121240930   0.0254683290  -0.0010883387   0.0005699149
33  8  -0.0061996461   0.0007579115   0.0002303248  -0.0001649147  -0.0007872085
33  9  -0.0001112264  -0.0001885644  -0.0000220948   0.0000000779  -0.0000028814
33 10   0.0000312745   0.0000064092  -0.0000274830   0.0000052560   0.0000289773
33 11  -0.0000164940   0.0000121128  -0.0000219826  -0.0000103263   0.0003381390
33 12   0.0000327669  -0.0001370522  -0.0003126936   0.0004768449  -0.0000614236
34  1   0.0080988395   0.0225873039   0.0004612568  -0.0708227410  -0.0571970326
34  2   0.0015069186  -0.0135837182  -0.0352199901   0.0006458059  -0.0047099896
34  3   0.0024729381   0.0011235779  -0.0001138837  -0.0017690621  -0.0002231760
34  4   0.0002760508  -0.0001096100   0.0002424122  -0.0004820821  -0.0001338859
34  5  -0.0003726950   0.0002058531   0.0000843921   0.0000949004   0.0001678673
34  6  -0.0034187274  -0.0001396584  -0.0023042849   0.0030207814   0.0020066721
34  7   0.0005387868   0.0001822826  -0.0010883387   0.0837973660   0.0678791383
34  8  -0.0044468243   0.0001375529   0.0001484941  -0.0002144787   0.0000369173
34  9  -0.0001146355   0.0001410988  -0.0000697730   0.0000023139   0.0000578765
34 10  -0.0005569194   0.0000222236   0.0000386242   0.0000284963   0.0000231066
34 11  -0.0000194253  -0.0000014872   0.0000951073  -0.0000068524  -0.0006154852
34 12   0.0011439384   0.0001427840  -0.0000273656   0.0003009235   0.0000495213
35  1  -0.0050102048  -0.0188238887  -0.0001555999  -0.0651974698  -0.3118926262
35  2  -0.0029678575  -0.0034805723  -0.0081954363  -0.0001208742  -0.0003494798
35  3   0.0024582244   0.0002252094   0.0003193016  -0.0004169275   0.0000096345
35  4   0.0001770109   0.0001428667   0.0001666269  -0.0002598096   0.0003665032
35  5  -0.0003179227  -0.0000621205   0.0000903740   0.0000057028   0.0031662488
35  6   0.0003352087  -0.0005880274   0.0026124465  -0.0007258927  -0.0013296563
35  7   0.0003147994   0.0010517014   0.0005699149   0.0678791383   0.3344780998
35  8   0.0042542170   0.0001204506  -0.0000363407   0.0000106690   0.0000676805
35  9  -0.0001054648   0.0000085716  -0.0001015229  -0.0000055688   0.0000197221
35 10  -0.0001597863   0.0000482368   0.0000550898   0.0000287924   0.0000067227
35 11   0.0000199878  -0.0000069132   0.0000685641  -0.0000063095   0.0001448848
35 12   0.0010992532  -0.0000061393  -0.0002028747   0.0000563908   0.0001470413
36  1  -0.0012601238  -0.0032854473   0.0060809103   0.0029123784  -0.0036249790
36  2  -0.0402540161   0.0004575128   0.0024643404   0.0018316328   0.0013967398
36  3  -0.0003958498   0.0034646452   0.0001046137   0.0003880267   0.0004645992
36  4  -0.0000809121   0.0000364658  -0.0000700795   0.0001652329  -0.0000820931
36  5   0.0002100751  -0.0001524833   0.0000972478  -0.0001461332  -0.0003580893
36  6   0.0007998773  -0.0012986347   0.0018144933  -0.0007570453   0.0092631744
36  7  -0.0010643507   0.0001942077  -0.0061996461  -0.0044468243   0.0042542170
36  8   0.0266075115   0.0001977545   0.0004282150  -0.0000807351  -0.0004947835
36  9  -0.0006891970  -0.0000812082  -0.0000496299   0.0000016469  -0.0000094767
36 10   0.0001592728  -0.0000047349  -0.0000119886  -0.0000140958  -0.0000151789
36 11  -0.0000141135  -0.0000171469  -0.0000254165  -0.0000047936   0.0003820858
36 12   0.0000893015   0.0003630519   0.0003483555   0.0001263955  -0.0001147751
37  1  -0.0004989129   0.0014062006   0.0002639848   0.0028359933  -0.0015299821
37  2  -0.0011755544   0.0033252753  -0.0069390476  -0.0089132135  -0.0712713481
37  3   0.0350278948   0.0632121392  -0.0130574547   0.0122851738   0.0289776352
37  4   0.0011336173  -0.0006977442   0.0007601438  -0.0000854184   0.0001607857
37  5   0.0001426242  -0.0000182297  -0.0000684094  -0.0000019396  -0.0010307411
37  6  -0.0010160601   0.0001072882  -0.0014471911  -0.0003469568  -0.0014896431
37  7   0.0001172908   0.0000233513   0.0007579115   0.0001375529   0.0001204506
37  8   0.0001977545   0.0796297406  -0.0336603869  -0.0696662901   0.0044313576
37  9  -0.0053822465  -0.0119059745  -0.0060348429   0.0006395730  -0.0002278563
37 10   0.0014188452  -0.0000093864   0.0001892419   0.0001052620   0.0002397059
37 11  -0.0007680322   0.0001504710  -0.0001132027  -0.0002389081   0.0001592570
37 12  -0.0002121554  -0.0000492414  -0.0000005242   0.0000724425  -0.0001720701
38  1  -0.0011349284   0.0012329471   0.0006464696   0.0045649864  -0.0000356016
38  2  -0.0007096714   0.0067849753  -0.0326328913  -0.0253148996   0.0339821450
38  3  -0.0915921699  -0.0879021724  -0.0011347009   0.0006389810   0.0019404429
38  4   0.0001132254   0.0000096467  -0.0001860376  -0.0012555430  -0.0004170402
38  5  -0.0006126813   0.0005145975   0.0000968925   0.0002863794  -0.0045022247
38  6  -0.0020905075  -0.0016395082  -0.0003603631   0.0003114138  -0.0004083673
38  7   0.0000845544   0.0001777886   0.0002303248   0.0001484941  -0.0000363407
38  8   0.0004282150  -0.0336603869   0.1155669508   0.1014871142  -0.0039804382
38  9   0.0080866505   0.0115532763  -0.0010154483   0.0010013557   0.0002438567
38 10  -0.0004972935   0.0010769403   0.0004941092   0.0001815974  -0.0001292685
38 11   0.0001414310   0.0000228819   0.0000607179   0.0001513516   0.0006853507
38 12  -0.0007984797  -0.0004376899   0.0004585190  -0.0005279855  -0.0003919432
39  1  -0.0001651084  -0.0009694126  -0.0005776521   0.0013620980   0.0000872115
39  2   0.0005988562  -0.0028394905  -0.0038589126   0.0081323964   0.0626385269
39  3  -0.0914096413  -0.2306541189   0.0011939251   0.0013236188  -0.0004995868
39  4   0.0000822808  -0.0000873246   0.0010439088  -0.0003623976   0.0001903019
39  5  -0.0002350675   0.0001171657  -0.0000864283   0.0000681291  -0.0008718103
39  6   0.0015130607  -0.0000196730  -0.0001485287   0.0007570052   0.0002886626
39  7   0.0000501543   0.0005070011  -0.0001649147  -0.0002144787   0.0000106690
39  8  -0.0000807351  -0.0696662901   0.1014871142   0.2435254288   0.0077416953
39  9  -0.0100438891  -0.0235332213  -0.0000228982   0.0002906153   0.0015836725
39 10   0.0005658328   0.0005497565   0.0008305577   0.0004875390  -0.0004590872
39 11  -0.0000351953   0.0000385872  -0.0000836822   0.0000013682  -0.0000463090
39 12   0.0000990277  -0.0000219074   0.0000595065   0.0001829958  -0.0002509082
40  1   0.0002045811   0.0020076587  -0.0002308236   0.0040757191  -0.0019485730
40  2   0.0007316902   0.0036777452  -0.0080671448   0.0096726399  -0.0894161514
40  3   0.0443591335  -0.0765596201  -0.0137351379   0.0167486820  -0.0249424413
40  4  -0.0061692724  -0.0017373484   0.0010932099  -0.0001905975  -0.0012794365
40  5  -0.0004298289   0.0001652293   0.0005198913   0.0002947502  -0.0006339634
40  6   0.0001650945   0.0008799555  -0.0004571094  -0.0002695340   0.0015003885
40  7  -0.0000697534   0.0000739873  -0.0007872085   0.0000369173   0.0000676805
40  8  -0.0004947835   0.0044313576  -0.0039804382   0.0077416953   0.0967779342
40  9  -0.0481810242   0.0823966632   0.0016943886   0.0004909782   0.0002802683
40 10  -0.0000328797  -0.0005797573  -0.0001551812   0.0001839327  -0.0002139112
40 11   0.0000907668  -0.0006133624   0.0015649612  -0.0009836950   0.0000596761
40 12  -0.0001013962  -0.0000736239   0.0000107462   0.0003604967  -0.0000248218
41  1  -0.0020360386   0.0017610651  -0.0000409988   0.0075203099   0.0001081793
41  2  -0.0007804768   0.0027838477  -0.0343202075   0.0242711882   0.0454385664
41  3  -0.0965901536   0.0834075355   0.0015179550   0.0023682117  -0.0011004248
41  4  -0.0003060762   0.0003858862   0.0003481204  -0.0011584422  -0.0005637998
41  5  -0.0009086721   0.0006283932   0.0002085303   0.0003911931  -0.0017913698
41  6   0.0006294357   0.0041744529  -0.0003001712   0.0001783249   0.0005582236
41  7   0.0000072196   0.0002062178  -0.0001112264  -0.0001146355  -0.0001054648
41  8  -0.0006891970  -0.0053822465   0.0080866505  -0.0100438891  -0.0481810242
41  9   0.1181198562  -0.0981312748  -0.0000053654   0.0002663657   0.0000399120
41 10   0.0006765960  -0.0002439679   0.0000102728   0.0000785906  -0.0001485881
41 11   0.0000684136  -0.0001655589   0.0002173742   0.0000343090   0.0004388993
41 12  -0.0006301183  -0.0004501537   0.0003505509   0.0000662024  -0.0010473077
42  1   0.0005051893   0.0003017319  -0.0005569001  -0.0026437524  -0.0000106980
42  2   0.0010313964   0.0067272231   0.0061079272   0.0073967639  -0.0782454570
42  3   0.0840892393  -0.2004171078   0.0028281842  -0.0031174409   0.0027995360
42  4   0.0008492837  -0.0003945870   0.0008738460   0.0001755119   0.0003475094
42  5  -0.0000288312  -0.0002719279   0.0000691290  -0.0001177021  -0.0001437826
42  6  -0.0001442891  -0.0001297800   0.0003399669  -0.0005245281  -0.0002193641
42  7  -0.0000479853  -0.0004177683  -0.0001885644   0.0001410988   0.0000085716
42  8  -0.0000812082  -0.0119059745   0.0115532763  -0.0235332213   0.0823966632
42  9  -0.0981312748   0.2117760700  -0.0002564454  -0.0001522775   0.0014998002
42 10  -0.0005148747   0.0001592516  -0.0001440755   0.0003278890  -0.0002542680
42 11   0.0002991073   0.0001120828  -0.0000777911   0.0002257627  -0.0000736670
42 12   0.0000171161  -0.0001407549  -0.0002992258   0.0005711704  -0.0003447730
43  1  -0.0000425626  -0.0000371633  -0.0000791716  -0.0004037627  -0.0000904643
43  2  -0.0000149291   0.0008567421   0.0007726488   0.0001445810  -0.0126831958
43  3   0.0065036527   0.0329327386  -0.0712307027   0.0063406144   0.0702270753
43  4   0.0044505281  -0.0008145367  -0.0145204022   0.0007935137  -0.0011304713
43  5   0.0002266655  -0.0003779555   0.0001693598   0.0000241240  -0.0004995329
43  6   0.0001657506   0.0003612855   0.0001052118  -0.0001454479   0.0001109065
43  7  -0.0000273847  -0.0001009345  -0.0000220948  -0.0000697730  -0.0001015229
43  8  -0.0000496299  -0.0060348429  -0.0010154483  -0.0000228982   0.0016943886
43  9  -0.0000053654  -0.0002564454   0.0803722741  -0.0114995663  -0.0766897915
43 10   0.0031507326  -0.0005356263  -0.0102051304  -0.0005540354   0.0027292767
43 11  -0.0016797704   0.0003210833  -0.0007083358   0.0001471486   0.0000591072
43 12  -0.0000215422  -0.0001851924   0.0001201667  -0.0004748777  -0.0004490691
44  1   0.0001196984  -0.0001374789   0.0000228916  -0.0004010525   0.0000182463
44  2  -0.0000594579   0.0002425167   0.0002575247   0.0001857013   0.0010300729
44  3  -0.0011074805   0.0004297367   0.0066651843  -0.0537525931  -0.0287006446
44  4  -0.0070966757   0.0006498722   0.0250636822  -0.0004812235   0.0013944285
44  5   0.0016587815   0.0001513142   0.0000981693  -0.0002502627  -0.0003631387
44  6  -0.0001662708   0.0002339405  -0.0000140400   0.0000176063  -0.0000040150
44  7   0.0000156275   0.0000089330   0.0000000779   0.0000023139  -0.0000055688
44  8   0.0000016469   0.0006395730   0.0010013557   0.0002906153   0.0004909782
44  9   0.0002663657  -0.0001522775  -0.0114995663   0.0571515650   0.0274744480
44 10   0.0089542903  -0.0026228809  -0.0281919642   0.0019299064  -0.0036558107
44 11   0.0030546559  -0.0000876298   0.0008856525  -0.0007581294   0.0000784758
44 12   0.0000175490  -0.0001090555  -0.0003766250  -0.0003191846  -0.0001903709
45  1   0.0000068322   0.0000354836   0.0000023808   0.0000688960   0.0001368453
45  2  -0.0000142111   0.0002699477   0.0001264150   0.0002241622  -0.0001525791
45  3  -0.0001830049  -0.0000214137   0.0718995487  -0.0280548267  -0.2779932515
45  4   0.0042857293   0.0006681288  -0.0174399451  -0.0003893998  -0.0020686148
45  5  -0.0007481777  -0.0002395396   0.0010381301   0.0003141437   0.0005948814
45  6  -0.0004092503  -0.0010126497  -0.0000284227   0.0000264034  -0.0000285788
45  7   0.0000052388   0.0000181173  -0.0000028814   0.0000578765   0.0000197221
45  8  -0.0000094767  -0.0002278563   0.0002438567   0.0015836725   0.0002802683
45  9   0.0000399120   0.0014998002  -0.0766897915   0.0274744480   0.3029095133
45 10   0.0026821920  -0.0018095685  -0.0099977358  -0.0019147141   0.0028909922
45 11  -0.0004854952  -0.0004131564  -0.0001225742   0.0001251019  -0.0000749516
45 12   0.0001194910   0.0003144433  -0.0000209999  -0.0001901059   0.0007805989
46  1  -0.0001772978   0.0001753697   0.0000365820   0.0009299353  -0.0020399888
46  2  -0.0002843154  -0.0079521312   0.0008748956  -0.0000331868  -0.0097377016
46  3  -0.0308163656  -0.0089419921  -0.0731529413  -0.0750074667  -0.0266911289
46  4   0.0052221905   0.0148174589   0.0047589470  -0.0018355986   0.0008688035
46  5  -0.0034452270  -0.0000103158   0.0012837005   0.0011245892  -0.0003527683
46  6   0.0010286261   0.0009323045   0.0000278970   0.0001029030  -0.0000623840
46  7  -0.0000214174   0.0000698197   0.0000312745  -0.0005569194  -0.0001597863
46  8   0.0001592728   0.0014188452  -0.0004972935   0.0005658328  -0.0000328797
46  9   0.0006765960  -0.0005148747   0.0031507326   0.0089542903   0.0026821920
46 10   0.0823642292   0.0809474250   0.0291014503   0.0002080036  -0.0009306451
46 11   0.0002452753   0.0003364626  -0.0001908741   0.0005724889   0.0000029272
46 12  -0.0001305548  -0.0001023170   0.0001687478  -0.0000269132  -0.0001347836
47  1  -0.0001512944   0.0000765034   0.0000671580   0.0003941829   0.0000270401
47  2  -0.0001469918  -0.0001850285   0.0012333368  -0.0000773662   0.0002925404
47  3   0.0000640609  -0.0001775223  -0.0765492419  -0.2582901020  -0.0765163064
47  4  -0.0071960615  -0.0217092155  -0.0064418746   0.0033201078   0.0002392196
47  5   0.0047598125  -0.0000226205  -0.0021150829  -0.0013771002   0.0005132655
47  6   0.0003760946  -0.0003877778   0.0000063401  -0.0000033641  -0.0000114581
47  7  -0.0000177076   0.0000096294   0.0000064092   0.0000222236   0.0000482368
47  8  -0.0000047349  -0.0000093864   0.0010769403   0.0005497565  -0.0005797573
47  9  -0.0002439679   0.0001592516  -0.0005356263  -0.0026228809  -0.0018095685
47 10   0.0809474250   0.2800686380   0.0816530390  -0.0005418588   0.0010520781
47 11  -0.0000496922   0.0004155683   0.0005870336  -0.0003625034   0.0000356975
47 12   0.0000963932   0.0001025967  -0.0001587680   0.0000294085   0.0000648730
48  1  -0.0000175502  -0.0000517832  -0.0001022217   0.0000248430   0.0001724467
48  2   0.0002095547   0.0015572622   0.0007962370   0.0002958618   0.0022348840
48  3   0.0027721073  -0.0002431251  -0.0281954121  -0.0787368518  -0.0752714684
48  4   0.0071156092   0.0197344367   0.0061681976  -0.0022403566   0.0008451421
48  5  -0.0037505804  -0.0001910289   0.0019660652   0.0012418794  -0.0001285734
48  6  -0.0001741457  -0.0001717659   0.0000197406  -0.0000197178   0.0000526631
48  7  -0.0000053602  -0.0000119913  -0.0000274830   0.0000386242   0.0000550898
48  8  -0.0000119886   0.0001892419   0.0004941092   0.0008305577  -0.0001551812
48  9   0.0000102728  -0.0001440755  -0.0102051304  -0.0281919642  -0.0099977358
48 10   0.0291014503   0.0816530390   0.0788249926   0.0006213369  -0.0006557062
48 11   0.0008862533   0.0001402810  -0.0008288548   0.0006287806  -0.0000423385
48 12   0.0000314229   0.0001415525   0.0001376581   0.0001406464   0.0004401509
49  1   0.0000907215  -0.0000295349   0.0000508268  -0.0003345372   0.0000902154
49  2  -0.0000618661  -0.0007296067   0.0001536082  -0.0007143033   0.0007281183
49  3  -0.0006537537  -0.0013095176   0.0034503116  -0.0004249843  -0.0132261044
49  4  -0.0726863464   0.0033782550   0.0783115125   0.0020863809   0.0018894893
49  5  -0.0087210695   0.0009107885  -0.0001415854   0.0001780174  -0.0007069958
49  6  -0.0010554354   0.0021556547  -0.0000193354   0.0000299481  -0.0000050784
49  7   0.0000125618   0.0000155555   0.0000052560   0.0000284963   0.0000287924
49  8  -0.0000140958   0.0001052620   0.0001815974   0.0004875390   0.0001839327
49  9   0.0000785906   0.0003278890  -0.0005540354   0.0019299064  -0.0019147141
49 10   0.0002080036  -0.0005418588   0.0006213369   0.0766133735  -0.0081326126
49 11  -0.0867166712  -0.0095197400   0.0028977901   0.0302839896  -0.0003381011
49 12   0.0000867444  -0.0001388571   0.0004707471   0.0002192725   0.0004002559
50  1  -0.0000470756  -0.0000309193   0.0000202021  -0.0002140816   0.0001744244
50  2  -0.0001570986  -0.0005522472   0.0003823340   0.0000009220  -0.0010607835
50  3   0.0014076625  -0.0003947910  -0.0077891700   0.0019725607   0.0272118577
50  4   0.0065780010  -0.0447706603  -0.0252669322   0.0136385388  -0.0006738082
50  5  -0.0302005229  -0.0022476472  -0.0042378160   0.0034798708  -0.0015108689
50  6  -0.0019065382   0.0032465309   0.0000015398  -0.0000084514  -0.0000115817
50  7  -0.0000090708  -0.0000026050   0.0000289773   0.0000231066   0.0000067227
50  8  -0.0000151789   0.0002397059  -0.0001292685  -0.0004590872  -0.0002139112
50  9  -0.0001485881  -0.0002542680   0.0027292767  -0.0036558107   0.0028909922
50 10  -0.0009306451   0.0010520781  -0.0006557062  -0.0081326126   0.0503939863
50 11   0.0181826546  -0.0008245560  -0.0000008948   0.0023558135  -0.0004200245
50 12  -0.0000413140  -0.0003103559   0.0007425255   0.0002169058   0.0003077017
51  1   0.0001665457  -0.0000885864  -0.0000260598  -0.0006432736  -0.0000661473
51  2   0.0000522240   0.0002712384  -0.0002031487   0.0010203660   0.0006705796
51  3   0.0002566456   0.0005070383   0.0046336136   0.0003885402  -0.0186968377
51  4   0.0809180578  -0.0176767391  -0.2661931160   0.0043506259  -0.0026992481
51  5  -0.0130351705  -0.0013484045  -0.0001757134   0.0008888500  -0.0003836069
51  6  -0.0014823823   0.0005925914   0.0000043514  -0.0000021155  -0.0000012787
51  7   0.0000000952  -0.0000111289  -0.0000164940  -0.0000194253   0.0000199878
51  8  -0.0000141135  -0.0007680322   0.0001414310  -0.0000351953   0.0000907668
51  9   0.0000684136   0.0002991073  -0.0016797704   0.0030546559  -0.0004854952
51 10   0.0002452753  -0.0000496922   0.0008862533  -0.0867166712   0.0181826546
51 11   0.2928964673   0.0001558916   0.0002169307   0.0013344623  -0.0002619896
51 12  -0.0000124959  -0.0001313598   0.0003141324   0.0001381383   0.0001577607
52  1  -0.0001492579   0.0000789481   0.0000261053   0.0003641981  -0.0000361193
52  2   0.0000566979   0.0006118288  -0.0002078257  -0.0000771991   0.0009856817
52  3   0.0014265423  -0.0017320296  -0.0085703162  -0.0003798467   0.0005235444
52  4  -0.3140818924  -0.0145970009  -0.0038749627  -0.0115260283   0.0001628206
52  5  -0.0011067271   0.0030101752   0.0012744658   0.0006460562   0.0005174213
52  6  -0.0011144765  -0.0000540320   0.0000058993  -0.0000234891  -0.0000206861
52  7  -0.0000105603  -0.0000136863   0.0000121128  -0.0000014872  -0.0000069132
52  8  -0.0000171469   0.0001504710   0.0000228819   0.0000385872  -0.0006133624
52  9  -0.0001655589   0.0001120828   0.0003210833  -0.0000876298  -0.0004131564
52 10   0.0003364626   0.0004155683   0.0001402810  -0.0095197400  -0.0008245560
52 11   0.0001558916   0.3386337344   0.0141722948   0.0059536102  -0.0002833230
52 12  -0.0000654676  -0.0002068493  -0.0001809882  -0.0000309518  -0.0001621804
53  1   0.0000128152   0.0000489300  -0.0000104258   0.0001685691   0.0001075759
53  2   0.0000423718   0.0001375103  -0.0001606256   0.0001215470   0.0008278625
53  3  -0.0043528607   0.0042443596   0.0254941433   0.0019416022  -0.0019628739
53  4  -0.0123589948  -0.0495130128   0.0023137584  -0.0341738320  -0.0012004868
53  5  -0.0001685596   0.0029701604   0.0026230891   0.0001623347   0.0006916938
53  6  -0.0039974928  -0.0027634958  -0.0000435613   0.0000816418   0.0000334462
53  7   0.0000067621   0.0000588388  -0.0000219826   0.0000951073   0.0000685641
53  8  -0.0000254165  -0.0001132027   0.0000607179  -0.0000836822   0.0015649612
53  9   0.0002173742  -0.0000777911  -0.0007083358   0.0008856525  -0.0001225742
53 10  -0.0001908741   0.0005870336  -0.0008288548   0.0028977901  -0.0000008948
53 11   0.0002169307   0.0141722948   0.0526650297  -0.0003929528  -0.0007475238
53 12  -0.0000025622  -0.0004459853  -0.0007033455  -0.0001181141  -0.0002301537
54  1   0.0000274821   0.0000598787   0.0000335150  -0.0001889142  -0.0000943506
54  2   0.0000395531   0.0011263727   0.0001503290   0.0008058549  -0.0002935349
54  3   0.0029293832  -0.0020208049  -0.0180493542  -0.0019091360   0.0000461678
54  4  -0.0028464883   0.0022032489  -0.0452384128  -0.0156824347  -0.0043295111
54  5  -0.0036486420   0.0009708428   0.0029757281   0.0001590414  -0.0001813440
54  6  -0.0028611061  -0.0002615622   0.0000025360  -0.0000443489  -0.0000113894
54  7  -0.0000045474  -0.0000299591  -0.0000103263  -0.0000068524  -0.0000063095
54  8  -0.0000047936  -0.0002389081   0.0001513516   0.0000013682  -0.0009836950
54  9   0.0000343090   0.0002257627   0.0001471486  -0.0007581294   0.0001251019
54 10   0.0005724889  -0.0003625034   0.0006287806   0.0302839896   0.0023558135
54 11   0.0013344623   0.0059536102  -0.0003929528   0.0482469331  -0.0005632488
54 12  -0.0000326056  -0.0003282245  -0.0000451490  -0.0000391293  -0.0001223852
55  1  -0.0001229973  -0.0000730459  -0.0000271317   0.0011669343   0.0034943202
55  2  -0.0002667984   0.0077417893   0.0210021640  -0.0030911014  -0.0027451596
55  3   0.0019923220   0.0014809285  -0.0003466977   0.0006673691  -0.0000108773
55  4  -0.0025555826   0.0011844042  -0.0023547433  -0.0130589733  -0.0274661503
55  5   0.0062048459   0.0032617448   0.0020657675  -0.0006110045  -0.1013970107
55  6  -0.1078052226   0.0272585994  -0.0000076866  -0.0000157846  -0.0003719175
55  7   0.0000397688  -0.0000330735   0.0003381390  -0.0006154852   0.0001448848
55  8   0.0003820858   0.0001592570   0.0006853507  -0.0000463090   0.0000596761
55  9   0.0004388993  -0.0000736670   0.0000591072   0.0000784758  -0.0000749516
55 10   0.0000029272   0.0000356975  -0.0000423385  -0.0003381011  -0.0004200245
55 11  -0.0002619896  -0.0002833230  -0.0007475238  -0.0005632488   0.1099723168
55 12   0.1078596546  -0.0283729981  -0.0009925046  -0.0030884844   0.0005044780
56  1   0.0007920181   0.0004572826  -0.0001368194  -0.0038580308  -0.0001796373
56  2   0.0005784705  -0.0080445798  -0.0267302311   0.0012917368   0.0036551260
56  3   0.0000737683  -0.0007797319   0.0006887629   0.0005395755   0.0000782947
56  4  -0.0001574381   0.0007707023   0.0003038569  -0.0022335304  -0.0011027837
56  5  -0.0018609402   0.0019526598   0.0010989744   0.0004712983  -0.0994008575
56  6  -0.2512682363   0.0464787048  -0.0002188215   0.0002286864  -0.0001032776
56  7   0.0000505118  -0.0000330829   0.0000327669   0.0011439384   0.0010992532
56  8   0.0000893015  -0.0002121554  -0.0007984797   0.0000990277  -0.0001013962
56  9  -0.0006301183   0.0000171161  -0.0000215422   0.0000175490   0.0001194910
56 10  -0.0001305548   0.0000963932   0.0000314229   0.0000867444  -0.0000413140
56 11  -0.0000124959  -0.0000654676  -0.0000025622  -0.0000326056   0.1078596546
56 12   0.2776043435  -0.0481717951  -0.0017850417  -0.0012000829   0.0015061777
57  1  -0.0001299988   0.0000170708  -0.0002016075  -0.0002907439  -0.0005949296
57  2   0.0005153492  -0.0056128080  -0.0131987105   0.0010944453   0.0016471020
57  3  -0.0009239433   0.0001478431   0.0004215297   0.0006614251  -0.0003084606
57  4  -0.0020047984   0.0005876164  -0.0016853378  -0.0110869388  -0.0156046214
57  5   0.0011092025   0.0032151320  -0.0003696769   0.0001839878   0.0273492795
57  6   0.0515205305  -0.0534008388   0.0000004456  -0.0000085759   0.0001559878
57  7  -0.0000151109   0.0000239929  -0.0001370522   0.0001427840  -0.0000061393
57  8   0.0003630519  -0.0000492414  -0.0004376899  -0.0000219074  -0.0000736239
57  9  -0.0004501537  -0.0001407549  -0.0001851924  -0.0001090555   0.0003144433
57 10  -0.0001023170   0.0001025967   0.0001415525  -0.0001388571  -0.0003103559
57 11  -0.0001313598  -0.0002068493  -0.0004459853  -0.0003282245  -0.0283729981
57 12  -0.0481717951   0.0588641396   0.0154932052   0.0277183998  -0.0065344595
58  1  -0.0017771796   0.0009117793  -0.0006015315   0.0049688812   0.0006508753
58  2   0.0020639979  -0.0094421295   0.0059677280   0.0241804632  -0.0004580929
58  3  -0.0022204885   0.0001092031   0.0000129578  -0.0005779325  -0.0004907380
58  4  -0.0030992754  -0.0003980103   0.0029015738   0.0059165852   0.0036082552
58  5  -0.0303678587  -0.0029443086   0.0002562459   0.0028777159  -0.0499840319
58  6  -0.0037260897   0.0193922055   0.0000213481   0.0000001720   0.0000673539
58  7  -0.0001007438   0.0000733348  -0.0003126936  -0.0000273656  -0.0002028747
58  8   0.0003483555  -0.0000005242   0.0004585190   0.0000595065   0.0000107462
58  9   0.0003505509  -0.0002992258   0.0001201667  -0.0003766250  -0.0000209999
58 10   0.0001687478  -0.0001587680   0.0001376581   0.0004707471   0.0007425255
58 11   0.0003141324  -0.0001809882  -0.0007033455  -0.0000451490  -0.0009925046
58 12  -0.0017850417   0.0154932052   0.0573169642  -0.0028708101  -0.0358071748
59  1   0.0018349326  -0.0008692808   0.0001258093  -0.0050034775  -0.0006213881
59  2  -0.0014839378   0.0146649484  -0.0032818189  -0.0280325119   0.0003311291
59  3   0.0025756197  -0.0012606925  -0.0003748203  -0.0007097503  -0.0002932298
59  4  -0.0007145499   0.0000787202   0.0014232952  -0.0021908515   0.0004219598
59  5  -0.0033712789   0.0011177628   0.0001288445  -0.0000775976  -0.0041483314
59  6  -0.0477887107   0.0200631404  -0.0000593463   0.0000298267  -0.0003642811
59  7   0.0000815061  -0.0000986940   0.0004768449   0.0003009235   0.0000563908
59  8   0.0001263955   0.0000724425  -0.0005279855   0.0001829958   0.0003604967
59  9   0.0000662024   0.0005711704  -0.0004748777  -0.0003191846  -0.0001901059
59 10  -0.0000269132   0.0000294085   0.0001406464   0.0002192725   0.0002169058
59 11   0.0001381383  -0.0000309518  -0.0001181141  -0.0000391293  -0.0030884844
59 12  -0.0012000829   0.0277183998  -0.0028708101   0.0519311317  -0.0158540712
60  1   0.0014676430  -0.0006426428  -0.0002932222  -0.0035054003  -0.0007594671
60  2  -0.0004009582   0.0122260638  -0.0107792899  -0.0045121927   0.0012444117
60  3   0.0009387956   0.0003564332   0.0006487498  -0.0000230491  -0.0007891536
60  4  -0.0015820620   0.0000410122   0.0007307072  -0.0003911274   0.0030295454
60  5  -0.0189934637  -0.0019653484  -0.0004219771   0.0026813218   0.0276071979
60  6   0.0243750210  -0.2746969993   0.0000167135  -0.0000090580   0.0001040554
60  7   0.0000290030  -0.0000608374  -0.0000614236   0.0000495213   0.0001470413
60  8  -0.0001147751  -0.0001720701  -0.0003919432  -0.0002509082  -0.0000248218
60  9  -0.0010473077  -0.0003447730  -0.0004490691  -0.0001903709   0.0007805989
60 10  -0.0001347836   0.0000648730   0.0004401509   0.0004002559   0.0003077017
60 11   0.0001577607  -0.0001621804  -0.0002301537  -0.0001223852   0.0005044780
60 12   0.0015061777  -0.0065344595  -0.0358071748  -0.0158540712   0.3018636863
$end
