$vibrational normal modes
 1  1   0.0030611680   0.0574393368   0.0757931550   0.0350040898   0.1931857793
 1  2   0.0213281117   0.0553073525   0.0133985195   0.0249296598  -0.0854891475
 1  3  -0.1419761458   0.0264075683   0.1273997534   0.1989579917  -0.0811016322
 1  4  -0.0976998174  -0.0309390637   0.0657621705  -0.0002932503  -0.0226599772
 1  5  -0.0223972399  -0.0719421777   0.0380614773   0.0285780818   0.0216619535
 1  6  -0.0375406797   0.0062527651  -0.1044480390   0.0816514826   0.0179171733
 1  7   0.0286042268  -0.0177339952   0.0353398505   0.0195103562  -0.0362653280
 1  8   0.0227087893   0.0255561296   0.0114391470  -0.0047789703  -0.0000939511
 1  9   0.0213937458  -0.0136074745  -0.0000113662  -0.0136051275  -0.0470706875
 1 10  -0.0040016751   0.0033111829   0.2320355927   0.0027895244   0.0004632293
 1 11   0.0001043113   0.0000276400  -0.0001538327   0.0001288938  -0.0000418103
 1 12   0.0000615316  -0.0004485149   0.0244644587  -0.0421875416   0.0661955362
 2  1   0.0399536329   0.2223211934  -0.1343665022  -0.1026037797   0.1555583425
 2  2  -0.1712563492  -0.0816588671   0.0422301379   0.0828780763  -0.1096025848
 2  3  -0.1467235348   0.0231182874  -0.0651565849  -0.0284429898  -0.0082076071
 2  4   0.0434654721   0.0073931885  -0.0339833614  -0.0023592262  -0.0082503810
 2  5   0.0048099682   0.0291240532  -0.0022438609   0.0221797925   0.0044004609
 2  6   0.0047691669   0.0005850434  -0.0437976330   0.0325086464   0.0219934900
 2  7   0.0237734488  -0.0016771379  -0.0372388113   0.0065399436  -0.0050697825
 2  8   0.0164602749  -0.1186154256  -0.0549958561   0.0174983168   0.0077723145
 2  9  -0.0330189238   0.0060534296   0.0014433366   0.0205519149   0.0718745666
 2 10   0.0036552575  -0.0016284265  -0.1890086490  -0.0014432639  -0.0001789500
 2 11  -0.0012832382   0.0003627107  -0.0014149216   0.0004389091   0.0002680725
 2 12  -0.0000275559   0.0001403501  -0.0110330060   0.0454818860   0.0730518808
 3  1   0.1506258108  -0.2324915400   0.0764351222   0.0300326585   0.1065868817
 3  2  -0.2810135794   0.2789142632   0.0212750616   0.1098389795   0.0206749830
 3  3  -0.0233239206  -0.0920062306  -0.0206372581  -0.0182636002  -0.0011497705
 3  4   0.0138622434  -0.0037493529  -0.0021296454   0.0261300077  -0.0011802463
 3  5  -0.1670948608  -0.0072319713  -0.0179229796   0.0002081748   0.0057261774
 3  6  -0.0086396228  -0.0194505795   0.0153892215  -0.0119351685  -0.0024764740
 3  7  -0.0030431042   0.0022148929  -0.0047409359  -0.0033086781   0.0036309402
 3  8  -0.0034270117  -0.0085024545  -0.0030738772   0.0007863749  -0.0003890417
 3  9  -0.0045976006   0.0018132036   0.0001415810   0.0025595300   0.0087444489
 3 10   0.0005631185  -0.0005707250  -0.0407062659  -0.0004309129  -0.0001087919
 3 11  -0.0000797683  -0.0000167170   0.0000440015  -0.0000272806   0.0000109210
 3 12  -0.0000098066   0.0000935561  -0.0040842607   0.0078512871  -0.0079860378
 4  1  -0.0047064669  -0.0008832675   0.0829908865   0.0208675390   0.1664491125
 4  2   0.0837086845   0.0612059923   0.0065097165  -0.0518196420   0.0038842547
 4  3   0.0121371566   0.0287946749   0.1417034423   0.0520478569  -0.0795533076
 4  4  -0.0792934913  -0.0144160193  -0.1220786909  -0.0158718181  -0.0734775795
 4  5   0.0132565952  -0.0721062150   0.0382699888   0.0157122445   0.0051414094
 4  6  -0.0062501918   0.0234418662   0.0109578638  -0.0433838523  -0.0399348389
 4  7  -0.0345967460   0.0082833977   0.0463812387  -0.0355754092   0.0361549085
 4  8  -0.0280684793   0.0218772833  -0.0156252993   0.0085242938  -0.0037399804
 4  9  -0.0566069414   0.0102319482  -0.0072346674  -0.0490613363  -0.0916356673
 4 10   0.0009390020   0.0083489390  -0.3615525970  -0.0120645234  -0.0012958055
 4 11  -0.0015848780   0.0000790174  -0.0006304121   0.0000149504   0.0002532526
 4 12  -0.0002246584   0.0011055101  -0.0189514828  -0.0035784364   0.0030479152
 5  1   0.0162738647   0.1480853733  -0.1157838978  -0.1218911567   0.1312466992
 5  2  -0.1246862275  -0.0312421481   0.0228491773   0.0418824097   0.0036586406
 5  3   0.0088988069  -0.0145574360  -0.0255799896  -0.1511573810  -0.0184244088
 5  4   0.0278759429   0.0099906634  -0.1957015093   0.0213889129  -0.0654975245
 5  5  -0.0011391073  -0.0363324471   0.0140885727   0.0077629668   0.0031619734
 5  6  -0.0057071196  -0.0007868440   0.0366143474  -0.0522915067  -0.0380167650
 5  7  -0.0318893624   0.0049221159   0.0752253866  -0.0287968112   0.0076993120
 5  8  -0.0163054196   0.1623540404   0.0402523896  -0.0181258895   0.0046879666
 5  9  -0.0382002406  -0.0299387129   0.0003349617  -0.0014504074  -0.0076201883
 5 10   0.0028124470  -0.0057473559   0.1979481575   0.0029628680   0.0009007343
 5 11   0.0008601675  -0.0002738311   0.0007325200   0.0001368727   0.0005173161
 5 12  -0.0005074363   0.0076746086  -0.0725826456  -0.0396145274   0.0088107900
 6  1   0.2367087988  -0.1600729690   0.0152876411   0.0547553872   0.0859178686
 6  2  -0.1765255379   0.0224282278   0.0897375017  -0.1481811931  -0.0516688857
 6  3   0.0262967681   0.1247919079  -0.0269864815  -0.0329352042   0.0311242293
 6  4   0.0183703169   0.0179992063  -0.0209837425  -0.1875563859   0.0051391013
 6  5   0.0614014682   0.0317186112   0.0135847242  -0.0079377064  -0.0298591736
 6  6   0.0640073455   0.0958391494  -0.0051904319   0.0114270625   0.0075223562
 6  7   0.0053312315  -0.0020035784  -0.0052755053   0.0030270310  -0.0045584294
 6  8   0.0030302892   0.0086213485   0.0045134581  -0.0024635565   0.0016630027
 6  9   0.0035188320  -0.0046969858   0.0010090393   0.0060879129   0.0115458014
 6 10   0.0003405453  -0.0011610678   0.0599695447   0.0031676932   0.0001083616
 6 11   0.0004454438   0.0000607781  -0.0001191499   0.0000813741  -0.0000050068
 6 12   0.0000093293   0.0000510883  -0.0006794209  -0.0013128320  -0.0000370123
 7  1  -0.0061998482   0.0250623029   0.0856721487   0.0152809855   0.1648949745
 7  2   0.0804720899   0.0133701122  -0.0010938748  -0.0527306318   0.0135199737
 7  3  -0.0251861264  -0.0059563552   0.1155049170  -0.0002496020  -0.0328529568
 7  4  -0.0314855467  -0.0000760751  -0.1247108955   0.0212985502  -0.0105313335
 7  5  -0.0029980184   0.0258185124  -0.0220751436   0.0013054969  -0.0165451794
 7  6   0.0201176214  -0.0112855446   0.0808752172  -0.0643762442   0.0293945041
 7  7  -0.0134990410   0.0283158294  -0.1406571729   0.0171656045   0.0636874795
 7  8  -0.0292211725  -0.0734464013   0.0139013218   0.0037815253  -0.0064591457
 7  9   0.1009484827   0.1057913947  -0.0006719656   0.0606180322   0.0742093123
 7 10  -0.0011239904  -0.0147704723   0.1101259898   0.0202284291   0.0019180666
 7 11   0.0021757316  -0.0000525425   0.0005740124  -0.0000146593   0.0002417281
 7 12  -0.0000062888  -0.0001252394   0.0001740590   0.0010930110  -0.0007623214
 8  1  -0.0065556479   0.0460704948  -0.0981590248  -0.1416576139   0.0996426178
 8  2  -0.0561083531   0.0359267319   0.0017755798  -0.0167800632   0.0656946687
 8  3   0.1133165930   0.0076817634   0.0263939857  -0.0572812389  -0.1377717372
 8  4  -0.0559190025  -0.0499786839   0.0529968350  -0.0145868235  -0.0176724500
 8  5   0.0066383693  -0.0655248946  -0.0152547436  -0.0301857105  -0.0188461044
 8  6   0.0051790655  -0.0039922040   0.0686710828  -0.0198419829  -0.0491393692
 8  7   0.0945860555  -0.0472588215   0.0826446645   0.0490400874  -0.1002215619
 8  8   0.0862648149  -0.0751262228   0.0229417577  -0.0100992138  -0.0143600096
 8  9   0.1379134216  -0.0076753501   0.0074757100   0.0167398102  -0.0125721552
 8 10  -0.0161786978   0.0226019405  -0.0401142606  -0.0054795348  -0.0023324550
 8 11   0.0031957090  -0.0005640638   0.0014543518  -0.0005250040   0.0002306297
 8 12   0.0000256261  -0.0001547802  -0.0010904629  -0.0000989124   0.0002531378
 9  1   0.1862188915  -0.0772484017   0.0687188088  -0.0295596714   0.0208751088
 9  2  -0.0978824542  -0.2594163470  -0.0183547610  -0.1812250731   0.0906506326
 9  3  -0.1507008374  -0.0894564094   0.0533855243  -0.0383666021   0.0340590566
 9  4  -0.0061509110  -0.0075734639  -0.0020587623   0.0767395967   0.0363438155
 9  5  -0.0092942716   0.0074052292  -0.0496862681   0.0235430752  -0.0071821833
 9  6  -0.0347511136   0.0059304051   0.0205502064   0.0064028481   0.0411578014
 9  7   0.0440731591   0.0076183663   0.0237852261   0.0414771937  -0.0206800434
 9  8   0.0517416218   0.0337838692  -0.0186455928   0.0078085352   0.0091625568
 9  9  -0.0114075898  -0.0255277876   0.0027221849  -0.0076964694  -0.0228757761
 9 10  -0.0007726201   0.0043061838  -0.0344107436  -0.0005992560  -0.0003247961
 9 11   0.0000449984   0.0004062785  -0.0004974907   0.0003125325   0.0000617412
 9 12   0.0000758689  -0.0000028239  -0.0001519794   0.0000458528   0.0000486914
10  1  -0.0000968419   0.1305823371   0.0821013010   0.0217793764   0.1916631716
10  2   0.0069929521   0.0137477035   0.0099665437   0.0002961624   0.0669651087
10  3   0.0618295320  -0.0009940086   0.0231516777  -0.0169260252   0.2177173962
10  4   0.0060839941   0.0568127299   0.0099812597   0.0081813419   0.0132744962
10  5  -0.0029016586   0.0009100571  -0.0168446923  -0.2106429849  -0.0111279595
10  6   0.0243099153  -0.0138653040   0.0470773152   0.1355607072   0.0383652670
10  7  -0.0996522578   0.0315771754  -0.0339788577  -0.0310939644  -0.0326580318
10  8  -0.0159116492  -0.0106328877  -0.0351615497   0.0083354455  -0.0080178842
10  9   0.0512022523  -0.1392955728   0.0115479663  -0.0297550388  -0.0119606436
10 10   0.0129238362  -0.0381106921  -0.0114674271  -0.0010861149   0.0024396486
10 11  -0.0390566961   0.0057740400  -0.0157138487   0.0012286467   0.0023614146
10 12  -0.0011294884  -0.0005269074   0.0001099625  -0.0001934882  -0.0004537830
11  1  -0.0142439799   0.0086863225  -0.0922523647  -0.1484309419   0.0881870142
11  2  -0.0306577271   0.0344798485  -0.0100060035  -0.0283079170   0.0546353723
11  3   0.0906750453   0.0070547112   0.0723587841  -0.0769360903  -0.1818033424
11  4  -0.0732317980  -0.0391337046   0.0767471272  -0.0017920659   0.1370259752
11  5  -0.0079424809   0.1583802730  -0.0214196921   0.0602319061  -0.0144487573
11  6  -0.1374682376   0.0459350775  -0.0348205077   0.0593236208   0.0098066919
11  7  -0.0311470642   0.0239396644  -0.0530826903  -0.0495406814   0.0864361290
11  8  -0.0641792426   0.0247374679  -0.0392472307   0.0280478823  -0.0314771398
11  9  -0.0197283893  -0.0648798733   0.0103972729  -0.0077439487   0.0150220509
11 10  -0.0082365205   0.0613655039   0.0195833313   0.0007695839  -0.0017161702
11 11   0.0445142655  -0.0076573269   0.0243587924  -0.0039903095  -0.0039182790
11 12   0.0007211891   0.0013542488   0.0013589154   0.0011239594   0.0007999919
12  1   0.0221390426  -0.0620036220   0.2067591290  -0.1620869070  -0.0341251162
12  2  -0.1258696603  -0.1250507040  -0.1924299919   0.0841559128   0.0183831007
12  3  -0.0054112867   0.1193480309   0.0479320297  -0.0220163596   0.0387168016
12  4   0.0048657342   0.0004506314  -0.0048399809   0.0236307027   0.0039136369
12  5  -0.0105352178   0.0289333890   0.0573481187  -0.0243673545  -0.0804264135
12  6   0.0465463469  -0.0259242459  -0.0333563522   0.0197953339  -0.1090362661
12  7  -0.0162731576  -0.0972649736  -0.0034398089  -0.0225963581   0.0451851260
12  8  -0.0113167106  -0.0099496764   0.0110456500   0.0213755174   0.0286608987
12  9   0.0114646703   0.0099515420   0.0010336515   0.0045594177   0.0072077767
12 10  -0.0043561939   0.0014787967   0.0083781575   0.0002010987   0.0006866318
12 11  -0.0445016723  -0.0211519019   0.0747555058  -0.0260216457  -0.0098252765
12 12  -0.0000135644   0.0011284942  -0.0000488321   0.0006377591   0.0005041578
13  1  -0.0013876506   0.1385720282   0.0839147864   0.0180651418   0.1889265852
13  2   0.0101122764   0.0214243910   0.0287477372  -0.0244388347   0.0665957735
13  3   0.0832474394  -0.0260136759  -0.0056550061  -0.0100486055   0.2499656629
13  4   0.0283378537   0.0699122069   0.0873182998   0.0010966650   0.0527542971
13  5  -0.0055863725   0.0425271450   0.0258634348   0.0686194423   0.0188160955
13  6   0.0327702283  -0.0056353835  -0.1127598171  -0.1205707889  -0.0284073452
13  7   0.0792193389  -0.0335943114   0.0280530892   0.0218610137   0.0483028844
13  8   0.0463152613   0.0144395841   0.0042734179   0.0263115244  -0.1419250576
13  9  -0.0312608341   0.0340772090  -0.0077255106   0.0136409574   0.0016734586
13 10   0.0433658194   0.0086488586   0.0045908693   0.0064977894  -0.0007506486
13 11  -0.0023004098  -0.0060340157   0.0061494833   0.0317013258  -0.0152070139
13 12   0.0046161703   0.0013352107   0.0001283368  -0.0000167305  -0.0000550340
14  1  -0.0310066783  -0.1063070153  -0.0796937178  -0.1644873217   0.0542296623
14  2   0.0508768158   0.0174971023  -0.0318548046  -0.0444789208  -0.1076939032
14  3   0.0396448713  -0.0514505889   0.1128086656  -0.0156140434   0.0026067083
14  4   0.0548508555   0.1376152589   0.0051271485   0.0079769040   0.1628353249
14  5  -0.0067842408   0.0425739249   0.0572685795   0.0687400465   0.0930040275
14  6   0.1276664975  -0.0333025612   0.0309992627   0.0384852921   0.0303999105
14  7  -0.0799215641  -0.0002517553   0.0276291025   0.0047721314  -0.0570207437
14  8   0.0234182238  -0.0033046052   0.0372226563   0.0250545009   0.0705591329
14  9  -0.0076409063   0.0214306015  -0.0040854632   0.0083328471  -0.0149913729
14 10   0.0501992605   0.0200614299  -0.0113155763  -0.0175426246   0.0004939177
14 11  -0.0022557512   0.0024613873  -0.0025640026   0.0219237280  -0.0706982726
14 12   0.0089746738   0.0054201106  -0.0000428053  -0.0001638182  -0.0000998987
15  1  -0.0106078436   0.0347026103   0.2474403725  -0.2407240303  -0.1027845701
15  2  -0.0268568907   0.0036342827   0.0499663002  -0.0411745433  -0.1384607985
15  3   0.0586606104  -0.0550557758  -0.0308324597   0.0010666513   0.0085813638
15  4  -0.0379924124  -0.0790879346  -0.0227520518  -0.0035245799   0.0034025638
15  5  -0.0023976030   0.0386638322   0.0504529657  -0.1078116535  -0.0042427125
15  6  -0.0179237253  -0.0041838859  -0.0169081628  -0.0573984969   0.1105849154
15  7   0.0843231441   0.0562846573   0.0344704190  -0.0109932121  -0.0593416963
15  8  -0.0653923828  -0.0008346834  -0.0025870809   0.0230010936  -0.0537801417
15  9  -0.0097333100   0.0056914586  -0.0073138626  -0.0045477231   0.0043168386
15 10  -0.0385614867  -0.0130285559  -0.0003820794  -0.0021054809   0.0028353971
15 11   0.0043553612   0.0198489242  -0.0178397455  -0.0557791658  -0.0527432412
15 12  -0.0017704924   0.0035908703  -0.0001531590   0.0000245963   0.0000966622
16  1   0.0087735974   0.0013362808   0.0670432939   0.0530428556   0.2032943507
16  2   0.0160261252  -0.0806224571  -0.1246681395  -0.0168915224  -0.0378487829
16  3   0.1011874653  -0.0506725073  -0.1630152632   0.1079289568   0.0467884639
16  4   0.0562431042  -0.0529203857   0.0155527180  -0.0095809599   0.0307967858
16  5   0.0021656274  -0.0784001160   0.0908926850   0.1618198757  -0.0420622200
16  6  -0.0871321815   0.0201620047   0.0926177710   0.0226867747   0.0354389930
16  7   0.0213162998   0.0123875688  -0.0397602302  -0.0701035488  -0.0208588112
16  8   0.0030457957  -0.0114271154   0.0124622626  -0.0224861049   0.0452053243
16  9   0.0050119898  -0.0198037788  -0.0431438313   0.0057855420  -0.0029507277
16 10   0.0044281292   0.0055942081  -0.0003570240   0.0221455864  -0.0002236702
16 11   0.0003666924   0.0050052501  -0.0003618160  -0.0075969322   0.0088668304
16 12   0.0855829977   0.0084675822   0.0002998793   0.0000659776   0.0000192746
17  1   0.0617374272  -0.1428419334  -0.1555971966  -0.1015416417   0.0616687687
17  2   0.1230451818  -0.0004195381  -0.0340930870   0.0180395749  -0.0042442580
17  3  -0.0200669619   0.0014135252   0.0126556035   0.1275150866   0.0289815423
17  4   0.0956221451   0.0461472541  -0.0586583205   0.0033569303   0.1473219146
17  5  -0.0009063575  -0.0726178872   0.0165263125  -0.1532404023  -0.0339540325
17  6  -0.0472918484   0.0087742071  -0.0512290777  -0.0569918153   0.0034890342
17  7   0.1211287375  -0.0192161889   0.0009170374   0.0073892316   0.0521085246
17  8  -0.0366936952   0.0030150080  -0.0737722852  -0.1716835363   0.0028442385
17  9   0.0160378501  -0.0173498093  -0.0082130343  -0.0040234859   0.0008481548
17 10   0.0046822061  -0.0030937267   0.0012283365  -0.0627190141   0.0001041195
17 11  -0.0004273331  -0.0062576563  -0.0024073636  -0.0014790651  -0.0003333467
17 12   0.0028097859   0.0006290104   0.0000519303   0.0000167117   0.0000045499
18  1   0.1033460064   0.0874201364   0.1604461707  -0.1839558184  -0.1035730550
18  2   0.0632758788   0.0568045961   0.1676634830   0.0293357998   0.0865221220
18  3  -0.0261126572   0.0311725110  -0.0463886772   0.1262900912   0.0171490804
18  4   0.0413126494  -0.0540195031  -0.0596445340  -0.0106452368   0.1504004382
18  5   0.0075602784  -0.0662355443  -0.0438583876   0.0808675061   0.0669184489
18  6   0.0011664501   0.0120039883   0.0278057030   0.0507431769  -0.1205665734
18  7  -0.0399417435   0.0057439224  -0.0705619261  -0.0160896183  -0.0171023172
18  8   0.0499084691   0.0089805540   0.0002917153  -0.0278424215  -0.0014970026
18  9  -0.0076750756  -0.0033463717  -0.0671690616   0.0072898223  -0.0026655859
18 10  -0.0020753817   0.0027797409  -0.0010642855  -0.0016323778  -0.0002749344
18 11  -0.0001835320  -0.0682919952  -0.0247523387  -0.0099481653  -0.0075242575
18 12  -0.0166318352  -0.0005555505   0.0000105478   0.0000031412  -0.0000478919
19  1  -0.0081321659  -0.0641664585   0.0848537206   0.0175328342   0.1510325730
19  2   0.1266148174  -0.0469999024  -0.0018812682   0.0206371057  -0.0151887421
19  3  -0.0059385660  -0.0054710283  -0.0520804576  -0.0900130257  -0.1323553376
19  4   0.1947066469  -0.0784794073   0.0312221095  -0.0083029249   0.0171381559
19  5   0.0036672361  -0.0348688518  -0.0183213468  -0.0323305426   0.0131509159
19  6  -0.0291827161   0.0156707788  -0.0355610186  -0.0117426694  -0.0356058971
19  7  -0.1215444880  -0.0022402629   0.0444820881   0.1627772723  -0.0111794806
19  8  -0.0521739632   0.0061984808  -0.0178262274   0.0736256617  -0.0192154183
19  9   0.0110038688   0.0083686400  -0.0010092699   0.0073861647   0.0039616655
19 10  -0.0069336648  -0.0010031668   0.0039222381  -0.4415257775  -0.0001163337
19 11   0.0003027277   0.0006838032   0.0003195535  -0.0003797209   0.0000762506
19 12   0.0014070716   0.0003570029  -0.0000557993  -0.0000106271   0.0000281353
20  1   0.0024689356  -0.1179338922  -0.1070758872  -0.1417072859   0.0573332458
20  2   0.0757121264  -0.0006851735  -0.0027347792   0.0044969245   0.0080573731
20  3  -0.0017879089  -0.0003729255  -0.0036274561   0.1387348669   0.1663418313
20  4   0.0671936404  -0.0834412159  -0.0038743512  -0.0042276646  -0.1127172193
20  5  -0.0000622927   0.0538745620  -0.0081388858   0.0095180030   0.0063248899
20  6  -0.0437457198   0.0178233403  -0.0036134234  -0.0043793306  -0.0216377334
20  7  -0.0905290512  -0.0038283183   0.0357569559   0.1168989202  -0.0100551490
20  8  -0.0379789059   0.0044717030  -0.0169654825   0.0498046610  -0.0061668134
20  9   0.0156054955   0.0064314764  -0.0022066126   0.0104224671  -0.0008312517
20 10  -0.0033896966   0.0012329908  -0.0072615071   0.6375961829   0.0008749239
20 11   0.0001095077  -0.0001681049  -0.0000903158  -0.0005480628   0.0004945235
20 12  -0.0013715293  -0.0010236530   0.0001083830   0.0001247537   0.0000294189
21  1   0.2623428122   0.0765073396   0.0272233303  -0.0576847075  -0.0526536821
21  2   0.0947063812   0.0213302073   0.0087268654   0.0523848804   0.0478249131
21  3   0.0202876128   0.0052153914  -0.1001141182   0.1290712395  -0.1164181675
21  4  -0.1037532020   0.1606292159  -0.0320671338   0.0052547073   0.0111794487
21  5   0.0002678977  -0.0100072174  -0.0198580899   0.0584643174  -0.1127484867
21  6   0.0051655572  -0.0154278023   0.0071774721  -0.0011255257   0.1433073396
21  7  -0.1130885050  -0.0369399170   0.1167718548   0.0583368967   0.0417128558
21  8  -0.0200448038  -0.0313923762   0.0067580684   0.0112020996  -0.0247053626
21  9   0.0121866177   0.0018709930  -0.0067823508   0.0149960866   0.0013742361
21 10  -0.0052558021  -0.0002332184   0.0014021220  -0.0161143765  -0.0017483732
21 11   0.0000844485  -0.0008130680  -0.0003139169  -0.0004315791  -0.0002438631
21 12  -0.0006149241   0.0005500730   0.0000186058   0.0000728738   0.0000210992
22  1  -0.0126109083  -0.1402601680   0.0875211120   0.0126602494   0.1315181251
22  2   0.1799876388  -0.0975710164   0.0930785812   0.0991234673  -0.0140329398
22  3  -0.0483284086   0.0176853261  -0.0799811022  -0.2801794792  -0.0601885092
22  4  -0.0978991813   0.0133015707   0.0478546258  -0.0011375395   0.0628486325
22  5   0.0020426745  -0.0651116381   0.0023534013   0.0002430079  -0.0010222235
22  6   0.0372635746  -0.0131081939  -0.0133308170   0.0054509571   0.0075933924
22  7   0.0225315824   0.0076829716   0.0048084544  -0.0292242701   0.0078001683
22  8  -0.0000625657   0.0111703110  -0.0176487641  -0.0160517218   0.0070697380
22  9   0.0056817880   0.0045926800  -0.0027904877   0.0012988355  -0.0026560222
22 10   0.0016598099  -0.0000007781  -0.0059038921   0.2897276369  -0.0000321208
22 11  -0.0001512252  -0.0002413231  -0.0001561084  -0.0000188713  -0.0000251646
22 12  -0.0005705774  -0.0000332042  -0.0000343029  -0.0000301447   0.0000087677
23  1   0.0022632335  -0.1701541947  -0.1074065864  -0.1438596449   0.0432892872
23  2   0.1162322251  -0.0311928140   0.0594960694   0.0572032527   0.0079879323
23  3  -0.0364851044   0.0168627631  -0.0184068949   0.0097517667   0.2506636740
23  4  -0.1446566464  -0.0346676402   0.0017649776   0.0007496979  -0.1108608764
23  5  -0.0016579210   0.0498264648   0.0137002048   0.0402106498  -0.0034945642
23  6  -0.0282947628   0.0086602428   0.0322734444   0.0006350128   0.0105912580
23  7  -0.0069658188  -0.0091035439  -0.0237502250  -0.0171144042  -0.0069919701
23  8   0.0196568754  -0.0144710196   0.0296388258   0.0078949677  -0.0036650719
23  9  -0.0124122618  -0.0048845571   0.0051712429  -0.0039723651   0.0024948170
23 10  -0.0002967942  -0.0004773149   0.0070876737  -0.4079607213  -0.0002741751
23 11   0.0000408189   0.0002225466   0.0001760005   0.0003079625   0.0000601137
23 12   0.0004171323   0.0003806595   0.0000512788   0.0000071339  -0.0000219551
24  1   0.3613042009   0.1329669693  -0.0468283779  -0.0143347952  -0.0599144145
24  2   0.1849052695   0.1727067166  -0.1599056515  -0.0295102633  -0.0484034876
24  3  -0.0433186812  -0.0075604806   0.0215707948  -0.1714789249   0.0797659938
24  4  -0.0031807934  -0.0744676702   0.0358340478  -0.0021603631  -0.0118305828
24  5   0.0006798814  -0.0157411943   0.0062758022   0.0000507763   0.0219785599
24  6   0.0035550253   0.0014729962  -0.0013513977   0.0025561979  -0.0219285197
24  7   0.0104739496   0.0073054399  -0.0188039272  -0.0116589524  -0.0059430032
24  8   0.0035588477   0.0064480764  -0.0021157751   0.0009611472   0.0049493251
24  9  -0.0016441538   0.0012326061  -0.0004970557  -0.0005884597  -0.0008743109
24 10   0.0007673366  -0.0001100950  -0.0008448312   0.0129589301   0.0001947154
24 11  -0.0000544916  -0.0000592143  -0.0000127397   0.0000734198   0.0000337177
24 12   0.0000123958  -0.0000771787  -0.0000292423  -0.0000283225  -0.0000066126
25  1  -0.0205779667  -0.0241300056   0.1010472178  -0.0154229118   0.1210759973
25  2   0.1718552593   0.0605922528  -0.0264635392  -0.0103748674   0.0047472987
25  3  -0.0417377200   0.0155686129  -0.0525461641   0.0324340253  -0.1360036864
25  4   0.1048065033   0.0214681896  -0.0483069898   0.0020708491  -0.0955067065
25  5  -0.0054151888   0.2127928995  -0.0871897964   0.0146728357  -0.0137828983
25  6   0.0501828547  -0.0186106680   0.0196831796   0.0178308606  -0.0126329189
25  7   0.1177009284  -0.0165808732   0.0071784128  -0.0093415443  -0.0241807084
25  8   0.0189573286  -0.0515430557   0.1136045831  -0.0623103376  -0.0023559723
25  9  -0.0770061884  -0.0987274178   0.0069867695  -0.0209549928  -0.0186581045
25 10   0.0007173495   0.0089611649   0.0105874059   0.0387112830   0.0057022188
25 11   0.0005621248  -0.0003179965   0.0007132822  -0.0000190975  -0.0022402426
25 12   0.0035964132  -0.0365489862  -0.0026369452  -0.0009905100   0.0000710945
26  1  -0.0652853196  -0.0235850431  -0.0509789783  -0.1850885466   0.0700448557
26  2  -0.0296353356   0.0585243113  -0.0476880958  -0.1068998750   0.0917435484
26  3  -0.0155894500   0.0089386476  -0.0855460075   0.0553196195  -0.0990883080
26  4   0.0179496401  -0.0421522174   0.1032744576  -0.0051851453  -0.1291717812
26  5   0.0079573040  -0.1201902595  -0.0342746745   0.0083807443   0.0077319650
26  6   0.1652720973  -0.0558504723  -0.0642651434   0.0039319190   0.0768674663
26  7  -0.0191446367   0.0260355844  -0.0778433058  -0.0587261854   0.0426688206
26  8  -0.0230645887   0.0541689611  -0.0430065914  -0.0014849520   0.0091754752
26  9  -0.0273680745   0.0109715485   0.0065986856   0.0544504003  -0.0221056079
26 10  -0.0038613982  -0.0129473952  -0.0017336489  -0.0443356246  -0.0010468591
26 11  -0.0003057592  -0.0002364067  -0.0005275418  -0.0005979130  -0.0046993642
26 12   0.0074113910  -0.0726122809  -0.0064705150  -0.0018779779   0.0002904483
27  1   0.2909159407  -0.0101683942  -0.0085946602   0.0122085536   0.0086682703
27  2   0.0057501372  -0.2084433489   0.0535858261   0.0959635070   0.0103807013
27  3   0.1235817263  -0.0510964843   0.0372950659   0.0929273172  -0.1458152957
27  4   0.0131369367   0.0559981972   0.0730864023   0.0132983142  -0.1585598460
27  5  -0.0025402658   0.0233975191   0.0604623372  -0.0699233822   0.1171453639
27  6   0.0065771003   0.0126479882  -0.0136267613  -0.0092627947  -0.0713926537
27  7   0.0113823263   0.0445903638  -0.0552819648  -0.0278298076   0.0205747060
27  8  -0.0168536836  -0.0211730297   0.0220981466  -0.0146095439   0.0023428846
27  9  -0.0170474335  -0.0041468850   0.0119693152   0.0480191730  -0.0119645342
27 10  -0.0049670663  -0.0062173076   0.0120963829   0.0041887669  -0.0761472876
27 11  -0.0031496005   0.0011251140  -0.0016656345  -0.0021879266   0.0005259649
27 12  -0.0032088338   0.0232062850   0.0012535292   0.0002516511  -0.0000266262
28  1   0.0085340459   0.1367169067   0.0720551055   0.0420163954   0.2157089880
28  2  -0.0382740421   0.0088758131   0.0060415002   0.1058557348  -0.1716194343
28  3  -0.3474059649   0.0127684976   0.1147000942   0.4362728633  -0.0742955521
28  4  -0.1365021564  -0.0612033292   0.5517124595  -0.1038735472   0.1933565081
28  5   0.1125668951   0.0603636998  -0.0711353306  -0.1655328726  -0.0667705665
28  6   0.0262109098  -0.0745742720   0.3807175546  -0.2709318478  -0.1404672668
28  7  -0.1144994494   0.0212389442   0.1632169531  -0.0478052111   0.0073284824
28  8  -0.0392123898   0.5031832944   0.2091644351  -0.0881481885   0.0068950142
28  9  -0.0175775920  -0.1579738447   0.0308635510   0.1917983080   0.5181550205
28 10   0.0248914321  -0.0338398109  -0.4509027008  -0.0049457724  -0.0005907172
28 11   0.0037128713  -0.0007081250   0.0028429027  -0.0011325157  -0.0006064887
28 12   0.0000761404  -0.0021796669   0.0501832527  -0.1299978077  -0.1149833998
29  1   0.0394621007   0.2081407063  -0.1341013784  -0.1034905530   0.1516637116
29  2  -0.1604585928  -0.0732567220   0.0442488723   0.0667695272  -0.0930934863
29  3  -0.1068080291   0.0271054536  -0.0645818740  -0.0731545325  -0.0074416275
29  4   0.0518330330   0.0130462022  -0.1201902805   0.0179311050  -0.0454818375
29  5  -0.0225941958   0.0079977635   0.0140480707   0.0538126877   0.0181965114
29  6  -0.0044820848   0.0159769041  -0.1212207660   0.0892517071   0.0488313010
29  7   0.0469229488  -0.0069379515  -0.0644918941   0.0166959894  -0.0076883399
29  8   0.0241274774  -0.2157497198  -0.0957129242   0.0349790328   0.0060538054
29  9  -0.0276414966   0.0389320459  -0.0051248651  -0.0211799491  -0.0412278610
29 10  -0.0018246241   0.0056221075  -0.1047412356  -0.0007208282  -0.0018930171
29 11   0.0119165517  -0.0042304472   0.0152061249  -0.0053463174  -0.0030720150
29 12   0.0001210809  -0.0071043680   0.2537066559  -0.6699563220  -0.6716519644
30  1   0.0269732620  -0.2328849876   0.1787981433  -0.0632210024   0.0724556117
30  2  -0.3153743425   0.2848366083  -0.1571948959   0.3591892278   0.2547250770
30  3  -0.2180353135  -0.5093317436   0.0934884584  -0.0729253461  -0.0248005472
30  4  -0.0104368699   0.0198450954  -0.0987062680  -0.3868136567  -0.0088362973
30  5   0.7589634939   0.0953270956   0.0747677857   0.0042772724   0.0310856924
30  6  -0.1895417531  -0.3592848567  -0.0653411368   0.0367177900  -0.0027467221
30  7   0.0115449430   0.0018993668  -0.0318203328   0.0257099151   0.0296286465
30  8   0.0337447274  -0.0787434548  -0.0407260132   0.0226235454   0.0125576212
30  9  -0.0030773194   0.0157127459  -0.0039874160  -0.0308644632  -0.0777884669
30 10  -0.0029299629   0.0064158890   0.0689483986   0.0019436382   0.0004929615
30 11   0.0003288209   0.0004558427  -0.0016365432   0.0004812482   0.0001545702
30 12   0.0001099689  -0.0008273667  -0.0008739115  -0.0014714922  -0.0034858432
31  1   0.0041830304   0.0233772419   0.0732701527   0.0403257597   0.1929470166
31  2   0.0297316268   0.1007117893   0.0250097177   0.0037257801  -0.0711197812
31  3  -0.0632686531   0.0484484545   0.1219611648   0.1364103366  -0.0815549270
31  4  -0.0884379447  -0.0270293804  -0.0630060924   0.1393433526  -0.0841929542
31  5   0.0970765282  -0.1141421765   0.0806782919   0.0783326602   0.0458772883
31  6  -0.0435736712   0.0638600604  -0.2545895208   0.1989041682   0.0600449742
31  7   0.0732279406  -0.0349157187   0.0529266256   0.0415354885  -0.0883801919
31  8   0.0532414174   0.0509263300   0.0273523185  -0.0192671620   0.0097899712
31  9   0.0084331540  -0.0656717124   0.0122694226   0.0665961493   0.1729243648
31 10   0.0043710409  -0.0074192995   0.0961110340   0.0026066827   0.0018121888
31 11   0.0046935801  -0.0002805744   0.0018988817   0.0000987525   0.0004824137
31 12  -0.0004654489   0.0134644733  -0.3415067952   0.5558235622  -0.6795026348
32  1   0.0620239537   0.3002365084  -0.1516028459  -0.0842915376   0.1805577023
32  2  -0.2214476407  -0.1348486001   0.0586693138   0.1255011742  -0.2297864384
32  3  -0.3297129798   0.0645964846  -0.0937291734   0.2029255391  -0.0054210397
32  4   0.0171306722  -0.0237115044   0.4348674669  -0.0640950669   0.2078211030
32  5  -0.0216230659   0.1743874524  -0.1299693321  -0.1456159732  -0.0913336799
32  6   0.0992833164  -0.0394478623   0.4492284014  -0.3502564133  -0.1186975350
32  7  -0.1207083612   0.0554702988  -0.0616506619  -0.0704440711   0.1493860048
32  8  -0.0840208778  -0.1415298696  -0.0834569176   0.0529253726  -0.0245570617
32  9   0.0063680017   0.1520695587  -0.0359702418  -0.2303897764  -0.6187191494
32 10  -0.0225511208   0.0307902464   0.3469478153   0.0003280930   0.0004075684
32 11  -0.0007399471   0.0003071911  -0.0010107532   0.0004869844   0.0003926669
32 12  -0.0001508578   0.0041347104  -0.1160185260   0.1878205101  -0.2104615543
33  1   0.2066025887  -0.2935084874   0.0215166694   0.1063446615   0.1597247388
33  2  -0.3337979175   0.4692489301   0.1363238040   0.0556690693  -0.1410436818
33  3   0.1165506422   0.1465247002  -0.1279454171   0.0340548468   0.0120823715
33  4   0.0357429548  -0.0389947532   0.1044491138   0.8503727859   0.0473158126
33  5   0.5967112890   0.0413482339  -0.0118639943  -0.0153590840  -0.0394404834
33  6   0.1628894657   0.2846213385   0.0539374702  -0.0365096512   0.0011217205
33  7  -0.0035605656   0.0147780324  -0.0052229502  -0.0124406536   0.0060921114
33  8  -0.0176423872  -0.0140919697   0.0016908059  -0.0009437391  -0.0074870881
33  9   0.0070671032   0.0210279268  -0.0031049421  -0.0127449242  -0.0432635368
33 10  -0.0020745827   0.0009821359   0.0015597863  -0.0019535786  -0.0008581340
33 11  -0.0019328734  -0.0002700335   0.0007293401  -0.0004750737  -0.0002168408
33 12  -0.0000713129  -0.0011567675   0.0502158961  -0.0804066073   0.0994089600
34  1  -0.0102083710  -0.0789776465   0.0868047553   0.0136942377   0.1439612171
34  2   0.1429696787   0.1046957421   0.0088786689  -0.1375572508   0.0646715378
34  3   0.1563345023   0.0690775190   0.1641044672   0.0487754239  -0.1172682142
34  4  -0.1175295251  -0.0397060351  -0.0410458803   0.0302655052  -0.0708567380
34  5   0.0093746864  -0.1259940356   0.0003402372  -0.0648799090  -0.0055049377
34  6  -0.0140279088  -0.0998387762   0.2453906604  -0.2429114986  -0.1760692967
34  7  -0.0548823035  -0.0032666894   0.3068623517  -0.1082049538  -0.0962422361
34  8   0.1469140593  -0.3427990769  -0.5273852312   0.1467443531   0.1381589316
34  9  -0.6403327831  -0.1433345833  -0.0023252813   0.0317853666   0.2587774316
34 10   0.0336260754  -0.0349399880   0.5729849107   0.0215610165  -0.0016975775
34 11  -0.0009928289   0.0000225272  -0.0005859791  -0.0001210233  -0.0014756393
34 12   0.0013530166  -0.0191263530   0.2174654895   0.0996209088  -0.0228652405
35  1   0.0165982964   0.1676822728  -0.1158612092  -0.1209118846   0.1365629786
35  2  -0.1397757173  -0.0417792068   0.0206746500   0.0656071286  -0.0096645879
35  3  -0.0291593940  -0.0284482358  -0.0285411966  -0.1486562824  -0.0121472851
35  4   0.0348177093   0.0154419691  -0.2149491123   0.0047813119  -0.0684082522
35  5   0.0010045532  -0.0278258300   0.0257959179   0.0275632952   0.0049305516
35  6   0.0012034168   0.0383092912  -0.0216746246  -0.0036345474  -0.0061877462
35  7  -0.0249589426   0.0069919163   0.0190786624  -0.0105646294   0.0366937659
35  8  -0.0565108922   0.2644627565   0.1706676729  -0.0542055181  -0.0296867737
35  9   0.1118091542   0.0081977815  -0.0007344783  -0.0203730579  -0.1010639891
35 10  -0.0061919863   0.0038566565  -0.0081810361  -0.0080906811  -0.0090485184
35 11  -0.0094044296   0.0020752805  -0.0063970232  -0.0011330306  -0.0059712680
35 12   0.0060490324  -0.0863109339   0.8597178648   0.4088889634  -0.0951381940
36  1   0.3603946691  -0.1644799570  -0.0877759823   0.1507089403   0.1230147384
36  2  -0.1475164944   0.0125290680   0.2521685658  -0.3745428958  -0.2431768484
36  3   0.2017556550   0.4847677331  -0.1305628496  -0.0295752899   0.0517565681
36  4   0.0538805826   0.0261973053  -0.0124165854   0.1792095778  -0.0109938039
36  5   0.0227974601   0.0174791532  -0.0396577060   0.0362524065   0.1522579028
36  6  -0.4598040885  -0.8049412042  -0.0384034410   0.0091748118  -0.0138940240
36  7  -0.0226552151  -0.0255570271  -0.0303564098  -0.0030361091   0.0151514901
36  8  -0.0296640972   0.0594523946   0.0581077723  -0.0135107845  -0.0189093168
36  9   0.0828041449   0.0172778993  -0.0019088770  -0.0160171653  -0.0358127862
36 10  -0.0035899644   0.0045191521  -0.0868212848  -0.0074047629  -0.0003024524
36 11  -0.0006938471  -0.0000800670   0.0002907329  -0.0002857314  -0.0001190585
36 12   0.0000493203  -0.0006141102   0.0080280712   0.0046169999  -0.0009674687
37  1   0.0194270248   0.1099895609   0.0581723109   0.0702185133   0.2427303542
37  2  -0.0812774927  -0.0431035867  -0.1307448836   0.1159593612   0.2180346827
37  3   0.0327008528   0.1254719047   0.0783187709  -0.0516226399   0.3094002157
37  4   0.0543898962   0.1723733109   0.1084003569  -0.0475063351  -0.0334432701
37  5   0.0516716327  -0.1711187880  -0.3564420418  -0.1406303278   0.2388316617
37  6  -0.1852708775   0.0856036298   0.1427231989   0.1897169576   0.2258075336
37  7   0.0670660659  -0.1051740084   0.1004698260  -0.1176090469  -0.4197183819
37  8  -0.3771226447   0.0056431522   0.0895845554  -0.1538339078  -0.0479516121
37  9  -0.3021071512   0.5345553234  -0.0435952635   0.0689255208   0.0162856857
37 10  -0.0887815708   0.2708873953   0.0010034250  -0.0008366976  -0.0079583588
37 11   0.0603674105  -0.0830004564   0.2680249449  -0.0776004820  -0.0377669230
37 12   0.0012868661   0.0043723165   0.0008611667   0.0060446403   0.0048864181
38  1   0.0904996589   0.0443892868  -0.1772420972  -0.0743792525   0.1172309537
38  2  -0.0090155481  -0.0346827557   0.1405361695  -0.2083049098   0.1114796390
38  3   0.0279950613  -0.1724665295  -0.0039882870  -0.0582532303  -0.2074638738
38  4  -0.0952901900  -0.1278885717   0.1196418136   0.0365926679   0.1310078026
38  5  -0.0170544715   0.1965728476   0.0640612764  -0.0562237534  -0.2036650818
38  6  -0.0586613222  -0.0068315369  -0.0539048886   0.2275843023  -0.2458902163
38  7   0.0020133568  -0.3960548629   0.0520509022  -0.1839234791  -0.1573859531
38  8  -0.3529016888  -0.0446671677   0.1042330663  -0.0240763950  -0.0006748502
38  9  -0.1593066100   0.3660245884  -0.0696615926   0.0175000529  -0.0032344674
38 10   0.1408411789  -0.4909949194   0.0023178282   0.0092888190   0.0104228860
38 11  -0.1019848959   0.1219168051  -0.4030589246   0.1120273679   0.0538613602
38 12  -0.0032028720  -0.0064613165  -0.0017442241  -0.0062932271  -0.0062064539
39  1  -0.0283444886  -0.0891789897   0.2447634362  -0.1851074555  -0.0314229025
39  2  -0.1700666626  -0.1070724839  -0.3294937901   0.2319323467   0.0431145937
39  3   0.0217810449   0.2704395426   0.1115885892  -0.0451458986   0.0841134041
39  4   0.0371105230   0.0929502790   0.0062332609  -0.0174944576  -0.0152929910
39  5   0.0145443654  -0.0631078675  -0.1191545763   0.0681933511   0.1197941465
39  6  -0.0747171083   0.0409950599   0.0166110756  -0.0609426237   0.1004146960
39  7   0.0377521494   0.0813266890  -0.0056271511   0.0224514025   0.0309154041
39  8   0.0171607396   0.0256517771  -0.0172306183  -0.0048227872  -0.0055553752
39  9  -0.0290848190   0.0152161825   0.0219894210   0.0274953368   0.0305660751
39 10  -0.1170760237   0.3917260464   0.0283614243  -0.0049413670   0.0220655824
39 11  -0.2223282986   0.2232135603  -0.7422517528   0.2067624623   0.0974311874
39 12  -0.0058555683  -0.0118306381  -0.0025604499  -0.0131944367  -0.0126420919
40  1  -0.0130787497   0.2250295929   0.1008319628  -0.0166634227   0.1655009596
40  2   0.0325882951   0.0783332823   0.1447946621  -0.0749607769   0.0166015266
40  3   0.1522902513  -0.0817934893  -0.1114372079   0.0113571330   0.1858461631
40  4  -0.0435033549  -0.1080843861   0.0559853997   0.0345456850   0.0044633441
40  5  -0.0439560761   0.0984959067   0.1956134327  -0.4836114237  -0.3163392283
40  6   0.0679105911  -0.0831317181   0.0344880998   0.3664048784  -0.1018406986
40  7   0.0988223181   0.1087150716   0.0618790748   0.2790191212   0.3185127596
40  8   0.3116865796   0.1125921152   0.1396922356  -0.0213684263   0.3322714209
40  9  -0.2714718564   0.4005811298  -0.0201061902   0.0501962622  -0.0155101031
40 10  -0.0719551722   0.2438267910  -0.0373358794  -0.0132469290  -0.0145909995
40 11   0.3801815597   0.0179665912  -0.0899129579   0.0597447839   0.0090985397
40 12   0.0029855707   0.0003467067   0.0020285291   0.0034564672   0.0032522296
41  1  -0.1075066923   0.0317095686  -0.0160553237  -0.2122564429   0.0770276240
41  2  -0.0925613158   0.1061570204  -0.1492056616   0.1703815304   0.0532960686
41  3   0.2033206764   0.1996762176   0.0735965565  -0.0890344284  -0.1131278418
41  4  -0.0433060047   0.0103653333   0.1302525990  -0.0633068219   0.0779596049
41  5   0.0114193403   0.0210524926  -0.1759788579   0.0195257655   0.1176577950
41  6  -0.2835176148   0.1017369259   0.0702802128   0.0902539176   0.2501450013
41  7   0.2345056898   0.3648781064   0.0740851330   0.2990784461   0.2302625590
41  8   0.2910818906   0.0999632711   0.0923523709  -0.0140441563   0.1666863687
41  9  -0.1900489045   0.2318474140  -0.0494435116  -0.0084465050  -0.0548934281
41 10   0.1439490340  -0.4381799742  -0.0525374473   0.0044912017   0.0116825477
41 11  -0.4591544937  -0.0226574316   0.1041396598  -0.0641810975  -0.0118373788
41 12  -0.0022949806  -0.0005801166  -0.0037079837  -0.0025227976  -0.0032174538
42  1  -0.0309171482  -0.0964779677   0.2458710137  -0.1829853708  -0.0276430053
42  2  -0.1789235101  -0.1121384877  -0.3533234599   0.2550689268   0.0447166824
42  3   0.0217601792   0.2876210504   0.1224049298  -0.0474726462   0.1054574510
42  4   0.0513928216   0.1240398627   0.0087812776  -0.0268650108  -0.0255356461
42  5   0.0232457910  -0.1017499305  -0.1570690034   0.0901606679   0.1677392221
42  6  -0.0765104764   0.0489577481   0.0329512610  -0.0770127029   0.1252788645
42  7   0.0403748685   0.0826229800   0.0223801070   0.0264832564  -0.0459055306
42  8   0.0294446600  -0.0165180727  -0.0045007713   0.0081415258  -0.0221821519
42  9   0.0567120249  -0.0849593006  -0.0193774257  -0.0389691034  -0.0400271742
42 10   0.1240314130  -0.4299470361  -0.0343524083   0.0089459764  -0.0295257614
42 11   0.7532825209   0.0277146445  -0.1412109663   0.1018212904   0.0173235986
42 12   0.0049326047   0.0011235122   0.0042624518   0.0054160542   0.0063805730
43  1  -0.0212219548   0.1960728618   0.1095015287  -0.0339682887   0.1405778139
43  2   0.0847934116   0.1127362571   0.1978146291  -0.0939977918  -0.0371845912
43  3   0.1018657171  -0.1364434441  -0.0093190032  -0.0158836809   0.3408552009
43  4   0.0644556568   0.1887933170   0.1244566490  -0.0351172674  -0.0452108795
43  5   0.0317423394  -0.1628364497  -0.2998644811   0.0513522295   0.2168290380
43  6  -0.1397007268   0.1043628067  -0.1295340627  -0.1764497410  -0.0044435307
43  7   0.2110486989  -0.3628223895   0.0902432895  -0.0971871086   0.3517001243
43  8  -0.1202727259  -0.0462599218   0.0828075848   0.2732388650   0.6239853206
43  9   0.1490395302  -0.1394350030   0.0328271943  -0.0387298375   0.0261157752
43 10  -0.2757114540  -0.0606981054   0.0015335141  -0.0268550331   0.0099373795
43 11   0.0202726114   0.0769537472  -0.0644372465  -0.2488723536  -0.1145023537
43 12  -0.0148019591   0.0076773323  -0.0009087286   0.0001574883   0.0007647338
44  1  -0.1495833181  -0.1430665491   0.0165551193  -0.2481778758   0.0223312668
44  2   0.0235308197   0.0218797093  -0.0581145132  -0.1406366367  -0.4084604601
44  3   0.1231546663  -0.1967412753   0.1765201250  -0.1786321505   0.0564958840
44  4   0.1019991672   0.4327121056   0.1560909551  -0.0036925988  -0.2244199813
44  5   0.0213766499  -0.2040539270  -0.1905128187   0.2063807285  -0.2279085490
44  6  -0.0815874632   0.0130432170   0.0492552543   0.1896190839  -0.2965353788
44  7  -0.1505686062   0.0421175996  -0.1454737257   0.0341841775   0.0252494710
44  8   0.1684856213   0.0473864028  -0.0616757989  -0.1791700546  -0.3096175636
44  9  -0.0996754454   0.0553054790  -0.0361652858  -0.0917725968   0.0600744649
44 10  -0.6197855651  -0.1891486134   0.0003689143   0.0450073327  -0.0049505203
44 11  -0.0099745294  -0.0288322470   0.0246119730   0.0996832602   0.0277963713
44 12   0.0058163526  -0.0014002451   0.0002304470  -0.0000944243  -0.0002284915
45  1  -0.0039522765   0.0569708033   0.2450496572  -0.2481002530  -0.1146482354
45  2  -0.0001631962   0.0323231408   0.1069474935  -0.0539156239  -0.1391543632
45  3   0.0552288250  -0.0754135297  -0.0384218877   0.0164018809   0.0313566985
45  4  -0.0302018800  -0.0682081286  -0.0250831111  -0.0137643985   0.0103197708
45  5   0.0069529324  -0.0037050110  -0.0297542957  -0.1253145182   0.0885655109
45  6  -0.0521046784   0.0260226070  -0.0242344727  -0.0882233310   0.1468855160
45  7   0.1310954084  -0.0527510190   0.0719571813  -0.0511844315   0.0261918571
45  8  -0.1399593551  -0.0262653318   0.0302972764   0.1222451846   0.2287378742
45  9   0.0603455403  -0.0547583253   0.0103235617  -0.0058093441   0.0023316376
45 10  -0.0470148880  -0.0053569595  -0.0024151011  -0.0185583766  -0.0343896884
45 11  -0.0688518793  -0.2451364964   0.2201694126   0.8052241563   0.3483813437
45 12   0.0542470775  -0.0218158652   0.0019830292  -0.0004253520  -0.0012720509
46  1   0.0098133372   0.1900692124   0.0723971667   0.0409672777   0.2243344001
46  2  -0.0664777974   0.0048706490  -0.0061178473   0.0041328453   0.2121195246
46  3   0.0879257311   0.0544525533   0.0359529684  -0.0871693357   0.0788463742
46  4  -0.1049495846  -0.0671798715   0.0858606693   0.0223524149   0.1691872518
46  5  -0.0351813116   0.4162026865   0.1279555466   0.0722008704  -0.0360761875
46  6   0.0385379965  -0.0171293378  -0.4025067273  -0.4409277195   0.1014095253
46  7  -0.4850581458   0.1417717293  -0.0786821089   0.0196352993  -0.4131799730
46  8   0.1180882084  -0.0140371886   0.0074268580  -0.3926560468   0.3896223650
46  9   0.0041354347   0.0739511544  -0.0266105943  -0.0515912698  -0.0248169568
46 10  -0.2768837116  -0.0814427077  -0.0535837142  -0.0151684832  -0.0013525948
46 11   0.0065925212  -0.0035779187  -0.0017471197  -0.1204099461   0.2913063972
46 12  -0.0382004726  -0.0222411851  -0.0005232482  -0.0003583778  -0.0002304278
47  1   0.0051930587  -0.1284513250  -0.1093954754  -0.1402218681   0.0550187427
47  2   0.0851777089   0.0092363338  -0.0337128002  -0.0184940447  -0.0666112380
47  3   0.0092787302  -0.0282833543   0.0636336349   0.0777056536   0.0437856779
47  4   0.0941394157   0.0758498586  -0.0519536244   0.0058069618   0.2589086313
47  5  -0.0075726715  -0.0221173900   0.1468907380   0.0163637155   0.1965907059
47  6   0.2041400355  -0.0548773918   0.1723696051   0.1550148690   0.0896605763
47  7   0.2208352694  -0.0408103790   0.1203796695  -0.0053045860   0.1096556854
47  8  -0.0332339738   0.0141449380   0.0546776716   0.2628268312  -0.1836474043
47  9  -0.0460386319   0.0121035677  -0.0110446907  -0.0012287634   0.0167311183
47 10  -0.0724556288  -0.0150869241   0.0081811860  -0.0086719262  -0.0003579392
47 11   0.0326274681  -0.0019139169  -0.0006003204  -0.3529419694   0.8104507770
47 12  -0.1120801311  -0.0611795782   0.0000592186   0.0003456662  -0.0000352496
48  1  -0.1272085037   0.0454646650   0.3455264578  -0.3348625602  -0.1418256095
48  2  -0.0468252746   0.0447970339   0.0905864961  -0.1463049274  -0.4130883764
48  3   0.1445810257  -0.2076725255   0.0688054611  -0.1913152557   0.0702853856
48  4  -0.0126116479   0.2521878091   0.1480000828  -0.0196439462  -0.3829096399
48  5   0.0308445617  -0.1655753367  -0.3196277429   0.0429296283  -0.2475257733
48  6  -0.2517495780   0.0727136516  -0.1292650526  -0.0566481833  -0.1976497567
48  7  -0.1939407605  -0.0092461650  -0.1275439085   0.0131747461  -0.0506485714
48  8   0.0328431962  -0.0150175949  -0.0532140032  -0.2255997526   0.1278450037
48  9   0.0503239518  -0.0049352133   0.0219287352   0.0841905513  -0.0554119335
48 10   0.5873994533   0.1728971888   0.0063972820  -0.0274783361   0.0021021174
48 11   0.0123339740   0.0034959643  -0.0062335949  -0.1412739809   0.2843430451
48 12  -0.0378536307  -0.0214090395   0.0000925154   0.0001630490  -0.0000135731
49  1   0.0283203819  -0.0593974703   0.0416854723   0.1046359430   0.2505498002
49  2  -0.0559057590  -0.1753838033  -0.3583392390  -0.0629999054  -0.2176142722
49  3   0.2213916754  -0.1420959480  -0.4313028947   0.3285093273  -0.0124271500
49  4  -0.4512785985  -0.1636649169  -0.2444463905  -0.0291684852   0.2966914627
49  5   0.0171387242   0.0151290273  -0.2580606716  -0.0666350867   0.2260178134
49  6   0.1101990989   0.0042757835  -0.0805556190   0.0300357160  -0.1734350995
49  7  -0.1199890382  -0.0475152564  -0.0152985568   0.0597482479   0.0203782163
49  8   0.0706660872   0.0201826543  -0.0175570242  -0.0518257796  -0.0638461053
49  9  -0.0347943081   0.1297219213   0.6436445818  -0.1192401152   0.0216729752
49 10   0.0072556822  -0.0349321022   0.0064803023   0.0188447979   0.0001515355
49 11  -0.0012348060  -0.3006285533  -0.1099998640  -0.0442866790  -0.0293525258
49 12  -0.0682230404  -0.0034340675  -0.0000958848  -0.0000338287  -0.0001952853
50  1   0.1801469729  -0.1036236803  -0.2516864482  -0.0178724075   0.0941955470
50  2   0.1483999518   0.0040842885  -0.0630876203   0.0655596947   0.1027062615
50  3  -0.0198797177   0.0358280399  -0.0567882938   0.2773401647   0.0533888839
50  4  -0.0684708235   0.2778660411  -0.1125682184   0.0122343659   0.2565219953
50  5   0.0025218796  -0.1731374909  -0.1581220669   0.0018213970  -0.4131103944
50  6   0.0139444848  -0.0584657782  -0.2621652438  -0.0880514340  -0.4152335954
50  7   0.3326967419   0.5082811218  -0.1177273035  -0.0752410863  -0.3525046531
50  8  -0.2007223624   0.0307452234   0.1501133079   0.5440753969   0.1327343160
50  9   0.0017665636   0.0062896011   0.0610324377  -0.0143401011   0.0032625154
50 10  -0.0075600952   0.0094348339  -0.0003154810  -0.0291621317   0.0000243401
50 11   0.0007582966   0.0660845750   0.0246213058   0.0065387608   0.0053682369
50 12   0.0202500207   0.0016046365   0.0000778712   0.0000171591   0.0000762022
51  1   0.1024789506   0.0635660300   0.1578200740  -0.1713202383  -0.0891235884
51  2   0.0363990759   0.0234427355   0.0868339243   0.0112986523   0.0149199321
51  3   0.0171253517  -0.0029216195  -0.1326622071   0.1883977301  -0.0070677317
51  4  -0.1190279809  -0.1058214562  -0.1413408578  -0.0179433201   0.2264848866
51  5   0.0123290662  -0.0271982753  -0.1446706505  -0.0089451436   0.1839173478
51  6   0.0632029115   0.0110864515  -0.0128618612   0.0549429382  -0.1502980638
51  7  -0.1060884848  -0.0553451550  -0.0490668795   0.0327029747   0.0261827099
51  8   0.0847719994   0.0168999753  -0.0270467329  -0.0966809365  -0.0493284264
51  9  -0.0221155897   0.0524316372   0.1852116073  -0.0385280393   0.0059291433
51 10  -0.0013198844  -0.0119951157   0.0002123923   0.0119668705   0.0010779158
51 11   0.0051821387   0.8397368819   0.3000193268   0.1224740857   0.0911687361
51 12   0.2347953147   0.0140334055   0.0008366659   0.0000398724   0.0002657342
52  1   0.0095640888   0.0032101682   0.0661689881   0.0547950457   0.2056232988
52  2   0.0113424367  -0.0823981680  -0.1326697057  -0.0190060670  -0.0424365991
52  3   0.1072660034  -0.0540524679  -0.1735031345   0.1192512912   0.0562004239
52  4   0.0312552445  -0.0536510500   0.0059891586  -0.0102379309   0.0461141920
52  5   0.0023791238  -0.0719261514   0.0795766255   0.1727306251  -0.0308437192
52  6  -0.0692422654   0.0160239609   0.0894797208   0.0291417041   0.0100685569
52  7   0.0385365530   0.0209970639  -0.0307349653  -0.0420295358  -0.0151368808
52  8  -0.0205756675  -0.0082558131  -0.0071297531  -0.0476543389   0.0538020939
52  9   0.0121092306  -0.0232638112  -0.0497362546   0.0063218986  -0.0026074451
52 10   0.0064790412   0.0067159742   0.0005112163  -0.0161838950   0.0034634660
52 11   0.0021191841   0.2319931112   0.1077050338   0.1336772817  -0.0768388763
52 12  -0.9486678427  -0.0950686936  -0.0027819633  -0.0002044054   0.0002709160
53  1   0.0594882631  -0.2238463857  -0.1545378231  -0.1062196032   0.0395249593
53  2   0.1849897059  -0.0190619008  -0.0161807524   0.0307082223  -0.0249492114
53  3  -0.0664126766   0.0094191714   0.0141131805   0.0723241674  -0.2681619264
53  4   0.3082832740  -0.0477344569  -0.0557087965  -0.0057555865   0.1146007148
53  5   0.0094821711  -0.1972893939  -0.0254603190  -0.4770651346  -0.0869313104
53  6  -0.3435608750   0.1062642588  -0.1331991046  -0.2085972243   0.2980343732
53  7  -0.3435968855  -0.2216160445  -0.2276219477  -0.4916729323  -0.0685280829
53  8   0.5245356374  -0.0327045354   0.3216516076   0.3403355524  -0.1566536232
53  9  -0.1354509239   0.0926734905   0.0508598022  -0.0001445358  -0.0076834208
53 10   0.0133815895   0.0038077166  -0.0015637574   0.2673793650   0.0003346287
53 11  -0.0000390639   0.0081328920   0.0056247402   0.0099150909  -0.0046435802
53 12  -0.0468622937  -0.0047668254   0.0001078334  -0.0000018240  -0.0002022865
54  1   0.0774963345   0.1561333643   0.1914901171  -0.2417819952  -0.1530757599
54  2   0.1329197118   0.1648763848   0.3914654955   0.0644155646   0.2455579080
54  3  -0.1411814311   0.1158667415   0.2442346400  -0.1324515567   0.0796313614
54  4   0.5520000172   0.0763020470   0.2165312470   0.0107042206  -0.1144990177
54  5  -0.0094527162  -0.1367960757   0.3282379806   0.3330227323  -0.2010031067
54  6  -0.1410303394   0.0074112175   0.1945876277   0.0354481220   0.1350629419
54  7   0.1033681699   0.0603191679   0.0075125658  -0.0789323124  -0.0354693560
54  8  -0.0728220887  -0.0216865535  -0.0139762118  -0.0915714801   0.0690193360
54  9   0.0020654974   0.0832096418   0.6969516509  -0.1298751684   0.0213475302
54 10   0.0093783204  -0.0351485546   0.0058621142   0.0523215225  -0.0001418356
54 11   0.0000524017  -0.0108369341  -0.0045757303  -0.0016766950  -0.0013040385
54 12  -0.0217564146  -0.0020958008  -0.0000634257   0.0000646255   0.0001094221
55  1  -0.0216471292  -0.1090021787   0.0993547887  -0.0114361786   0.1099796078
55  2   0.2119368079   0.0119577996  -0.0283294307  -0.0034944094  -0.0186410590
55  3  -0.0780534525  -0.0063184428  -0.0714125790   0.1385900948   0.0334320074
55  4   0.2902899622  -0.0870538844  -0.0423105862  -0.0084385824  -0.1655208369
55  5  -0.0064450902   0.3697841305  -0.1949805832   0.0682446963  -0.0094738977
55  6   0.0748627025  -0.0182286402  -0.1057183775   0.1692098313  -0.0535101574
55  7  -0.0283406041   0.2086821482   0.5558262604  -0.5802416523   0.0889739717
55  8   0.1576533943   0.0922328016  -0.2927651467   0.0021614537   0.0048450376
55  9   0.3597106556   0.2605889957   0.0020278714   0.1967983911  -0.0319247275
55 10  -0.0249915363  -0.0227285822  -0.0321367314  -0.2086642952   0.0478184256
55 11  -0.0009028888   0.0013857307  -0.0001305368   0.0042417968   0.0285755490
55 12  -0.0441652178   0.4276839057   0.0353957612   0.0101391633  -0.0014876085
56  1  -0.0398199849   0.0138830851  -0.0713670420  -0.1659771880   0.0848271101
56  2  -0.0467650873   0.0504247742  -0.0258551634  -0.0639237943   0.0813044520
56  3   0.0559986254   0.0111916711  -0.0064114841   0.0163339876  -0.1478105280
56  4  -0.0357100914  -0.0786192760   0.0875981234  -0.0074953288  -0.0775311114
56  5   0.0130653537  -0.2070620123  -0.0509848636   0.0305348504  -0.0570585822
56  6   0.2208637098  -0.0847982355  -0.0140659750  -0.0620134585   0.1559879160
56  7   0.0616925180  -0.0977530260  -0.3279409584   0.2049771897  -0.0130610420
56  8  -0.0772343132   0.0136192963   0.1392051008  -0.0286799952   0.0093740247
56  9  -0.2127295474  -0.1280463572  -0.0250776440  -0.2149118457   0.0531083877
56 10   0.0324567801   0.0159031078   0.0175704134   0.0770864717   0.1019635632
56 11  -0.0005908967   0.0029008203  -0.0002623572   0.0099163757   0.0581554875
56 12  -0.0895104575   0.8607762912   0.0777068656   0.0227049107  -0.0038908795
57  1   0.4081272320  -0.0287335188  -0.1082804766   0.1111563883   0.0526845583
57  2   0.0171719983  -0.3640073061   0.1587783698   0.3226870777  -0.1030731316
57  3   0.3831263395  -0.0863962436   0.3774809601   0.1484954639   0.0336956886
57  4   0.1889894591  -0.3793267844   0.0069641144  -0.0144508497  -0.0390873884
57  5   0.0171816190  -0.0253726495  -0.2786404862   0.1745799292  -0.1929296636
57  6   0.3237840189  -0.1254476203  -0.0766244643   0.0411860507   0.2124340672
57  7   0.0474766028  -0.0150651135   0.0431833995  -0.1229067003   0.0323407691
57  8   0.0417462634   0.1046768917  -0.0609157864  -0.0002063069   0.0159633555
57  9   0.0929067529   0.1417351443  -0.1308619603  -0.6229513889   0.2782671802
57 10   0.0926108876   0.0520082234   0.0375143262  -0.0468506903  -0.0457793748
57 11  -0.0006705087  -0.0008902568   0.0000481960  -0.0018226912  -0.0125770503
57 12   0.0200421658  -0.1909057983  -0.0161365377  -0.0045961321   0.0006840690
58  1  -0.0405487871   0.0487623628   0.1273336707  -0.0689721806   0.0738416926
58  2   0.2409042840   0.2328801132  -0.0637908355   0.0088183998   0.0383770620
58  3  -0.0731771166   0.0600634072  -0.2794883288   0.1166616202  -0.3254732432
58  4  -0.0470727609   0.3766758461  -0.0383144946   0.0004260600  -0.2361798203
58  5  -0.0220409383   0.3737354502   0.1228666302  -0.0968254861   0.0813342319
58  6  -0.1072561631   0.0569701728   0.1501490579  -0.0216599327   0.0196728409
58  7   0.2506904976  -0.2498221207  -0.3734641747   0.1269351262  -0.2782405658
58  8   0.1670759661   0.5358092725  -0.4960890164   0.2304721654   0.0807727678
58  9   0.1486471263   0.1940502264  -0.0419517347  -0.2343120245   0.0575982273
58 10   0.0380192440   0.0104703824  -0.0846138679  -0.0548658553  -0.1372386602
58 11  -0.0068566658   0.0022590426  -0.0038367224  -0.0036710712  -0.0012010516
58 12  -0.0010822361   0.0036807428  -0.0020112195  -0.0003536782   0.0000780463
59  1  -0.1888647930  -0.0489841171   0.0494538642  -0.2718131880   0.0402635331
59  2  -0.0681775891   0.1494910399  -0.1565892205  -0.3820123376   0.2001292096
59  3  -0.3276705690   0.0118181940  -0.3618766792  -0.0465968685  -0.1504482704
59  4  -0.0773784823   0.2634713082   0.1383134366   0.0294990476  -0.1932496044
59  5  -0.0074904202  -0.1020362109   0.2149011468  -0.1767985622   0.2708897991
59  6  -0.1470896657   0.0875590033  -0.0509858401  -0.0188433844  -0.2332665380
59  7  -0.1789052515   0.2300596993   0.2491063869  -0.1101497325   0.1601594342
59  8  -0.0658254600  -0.2733183646   0.2122259893  -0.0752177354  -0.0362210972
59  9   0.1553811851   0.1505275789  -0.1155065143  -0.5440019951   0.3259286584
59 10   0.0827753183   0.0515463319   0.1243826327   0.0544596738  -0.0650501390
59 11   0.0004427657   0.0007664366  -0.0014075660  -0.0018367247  -0.0007965208
59 12   0.0002713698  -0.0064890157   0.0000925286  -0.0003124807   0.0000888166
60  1   0.2822604835   0.0000000000   0.0000000000   0.0000000000   0.0000000000
60  2   0.0147312007  -0.1766057160   0.0444703324   0.0886128375   0.0207236096
60  3   0.1058686779  -0.0419235251  -0.0075739453   0.0960080409  -0.1762358652
60  4  -0.0127117057   0.1176740671   0.0725629745   0.0143774800  -0.1745548430
60  5  -0.0051974187   0.0487319015   0.0941508350  -0.0876648628   0.1351784658
60  6  -0.0326183227   0.0306734453   0.0074724463  -0.0144161173  -0.0793039664
60  7   0.0256829931   0.0213963417  -0.0697457732  -0.0115114565  -0.0114691240
60  8   0.0086655547   0.0402898261  -0.0450840787   0.0201272964   0.0119150812
60  9   0.0282729948   0.0481642530  -0.0073871632  -0.0405876842   0.0244686681
60 10   0.0063363126  -0.0021848879  -0.0066827911  -0.0137189879   0.9762120560
60 11   0.0362822279  -0.0170461766   0.0229860095   0.0271296634   0.0058272962
60 12   0.0151267618  -0.0976625893   0.0006789164  -0.0001048574   0.0000417832
$end
