$dipgrad          cartesian dipole gradients
  -.75363448517942D+00  -.57107477324996D-01  -.99397440935545D-01
  -.43331360838028D-01  -.54387263241468D+00  0.11225191141627D+00
  -.21259000587605D+00  0.11226175418791D+00  -.29406714153553D+00
  0.25218353873036D+00  -.17580354674766D+00  0.16362256271628D-01
  -.36883391621521D+00  0.12459180627130D+00  -.12715079120786D+00
  0.74709469633153D-01  -.14532432400343D+00  0.27234163300307D+00
  0.64703332396780D-01  0.13335558736796D+00  -.23929529648943D-01
  0.21573951695704D+00  0.31825440992198D-01  0.54510869490171D-01
  0.17311770740166D-01  0.65946510845734D-01  0.11519896318574D+00
  -.30492495097092D+00  -.94888061473061D-01  0.94524187995501D-01
  -.77873186521144D-01  0.73085594547780D-01  0.28852813872490D-02
  0.15611312086184D+00  -.23840040042785D-01  0.74669170174062D-01
  0.13613671955031D+01  0.70179478214284D-02  -.84832171318980D-01
  -.85304018261091D-01  0.88577515665911D+00  -.70174044758885D+00
  -.29542474327308D+00  -.65327668298818D+00  0.85174019986506D+00
  -.13045814529384D+01  0.23980401554187D+00  -.32704472101596D+00
  0.13362493781950D+00  -.71778277859514D+00  0.34117594574453D+00
  -.18201413816482D+00  0.27521199659159D+00  -.64485539728353D+00
  -.66578664623249D+00  -.22365532706464D+00  0.17778116974001D+00
  -.23729915915939D+00  -.57749449736614D+00  0.27297476174046D+00
  0.17266436101533D+00  0.30594763588605D+00  -.70292142308082D+00
  0.46829780674566D+00  0.38750513997001D-01  -.20749196041065D+00
  0.97494353623075D-03  0.22578136318744D+00  0.33213628849302D-01
  -.26693450644850D+00  -.17012547840202D-01  0.11291876870910D+00
  0.11675535510744D+01  -.45666428667186D+00  0.29190691509011D+00
  -.74037935040289D+00  0.12092445368714D+01  0.12030605193340D+00
  0.20655006734742D+00  0.43086985560014D+00  0.56698434770634D+00
  -.63755185023381D+00  0.57796972712066D-01  -.98796424518362D-01
  0.27749113772915D+00  -.91749520111156D+00  -.14726212974548D+00
  -.52546193761338D-01  -.42989469152317D+00  -.62183451009950D+00
  -.11004160620444D+01  0.42428332552231D+00  -.42333314671984D-01
  0.44004266987313D+00  -.64969814984094D+00  0.10181472347460D+00
  -.14283682353477D+00  0.97734563504626D-01  -.45609773116516D+00
  0.33619230103327D+00  -.17429586024743D+00  0.27054290563433D+00
  -.48289052031378D-01  0.11828088199342D+00  0.45830032226014D-01
  0.47084744249159D+00  -.40367939117723D-01  0.12088276847727D+00
  0.33707817806031D+00  0.61366004167059D-01  -.30338919005820D+00
  0.69001957279912D-01  0.11664152516107D+00  -.67127748133046D-01
  -.23163866485021D+00  0.13149966024514D-01  0.16160410896455D+00
  -.27963580754865D+00  0.50007979248470D-01  0.62325497177067D-01
  -.92723240262098D-01  -.92418586545192D-01  0.11239499289543D+00
  0.85319142438617D-01  0.81008419275373D-01  -.14543721995764D-01
  0.16536433435728D+01  0.31207842322737D+00  0.42374902227849D+00
  0.54446244822248D+00  0.38139421001325D+00  -.16015685129900D+00
  0.25304994768113D+00  -.16441521227192D+00  0.13665013641594D+01
  -.85965002454089D+00  -.32685866968241D-01  -.25944357289666D+00
  0.28360828588803D-01  -.38290921413923D+00  0.11931928428096D+00
  -.47046206551870D+00  0.10187559007125D+00  -.11198856843524D+01
  -.15553512692556D+01  -.16757343983784D+00  -.32395821052587D+00
  -.31863809113117D+00  -.37864221512367D+00  0.29321811208380D-01
  -.14087219925096D+00  0.63201002513630D-01  -.56705690721656D+00
  0.13456617852978D+01  -.15518813849603D+00  0.56321035050375D+00
  0.20456138789102D+00  0.12352231775320D+01  -.31881496462845D+00
  0.59260481521916D+00  -.31547710437222D+00  0.61085804337551D+00
  -.68342698872382D+00  0.87429663307546D-01  -.14437447809717D+00
  0.17008200595651D+00  -.98191483999212D+00  0.32266209870072D+00
  -.11507001249397D+00  0.25171149934960D+00  -.51096658499500D+00
  -.11873905814925D+01  0.10167070950389D+00  -.38247157572584D+00
  -.26513441584989D+00  -.68096437568355D+00  0.44973930173560D-01
  -.34387620996800D+00  0.14977227960905D+00  -.51576245070932D+00
  0.23998370359459D+00  0.12952283331610D-01  0.13014200549586D+00
  0.51428731068179D-01  0.12918261904573D+00  0.32863482998589D-01
  0.94875374563304D-01  0.41468865682833D-01  0.11581187733997D+00
  0.30539459358481D+00  -.60911517680454D-01  -.20484628647665D-01
  0.21604969816422D-01  0.61596384545224D-01  0.14667527393177D-02
  -.17289569310886D-01  -.23230362907760D-01  0.12289185692006D+00
  0.43986232334035D-01  0.21623241271016D-01  -.35709318861527D-02
  0.41669367670082D-01  0.35679230002978D-02  -.31009540655008D-01
  -.21138387502241D-02  -.61119550167719D-02  -.58814693494156D-01
  0.66910963552544D-01  0.34188949246885D-01  -.24358449692751D-01
  0.30939404557163D-01  0.45139329402888D-01  0.10247425750371D-01
  -.30291564422720D-01  0.14529432512935D-01  0.52732669214165D-01
  0.10438313956872D-01  -.30043346601461D-01  -.38006758617897D-02
  -.44762904002324D-01  0.25238811677370D-01  -.32808578706587D-01
  0.82442762184988D-02  -.60630345970731D-01  -.11658578157748D+00
  -.12571236779937D-01  0.52426276609881D-01  -.30058115978306D-01
  0.49105839427866D-01  -.64842551896927D-01  0.61249691348879D-01
  -.58485067404079D-01  0.98464935520158D-01  -.11688464033005D-01
  0.15507419622598D-01  -.36370661738064D-02  0.10121178079263D-01
  0.29361946007862D-02  0.49682220950482D-01  -.14654647154784D-01
  0.30058139335548D-02  -.45883652625777D-01  -.42215098030546D-01
  0.11567114088650D+00  0.13319474471818D-01  0.30875171212477D-01
  0.16004425098754D-01  0.22788730037081D+00  0.22996412013663D-01
  0.41241140624835D-01  0.19634237522928D-01  0.22046928327482D+00
  0.10448191407351D-01  0.39103306470202D-02  -.13221440572988D-01
  -.22734345844004D-01  -.10664899158218D-02  0.73001248878834D-01
  0.69295853247922D-02  0.40563923748617D-01  0.33442660152704D-01
  -.62194881745714D-01  -.12892479063178D-01  0.50897120985903D-01
  0.55961083126575D-01  -.44897908843672D-01  -.11972784627043D+00
  0.21183222071774D-01  -.27087557042852D-01  0.10959366076314D-01
  0.27092918441867D+00  0.30396236646248D-01  -.67201654194414D-01
  0.19608060759650D-01  0.14435856459096D+00  -.32142352308600D-01
  -.84681868190974D-01  0.49536817050622D-02  0.15660255905669D+00
  0.31658903950191D-01  0.10981906988310D-01  -.19572613481433D-01
  -.55881519555298D-01  0.18853282763387D-01  -.31346028124315D-02
  -.55037773090254D-01  0.27466475848351D-01  0.16967257467413D-01
  0.18604635521598D-02  -.89163323514140D-01  0.21800764901629D-01
  -.38690724178565D-01  -.35904595182573D-01  -.27903561805768D-01
  0.59244673116107D-01  -.33377947747380D-01  0.32765151104255D-01
  0.22806493308157D-02  -.80072914085520D-02  0.33369589041382D-01
  -.26042408672493D-02  0.65724145613498D-01  0.25613909757362D-01
  0.97369871761576D-02  0.38289441612038D-01  -.25613984570359D-01
  0.10504414769314D+00  -.98670755960646D-02  0.48417069551023D-01
  -.68314600335927D-01  0.27801390570666D-02  -.34553533561708D-01
  0.83781850616943D-02  -.10094630168213D+00  -.32275136206852D-01
  0.81488126036915D+00  -.48048225685403D-01  0.25376102082460D+00
  -.14461375084981D-01  0.26796579491454D+00  -.43612801326157D-01
  0.41086584962368D+00  -.77854115244033D-01  0.44101195426842D+00
  0.38544003704086D+00  0.10707248892372D+00  -.55124643074757D-04
  0.15165559056064D+00  0.62608382751848D+00  -.79273849803699D-01
  0.92899991657494D-02  -.69331287215143D-01  0.27783070787993D+00
$end
