$coord
15.545795377406092 2.18308355834089 -0.41197945864691 o
12.96799196871448 2.96185922683031 -0.15349939409782 c
11.23037306607123 1.41227258396815 -1.82588508513318 c
11.42767689919741 -1.22971387937436 -1.24845319214577 o
9.86664761984842 -2.05835668133267 0.79542515684244 c
7.2359881891407 -2.77436390050069 -0.15223778342644 c
5.65177215571894 -3.52844491970382 1.89595542973498 o
4.34062089097986 -1.50555520451257 3.11494879180931 c
1.9764358640443498 -0.68979350649922 1.72938205238893 c
0.20831686649189 -2.72288381274025 1.74796862286664 o
-2.02067467270121 -2.25739341389146 0.30996924704803 c
-3.9555443137659205 -0.7119829496684 1.80203785577898 c
-6.20158160656299 -0.30186344455473 0.37353759325074 o
-6.07519034721037 1.81613501292857 -1.29174109067064 c
-8.59802279167889 2.15899344557363 -2.58658670115608 c
-10.5416930649574 2.94201235650691 -0.87841226988479 o
-12.07911573446812 0.9457687932114799 0.10354648786624 c
-14.24029001471762 0.33496447119073 -1.69770986861978 c
-16.26338317864842 -2.24254132772431 -0.50870616108019 s
15.581580957917241 0.37089019810349 -0.17328154420116 h
12.87798338781812 4.94314260570589 -0.71580775179738 h
12.37710920906942 2.83198860726763 1.82742608196941 h
11.79503578411455 1.60494038879111 -3.7993986195363294 h
9.28055685812351 2.07662040126542 -1.63544724596718 h
9.74017002775834 -0.60807780944688 2.26452297980819 h
10.78334986369489 -3.71014601816463 1.61774963758376 h
7.37460758036844 -4.38568757436822 -1.42990469936923 h
6.39382741277967 -1.20624335413814 -1.20555232118762 h
5.57297769421595 0.13976981824455 3.35476366320277 h
3.83507842340315 -2.19924312267632 4.98944787351622 h
2.40540449906693 -0.15900699449696 -0.22794880644961 h
1.21152425286219 0.9812102137713101 2.68464094667167 h
-2.8285013278818 -4.10016863443629 -0.13952880745795 h
-1.53585860572449 -1.31544160340883 -1.46968360920079 h
-4.50625081337337 -1.7626043812302 3.48876648233812 h
-3.15416292223197 1.0989366248458 2.40403272719964 h
-4.6244191103047 1.53997365064287 -2.74609619430628 h
-5.59790585735581 3.5222111314012 -0.2156603110342 h
-8.40287029509725 3.64536734131627 -4.0046675173717 h
-9.13588763923542 0.41654514373028 -3.56163849095033 h
-10.93905422309493 -0.73201127943412 0.47538730129624 h
-12.83101370774777 1.62930323832947 1.8980358863435198 h
-13.52827226784883 -0.35351221439976 -3.50350025870291 h
-15.397903615565442 1.99930464483483 -2.04702475342409 h
-17.22322873863193 -1.00025743009942 1.50536122868353 h
$user-defined bonds 
 
$end
