$coord
11.1892503306458 -3.8945957694094195 1.13672696654282 c
9.85648954632956 -1.34814158477359 0.86237226743965 c
7.13495261597626 -1.36995014555373 1.83057901267186 c
5.72282328731627 1.13078762938082 1.45992732156437 c
5.17669632249111 1.85061808274374 -1.29815779705432 c
3.54108353473702 -0.05251624287894 -2.75347629190913 c
0.9779293805939101 -0.66285775381048 -1.54924337729967 c
-0.76402836157261 1.62729210839564 -1.26349765326856 c
-3.31788733807438 1.03760916357318 -0.03163999236053 c
-4.99828021155899 -0.74550247527734 -1.57402283242126 c
-7.600585225025399 -1.22899458950056 -0.39431229582567 c
-9.32295953808207 1.06403840166578 -0.52682876139803 c
-11.83240650067102 0.46838430153012 0.42577423147769 o
-12.49341366293568 1.39107611263856 3.36322384054215 s
-12.40479308108691 4.21206819013197 3.32453159536323 o
-10.52858462531513 0.24436528785083997 5.02736923819721 o
-15.0739778280829 0.3191026001077 3.69228724242282 o
13.1378119508598 -3.79824928860227 0.46412863058363 h
11.22582871982811 -4.4978642886472 3.1122730921304 h
10.21151971795427 -5.35309400894254 0.0483517383204 h
10.93195859024669 0.07025890458164 1.9314233746226597 h
9.89624124490396 -0.79396040754062 -1.13259817231267 h
7.15688243666315 -1.83103210929201 3.8467110265501 h
6.09870791478498 -2.90007058597458 0.90268489702205 h
3.9364733913359 1.05093138549253 2.49221528689176 h
6.79180874023109 2.65537466097182 2.37598518761399 h
4.28004996437685 3.71118976918233 -1.32667961155203 h
6.93847835583262 2.05895569522856 -2.36922118034211 h
4.59679170566953 -1.81323411669711 -2.99775864880675 h
3.22726912622195 0.69094359934398 -4.65943822282876 h
1.25698554691158 -1.53606575728769 0.30726228212616 h
0.05527620408144 -2.09671435953072 -2.71596958704798 h
0.18311456151503 3.0738300720268 -0.13098966087119 h
-1.08458813335488 2.47335122602217 -3.12882420811718 h
-4.31013252289091 2.82289513390723 0.28883206935993 h
-3.00001005445522 0.20969631475941 1.84165548430926 h
-4.04859689615461 -2.56442311144519 -1.80069408114817 h
-5.237819220742 0.02270171051744 -3.48444601817375 h
-7.38974071858066 -1.7994664324356 1.57922553073563 h
-8.52933151503538 -2.78499538521388 -1.38814292991171 h
-8.56290126857428 2.67365537403604 0.50983032733173 h
-9.61394721348158 1.64745762338281 -2.48323447997324 h
10.81559274233597 4.56514506534085 -0.37622500090117 na
$user-defined bonds 
 
$end
