$coord
-7.20328093163387 -2.21886246117625 1.41655084193995 o
-7.813399706293579 -1.04467419287308 -0.45410478850154 c
-9.75600856267202 -1.76962041706805 -1.9350737575622798 o
-6.608983220584 1.36728480261039 -1.36740993664973 c
-3.8553591155293003 1.67291420940725 -0.55784187318159 c
-2.07622959032824 -0.18813536807129 -1.87742478841829 c
0.7315156653583 0.27332502769147 -1.33715597779225 c
1.47433154928986 -0.20769692509403 1.41381053429945 c
4.25854210824746 0.23455329471619 2.0672001987704 c
5.25676626194112 3.60748785340918 1.49679792321706 s
7.847354802903501 2.75500790360895 -1.43732838586449 s
8.61434578190938 -0.29303223318155 0.06004563798564 c
6.10634763865239 -1.55338194383024 0.69673384971013 c
-10.52555702074763 -3.27447176207966 -1.21135101268501 h
-6.80890066108717 1.47570104829216 -3.41790746894163 h
-7.763339217844479 2.89966425260204 -0.58824978788724 h
-3.26864297873814 3.60423812912134 -1.00287275944714 h
-3.73287206698814 1.46812289374096 1.49147919063782 h
-2.38184252418013 -0.05165206040207 -3.9197502546553706 h
-2.57124454218239 -2.12406950016962 -1.33808703479109 h
1.21179675273751 2.22013674217436 -1.83854307347574 h
1.84182982652636 -0.94145427027089 -2.58408568650121 h
1.03796326335854 -2.17298293448957 1.9083753197318498 h
0.32806543196368 0.9668592683701202 2.66506718339242 h
4.49764871867078 0.03999717851377 4.10230813685543 h
9.70898040554663 -1.38435412834831 -1.30121429764339 h
9.75780076181232 0.06563815490827 1.73458146616182 h
6.44558227996856 -3.19842455112139 1.89919199613596 h
5.24678888992332 -2.22811801099048 -1.04814324146547 h
$user-defined bonds 
 
$end
