$coord
9.39144367127589 -0.48201239061855 1.63060211496889 o
7.35087421200634 0.04868792713129 2.51822348867406 c
6.82794380726301 2.50627136383194 2.98223971087439 o
5.2989773013277 -1.8315032188914 3.13784014289173 c
2.83266413317656 -1.34919791680284 1.6755905499577 c
3.20300980811906 -1.40866000755099 -1.19235627601393 c
0.77927323461016 -1.48897405047887 -2.77786297164974 c
-0.89460764594458 0.88234714238731 -2.70019908507741 c
-2.67346961257158 1.10848507278389 -0.43310400878714 c
-4.87190116890494 -1.63978908288394 -0.18625837523215 s
-7.861080768792039 0.06542603120651 -0.80815546319866 c
-7.26181767287364 2.49848876703991 -2.19465373555772 c
-4.60588519370493 4.00270778810745 -0.54236949748301 s
5.17376711275702 2.71421144582974 3.7417870367889 h
6.0352587248108 -3.70538050303822 2.71016208886858 h
4.93438924272805 -1.73787300461078 5.17023889883634 h
1.47875597076299 -2.80097121813957 2.24419591526426 h
2.02549519667427 0.45703076606987 2.27034789960315 h
4.32357761911722 -3.08309821275422 -1.66315503573604 h
4.33332017856097 0.22457522005628 -1.77926548874896 h
-0.3377153772928 -3.14993708613518 -2.25713489537022 h
1.33812884280372 -1.78300500974376 -4.74492897418936 h
0.3070550514567 2.56683513558451 -2.73149110942258 h
-2.04578632122187 0.9444751854562 -4.41288269111055 h
-1.64120592992962 1.20807818666222 1.3365399209602 h
-8.80029865368943 0.44387284453158 0.9817604012938501 h
-9.04100484730674 -1.17684928260425 -1.95177901683931 h
-6.75354946982504 2.15258600085005 -4.15886184867536 h
-8.8456124017274 3.8131719863689204 -2.12947260796707 h
$user-defined bonds 
 
$end
