$dipgrad          cartesian dipole gradients
  -.11367479546091D+01  0.19353408981624D+00  0.16557861183096D+00
  -.53713014299633D-02  -.56243117854950D+00  -.77873613170627D-01
  0.30170797334425D+00  -.12155852343057D+00  -.41766749704221D+00
  0.14136964872636D+01  -.17951921146651D+00  -.28485171495342D+00
  -.15464366845008D+00  0.13983072575751D+01  0.32856826803639D+00
  -.44377656148299D+00  0.23080627385348D+00  0.38934603777063D+00
  -.46258231560770D+00  0.10574879431496D+00  -.26609867952915D-01
  0.24369668907004D+00  -.11199699415623D+01  -.28671608439398D+00
  -.25197189221051D-02  -.18243739793226D+00  -.39186852798714D+00
  -.18432888600070D+00  -.11073291563327D+00  0.12303798772045D-01
  -.81567930572422D-01  -.17738792572913D-01  0.76481181778231D-02
  0.48762832620260D-01  0.37292313158032D-01  0.90622421519706D-01
  0.11547577985505D+00  0.44942646922022D-02  0.10124035008466D-01
  -.65507836320127D-01  0.10949118109811D+00  0.13057829141239D-01
  0.23169558241668D-01  0.23719072641922D-01  0.68766627527512D-01
  0.52273908921811D-01  0.14669225695384D-01  -.33745209775348D-01
  0.23492305874173D-01  0.11054108621962D+00  0.15191413283799D-02
  0.92209452434907D-02  -.12290666340597D-01  0.64053976192777D-01
  0.14212940943289D+00  0.15371001096698D-01  0.40999859328110D-01
  -.19793704480063D-01  0.87253730735528D-01  -.67852208463351D-02
  0.61044042517960D-01  -.25049812179227D-01  0.83569790423517D-01
  0.11541904065552D-01  0.83813565523669D-03  0.48149943700672D-01
  0.20883027788977D-01  -.40216084683735D-01  0.34340710912855D-02
  -.58929435214769D-01  0.30062869887426D-02  0.62626043892012D-01
  0.41222865699878D+00  -.70275726906484D-02  -.11387759243216D+00
  0.71781481406621D-01  0.26919597675518D+00  -.28174443362363D-01
  -.89139975981761D-01  -.59444885698093D-01  0.63903076392727D-01
  -.28070359251106D+00  -.12822604204195D-01  0.28985644434663D-01
  -.34213451754325D-01  -.19625119370190D+00  0.31804540101709D-01
  0.73723136924754D-02  0.45367309208093D-01  -.18478218911605D+00
  0.28501070733932D+00  -.11770396396247D+00  0.21002548780495D-01
  -.12989435129109D+00  0.45196405855154D-01  0.53149054764595D-01
  -.47976562515445D-01  0.33309770245932D-01  0.85450732400186D-01
  0.11998637696047D+00  0.16807430566902D+00  0.48150221457282D-01
  0.11530051753632D+00  0.78333297134849D-01  0.48840086934830D-01
  0.78879464998863D-01  0.14453559393580D-01  0.12660988854888D+00
  -.24707361221516D+00  -.40525482087579D-01  0.16915621781773D-01
  0.47347652649504D-01  -.19095695336316D+00  0.25845342362764D-01
  0.34363711111120D-01  0.65891118832218D-01  -.10739294698054D+00
  0.19920965246070D+00  0.14311151992490D-01  0.93614339130742D-01
  0.69347896640136D-02  0.31512741040658D+00  0.66432612319948D-01
  0.11834981182491D+00  0.48226036100911D-01  0.31413328752158D+00
  -.96290971913694D-03  0.32119131766874D-01  -.15715425348588D-01
  0.21202579492494D-01  -.53564385096747D-01  -.12657178157017D-01
  0.11622040072394D-01  -.55137817807957D-01  0.61961932075321D-01
  0.25380363050171D-01  -.12069109519855D-01  0.10241037311004D-01
  -.31110682908450D-01  0.59833942718862D-01  -.44240628692230D-01
  -.14024104780309D-01  -.62940909145737D-03  -.12121124232583D+00
  -.64585874935773D-01  -.89128394985321D-01  0.36397600304608D-01
  -.11760380964786D+00  -.10211598125674D-01  0.26011221461231D-01
  -.89019536839365D-03  0.69724429110484D-02  0.10225574819713D-01
  0.26713579362722D-01  0.57779394994283D-01  0.19248932833678D-01
  0.12187532887799D+00  -.12885803721383D+00  -.54772356505777D-01
  0.38832113072330D-01  -.53200201435859D-01  -.20691652956956D-01
  -.47963965703099D-01  0.95215135521364D-01  0.12171927214552D-01
  0.11803917039674D+00  -.68806271289492D-01  -.30844336422438D-01
  -.18192048433629D-01  -.76412414704046D-02  0.15425120582504D-01
  -.17768423832028D-01  -.52560461203791D-01  0.14155491985316D-01
  -.11639274575611D+00  -.60337958669443D-01  0.32536264042776D-01
  0.10233736353018D-01  0.28334820105190D-01  0.16603729916413D-02
  -.13640598748421D-01  -.77206034184467D-01  -.14696441790492D-01
  -.74181533487051D-01  -.51409863310431D-01  0.36300244455524D-01
  0.93045486906938D-02  0.70850128465030D-01  0.28861783945806D-01
  -.54793321398145D-01  0.54124673014716D-01  0.29943550492543D-01
  0.54536989965891D-01  0.41804888719621D-01  -.14559152808252D-01
  0.29354587526506D-01  -.47731738511919D-01  -.16012781513964D+00
  -.59176037304892D-01  -.89188942273706D-01  0.45048211088504D-01
  -.75928435001607D-01  -.66147554520039D-01  0.83871394354171D-03
  0.62690225813260D-01  -.15430271582224D-01  0.45295798522518D-01
  -.50942252995265D-01  0.36744950463856D-01  -.11107552599395D+00
  0.40340673860941D-01  0.45274760010158D-01  0.11184741592177D-02
  -.70149634208975D-01  0.16329678468807D-01  -.46323498380161D-01
  -.32626904646818D-01  -.26872864013300D-01  -.36560812024799D-01
  -.50463478699895D-01  -.56179521021501D-02  -.42550403352666D-02
  -.49330845641786D-01  0.11845375971660D-02  -.36537846581076D-01
  -.73547411081297D-01  0.40836685984360D-01  0.40382337654918D-01
  0.11227808890940D+00  0.20963242249149D-01  -.30149780202695D-01
  0.64658360880830D-01  0.38082811773602D-02  -.33844652764718D-01
  -.59762545183354D-01  -.45017882939793D-01  -.45490604168475D-01
  -.63374033459671D-01  -.17386299101142D-01  -.32403498540055D-01
  -.64055894558853D-01  -.32679489005295D-01  0.34144179334233D-01
  0.19801053224734D-01  -.44094374848383D-01  0.12923696309783D-01
  -.63362140910009D-01  0.16937770765183D-01  -.77496394521507D-01
  -.23521646424485D-01  -.25783453732684D-01  -.10297680003831D+00
  -.36241272431286D-01  0.70608873335939D-01  -.23714214980494D-01
  0.85699808676339D-01  -.83568863668824D-02  0.23823745637432D-01
  -.27059642470722D-01  0.94632790709939D-02  0.76768024865096D-01
$end
