$vibrational normal modes
 1  1  -0.0009945550  -0.1035981599   0.1549541157   0.0811460896   0.1055327711
 1  2   0.0980712767  -0.0011127086   0.0296207275   0.0110056207   0.0294739548
 1  3   0.0009650374   0.3556687428   0.0085056185  -0.0049775244   0.0316236133
 1  4   0.0825525658  -0.2295200488  -0.0010283703   0.0699569651   0.0166643450
 1  5   0.0007525690   0.2420188137   0.0025543985   0.0007824779  -0.0004418952
 1  6   0.0017036538   0.0037788807  -0.0213766969   0.0017879855   0.0050923742
 1  7  -0.0122618260  -0.1815424246   0.0024910903   0.0015336961  -0.0469225449
 1  8   0.0033982858   0.0105113170  -0.0994675717  -0.0002060466  -0.0001467981
 1  9   0.0002662500   0.0000371154  -0.0002712045  -0.0484566183  -0.0035488608
 2  1   0.0002537824   0.1536550392  -0.0829575785  -0.0987735219   0.1660866478
 2  2   0.3377486551   0.0023126414   0.1568571754   0.2070131225   0.0693705868
 2  3   0.0264348278  -0.0310707271   0.1905135391  -0.0294458979   0.0152589137
 2  4  -0.0692905319   0.0052253945   0.0689532893   0.0330014584  -0.0194535161
 2  5  -0.0066771814  -0.0015605046   0.0041562636   0.0014531097  -0.0020257558
 2  6  -0.0051506696   0.0757511283  -0.0012789881   0.0473616656   0.0014195179
 2  7   0.0198135750   0.0046090407   0.0388453319   0.0527024315   0.0008320793
 2  8   0.0617102938  -0.0003890148  -0.0023933569   0.0000681057  -0.0002014803
 2  9  -0.0000854227  -0.0002160450   0.0000111541  -0.0109544488  -0.0730802532
 3  1  -0.1816315851   0.2194667339   0.0185990899   0.2556955742   0.0240444078
 3  2  -0.0649487385   0.0107534792  -0.2850121756   0.1050243867  -0.1520090294
 3  3   0.0128584428   0.0252018294   0.1039758216  -0.0169861692  -0.0289091173
 3  4   0.1191731547   0.0102322362   0.0426504849  -0.0616893202   0.0343732297
 3  5  -0.0009899864  -0.0179931111  -0.0080541053  -0.0032547003  -0.0011324770
 3  6   0.0083975800   0.0419953443   0.0020744780   0.0263755331  -0.0017107443
 3  7   0.0110850848   0.0037199670   0.0215818642   0.0294183265   0.0026109317
 3  8   0.0342869118  -0.0000878627   0.0127514435  -0.0000958263  -0.0000968581
 3  9  -0.0000916920  -0.0001073695  -0.0000752124   0.0240476956  -0.0406379487
 4  1  -0.0036880478  -0.1032760374   0.1531032186   0.0890303427   0.1102238343
 4  2   0.0847442896   0.0001236823  -0.0010496999  -0.0017019813  -0.0050639456
 4  3   0.0004250247   0.3079165852  -0.0074311563  -0.0019623262  -0.0072914123
 4  4  -0.0066741050  -0.1516819222   0.0017027417   0.0419271228   0.0023255230
 4  5   0.0002111149   0.0169595312  -0.0009905062  -0.0037532421  -0.0001416089
 4  6  -0.0018568421   0.0040213278   0.0085087477   0.0011784538  -0.0183512806
 4  7   0.0200547595   0.3444382249  -0.0075526589  -0.0024230746   0.1696326605
 4  8  -0.0194673166   0.2077251419   0.0538839003   0.0004339497   0.0018200647
 4  9  -0.0032032517  -0.0002675655   0.0019959314   0.0009773003  -0.0000522050
 5  1   0.0076617814   0.1265503810  -0.0491126383  -0.0898960803   0.1925481581
 5  2   0.1972841190   0.0007800563   0.0001719411  -0.0323143130  -0.0762840430
 5  3   0.0070413003  -0.0090918754  -0.1505139531   0.0311322237  -0.1107667908
 5  4   0.0093632213  -0.0586754141   0.1035675399  -0.1376006691   0.0772712795
 5  5   0.0056169275  -0.0260231867  -0.0043181522  -0.0113216044  -0.0010264937
 5  6   0.0012242882   0.0906866964  -0.0003495219   0.0125979321   0.0003707151
 5  7  -0.0979092787  -0.0093176702  -0.1308118410  -0.1145846941  -0.0097116499
 5  8  -0.3458449755  -0.0086743557  -0.0103794908  -0.0000973196   0.0018850451
 5  9   0.0011871193   0.0015176579   0.0001014402  -0.0008497451  -0.0011370407
 6  1  -0.1313632202   0.1799996915   0.0898329946   0.1475496722  -0.0132762440
 6  2  -0.0422329364   0.0020489719  -0.0002108461  -0.0104149710   0.1441171468
 6  3   0.0039314008  -0.0088522298  -0.0823052181   0.0181575210   0.2005254022
 6  4  -0.0173137431   0.1163230463   0.0433041504   0.2476724182  -0.1398635221
 6  5  -0.0075835063   0.0443507812   0.0056453452   0.0179299318  -0.0005034616
 6  6  -0.0046452850   0.0504774793  -0.0020491518   0.0070257259   0.0010138305
 6  7  -0.0540228627   0.0039531993  -0.0729852474  -0.0636235392   0.0011204606
 6  8  -0.1927190873  -0.0036513126   0.0141337749   0.0000029208   0.0011203732
 6  9   0.0005268261   0.0008244208   0.0001461790   0.0014494246  -0.0006304076
 7  1   0.0018261770  -0.1519951145   0.2026023735   0.0410731139   0.1173374856
 7  2  -0.0154310643  -0.0022039529  -0.0084542871  -0.0922406515  -0.0063897044
 7  3  -0.0063584487   0.1461679618   0.0592727655  -0.0030218598  -0.0009539551
 7  4  -0.0180476823   0.1353742806   0.2971958253  -0.0322280835  -0.0096738327
 7  5   0.0046266301  -0.0350432169  -0.0009409446  -0.0075330524   0.0039583950
 7  6   0.0639645265  -0.0296547431   0.0982417205   0.0644026701   0.0487852333
 7  7  -0.1015791418   0.1001676847  -0.0464214706   0.1894457278  -0.0476872580
 7  8  -0.0554858992  -0.2558374870  -0.0324644626  -0.0005017372  -0.0135262767
 7  9  -0.0397778903  -0.0141397885   0.0113953910   0.0006837409   0.0000446609
 8  1  -0.0950610310   0.0578011303  -0.0663113140  -0.1401309789   0.2120203655
 8  2   0.1415301222   0.0149754401  -0.0674083180  -0.0891492255  -0.1083471000
 8  3  -0.0075873036  -0.0714618675  -0.1085738171   0.1276870224  -0.0129384235
 8  4   0.0026792268   0.1400534296   0.1494811840   0.0260342929  -0.0409596889
 8  5   0.0424640367   0.2047020333   0.0214272554  -0.0173750809   0.0285537621
 8  6   0.2129837782  -0.0670920965   0.0466460053  -0.0104691776  -0.0178425396
 8  7   0.0820388606  -0.0501489159   0.0129622270  -0.0205069319   0.0823624815
 8  8   0.1879996673   0.0775237111   0.0091561703   0.0002954773  -0.0180269597
 8  9  -0.0567668745  -0.0158280323   0.0137370503  -0.0003312048   0.0004719832
 9  1   0.0750077256   0.2561889294   0.1817838684   0.1886180234  -0.0427552527
 9  2  -0.0521290769  -0.0327393857   0.1219215855  -0.0321309111   0.2036262012
 9  3   0.0293861704  -0.0579355044  -0.1017704397  -0.1681608414   0.0145951469
 9  4  -0.0374479292  -0.0024254205   0.1063293085  -0.1298164699   0.1064561433
 9  5  -0.0719134138   0.0829143795  -0.0433034898   0.0113093606  -0.0516673140
 9  6   0.1229100673  -0.0426066160   0.0329381400  -0.0019342084  -0.0069539529
 9  7   0.0370631339  -0.0180020454   0.0029193825   0.0011967956   0.0432389167
 9  8   0.1002013161   0.0270357877   0.0021245364   0.0000964155  -0.0106812911
 9  9  -0.0334827093  -0.0095354698   0.0082379255  -0.0002323126   0.0001182927
10  1   0.0003702538  -0.1526526066   0.2023928532   0.0447842771   0.1201624354
10  2  -0.0248402604  -0.0050534500  -0.0127279504  -0.0678276127   0.0099177429
10  3  -0.0028816940   0.0826935968   0.0870381007  -0.0322773445   0.0061415020
10  4  -0.0268842898   0.1485483887   0.2929512597  -0.0543456028  -0.0114783380
10  5   0.0000859304  -0.1227990935  -0.0069798177   0.0002907393  -0.0064335909
10  6   0.0212474606   0.0429182299  -0.0168983338  -0.0508167945  -0.0420112481
10  7   0.0722621109  -0.0755087563   0.1202527872  -0.1306491475  -0.1374933120
10  8  -0.1259574973   0.2208936904   0.0241748443   0.0009198576  -0.0025070110
10  9  -0.0100683247   0.0312391301  -0.0219120603  -0.0002373106  -0.0001113241
11  1  -0.0961281930   0.0261587744  -0.0350390012  -0.1355841013   0.2391024599
11  2   0.0015779104  -0.0025841442  -0.1046523774  -0.1730135772   0.0609077385
11  3  -0.0052228442  -0.0938689230   0.0409460877  -0.1191960686   0.0641614148
11  4  -0.0127161779   0.0421220208  -0.1977764755  -0.1145252137  -0.0049894176
11  5   0.0258123094   0.2344580217  -0.0199775883   0.0262699950  -0.0445084698
11  6  -0.1663120663  -0.0374506499   0.0931259552   0.0208648177  -0.0261449764
11  7   0.0846487205   0.0713883463   0.0418260123   0.0598240854  -0.0860655756
11  8  -0.1652145737   0.0288756180   0.0057735899   0.0002987052   0.0050698539
11  9   0.0220256162  -0.0529069215   0.0386399407   0.0001796826  -0.0000265734
12  1   0.1200935901   0.2137928439   0.2515635333   0.0773725799  -0.0798632147
12  2  -0.0287249201  -0.0179000621   0.1887277350  -0.1046862714  -0.0949478722
12  3  -0.0054138053  -0.0119162739   0.0777333281   0.1817226579  -0.1263679320
12  4   0.0240474140   0.1288504016  -0.0984249739   0.1165857075   0.0537103812
12  5  -0.0458181869   0.1084192228   0.0351032869  -0.0517694895   0.0835634681
12  6  -0.0923903927  -0.0168432763   0.0467268913   0.0079593110  -0.0164687190
12  7   0.0499531067   0.0343624436   0.0299692694   0.0239025834  -0.0553059040
12  8  -0.0978906510   0.0303965481   0.0042018084   0.0002441088   0.0025590359
12  9   0.0112706538  -0.0266201114   0.0195048288  -0.0000928699  -0.0000574757
13  1  -0.0062765263  -0.1051977534   0.1534466740   0.0951300590   0.1155081451
13  2   0.0660193213   0.0004189131  -0.0121090835  -0.0084448291   0.0195210617
13  3  -0.0003664488  -0.1204752426   0.0050028090   0.0003182103  -0.0181661881
13  4  -0.0100679093   0.2016544382  -0.0007840889  -0.0641543001   0.0194441611
13  5   0.0006405676   0.1245227036   0.0090220491   0.0168715362   0.0006925674
13  6  -0.1290289720   0.0025670037  -0.3720336519  -0.0041786729  -0.0184134350
13  7  -0.0127344877  -0.0129247578   0.0003438920  -0.0050369669   0.1409312588
13  8   0.0116493669  -0.1062188128  -0.0105447377  -0.0016482688   0.0004108666
13  9  -0.0008352696   0.0006911433  -0.0035945035   0.0002204393   0.0000064401
14  1   0.0025805620   0.0607836243   0.0134569901  -0.0821599092   0.2477140129
14  2  -0.0865170024  -0.0079790224  -0.0894033330  -0.1917995556   0.1780283168
14  3  -0.0093895431   0.0068015154   0.1064290922  -0.0260060476  -0.1112328921
14  4   0.0163193179   0.0287332511  -0.1021750871   0.0919531896   0.0113179793
14  5   0.0002579693  -0.0105188150  -0.0326509691  -0.0383492564  -0.0013794485
14  6   0.0048090630   0.0524829697   0.0156791141  -0.0245233429   0.0027324750
14  7  -0.2692032349   0.0225914420   0.0031932333  -0.1193434028  -0.0070933283
14  8   0.2541780989   0.0073339013   0.0005814742   0.0005438895   0.0002248458
14  9   0.0001704451   0.0027536956   0.0006435540  -0.0000119596   0.0000728403
15  1  -0.0399585443   0.0938577066   0.2314608308  -0.0783711380  -0.0886058575
15  2   0.0052978599  -0.0123725760   0.1611027115  -0.1222946011  -0.3048796883
15  3  -0.0074275961  -0.0025528907   0.0560454850  -0.0148445716   0.2006194387
15  4  -0.0279079350  -0.0664790046  -0.0502891631  -0.1641151796  -0.0216229068
15  5  -0.0012318755   0.0080270011   0.0563405497   0.0635743244   0.0002821478
15  6   0.0003752901   0.0304471996   0.0016028761  -0.0141267054  -0.0019613006
15  7  -0.1512816660   0.0135015741   0.0015884502  -0.0665694089   0.0027240959
15  8   0.1419057580   0.0000025589   0.0002027683  -0.0009323475   0.0001634431
15  9   0.0000045956   0.0015608649   0.0001770084   0.0000107178   0.0000410206
16  1  -0.0092598679  -0.1050978202   0.1516408956   0.1036927014   0.1207933627
16  2   0.0505770071   0.0005689473   0.0213423266   0.0065722338  -0.0261893137
16  3  -0.0000119076  -0.4302522908  -0.0007627659   0.0047658018   0.0019682327
16  4   0.0166495487  -0.1312873248  -0.0034838874   0.0419238943  -0.0103163857
16  5  -0.0003419185  -0.0182949176  -0.0164460908  -0.0197276976  -0.0002789738
16  6   0.0122203680  -0.0004190451   0.0396377575   0.0004943117   0.0023232778
16  7   0.0006811727   0.0031404260  -0.0001941887   0.0003853604  -0.0043892099
16  8  -0.0003236736  -0.0013304746  -0.0002014234  -0.0063945251  -0.0000169560
16  9   0.0000303668  -0.0000259892   0.0001583810  -0.0000178557  -0.0000002093
17  1   0.0087754146   0.0236615021   0.0564599801  -0.0723670574   0.2824060721
17  2  -0.2691233793   0.0370714524   0.0937789335   0.1796666006  -0.0343582907
17  3   0.0033946157   0.0299784140  -0.0366860187   0.0037010479  -0.0010104764
17  4   0.0002410557   0.0101812060  -0.0223686145  -0.0019298646   0.0027021361
17  5  -0.0003475549   0.0007581054   0.0087914753   0.0118197957   0.0007023807
17  6   0.0001121553  -0.0021175973  -0.0005586626   0.0012481811  -0.0003346610
17  7   0.0031136299  -0.0002235606  -0.0017422030   0.0037395765  -0.0000276250
17  8  -0.0017563548   0.0005431080   0.0000759693  -0.0126361445  -0.0000287763
17  9  -0.0000202703   0.0000277704  -0.0000061032  -0.0000108891   0.0000037008
18  1   0.0228204338   0.0410187004   0.3234106036  -0.2206594785  -0.1370584781
18  2   0.0352041249   0.0242670427  -0.1592505615   0.1010035785   0.0449768977
18  3   0.0018980322  -0.0180526989  -0.0191717699   0.0029736886   0.0027473438
18  4  -0.0015221870  -0.0091654545  -0.0120494700  -0.0030404804  -0.0060367796
18  5  -0.0004958277   0.0004287815  -0.0179074084  -0.0231664024   0.0000028814
18  6  -0.0016751380  -0.0016310360  -0.0029540865   0.0007932803   0.0002845511
18  7   0.0024335965  -0.0007550959  -0.0009802978   0.0023507308   0.0004854569
18  8  -0.0012965117  -0.0012572290  -0.0001721471   0.0283274179  -0.0000192492
18  9  -0.0000008580   0.0000114910  -0.0000021570   0.0000160887   0.0000028285
19  1  -0.0120044889  -0.0564498048   0.1037974958   0.1437151216   0.1087655943
19  2   0.1651459117   0.0060477685  -0.0124422313   0.0510363473   0.0072459673
19  3   0.0024245428   0.0909754257  -0.0806850455   0.0280588184   0.0056047200
19  4  -0.0266151214   0.1421044183  -0.3035473366  -0.0649909742  -0.0136680817
19  5  -0.0016206388  -0.1442166821  -0.0068125601  -0.0010073723   0.0065186526
19  6   0.0378994344  -0.0463087666  -0.0287206983   0.0527742003  -0.0385101801
19  7  -0.0750122975  -0.0740954936  -0.1137145239   0.1348989348  -0.1297685736
19  8   0.1086510969   0.2168413283   0.0234015647   0.0007762200   0.0108529674
19  9  -0.0041619109  -0.0269116336  -0.0353237442  -0.0002487766   0.0001052906
20  1   0.1065109209   0.1299515568   0.0312539198  -0.0312706466   0.2283514121
20  2  -0.0318627847  -0.0101121087  -0.1058461702  -0.1824283692   0.0610013992
20  3  -0.0076989873   0.0612457934   0.0955792790   0.0875681189   0.0713419344
20  4  -0.0112780126  -0.1389872952  -0.1651647604  -0.0404634683  -0.0359077416
20  5  -0.0293213834  -0.2060733369  -0.0137139832   0.0318299762   0.0488847608
20  6   0.1663807629  -0.0293638154  -0.0861303464   0.0107363519   0.0310363079
20  7   0.0821579488  -0.0750140375   0.0561627148   0.0430673139   0.1010375640
20  8  -0.1796518422  -0.0588190139  -0.0085074057  -0.0004736832   0.0183921969
20  9  -0.0074696866  -0.0356507621  -0.0485846808   0.0000024507  -0.0000669827
21  1  -0.2445295140   0.0181576507   0.1404595321  -0.1194383186  -0.0594750445
21  2   0.0151836137  -0.0057428268   0.1903969421  -0.0979958551  -0.0924560030
21  3  -0.0013805340   0.0549366537  -0.0064841148  -0.2009626015  -0.1226098327
21  4   0.0253145088   0.0281936307  -0.1165966364   0.1559252533   0.0263499188
21  5   0.0486751085  -0.1364797444   0.0359052273  -0.0431525372  -0.0864749996
21  6   0.0898444221  -0.0203988718  -0.0531004911   0.0095065997   0.0155592897
21  7   0.0427396837  -0.0464300620   0.0248449335   0.0327427425   0.0487365184
21  8  -0.0943090672  -0.0191336783  -0.0037904769  -0.0000752039   0.0109324009
21  9  -0.0043855173  -0.0215543959  -0.0292748712  -0.0001972814   0.0000037248
22  1  -0.0106779212  -0.0554105634   0.1035697549   0.1406250840   0.1060385245
22  2   0.1748864865   0.0031770196  -0.0091016509   0.0832493741  -0.0117535901
22  3   0.0068902400   0.1522861286  -0.0717151548   0.0022026358  -0.0007448274
22  4  -0.0162731419   0.1260238462  -0.2761403320  -0.0426895520  -0.0117417626
22  5  -0.0060149879  -0.0529169712  -0.0030657480  -0.0081476364  -0.0040925841
22  6   0.0426112714   0.0230563936   0.0967551050  -0.0640892190   0.0481466570
22  7   0.1234093850   0.0884529960   0.0455395047  -0.1923067339  -0.0524167717
22  8   0.0772983294  -0.2594107879  -0.0327609863  -0.0004102075   0.0349836566
22  9  -0.0099743966   0.0085120728   0.0127696978   0.0007185656   0.0000015218
23  1   0.1088467519   0.1622640089   0.0003760288  -0.0351677690   0.2011843849
23  2   0.1079714415  -0.0182268509  -0.0728094310  -0.0906363922  -0.1050075620
23  3   0.0192014303   0.0688113805  -0.1407537149  -0.0773125150  -0.0044971817
23  4   0.0307572852  -0.0835620701   0.1804685963   0.1072045497  -0.0615121103
23  5  -0.0454997456  -0.1752972536   0.0259340942   0.0038834792  -0.0274499938
23  6  -0.2198064357  -0.0749201371  -0.0588519373  -0.0029280581   0.0112048913
23  7   0.0727644644   0.0231498991   0.0059737047   0.0028799637  -0.0749512429
23  8   0.1812362651  -0.0437238505  -0.0041567647  -0.0001499484  -0.0617325528
23  9   0.0190293433  -0.0113060129  -0.0186100422   0.0003121108   0.0003582729
24  1  -0.2904259185   0.0601425059   0.0704129772  -0.0085822057  -0.0223094722
24  2  -0.0081331807   0.0244324686   0.1307822845  -0.0443410721   0.2023206651
24  3  -0.0200556411   0.0387869210  -0.0323595953   0.1972436752   0.0181061785
24  4  -0.0221981587  -0.1260214044   0.0882566919  -0.0841480209   0.0802192604
24  5   0.0847634307  -0.1279441936  -0.0386125774   0.0190371818   0.0552892833
24  6  -0.1161198093  -0.0368201234  -0.0256974342  -0.0052020185   0.0085841025
24  7   0.0503427466   0.0212865116   0.0077127692  -0.0108452536  -0.0441207823
24  8   0.1058123677  -0.0399620582  -0.0052642306  -0.0001815592  -0.0322961256
24  9   0.0099966950  -0.0057888066  -0.0095934615   0.0001261464   0.0003440686
25  1  -0.0034754358  -0.1305059699   0.1791237658   0.0703981550   0.1193165422
25  2   0.0136472017  -0.0003584302  -0.0412325603  -0.1826784802  -0.0526305534
25  3   0.0604072136   0.3538417231  -0.2986109701   0.0648271622  -0.0844391591
25  4  -0.1932957804  -0.3373446467  -0.0719254384   0.1082247117   0.0330720703
25  5  -0.0096739769   0.3002034004   0.0060411533   0.0004783260  -0.0084808238
25  6  -0.0110845650   0.5497618715  -0.0277707693   0.2747279379   0.0240818555
25  7   0.1370397846  -0.3282643598   0.2405747425   0.2246629118  -0.0955003383
25  8   0.2926585126  -0.3132052452   0.5236103645  -0.0002258768  -0.0003908842
25  9   0.0044429314   0.0005884916  -0.0019451233   0.3491405209   0.3576049268
26  1  -0.0193795452   0.1547887635  -0.1007597613  -0.1107141698   0.1574029979
26  2   0.3914147788   0.0044266422   0.2116707720   0.3119066465   0.1347936684
26  3   0.0977476599  -0.0227069548   0.3895155087  -0.0492822965   0.1201126636
26  4   0.2360090489   0.1063305302   0.1103954839  -0.0333778138  -0.0155638436
26  5  -0.0089824316  -0.0532667367  -0.0027706191  -0.0021311879   0.0010323573
26  6   0.0137110718  -0.2457502500   0.0063503252  -0.1125627274  -0.0115058507
26  7  -0.0720348144   0.0851005299  -0.1049167388  -0.0812097929   0.0296387121
26  8  -0.1164106924   0.1652719532  -0.2951636314  -0.0003625365   0.0012765266
26  9  -0.0022012588   0.0001501370   0.0000430172   0.6016381646   0.6013177764
27  1  -0.0418770464   0.3168322340   0.0423465197   0.3767026579   0.0278555182
27  2  -0.0914699097  -0.0066880946  -0.3769509794   0.1661316334  -0.2727627633
27  3  -0.6861763395   0.0004350100  -0.0106168006  -0.1572459950  -0.2421625624
27  4  -0.6201262836  -0.2163436565   0.0526938318   0.1543619804  -0.0078562054
27  5   0.0515556143   0.0968347213   0.0118305323   0.0152369649   0.0067253603
27  6  -0.0455342571   0.0295978630  -0.0186562674   0.0195443516   0.0077751467
27  7   0.0189302867  -0.0217030443   0.0195684354   0.0164172786  -0.0074710828
27  8   0.0253972614   0.1365717162  -0.3573434509   0.0003828088   0.0000715639
27  9  -0.0015762994  -0.0003155871   0.0004709128   0.1149978428   0.0920199324
28  1  -0.0121781419  -0.0633397419   0.1102509984   0.1396484267   0.1114718994
28  2   0.1459588263   0.0029485106  -0.0420899256   0.2062183830  -0.0725009447
28  3  -0.0783123383   0.3518136655   0.3255168754  -0.0835626448  -0.0850797765
28  4  -0.1861293683  -0.3345444118   0.0661620349   0.1094345523   0.0347695181
28  5   0.0151187481   0.3005588983   0.0104001507   0.0055449199   0.0084335723
28  6  -0.0039612682  -0.5629238792  -0.0183109756  -0.2827813877   0.0181601872
28  7  -0.1876009792  -0.3077159587  -0.2438219556  -0.2320729087  -0.0983165058
28  8  -0.2946528505  -0.3307353881   0.5577512355  -0.0002316082  -0.0036720351
28  9   0.0030470058   0.0000793696  -0.0020418224   0.3005255088  -0.3081948093
29  1   0.1224646413   0.2274664741  -0.0543805722  -0.0377003939   0.1498562290
29  2   0.3681167673  -0.0177269783   0.2110420973   0.3062954365   0.1589468285
29  3  -0.5296034589  -0.0233925021   0.1718410543  -0.1507401317   0.1403896314
29  4   0.4100899367   0.1508287237   0.1137267755  -0.1151157598   0.0075982327
29  5   0.0398860346  -0.0753308671  -0.0074344080  -0.0106411408   0.0051600308
29  6   0.0332728623  -0.0652387968   0.0148581724  -0.0230410461  -0.0029492368
29  7  -0.0124751736  -0.0006788031  -0.0210347867  -0.0118253197  -0.0025438400
29  8  -0.0174760934  -0.1801694765   0.4203706573  -0.0001161473  -0.0012772005
29  9   0.0018162669   0.0000103696  -0.0002447160  -0.4394186595   0.4179569228
30  1  -0.2959558582   0.1805452005  -0.0351044518   0.2396343175   0.0420815494
30  2  -0.0608891691   0.0310412049  -0.3775119683   0.1433634050  -0.2945601008
30  3   0.4509589650   0.0115484153   0.3250356095   0.0390757776  -0.2189006787
30  4  -0.5128833804  -0.1891162435   0.0463715091   0.1076859370   0.0133820674
30  5  -0.0343570018   0.0843630538   0.0095017797   0.0116665509  -0.0023104704
30  6  -0.0330371443  -0.2000012568  -0.0110052795  -0.0946778925   0.0109425768
30  7  -0.0747559110  -0.0599978709  -0.0887727064  -0.0693370881  -0.0256988687
30  8  -0.0989351654  -0.0556957021   0.0404387694   0.0004998854   0.0000047075
30  9   0.0013214001   0.0002710680   0.0004000028  -0.4652352016   0.4747450134
31  1   0.0071205612  -0.1893068912   0.2411258816   0.0012938105   0.1208751704
31  2  -0.0865105856  -0.0062346559  -0.0064522731  -0.1594829776  -0.0111900406
31  3  -0.0151472417   0.0340794584   0.1933996020  -0.0229340314   0.0143036272
31  4  -0.0281866294   0.3289076509   0.2027126062  -0.0891977195   0.0357182791
31  5  -0.0297598379   0.0287675461  -0.0238645966   0.0040245123  -0.0134509457
31  6  -0.2301831866  -0.1290320851   0.3473846197   0.4586055906   0.4389970663
31  7   0.2924770016  -0.3335640915  -0.2874630870  -0.4029132117   0.3993154569
31  8   0.2599869008   0.2828612898   0.0224644920   0.0002109604   0.1524757050
31  9   0.4687253911   0.1355015723  -0.1140279275  -0.0007043054  -0.0016401250
32  1  -0.1731982104   0.0298096565  -0.1041078828  -0.1823257122   0.2057099271
32  2   0.2086397056   0.0265420365  -0.0505733081  -0.0561326497  -0.1733127483
32  3  -0.0424379362  -0.0056255708  -0.1799854776   0.2298131373   0.1591680336
32  4  -0.0208102319   0.1123112183   0.1922301811   0.2689205219   0.2815278356
32  5  -0.2711867381   0.1182098410  -0.1814972685   0.0847660868  -0.1648779402
32  6   0.3898357254  -0.0278735314  -0.0825090187  -0.2334540018  -0.2391108594
32  7  -0.1394822716   0.2173137591   0.1444477794   0.3329834832  -0.1552576759
32  8   0.0217644415  -0.2275712410  -0.0267200728  -0.0000716237   0.2110626773
32  9   0.6545553533   0.1838762320  -0.1558292753  -0.0001044536  -0.0001593732
33  1   0.2007720223   0.3494039931   0.1984438971   0.3089068333  -0.0364187159
33  2  -0.0784187008  -0.0475478336   0.0908662878  -0.0057363754   0.3194429153
33  3   0.0971585427  -0.0261632010  -0.1426369226  -0.3170848743  -0.2942654654
33  4   0.0153084411  -0.1944540908   0.1481833683  -0.4697794875  -0.4932257420
33  5   0.5007264794   0.1744671601   0.3279014462  -0.1760841373   0.2971227724
33  6   0.1937839278  -0.0056470633  -0.0318507156  -0.1008675872  -0.1080124998
33  7  -0.0548881567   0.0946660706   0.0671227611   0.1590630717  -0.0636224218
33  8   0.0278973714  -0.1087714109  -0.0129568142  -0.0002332941   0.1248339839
33  9   0.3869330981   0.1088962136  -0.0922444661   0.0017417391   0.0005718293
34  1   0.0045106198  -0.1905227264   0.2407856602   0.0079219573   0.1259522160
34  2  -0.1034764900  -0.0149602660  -0.0144791956  -0.1417878206   0.0169136805
34  3  -0.0126835333   0.2277904639   0.2149980136  -0.0735428450   0.0231659789
34  4  -0.0310626550   0.0796202931   0.1958964696  -0.0089387782  -0.0087823752
34  5  -0.0234784822  -0.3945402253   0.0096036071  -0.0322874574   0.0272203228
34  6  -0.2129043103   0.3003534668   0.3833996836  -0.3229991752  -0.4333136203
34  7   0.3854514334  -0.4145381600  -0.4730760837   0.1291068267   0.4511321094
34  8   0.3210222876  -0.1830837200  -0.0252783974  -0.0011853946   0.0343067250
34  9   0.1454015295  -0.3480303602   0.2502106646   0.0001109802   0.0001947755
35  1  -0.1749836316  -0.0261944178  -0.0486711020  -0.1742162726   0.2536832832
35  2  -0.0393185273  -0.0154902747  -0.1176323234  -0.1995766095   0.0704661499
35  3  -0.0167102312  -0.0405493853   0.0695480003  -0.2369844033   0.2135240831
35  4  -0.0386026610   0.0509091618  -0.2444193922   0.0024132244   0.2050245253
35  5  -0.1568395633   0.0776775030   0.1866081844  -0.2182617066   0.2762124362
35  6  -0.2759406543   0.0697695954   0.2756665984  -0.0932711662  -0.1938873088
35  7   0.2236672987  -0.0617928231  -0.2120444923   0.1888168716   0.1544475394
35  8   0.0141801588  -0.1488224204  -0.0168567332  -0.0004692373  -0.0613479116
35  9  -0.2593725981   0.6055178796  -0.4363211251  -0.0006912035   0.0000188951
36  1   0.2811438262   0.2745523436   0.3222254267   0.1120731387  -0.1021920865
36  2  -0.0370115968  -0.0046077010   0.2122822524  -0.1400631186  -0.1049625532
36  3   0.0061356069   0.0551699381   0.1670107992   0.3683453782  -0.4041744817
36  4   0.0696809296   0.0334928908  -0.1187482296  -0.0633447905  -0.3587656895
36  5   0.2900468831   0.1288156448  -0.3558276250   0.3956850608  -0.5144815701
36  6  -0.1400115681   0.0512553778   0.1877802552  -0.0665494809  -0.1290557480
36  7   0.1432579955  -0.0579702239  -0.1431333407   0.1106208021   0.1107389216
36  8   0.0285001704  -0.0920146073  -0.0081021184   0.0008984659  -0.0309091579
36  9  -0.1308848085   0.3050617074  -0.2198481879  -0.0001794601   0.0000096905
37  1   0.0202204990  -0.1350570326   0.1970402302  -0.0001001773   0.0786443538
37  2   0.1263368526  -0.0350657194  -0.3003457917   0.0675209851   0.3943186977
37  3   0.0037332609  -0.3473728692  -0.0128538303   0.0216711662  -0.2248899304
37  4   0.0672168137   0.0522661156  -0.0175585185   0.2724380907   0.2858790018
37  5   0.0166601146  -0.0840535607   0.6260095428   0.7123875689   0.0041643310
37  6   0.0832791358   0.0122167681   0.1934290316  -0.0017350139  -0.0056038160
37  7  -0.0185253968   0.0243154326   0.0005558557  -0.0077577122  -0.0253037966
37  8   0.0084387091   0.0309316918   0.0045773969   0.2134995658  -0.0000440818
37  9   0.0002299456  -0.0003032308   0.0014624275   0.0002545417   0.0000001778
38  1  -0.2034486005  -0.0943285772  -0.0035237436  -0.1800924045   0.3017377768
38  2  -0.2759552803  -0.9065620799  -0.0005855594   0.3830487854  -0.0799036390
38  3   0.0080071654   0.0322772573  -0.0500460218   0.1846728968   0.0351197117
38  4  -0.0133285960  -0.0055097908  -0.0347491708  -0.0365279901  -0.0369262916
38  5   0.0205971600   0.0109820149  -0.0765867964  -0.0863838183  -0.0196581447
38  6  -0.0081715377  -0.0059889019  -0.0263171895   0.0074365206   0.0021979321
38  7  -0.0031886264  -0.0016648965  -0.0056811753   0.0089262225   0.0043553709
38  8  -0.0088768852  -0.0073381456  -0.0009984917   0.3972888413  -0.0000353578
38  9   0.0001133000  -0.0004024828   0.0001479313   0.0001765957  -0.0000060886
39  1  -0.0641234553  -0.0191736563   0.3083166231  -0.2951654143  -0.1392317844
39  2   0.0515386608  -0.4044458726  -0.2818105317   0.2067131594   0.1293356773
39  3   0.0049106160  -0.0009501150  -0.0281103864   0.0873024020  -0.0398010320
39  4   0.0040842174   0.0268418666  -0.0211036815   0.0408965958   0.0462448762
39  5   0.0129679591  -0.0116840202   0.0952690952   0.1072655319  -0.0081961185
39  6   0.0144241719  -0.0005019450   0.0304414422   0.0030478273  -0.0008662993
39  7  -0.0043584044   0.0050470570  -0.0020367753   0.0024174808  -0.0084043082
39  8  -0.0022838288   0.0165039257   0.0021764040  -0.8919444588   0.0000137453
39  9  -0.0001696560  -0.0000306615  -0.0003025450  -0.0003077221  -0.0000096490
40  1  -0.0174781567  -0.0190078388   0.0650473574   0.1840912077   0.1055023271
40  2   0.2356267768   0.0128120725  -0.0129884875   0.1220851213   0.0081476644
40  3   0.0117721391   0.2304421989  -0.2023166396   0.0650750889   0.0235556632
40  4  -0.0315234456   0.0743660172  -0.2166550822  -0.0194604130  -0.0161544235
40  5   0.0213163912  -0.4024898489   0.0076759915  -0.0310312968  -0.0268759280
40  6  -0.1796121535  -0.2936110881   0.3367628810   0.3254602189  -0.3990391762
40  7  -0.4280619749  -0.3386377954   0.4568736185  -0.1076546500   0.4349760071
40  8  -0.3228445576  -0.1717643926  -0.0239530345  -0.0009215460  -0.1528376026
40  9   0.0605017592   0.2998306892   0.4010196687   0.0001764749  -0.0002075141
41  1   0.1858649663   0.1586137036   0.0694003943   0.0115427319   0.2345561043
41  2  -0.0989596355  -0.0019995750  -0.1156984974  -0.2296037924   0.0657652787
41  3  -0.0053266399  -0.0240002197   0.1931932440   0.1810630260   0.2234346000
41  4  -0.0358078130  -0.0563299376  -0.2219414846   0.0428954160   0.1711580351
41  5   0.1787778430  -0.1246540065   0.1964695050  -0.1991175417  -0.3054845792
41  6   0.2734826670   0.1033103318  -0.3245418707  -0.1410520220   0.2373938208
41  7   0.2901955955   0.0625394309  -0.2688934989   0.2015826964  -0.2101054326
41  8   0.0552541813   0.1690357644   0.0174783300  -0.0004126843  -0.2147632420
41  9   0.0849458534   0.4107813071   0.5505208225   0.0005082361   0.0000143728
42  1  -0.3695045005  -0.0745725467   0.1239883629  -0.2391761284  -0.0658238393
42  2   0.0413516133  -0.0278340489   0.2073961795  -0.1094392313  -0.1016987091
42  3  -0.0166898746   0.0206641189  -0.0209069373  -0.4004663549  -0.3959037386
42  4   0.0728071198  -0.0275495159  -0.1296504806  -0.0376074568  -0.3149371484
42  5  -0.3239720412   0.0233096597  -0.3296489705   0.3774713204   0.5417341932
42  6   0.1741602068   0.0471640480  -0.1425508852  -0.0609307708   0.1089189366
42  7   0.1321305561   0.0160711056  -0.1260835311   0.1058837054  -0.0934340420
42  8   0.0121318312   0.0854266086   0.0110650185   0.0008524363  -0.1293361605
42  9   0.0511096933   0.2477600925   0.3320947190   0.0004888041   0.0000081422
43  1  -0.0151321707  -0.0172333385   0.0647048680   0.1785846452   0.1007016444
43  2   0.2526845869   0.0083127722  -0.0069948892   0.1542659616  -0.0201333605
43  3   0.0156117520   0.0340908788  -0.2125645435   0.0256534371   0.0149632821
43  4  -0.0278127964   0.3286208918  -0.1691008905  -0.0986069013   0.0275299491
43  5   0.0349189473   0.0144718553  -0.0318121571  -0.0033690242   0.0180244022
43  6  -0.2730656463   0.1245754478   0.3730744126  -0.4831570053   0.4545944801
43  7  -0.3466495959  -0.2940894087   0.2964175796   0.4354043055   0.4022159019
43  8  -0.2620697719   0.2953483312   0.0233035715   0.0002561386  -0.4089845836
43  9   0.1235365269  -0.0769093423  -0.1228220110  -0.0007753241   0.0016309344
44  1   0.1899362899   0.2158266733   0.0146727535   0.0046037816   0.1864284046
44  2   0.1487928066  -0.0247671022  -0.0585595437  -0.0594130541  -0.1704940317
44  3   0.0565670166   0.0097461996  -0.2049395261  -0.1515673459   0.1668294059
44  4  -0.0009141562   0.0828782295   0.2146816936   0.2767141633   0.2243150127
44  5   0.3095718375  -0.2092372945  -0.1745656674   0.0959092529   0.1767908516
44  6  -0.3495974918  -0.0311196236   0.0514540455  -0.1767120877   0.1826129326
44  7  -0.1188403531  -0.1509957821   0.1111814477   0.2809205488   0.1023101521
44  8   0.0518395745   0.1877415482   0.0224890294   0.0001882107   0.7145083973
44  9  -0.2179659645   0.1298903506   0.2094157433  -0.0012144038   0.0001618154
45  1  -0.4504603944   0.0000000000   0.0000000000  -0.0425878945   0.0000000000
45  2   0.0000000000   0.0424439788   0.1058812088  -0.0255134126   0.3182568915
45  3  -0.0839154868   0.0148022089  -0.0625403593   0.3647508520  -0.2933915014
45  4   0.0249438407  -0.2182203598   0.1396330417  -0.4715950956  -0.4246271162
45  5  -0.5495595965  -0.0129001264   0.3138776497  -0.1508062395  -0.3107774708
45  6  -0.2268844200  -0.0276138194   0.0459708013  -0.1297879506   0.1277205902
45  7  -0.0914105014  -0.1071181932   0.0755249337   0.1827406276   0.0791458334
45  8   0.0129768248   0.1224940318   0.0146797148  -0.0001556368   0.3733415831
45  9  -0.1139454861   0.0677229562   0.1092665426   0.0011399208  -0.0005778957
$end
