$hessian (projected)
 1  1   0.7280807233   0.0554312086   0.0069675498  -0.3463862074  -0.0851792366
 1  2  -0.0268185613   0.0004347742  -0.0455024435  -0.0176932611  -0.0361766869
 1  3   0.0063794243   0.0033014902   0.0075941447   0.0010795106   0.0002406542
 1  4   0.0287698235   0.0274720623   0.0103011856  -0.1864883715   0.0620507279
 1  5   0.0274520151  -0.0752002915   0.0179612384   0.0091653094   0.0040789400
 1  6  -0.0061770126  -0.0024857536  -0.0676982998   0.0052155728   0.0038672068
 1  7  -0.0617436427  -0.0438759252  -0.0162989612   0.0033499515   0.0020740860
 1  8   0.0007878807   0.0013851425   0.0030707870   0.0012132454
 2  1   0.0554312086   0.6559157061   0.2312238983  -0.1146583759  -0.1583269521
 2  2  -0.0418476230  -0.0407183094  -0.0188749175  -0.0094304154  -0.0012621733
 2  3   0.0030332164   0.0010499054  -0.0007418634  -0.0034442109  -0.0011812511
 2  4   0.0232181565  -0.0311307852  -0.0160291046   0.0830024417  -0.1689834728
 2  5  -0.0487443059  -0.0015276816   0.0221019908   0.0018255257  -0.0005986725
 2  6  -0.0066573110  -0.0029278992   0.0345306469   0.0170056229   0.0019200268
 2  7  -0.0425115160  -0.3035776015  -0.1112509946   0.0007969871  -0.0047652198
 2  8  -0.0027731261   0.0050391515  -0.0022960654  -0.0018346362
 3  1   0.0069675498   0.2312238983   0.1542833361  -0.0384413229  -0.0425272309
 3  2  -0.0608270510  -0.0158189324  -0.0093264047   0.0040094109   0.0003061515
 3  3   0.0008555214   0.0007704903  -0.0004595567  -0.0012008338  -0.0008856327
 3  4   0.0086401383  -0.0160858359   0.0018966715   0.0356737131  -0.0482795917
 3  5  -0.0692751568   0.0014961149   0.0013832736   0.0180831508  -0.0003004502
 3  6  -0.0027890854  -0.0002416043   0.0153536705   0.0026077990   0.0108342633
 3  7  -0.0156899542  -0.1112606604  -0.0610942923   0.0002873974  -0.0028044613
 3  8   0.0011406411   0.0019854810  -0.0017963883   0.0013057731
 4  1  -0.3463862074  -0.1146583759  -0.0384413229   0.8482874292   0.0227612280
 4  2  -0.0067776732  -0.1634927621  -0.0140301970  -0.0026001111   0.0560793477
 4  3   0.0179613014   0.0057003963  -0.0126672240   0.0017765767   0.0010491473
 4  4  -0.0224285312  -0.0159412264  -0.0057503475  -0.0618631004   0.0307551633
 4  5   0.0131625325   0.0167921115  -0.0000469504  -0.0002095184  -0.0008792511
 4  6  -0.0036232924  -0.0014046554  -0.2748923859   0.0797148726   0.0365194036
 4  7   0.0004981781  -0.0004630299  -0.0002215422  -0.0006128448  -0.0335635077
 4  8  -0.0133438704  -0.0384347597   0.0293574378   0.0123175614
 5  1  -0.0851792366  -0.1583269521  -0.0425272309   0.0227612280   0.6115688444
 5  2   0.1890429734  -0.0649738926  -0.2579341302  -0.0884971924   0.0517103358
 5  3  -0.0396323515  -0.0137869481  -0.0073760687   0.0047629892   0.0004641373
 5  4  -0.0180520279  -0.0181934846  -0.0075861893   0.0037701694   0.0446090029
 5  5   0.0232813183   0.0112415456  -0.0054410918  -0.0056734027  -0.0048300246
 5  6   0.0004659492  -0.0000297922   0.1394150793  -0.1782544636  -0.0603710033
 5  7  -0.0281201179  -0.0059510974  -0.0010548709  -0.0022038127  -0.0065463813
 5  8   0.0004024978  -0.0181631771   0.0088731668   0.0063357030
 6  1  -0.0268185613  -0.0418476230  -0.0608270510  -0.0067776732   0.1890429734
 6  2   0.2041348367  -0.0225986399  -0.0896906541  -0.0639505210   0.0188779950
 6  3  -0.0130743276  -0.0129010966  -0.0025307778   0.0002667860   0.0041730733
 6  4  -0.0065517809  -0.0075626353  -0.0008338910   0.0025682202   0.0226805716
 6  5  -0.0061636240   0.0042179376  -0.0054310150   0.0061237820  -0.0018703579
 6  6  -0.0000966966   0.0009009877   0.0601859310  -0.0591227485  -0.0576626887
 6  7  -0.0111320932  -0.0016643897  -0.0020912388  -0.0010204311   0.0011188891
 6  8  -0.0070177278  -0.0065497686   0.0053808697  -0.0038848407
 7  1   0.0004347742  -0.0407183094  -0.0158189324  -0.1634927621  -0.0649738926
 7  2  -0.0225986399   0.8166410332   0.0640810702   0.0081660323  -0.2200712887
 7  3   0.0622150047   0.0281875398   0.0220895399   0.0212427212   0.0082938021
 7  4  -0.0576879121   0.0141973843   0.0070219891   0.0010010412   0.0129131036
 7  5   0.0049964891  -0.0045255301  -0.0041927487  -0.0015537415  -0.0072412467
 7  6  -0.0027865112  -0.0008879872   0.0029850822   0.0493061828   0.0194387813
 7  7  -0.0056399842  -0.0007871290  -0.0000598475  -0.3909508822  -0.1123457108
 7  8  -0.0357546955   0.0064581357   0.0018488351   0.0005692103
 8  1  -0.0455024435  -0.0188749175  -0.0093264047  -0.0140301970  -0.2579341302
 8  2  -0.0896906541   0.0640810702   0.6391445501   0.2363303118   0.0261568499
 8  3  -0.1604602838  -0.0452443861   0.0444701127  -0.0639663332  -0.0333719761
 8  4   0.0250995218   0.0339785274   0.0095237699   0.0171016152  -0.0381639057
 8  5  -0.0146876976  -0.0070358674   0.0060580875   0.0028493968  -0.0030045771
 8  6   0.0012789957  -0.0002267301   0.0077608276  -0.0415729676  -0.0191178512
 8  7  -0.0009345119   0.0026414273  -0.0011811992  -0.1107081699  -0.1034538586
 8  8  -0.0372354245  -0.0034542306   0.0013248085   0.0013788451
 9  1  -0.0176932611  -0.0094304154   0.0040094109  -0.0026001111  -0.0884971924
 9  2  -0.0639505210   0.0081660323   0.2363303118   0.1275565111   0.0140779329
 9  3  -0.0460095195  -0.0653073536   0.0174232445  -0.0328761597   0.0050250319
 9  4   0.0112537090   0.0096848405   0.0121985807   0.0066589428  -0.0145921118
 9  5  -0.0075760835  -0.0026904234   0.0027858000   0.0003498684  -0.0009870329
 9  6  -0.0001921728   0.0018278517   0.0031420674  -0.0201251491  -0.0012027101
 9  7  -0.0001084903  -0.0011795361   0.0052306832  -0.0350988905  -0.0371906473
 9  8  -0.0166671215  -0.0015437195   0.0012919519  -0.0014941483
10  1  -0.0361766869  -0.0012621733   0.0003061515   0.0560793477   0.0517103358
10  2   0.0188779950  -0.2200712887   0.0261568499   0.0140779329   0.5928414198
10  3   0.0547234986   0.0126896721  -0.1199360193  -0.0864487227  -0.0331753614
10  4  -0.2221927312   0.0018026726   0.0047070363   0.0165002877  -0.0810607830
10  5  -0.0325253547   0.0063538788   0.0210343187   0.0082075514  -0.0346043099
10  6  -0.0037789365  -0.0008253743  -0.0112242025  -0.0107068746  -0.0038306757
10  7  -0.0022986776   0.0011498035   0.0004922333  -0.0236865099   0.0243495399
10  8   0.0100945726  -0.0015845082   0.0023304713   0.0009036210
11  1   0.0063794243   0.0030332164   0.0008555214   0.0179613014  -0.0396323515
11  2  -0.0130743276   0.0622150047  -0.1604602838  -0.0460095195   0.0547234986
11  3   0.8700971272   0.2691836640  -0.0850823280  -0.5650207393  -0.1893256659
11  4  -0.0641520426  -0.1179209999  -0.0288583565  -0.0333682303   0.0011312404
11  5   0.0068453690   0.0057075907  -0.0035078377  -0.0035954179   0.0479208169
11  6  -0.0083052672  -0.0036442253  -0.0041248916   0.0033447625   0.0001116165
11  7   0.0003142420   0.0000338101   0.0003310120  -0.0104360426   0.0187115205
11  8   0.0074465213   0.0019416566  -0.0015041979  -0.0002661914
12  1   0.0033014902   0.0010499054   0.0007704903   0.0057003963  -0.0137869481
12  2  -0.0129010966   0.0281875398  -0.0452443861  -0.0653073536   0.0126896721
12  3   0.2691836640   0.2892676238  -0.0326596920  -0.1892704067  -0.1535526720
12  4  -0.0214000770  -0.0303815582  -0.0524514005  -0.0137815534   0.0078963712
12  5  -0.0111218834   0.0022377601  -0.0039021958   0.0037330193   0.0196734515
12  6  -0.0024927997  -0.0031568416  -0.0013097469   0.0002460808   0.0033738992
12  7   0.0001619347   0.0003103118  -0.0006978875  -0.0035871722   0.0066725016
12  8   0.0031047331   0.0007859968  -0.0002805404  -0.0010606305
13  1   0.0075941447  -0.0007418634  -0.0004595567  -0.0126672240  -0.0073760687
13  2  -0.0025307778   0.0220895399   0.0444701127   0.0174232445  -0.1199360193
13  3  -0.0850823280  -0.0326596920   0.1215992527   0.1089605820   0.0411605899
13  4  -0.0209485193  -0.0654430607  -0.0248584360  -0.0060758245   0.0214734623
13  5   0.0086505162  -0.0027149535  -0.0076914361  -0.0029582965   0.0039863946
13  6  -0.0059847048  -0.0025320305   0.0028761964   0.0017581217   0.0006342337
13  7   0.0006395166  -0.0002096220  -0.0000918239   0.0034684888  -0.0037383865
13  8  -0.0016199106   0.0000890068  -0.0003948085  -0.0001580604
14  1   0.0010795106  -0.0034442109  -0.0012008338   0.0017765767   0.0047629892
14  2   0.0002667860   0.0212427212  -0.0639663332  -0.0328761597  -0.0864487227
14  3  -0.5650207393  -0.1892704067   0.1089605820   0.6738907438   0.2474287532
14  4  -0.0426741118  -0.0572729486  -0.0298474432   0.0049318190   0.0122499604
14  5   0.0027675067  -0.0057729393  -0.0036347239  -0.0011048250  -0.0033049026
14  6   0.0084476855   0.0050371947   0.0030504737  -0.0041034276  -0.0020079574
14  7   0.0000631171   0.0001339294   0.0000144790  -0.0014733804  -0.0024090753
14  8   0.0004966499  -0.0014307435   0.0003661506   0.0002962564
15  1   0.0002406542  -0.0011812511  -0.0008856327   0.0010491473   0.0004641373
15  2   0.0041730733   0.0082938021  -0.0333719761   0.0050250319  -0.0331753614
15  3  -0.1893256659  -0.1535526720   0.0411605899   0.2474287532   0.1362549390
15  4  -0.0159076072  -0.0293221249   0.0094741351   0.0021822566   0.0024459287
15  5   0.0058247392  -0.0022388732  -0.0010880933  -0.0008287109  -0.0014941309
15  6   0.0050801441  -0.0020601684   0.0011618298  -0.0019830039   0.0000465462
15  7   0.0000247820   0.0000275239   0.0000893951  -0.0007308494   0.0005528518
15  8  -0.0033657719  -0.0005662398   0.0002727761  -0.0001949040
16  1   0.0287698235   0.0232181565   0.0086401383  -0.0224285312  -0.0180520279
16  2  -0.0065517809  -0.0576879121   0.0250995218   0.0112537090  -0.2221927312
16  3  -0.0641520426  -0.0214000770  -0.0209485193  -0.0426741118  -0.0159076072
16  4   0.6595680975  -0.0060415258  -0.0167545540  -0.1035342611   0.0424771859
16  5   0.0183681922  -0.0550727069  -0.0699514802  -0.0257923279  -0.2085896969
16  6   0.1068994255   0.0469344555   0.0068654654   0.0006047214   0.0000350062
16  7  -0.0037613670   0.0021162667   0.0009324852  -0.0010963581   0.0014491128
16  8   0.0006277729   0.0001086976  -0.0009932022  -0.0003854123
17  1   0.0274720623  -0.0311307852  -0.0160858359  -0.0159412264  -0.0181934846
17  2  -0.0075626353   0.0141973843   0.0339785274   0.0096848405   0.0018026726
17  3  -0.1179209999  -0.0303815582  -0.0654430607  -0.0572729486  -0.0293221249
17  4  -0.0060415258   0.5218313368   0.1968562353  -0.0145613557  -0.1408194203
17  5  -0.0422897547  -0.0554621209  -0.0327922759  -0.0179870693   0.1024655728
17  6  -0.1519155398  -0.0601615634   0.0066927958  -0.0007600005   0.0000934197
17  7   0.0012596447  -0.0006307942  -0.0006699001   0.0036408825  -0.0036507091
17  8  -0.0019849911  -0.0000817255  -0.0007229062  -0.0001890626
18  1   0.0103011856  -0.0160291046   0.0018966715  -0.0057503475  -0.0075861893
18  2  -0.0008338910   0.0070219891   0.0095237699   0.0121985807   0.0047070363
18  3  -0.0288583565  -0.0524514005  -0.0248584360  -0.0298474432   0.0094741351
18  4  -0.0167545540   0.1968562353   0.0996718141  -0.0040758904  -0.0437387325
18  5  -0.0489669448  -0.0200818297  -0.0176821157   0.0098148311   0.0450167332
18  6  -0.0600998609  -0.0302158946   0.0024226869   0.0002719989  -0.0014206086
18  7   0.0005998508  -0.0006794520   0.0006835880   0.0014873191  -0.0019536714
18  8   0.0004212359  -0.0000357433  -0.0001770779  -0.0002721170
19  1  -0.1864883715   0.0830024417   0.0356737131  -0.0618631004   0.0037701694
19  2   0.0025682202   0.0010010412   0.0171016152   0.0066589428   0.0165002877
19  3  -0.0333682303  -0.0137815534  -0.0060758245   0.0049318190   0.0021822566
19  4  -0.1035342611  -0.0145613557  -0.0040758904   0.9378997228   0.0047906259
19  5  -0.0154926277  -0.5994490091  -0.1047855022  -0.0291757428  -0.0160475755
19  6   0.0508905442   0.0203223704   0.0114772652  -0.0072126376  -0.0030087542
19  7   0.0095891651  -0.0049429760  -0.0021695130  -0.0009291531  -0.0000218971
19  8  -0.0000277865  -0.0020801869   0.0004053836   0.0003263650
20  1   0.0620507279  -0.1689834728  -0.0482795917   0.0307551633   0.0446090029
20  2   0.0226805716   0.0129131036  -0.0381639057  -0.0145921118  -0.0810607830
20  3   0.0011312404   0.0078963712   0.0214734623   0.0122499604   0.0024459287
20  4   0.0424771859  -0.1408194203  -0.0437387325   0.0047906259   0.4414201433
20  5   0.1031719081  -0.0984927426  -0.1190377747  -0.0140855213   0.0013881158
20  6  -0.0217803688  -0.0081829044  -0.0209741102  -0.0002824479  -0.0018338661
20  7   0.0240313996  -0.0116928500  -0.0050225923   0.0015541620  -0.0011745770
20  8   0.0002230454  -0.0009063104   0.0025244702  -0.0006825049
21  1   0.0274520151  -0.0487443059  -0.0692751568   0.0131625325   0.0232813183
21  2  -0.0061636240   0.0049964891  -0.0146876976  -0.0075760835  -0.0325253547
21  3   0.0068453690  -0.0111218834   0.0086505162   0.0027675067   0.0058247392
21  4   0.0183681922  -0.0422897547  -0.0489669448  -0.0154926277   0.1031719081
21  5   0.2191021642  -0.0266948867  -0.0139203579  -0.0823133518   0.0008890932
21  6  -0.0094579030  -0.0045871236  -0.0083797333  -0.0021775190   0.0050651583
21  7   0.0091901850  -0.0043550334  -0.0022150046   0.0005891932   0.0002657199
21  8  -0.0017519722  -0.0002056140  -0.0006992503   0.0039790830
22  1  -0.0752002915  -0.0015276816   0.0014961149   0.0167921115   0.0112415456
22  2   0.0042179376  -0.0045255301  -0.0070358674  -0.0026904234   0.0063538788
22  3   0.0057075907   0.0022377601  -0.0027149535  -0.0057729393  -0.0022388732
22  4  -0.0550727069  -0.0554621209  -0.0200818297  -0.5994490091  -0.0984927426
22  5  -0.0266948867   0.7094335746   0.1532244962   0.0447914685   0.0107670883
22  6  -0.0031521504  -0.0015852046  -0.0088125180   0.0014888283   0.0007459079
22  7   0.0010194213  -0.0004993285  -0.0002696319   0.0008371378   0.0002686985
22  8   0.0000972027   0.0005717967   0.0000116714  -0.0000255421
23  1   0.0179612384   0.0221019908   0.0013832736  -0.0000469504  -0.0054410918
23  2  -0.0054310150  -0.0041927487   0.0060580875   0.0027858000   0.0210343187
23  3  -0.0035078377  -0.0039021958  -0.0076914361  -0.0036347239  -0.0010880933
23  4  -0.0699514802  -0.0327922759  -0.0176821157  -0.1047855022  -0.1190377747
23  5  -0.0139203579   0.1532244962   0.1303891832   0.0324922452  -0.0068829884
23  6   0.0037964372   0.0029976127   0.0032346996   0.0005942724   0.0007340869
23  7  -0.0021849159   0.0014090912   0.0015458789  -0.0000724277   0.0005032065
23  8   0.0000310719   0.0003536967  -0.0004385649   0.0000538085
24  1   0.0091653094   0.0018255257   0.0180831508  -0.0002095184  -0.0056734027
24  2   0.0061237820  -0.0015537415   0.0028493968   0.0003498684   0.0082075514
24  3  -0.0035954179   0.0037330193  -0.0029582965  -0.0011048250  -0.0008287109
24  4  -0.0257923279  -0.0179870693   0.0098148311  -0.0291757428  -0.0140855213
24  5  -0.0823133518   0.0447914685   0.0324922452   0.0503717829  -0.0030393192
24  6   0.0029219340  -0.0022256861   0.0014444634   0.0007645985  -0.0011973560
24  7  -0.0009458029   0.0015056026  -0.0017904080  -0.0000394108   0.0000210508
24  8   0.0004466755   0.0001053673   0.0000658828  -0.0005675973
25  1   0.0040789400  -0.0005986725  -0.0003004502  -0.0008792511  -0.0048300246
25  2  -0.0018703579  -0.0072412467  -0.0030045771  -0.0009870329  -0.0346043099
25  3   0.0479208169   0.0196734515   0.0039863946  -0.0033049026  -0.0014941309
25  4  -0.2085896969   0.1024655728   0.0450167332  -0.0160475755   0.0013881158
25  5   0.0008890932   0.0107670883  -0.0068829884  -0.0030393192   0.2506989043
25  6  -0.1367292859  -0.0594128725  -0.0013639772   0.0014535928   0.0005992629
25  7  -0.0005329960  -0.0000707763   0.0000146640  -0.0006954146   0.0023824254
25  8   0.0009932628   0.0004231407  -0.0001892963  -0.0000823040
26  1  -0.0061770126  -0.0066573110  -0.0027890854  -0.0036232924   0.0004659492
26  2  -0.0000966966  -0.0027865112   0.0012789957  -0.0001921728  -0.0037789365
26  3  -0.0083052672  -0.0024927997  -0.0059847048   0.0084476855   0.0050801441
26  4   0.1068994255  -0.1519155398  -0.0600998609   0.0508905442  -0.0217803688
26  5  -0.0094579030  -0.0031521504   0.0037964372   0.0029219340  -0.1367292859
26  6   0.1759482657   0.0687601201   0.0025148874  -0.0012339486  -0.0003700330
26  7   0.0025439422  -0.0004460158  -0.0006931693  -0.0003951243   0.0002965013
26  8  -0.0005903414  -0.0002217811   0.0001046168   0.0000198638
27  1  -0.0024857536  -0.0029278992  -0.0002416043  -0.0014046554  -0.0000297922
27  2   0.0009009877  -0.0008879872  -0.0002267301   0.0018278517  -0.0008253743
27  3  -0.0036442253  -0.0031568416  -0.0025320305   0.0050371947  -0.0020601684
27  4   0.0469344555  -0.0601615634  -0.0302158946   0.0203223704  -0.0081829044
27  5  -0.0045871236  -0.0015852046   0.0029976127  -0.0022256861  -0.0594128725
27  6   0.0687601201   0.0378076556   0.0010379411  -0.0003495984  -0.0006060481
27  7   0.0010402896  -0.0006416267   0.0009179996  -0.0001042886  -0.0006474942
27  8   0.0015606136  -0.0000968900   0.0000169064   0.0000782586
28  1  -0.0676982998   0.0345306469   0.0153536705  -0.2748923859   0.1394150793
28  2   0.0601859310   0.0029850822   0.0077608276   0.0031420674  -0.0112242025
28  3  -0.0041248916  -0.0013097469   0.0028761964   0.0030504737   0.0011618298
28  4   0.0068654654   0.0066927958   0.0024226869   0.0114772652  -0.0209741102
28  5  -0.0083797333  -0.0088125180   0.0032346996   0.0014444634  -0.0013639772
28  6   0.0025148874   0.0010379411   0.7107150144   0.0368709001   0.0008831911
28  7   0.0015759452   0.0012369733   0.0003835081   0.0018892936   0.0004868143
28  8   0.0000908067  -0.3743928789  -0.2106950962  -0.0764166158
29  1   0.0052155728   0.0170056229   0.0026077990   0.0797148726  -0.1782544636
29  2  -0.0591227485   0.0493061828  -0.0415729676  -0.0201251491  -0.0107068746
29  3   0.0033447625   0.0002460808   0.0017581217  -0.0041034276  -0.0019830039
29  4   0.0006047214  -0.0007600005   0.0002719989  -0.0072126376  -0.0002824479
29  5  -0.0021775190   0.0014888283   0.0005942724   0.0007645985   0.0014535928
29  6  -0.0012339486  -0.0003495984   0.0368709001   0.3450098670   0.1297115259
29  7   0.0002767802  -0.0003172409   0.0012346854   0.0014174381   0.0016673007
29  8   0.0017975373  -0.1601874984  -0.1410973287  -0.0528762070
30  1   0.0038672068   0.0019200268   0.0108342633   0.0365194036  -0.0603710033
30  2  -0.0576626887   0.0194387813  -0.0191178512  -0.0012027101  -0.0038306757
30  3   0.0001116165   0.0033738992   0.0006342337  -0.0020079574   0.0000465462
30  4   0.0000350062   0.0000934197  -0.0014206086  -0.0030087542  -0.0018338661
30  5   0.0050651583   0.0007459079   0.0007340869  -0.0011973560   0.0005992629
30  6  -0.0003700330  -0.0006060481   0.0008831911   0.1297115259   0.0676509903
30  7  -0.0000092198   0.0012156723  -0.0030157235   0.0004558431   0.0018130670
30  8  -0.0022792745  -0.0563301870  -0.0518987040  -0.0195864478
31  1  -0.0617436427  -0.0425115160  -0.0156899542   0.0004981781  -0.0281201179
31  2  -0.0111320932  -0.0056399842  -0.0009345119  -0.0001084903  -0.0022986776
31  3   0.0003142420   0.0001619347   0.0006395166   0.0000631171   0.0000247820
31  4  -0.0037613670   0.0012596447   0.0005998508   0.0095891651   0.0240313996
31  5   0.0091901850   0.0010194213  -0.0021849159  -0.0009458029  -0.0005329960
31  6   0.0025439422   0.0010402896   0.0015759452   0.0002767802  -0.0000092198
31  7   0.0601288462   0.0463611885   0.0172858921   0.0001673003  -0.0012741465
31  8  -0.0004471820   0.0003582948   0.0001748939   0.0000298082
32  1  -0.0438759252  -0.3035776015  -0.1112606604  -0.0004630299  -0.0059510974
32  2  -0.0016643897  -0.0007871290   0.0026414273  -0.0011795361   0.0011498035
32  3   0.0000338101   0.0003103118  -0.0002096220   0.0001339294   0.0000275239
32  4   0.0021162667  -0.0006307942  -0.0006794520  -0.0049429760  -0.0116928500
32  5  -0.0043550334  -0.0004993285   0.0014090912   0.0015056026  -0.0000707763
32  6  -0.0004460158  -0.0006416267   0.0012369733  -0.0003172409   0.0012156723
32  7   0.0463611885   0.3180588206   0.1170439741   0.0000495361   0.0003611357
32  8  -0.0008536867  -0.0000649813  -0.0000226144   0.0005313003
33  1  -0.0162989612  -0.1112509946  -0.0610942923  -0.0002215422  -0.0010548709
33  2  -0.0020912388  -0.0000598475  -0.0011811992   0.0052306832   0.0004922333
33  3   0.0003310120  -0.0006978875  -0.0000918239   0.0000144790   0.0000893951
33  4   0.0009324852  -0.0006699001   0.0006835880  -0.0021695130  -0.0050225923
33  5  -0.0022150046  -0.0002696319   0.0015458789  -0.0017904080   0.0000146640
33  6  -0.0006931693   0.0009179996   0.0003835081   0.0012346854  -0.0030157235
33  7   0.0172858921   0.1170439741   0.0629380229   0.0000716489  -0.0008257730
33  8   0.0022079027  -0.0000691118   0.0005284699  -0.0011630368
34  1   0.0033499515   0.0007969871   0.0002873974  -0.0006128448  -0.0022038127
34  2  -0.0010204311  -0.3909508822  -0.1107081699  -0.0350988905  -0.0236865099
34  3  -0.0104360426  -0.0035871722   0.0034684888  -0.0014733804  -0.0007308494
34  4  -0.0010963581   0.0036408825   0.0014873191  -0.0009291531   0.0015541620
34  5   0.0005891932   0.0008371378  -0.0000724277  -0.0000394108  -0.0006954146
34  6  -0.0003951243  -0.0001042886   0.0018892936   0.0014174381   0.0004558431
34  7   0.0001673003   0.0000495361   0.0000716489   0.4075155950   0.1178194798
34  8   0.0376463325   0.0007433958   0.0000104720   0.0000433084
35  1   0.0020740860  -0.0047652198  -0.0028044613  -0.0335635077  -0.0065463813
35  2   0.0011188891  -0.1123457108  -0.1034538586  -0.0371906473   0.0243495399
35  3   0.0187115205   0.0066725016  -0.0037383865  -0.0024090753   0.0005528518
35  4   0.0014491128  -0.0036507091  -0.0019536714  -0.0000218971  -0.0011745770
35  5   0.0002657199   0.0002686985   0.0005032065   0.0000210508   0.0023824254
35  6   0.0002965013  -0.0006474942   0.0004868143   0.0016673007   0.0018130670
35  7  -0.0012741465   0.0003611357  -0.0008257730   0.1178194798   0.1023686700
35  8   0.0347915175   0.0021134920  -0.0019085136  -0.0018135504
36  1   0.0007878807  -0.0027731261   0.0011406411  -0.0133438704   0.0004024978
36  2  -0.0070177278  -0.0357546955  -0.0372354245  -0.0166671215   0.0100945726
36  3   0.0074465213   0.0031047331  -0.0016199106   0.0004966499  -0.0033657719
36  4   0.0006277729  -0.0019849911   0.0004212359  -0.0000277865   0.0002230454
36  5  -0.0017519722   0.0000972027   0.0000310719   0.0004466755   0.0009932628
36  6  -0.0005903414   0.0015606136   0.0000908067   0.0017975373  -0.0022792745
36  7  -0.0004471820  -0.0008536867   0.0022079027   0.0376463325   0.0347915175
36  8   0.0203310597   0.0008556141  -0.0017512713   0.0018690063
37  1   0.0013851425   0.0050391515   0.0019854810  -0.0384347597  -0.0181631771
37  2  -0.0065497686   0.0064581357  -0.0034542306  -0.0015437195  -0.0015845082
37  3   0.0019416566   0.0007859968   0.0000890068  -0.0014307435  -0.0005662398
37  4   0.0001086976  -0.0000817255  -0.0000357433  -0.0020801869  -0.0009063104
37  5  -0.0002056140   0.0005717967   0.0003536967   0.0001053673   0.0004231407
37  6  -0.0002217811  -0.0000968900  -0.3743928789  -0.1601874984  -0.0563301870
37  7   0.0003582948  -0.0000649813  -0.0000691118   0.0007433958   0.0021134920
37  8   0.0008556141   0.4063547231   0.1750624510   0.0616648150
38  1   0.0030707870  -0.0022960654  -0.0017963883   0.0293574378   0.0088731668
38  2   0.0053808697   0.0018488351   0.0013248085   0.0012919519   0.0023304713
38  3  -0.0015041979  -0.0002805404  -0.0003948085   0.0003661506   0.0002727761
38  4  -0.0009932022  -0.0007229062  -0.0001770779   0.0004053836   0.0025244702
38  5  -0.0006992503   0.0000116714  -0.0004385649   0.0000658828  -0.0001892963
38  6   0.0001046168   0.0000169064  -0.2106950962  -0.1410973287  -0.0518987040
38  7   0.0001748939  -0.0000226144   0.0005284699   0.0000104720  -0.0019085136
38  8  -0.0017512713   0.1750624510   0.1347969783   0.0490463756
39  1   0.0012132454  -0.0018346362   0.0013057731   0.0123175614   0.0063357030
39  2  -0.0038848407   0.0005692103   0.0013788451  -0.0014941483   0.0009036210
39  3  -0.0002661914  -0.0010606305  -0.0001580604   0.0002962564  -0.0001949040
39  4  -0.0003854123  -0.0001890626  -0.0002721170   0.0003263650  -0.0006825049
39  5   0.0039790830  -0.0000255421   0.0000538085  -0.0005675973  -0.0000823040
39  6   0.0000198638   0.0000782586  -0.0764166158  -0.0528762070  -0.0195864478
39  7   0.0000298082   0.0005313003  -0.0011630368   0.0000433084  -0.0018135504
39  8   0.0018690063   0.0616648150   0.0490463756   0.0209916015
$end
