$coord
-5.35060815942678 -2.13704557369393 -1.07683368829406 n
-3.11810584703407 -0.9645514736088401 0.06206912691542 c
-0.68969398696136 -1.21891589001558 -1.53513023669768 c
1.62808236512269 -0.029873601767090002 -0.30527978373947 c
4.44474463482424 -0.63769645121386 -2.25370295200031 s
6.80960740800967 1.07451382313158 -0.39433297864815 c
-3.70449663831673 1.82848569480031 0.45469358846917 c
-4.51498378672219 3.17640035502835 -1.2022815973785 o
-3.21669854803887 2.82203973571039 2.74224150502483 o
-5.01462655240692 -4.00790255926987 -1.34274075523767 h
-5.65822008788088 -1.38017414070415 -2.81573965239198 h
-2.80589146559477 -1.86102275909441 1.89520724913798 h
-0.37214995544359 -3.23790982354059 -1.82884870726233 h
-1.03484635759998 -0.36527328703744 -3.38458051284328 h
1.9523246280551099 -0.82458369774651 1.57090669249616 h
1.41886100910034 2.01398520698302 -0.12572327717078 h
8.60885269890156 0.86230852997368 -1.37019775439032 h
6.32722172133612 3.0726878551178 -0.28025169929496 h
6.95928350412583 0.27275591786724 1.49594312454814 h
-2.66865658404848 1.54177213907963 3.9326470840507204 h
$user-defined bonds 
 
$end
