$dipgrad          cartesian dipole gradients
  -.97173785050774D+00  0.65991694422920D-01  -.15111528497944D-01
  0.14244317667006D+00  -.35901053482052D+00  -.46232908983106D-01
  -.12464580621761D+00  -.71101979563964D-01  -.48052123325959D+00
  0.76510586935937D+00  -.11215531783325D+00  -.84723521174860D-01
  -.20357607983917D+00  0.26287743464268D+00  0.22797058738616D-01
  -.12485579433625D+00  -.55850800826584D-01  0.31170183333256D+00
  0.30477165731997D+00  0.73490206315455D-01  0.70176860175873D-02
  0.16859990070209D+00  0.74478027190898D+00  -.16135576606327D+00
  -.10094556700034D+00  -.93441426713809D-01  0.29423237568682D+00
  -.78980290157793D+00  -.21046369567428D+00  0.15282397332968D+00
  -.42463197447858D+00  -.91509482127197D+00  0.22257606527249D+00
  0.28636288784169D+00  0.26023552445143D+00  -.60630535605209D+00
  0.55321124990208D+00  0.18529865526739D+00  -.19705869156224D+00
  0.15488330940587D+00  0.37948585063705D+00  -.10885374673647D+00
  -.28708288137784D+00  -.28733665292478D+00  0.44763075932968D+00
  0.63254348145511D+00  0.38950591926153D-01  -.20729474008842D+00
  0.12773067248562D+00  0.27434927427616D+00  -.80691704946619D-01
  -.37008525386479D+00  0.32839678624186D-01  0.47280934996995D+00
  -.10741225755237D+01  0.68623583678874D-01  0.26339110144760D+00
  0.25051228745897D+00  -.53544740167226D+00  -.77367916665314D-01
  0.55877755306140D+00  -.69726896361635D-01  -.70087297752917D+00
  0.68226033974023D+00  -.16691877719448D+00  -.13172202456173D+00
  -.32234745298766D+00  0.47550372704878D+00  0.18232935087109D+00
  -.16256192714139D+00  0.91855656627885D-01  0.37753971449545D+00
  0.65240585496811D+00  0.21968981491058D+00  0.39768256777890D-02
  0.52935001981090D+00  0.41387657994714D+00  0.71689334121647D-01
  -.13982348861302D+00  0.82896562337728D-01  0.27518221356533D+00
  -.14062134514640D+01  -.85000919918110D-01  -.21620944967052D+00
  -.20022055620891D+00  -.50911319208475D+00  -.40382541472420D-01
  -.25542459494742D+00  0.66221524483591D-02  -.49382835190186D+00
  0.87175064916855D+00  -.13017976580421D-01  0.15251352457273D+00
  -.12690316606189D+00  0.27375256320169D+00  -.67345370292088D-01
  0.39840546153140D+00  0.50368636229402D-02  0.35095736689176D+00
  0.78805602778265D+00  -.19074090599989D+00  0.26011359885745D+00
  -.70482772986690D-01  0.30685864144133D+00  -.43420833350821D-01
  0.31562403871094D+00  -.14915278797174D+00  0.41714405769337D+00
  -.10257515790091D+01  0.19130895938175D+00  -.25385360880732D+00
  0.35233073037094D+00  -.66617386852974D+00  0.27181406457972D+00
  -.44273717556115D+00  0.29195985963296D+00  -.69824324486453D+00
  0.18862493268040D+00  -.79313067964259D-02  -.17631591102717D-01
  -.24983398711404D+00  0.61959854303819D+00  -.22236483139316D+00
  0.53258005524490D-01  -.15623252614845D+00  0.50875457706739D+00
  0.90232767064291D+00  0.25326694888492D-01  -.20539920661584D+00
  -.20224887172826D+00  0.24351037828491D+00  0.53727117775076D-01
  -.39004487303064D+00  -.51774421056269D-01  0.44544669653980D+00
  -.13769289046811D+01  -.26258588125247D+00  0.20995537222982D+00
  -.31972515126296D+00  -.58742978003877D+00  0.62616223086220D-01
  0.36316038886249D+00  0.79822423264712D-01  -.52265799460334D+00
  0.81756096197258D+00  0.28939463244978D+00  -.11437946847509D+00
  0.43270786174450D+00  0.41042042808083D+00  -.10111966707563D+00
  -.49090341113459D-01  0.46107283435659D-01  0.32827561434087D+00
  0.16714737084654D+00  0.11881607076558D+00  -.58604243293011D-01
  0.93229802299659D-01  0.19571693145683D+00  -.10596092494881D-01
  -.21185161653039D+00  -.20429776570913D+00  0.51758863294118D-01
  -.32420603092323D+00  -.46930918640437D-01  -.59727048473431D-01
  -.36440644401003D-01  -.19699790390603D-01  0.81087778007945D-01
  0.55356930821885D-01  0.14109590765449D+00  -.11025910173043D+00
  0.36082501109062D+00  -.35578135603458D-01  0.25398653676302D-01
  -.43296105839002D-04  0.16864327282626D+00  0.30706966257737D-01
  0.62294383500495D-01  0.47246676479147D-01  0.29853250998400D+00
  -.32688894138801D-02  -.84969202353916D-02  0.34898950197595D-02
  0.13383940218355D-01  -.12653603771012D+00  0.42379947069620D-01
  -.13412928092944D-01  0.74316865030918D-01  0.55160868174278D-01
  -.80562253271899D-01  0.16287643741864D-01  0.67022868252457D-01
  0.14857435339444D-01  0.45413071404950D-01  0.30231703713891D-01
  0.96869443510311D-01  -.31222070224677D-02  -.16839352560289D+00
  0.43262287186074D-01  -.25955357981396D-01  0.57812671371288D-01
  -.51921481587326D-01  -.10186096222659D-01  0.17932100134462D-01
  0.36131436443427D-01  0.38915600751690D-01  -.10904287033312D+00
  -.18682562391352D+00  0.77453101298782D-01  -.16048198264952D-01
  0.17384931659341D-01  -.31409898567302D-01  0.71672049139805D-02
  0.24481585676902D-01  -.20227383578017D-01  0.42356149500876D-01
  0.10006264416077D-01  -.19767041183818D-01  0.29294585014231D-01
  0.12791263740942D-01  -.55996861372631D-01  -.12481182601860D+00
  0.24239683903854D-01  -.49529562432368D-01  -.78739685529655D-01
  -.31005689898417D-01  0.32886806304240D-01  -.20370897589949D-01
  0.40454223236116D-01  -.66714549722391D-01  0.88673145923118D-01
  0.18983668382998D-02  0.72357266014329D-01  0.13196368085405D-01
  -.63066178761314D-02  0.40341301107955D-02  0.35189275147517D-01
  -.72129141482634D-02  -.41740926138711D-01  -.95897151595515D-01
  0.49779450646056D-01  -.76587911032434D-01  -.33862940290640D-01
  -.22984289246439D-01  0.63380194541127D-01  -.42336419925945D-01
  0.34605019447727D-01  -.76871661667142D-01  0.11817111680504D+00
  -.13717182556228D-01  0.51848603463952D-01  -.38161076353778D-01
  -.11137605988288D+00  -.84168655100980D-01  -.37885958504235D-01
  -.41916754887266D-01  -.12431098598113D+00  -.62475871135621D-01
  -.47351398542766D-02  0.51117227740840D-04  0.42084408062848D-01
  0.26274566696401D-02  0.89593683699575D-02  0.72360937425885D-01
  0.47604900039672D-01  0.35244346304325D-01  0.50548290040567D-01
  0.64016891185474D-01  0.17838514534722D-01  -.87225273052605D-01
  -.13957868154090D-01  -.22922949917722D-01  -.13878322986001D-02
  -.10719012897784D+00  0.48999584664367D-02  0.99961466242821D-02
  0.79057584554412D-01  0.72243978404905D-01  -.15539721277028D+00
  -.68176241881947D-01  0.60318714934082D-01  0.49047522172351D-01
  -.81434327199146D-02  -.12347194021309D+00  -.82836744827438D-01
  0.49288620717296D-01  -.93638756351485D-01  -.59020379606404D-02
  -.56601560711000D-01  -.53290286984489D-01  -.35285710203341D-01
  -.56213054465503D-01  -.78101782642426D-01  -.55493506583028D-01
  -.31652420211695D-01  -.29278115076027D-01  0.41979022390985D-01
  -.24450946478550D-01  -.30017831602784D-01  0.67583914753324D-01
  0.30940314354522D-01  -.37452318751921D-02  0.10579743394713D+00
  -.20149663375701D-01  0.50480138470196D-01  -.13183067697632D+00
  -.98690037769953D-02  0.94431066717350D-02  0.26502478031553D-01
  0.20963218720773D-01  0.54869804542480D-02  0.93628199181174D-01
  0.10381764393254D-02  0.69006065264308D-01  -.81745578263666D-01
  -.51711289096965D-01  -.10240335065414D-01  -.59443336620110D-01
  -.96516421656233D-01  -.11938263955764D+00  -.93630021481447D-01
  -.34167920669168D-01  -.18711492267355D-01  0.79771755219797D-02
  -.10872959110092D+00  -.19160158806267D-01  0.12142085156408D+00
  0.76502801276073D-01  -.16721104218295D-02  -.63726299100572D-02
  0.91468592449048D-01  0.17408722995780D-01  -.95787950046674D-01
  0.28767889772218D-01  -.50343868084124D-01  -.16969028086850D-01
  -.34822359565041D-03  -.12172760007895D+00  -.15497435699666D-01
  -.95322640969767D-01  -.89569659976818D-01  -.48306849962051D-01
  -.52094362552683D-01  -.93401195746943D-02  0.33636152547297D-01
  -.12979406322463D-01  -.40781215976604D-01  0.12554678867269D+00
  0.54904237432762D-01  0.93147403893358D-01  -.49825884739215D-01
  -.33472968774536D-01  -.38762170590757D-01  -.32043287545022D-01
  -.28901328011103D-01  -.75607522853666D-01  -.11583343695242D+00
  0.18850303431539D-01  -.47366507921622D-01  -.42244597350490D-02
  0.29753798885767D-01  0.38024797653353D-01  -.88372159586368D-02
  0.17142026005947D-01  -.64678108435069D-01  0.45767043151157D-01
  -.10594685551488D-01  -.58426772552848D-02  0.24256813853415D-01
  -.45210252558034D-01  -.11717492874420D-01  0.83513248249468D-01
  -.10141471210644D-01  0.27414801757600D-01  -.52488963432610D-01
  0.72163274111911D-01  -.36257963234882D-01  -.89900877667707D-01
  0.21159319942945D-01  -.95518864633862D-02  0.80458266976033D-01
  -.15515335473366D-01  0.28712860142873D-01  -.28800638184452D-01
  0.49870162249837D-01  -.25887048048937D-01  -.56400093739655D-01
  -.39971125327896D-01  -.18537201125009D-01  -.17588626795262D-03
  0.12726894677284D-01  -.11495067390128D+00  0.72762035985850D-01
  -.18094158546149D-01  0.34040565259493D-01  0.45896433469368D-01
  0.93169833909601D-01  -.44082656545973D-01  0.29975491254828D-01
  0.23091765662024D-02  -.46690683078973D-01  -.11407550957877D+00
  0.93698600115786D-01  -.42438888416816D-01  -.54379181895462D-02
$end
