$coord
7.992331334817161 -1.10723630241783 -0.95356999713147 o
5.93483492455613 -1.10436427298353 0.80484770081464 c
4.30584052142812 1.19613899866221 0.32646835466028 c
3.05542829572784 1.14881692838258 -2.07116469170043 o
0.77787663876442 -0.29592922090048 -2.12064110838164 c
-1.48276308223412 1.31183283149175 -1.32171894872551 c
-3.74104935960453 -0.16835191933365 -1.29855713752557 o
-4.25511943055699 -1.41138986405525 1.0429923096463 c
-5.48933905055672 0.31866242972792 2.97397428247397 c
-8.56920525591195 1.5822457627843 1.9332100554671199 s
8.96556123367468 -2.62679465573421 -0.68872314541641 h
4.8202815720519 -2.83827831544304 0.61638832131724 h
6.63441860769032 -1.00393250407737 2.75224412994504 h
5.48660372668467 2.88721161562805 0.32337926158841 h
2.93661398367318 1.37822099472898 1.86756192805418 h
0.51681304927612 -0.94130818462584 -4.06060843471777 h
0.93264714690927 -1.9698547872692498 -0.91605931198895 h
-1.14393680738912 2.17782286745651 0.52543290323496 h
-1.77249436854343 2.83105536483716 -2.68350249894148 h
-5.50691638672724 -2.98454935561716 0.59355627593217 h
-2.51305428926897 -2.18379729757429 1.85457659740139 h
-4.26371407418586 1.8932695481751103 3.47831364631307 h
-5.89040776420132 -0.74666414924331 4.69105876522528 h
-7.731251166073791 2.65717348740057 -0.22482601056777 h
$user-defined bonds 
 
$end
