$dipgrad          cartesian dipole gradients
  -.89693994165473D+00  0.37308065340566D-01  0.20896422086563D+00
  0.23260250542960D-01  -.32799059379758D+00  -.13505051220575D+00
  0.27792587572715D+00  -.15426534238982D+00  -.60941275407920D+00
  0.69163412455379D+00  0.59304479251246D-03  -.25179713678871D+00
  0.48493023026836D-01  0.20618658165308D+00  0.14698561724441D+00
  -.26977200649153D+00  0.75152963206446D-01  0.48683967432039D+00
  0.59201974004294D+00  -.42307728273382D-01  0.21134863774544D+00
  -.19115486764119D-01  0.27951215232346D+00  -.44047133337976D-01
  0.37908985393889D+00  0.87220193719095D-02  0.59073246831096D+00
  -.11422020072006D+01  -.62932279227680D-01  -.20852704838760D+00
  -.22675390726144D+00  -.50032359656600D+00  -.39381876615142D-01
  -.38224454305034D+00  -.17877990300033D-01  -.65008626170466D+00
  0.80141647123965D+00  0.11290735334647D+00  0.86771054137304D-01
  0.24933427881979D+00  0.28459069268559D+00  0.11419235465495D+00
  0.82023797305018D-02  0.16008545600645D-02  0.28451679253080D+00
  0.76892251049387D+00  0.17217963255234D+00  -.17835151794394D+00
  0.26809205555607D+00  0.33391990851827D+00  -.15694408609589D+00
  -.56255067880538D-01  -.21823954554974D-01  0.26155691970582D+00
  -.10027043487673D+01  -.15080961540661D+00  0.26838455194665D+00
  -.35867729792892D+00  -.56737057043632D+00  0.20073266092909D+00
  0.40690877875093D+00  0.11260847208434D+00  -.70053160946042D+00
  0.36401015133083D+00  0.73027937673157D-01  -.16614549710753D+00
  0.10455247671222D+00  0.36932670494398D+00  -.11855635188366D+00
  -.47531401155733D+00  -.54823260261317D-01  0.63928304542377D+00
  0.29587313049723D+00  -.93501393140714D-01  0.58439327795622D-01
  -.97003671299374D-01  0.10817248216008D+00  -.10769983790626D+00
  0.26479536071768D+00  -.80065971024674D-01  -.65905351780609D-02
  -.97793985320009D-01  0.56446802149471D-01  -.40302657119023D-01
  0.15035418805344D+00  -.18379011426232D+00  -.96966355647813D-01
  -.13913189386275D+00  -.56203275726283D-01  -.55263779763752D-01
  0.29754241303532D+00  0.37397706849385D-01  0.24610238780052D-01
  0.65136855196227D-01  0.16956858179436D+00  0.71919962879394D-01
  0.50612900443755D-02  0.88403411372591D-01  0.27657323860701D+00
  -.97714423937685D-01  -.90647486242627D-01  0.35842835123989D-01
  -.11924479955946D+00  -.11014730435924D+00  0.72133182222682D-03
  0.51126830017456D-01  -.43445767673985D-01  0.11202556414640D-01
  -.73179162660099D-01  0.19232633931322D-01  -.52543880824005D-01
  0.18325061615367D-01  0.48189463085408D-01  -.34594853405118D-01
  -.21103188490243D-01  -.12598326003495D-01  -.21228827832682D+00
  -.40177828049954D-01  -.78449368067391D-01  -.44082410005052D-01
  -.71042916237875D-01  -.56658296561300D-01  -.14522486771199D-01
  -.54603182838866D-01  0.15526113644027D-01  0.38916022406886D-01
  -.83933373138372D-01  0.44911535848003D-01  0.11665881730414D+00
  0.31854711777185D-01  0.35830045336190D-01  0.16573442907989D-01
  0.43887564398148D-01  -.23113541683462D-01  -.11635803687492D+00
  -.22152329610403D-01  -.14473066080115D-01  -.32653783224432D-01
  -.25039669745157D-01  0.33995336544555D-01  -.49818900581901D-01
  -.26784061100486D-01  -.75582820845927D-01  -.98309683644781D-01
  -.53556590713261D-02  0.13512362323098D-01  -.23304824943365D-01
  -.21394537148283D-01  -.10650089708815D+00  0.61630839670544D-01
  0.22861728070262D-01  0.12539231938362D+00  -.27865809530468D-01
  -.90047130498403D-02  -.28397850975044D-01  0.71986558169948D-02
  -.18233014471583D-01  -.10324436441391D-01  -.42821143013194D-01
  -.48608557052527D-01  -.10977714089294D+00  -.11445929612786D+00
  -.15875509382546D-01  0.15234120878905D-01  0.27825301607155D-02
  -.10258270584691D-01  -.53660717924789D-01  0.86735352699170D-01
  0.41703651635679D-02  0.98866631360557D-01  -.11394775027839D-01
  -.11700407632064D-01  -.11191707056403D+00  0.12116466867015D-01
  -.78623738383563D-01  -.39335456803867D-01  0.26694539706776D-02
  0.32475071646860D-01  -.21995104556375D-01  0.41598899668743D-02
  -.16768932966635D+00  0.13967421143908D+00  -.64284128313710D-01
  0.10029384294119D+00  -.12467926162922D-01  0.23775274995759D-01
  0.30661687175352D-01  0.20990317289378D-01  -.38272181690301D-01
  -.15687919914005D+00  -.30760169252162D-01  -.68354640317013D-01
  -.16488421752617D-01  -.26869987297624D-01  -.30025812017690D-01
  -.71377026806903D-01  -.15630630480562D-01  0.62624718985919D-01
  0.71657899883186D-03  0.17824971168279D-01  0.22413759862262D-01
  0.25881490402703D-01  0.27305966669247D-01  0.88924264369293D-01
  0.30293128359869D-01  0.69683222497836D-01  -.42404884555223D-01
  0.11167098111985D-01  -.36054351063458D-01  0.74816428567822D-01
  -.23702503506751D-01  0.98841982007168D-01  0.55568793338093D-01
  -.12266374609435D-01  0.70256801623057D-01  0.26832559311080D-01
$end
