$hessian (projected)
 1  1   0.3462401899  -0.2270124217  -0.0948491236  -0.1415922952  -0.0123241984
 1  2   0.0772940073  -0.0267799619   0.0059005115   0.0229622070   0.0001848714
 1  3  -0.0005686786  -0.0008160377   0.0005149736  -0.0005461126   0.0007337501
 1  4   0.0006998071   0.0003667653   0.0000280153  -0.0008392322  -0.0002903532
 1  5   0.0001719511   0.0004306240   0.0000183714  -0.0002279662   0.0001491583
 1  6  -0.0000923711   0.0001168075  -0.0000725704   0.0000209088   0.0001739447
 1  7  -0.1538920023   0.2308512683  -0.0372339596  -0.0263219215  -0.0021585335
 1  8   0.0237136525   0.0021528533   0.0025355272   0.0106520360   0.0014805907
 1  9  -0.0009110114  -0.0007909207  -0.0022127254   0.0036244978  -0.0011991555
 1 10  -0.0001562050   0.0001198138  -0.0002572875   0.0002648531   0.0005410663
 1 11  -0.0001766936   0.0001254531  -0.0001857086  -0.0001850662  -0.0001890927
 1 12   0.0000831545  -0.0000602638  -0.0000831611  -0.0000321978   0.0000157372
 1 13  -0.0000716303   0.0001328312  -0.0000405011  -0.0000319519  -0.0000324731
 1 14  -0.0000562659  -0.0000291087  -0.0000030600   0.0000262757   0.0000284840
 1 15  -0.0000375961   0.0000048569
 2  1  -0.2270124217   0.4394240375  -0.0887106482   0.0173382294  -0.0865385082
 2  2   0.0016869781   0.0294451482   0.0004061926  -0.0256177659  -0.0003664231
 2  3   0.0020431141   0.0004997425  -0.0009334482  -0.0017584192   0.0001662330
 2  4   0.0000070199  -0.0002966796  -0.0005678573   0.0003351785   0.0001484192
 2  5   0.0001094304  -0.0000299798  -0.0001017261   0.0003019644  -0.0000852304
 2  6   0.0000643708  -0.0000543415   0.0000428502   0.0002403669  -0.0001206896
 2  7   0.1953286770  -0.3625745716   0.0917013182  -0.0194311081   0.0063735438
 2  8   0.0209607146   0.0014264237   0.0039867270  -0.0012273391  -0.0013923956
 2  9   0.0031689771  -0.0006631057   0.0050702533  -0.0054264297   0.0014131111
 2 10   0.0002008485   0.0000659383   0.0001322106   0.0001646659   0.0002935135
 2 11  -0.0003473725  -0.0001275044   0.0001927916   0.0002572214  -0.0000380589
 2 12   0.0000916586   0.0000681213   0.0000400877  -0.0000070425   0.0000119716
 2 13  -0.0000044726   0.0000396520  -0.0000201393  -0.0000081958   0.0001139885
 2 14   0.0000395813   0.0000128114   0.0000224850  -0.0000041451   0.0000170447
 2 15   0.0000276005  -0.0000151944
 3  1  -0.0948491236  -0.0887106482   0.1906708569   0.0575339110   0.0255248311
 3  2  -0.1308385904   0.0017328466  -0.0027016259  -0.0003103477   0.0001777756
 3  3   0.0002603462   0.0045583196   0.0000867185  -0.0000825989  -0.0003091857
 3  4  -0.0001179556  -0.0002199709  -0.0000555650   0.0000544382   0.0000226124
 3  5   0.0002045095  -0.0000398527   0.0000236784  -0.0000464653   0.0000204632
 3  6   0.0000434872  -0.0000828037  -0.0000069634   0.0001325157  -0.0000033607
 3  7  -0.0118304956   0.0615796120  -0.0353909754   0.0116589552   0.0031707710
 3  8  -0.0025227963   0.0370226051   0.0000910954  -0.0275456013  -0.0004866620
 3  9  -0.0002543301   0.0000866686  -0.0012157072   0.0014848047   0.0010874964
 3 10   0.0003055740  -0.0000569543   0.0002380933  -0.0001043353  -0.0003344566
 3 11  -0.0000502283  -0.0000752215   0.0000782481   0.0001131799   0.0000396564
 3 12  -0.0000436422   0.0000243064   0.0000556234  -0.0000122497   0.0000029040
 3 13   0.0000538735  -0.0000505711   0.0000827740   0.0000035147   0.0000738834
 3 14   0.0000433377  -0.0000294712   0.0000153553   0.0000025541   0.0000098326
 3 15  -0.0000341931   0.0000409196
 4  1  -0.1415922952   0.0173382294   0.0575339110   0.4823875634   0.0346905891
 4  2   0.0547606398  -0.1078583976   0.0492519062  -0.0116433409  -0.0134991277
 4  3   0.0114286391  -0.0141694523   0.0000753125   0.0035640424  -0.0010937747
 4  4  -0.0003127858  -0.0002664525   0.0002322991   0.0002639941  -0.0000702546
 4  5   0.0001470348  -0.0004476447   0.0001578313  -0.0000986601  -0.0000971598
 4  6   0.0000141066  -0.0000482028   0.0000388397  -0.0001182276  -0.0001883402
 4  7  -0.0181674451  -0.0067618559   0.0190098999  -0.1137558737  -0.1053734290
 4  8  -0.0193686828  -0.0860767259  -0.0066236929  -0.0884232612   0.0108293473
 4  9  -0.0155996152   0.0041797625  -0.0116189075   0.0191846258  -0.0011083852
 4 10   0.0003229762  -0.0000215836   0.0002406851  -0.0008235337  -0.0005720111
 4 11  -0.0000676628  -0.0000831941   0.0000865561   0.0000334653   0.0001871625
 4 12  -0.0002652058  -0.0000185183   0.0000579969  -0.0000171177  -0.0000039953
 4 13   0.0001446611  -0.0000846498   0.0000774615   0.0000245569   0.0000198698
 4 14   0.0000196256   0.0000097124   0.0000075255  -0.0000068360  -0.0000090321
 4 15   0.0000301745   0.0000043279
 5  1  -0.0123241984  -0.0865385082   0.0255248311   0.0346905891   0.5560833687
 5  2   0.0131559862   0.0423400335  -0.1683168719   0.0188461724   0.0007428095
 5  3   0.0047965295   0.0058087126   0.0020519251   0.0040762348  -0.0015170775
 5  4  -0.0001164934  -0.0005062890   0.0010780836  -0.0005525085  -0.0001548287
 5  5  -0.0000295480  -0.0001605888   0.0000145414  -0.0003771959   0.0000654432
 5  6  -0.0002594490   0.0000790136  -0.0000429319  -0.0003542697   0.0000636117
 5  7   0.0276616372   0.0000413674  -0.0249773117  -0.1049916683  -0.2269609681
 5  8  -0.0298060570  -0.0037616142  -0.0544747143  -0.0116689864   0.0181092859
 5  9  -0.0270676151   0.0037925166  -0.0034288366   0.0002972393  -0.0001725136
 5 10  -0.0004300522   0.0000971945  -0.0003186765  -0.0003481155  -0.0002402373
 5 11   0.0009906009   0.0002711874  -0.0003244139  -0.0003594527   0.0002072309
 5 12  -0.0002556046  -0.0002192595  -0.0000514944  -0.0000428623  -0.0000227546
 5 13   0.0000542835   0.0001265067   0.0001326391   0.0000044771  -0.0000490965
 5 14  -0.0000616880  -0.0000202237   0.0000021810   0.0000081905   0.0000298237
 5 15   0.0000105652   0.0000501630
 6  1   0.0772940073   0.0016869781  -0.1308385904   0.0547606398   0.0131559862
 6  2   0.5326513393  -0.0029041471   0.0075414720  -0.0715182629  -0.0306605478
 6  3   0.0251532808  -0.0257015778   0.0017806496   0.0045241770  -0.0006304790
 6  4   0.0004721658  -0.0010244176  -0.0010556695  -0.0006127258   0.0001232995
 6  5   0.0004428104   0.0001479171  -0.0000761775  -0.0001502431  -0.0000001133
 6  6  -0.0000858282  -0.0000967216  -0.0001290885   0.0001305464  -0.0003067122
 6  7  -0.0057532546   0.0043675771   0.0001193160  -0.0186881225  -0.0254951475
 6  8  -0.0557604381  -0.0900461967  -0.0125963556  -0.2533109424  -0.0001248510
 6  9   0.0026163223   0.0015400074   0.0146722600  -0.0198746313   0.0034263918
 6 10  -0.0002451209   0.0001039174  -0.0001116117   0.0002183567  -0.0005158721
 6 11   0.0006035592  -0.0000864381   0.0002112558   0.0004602283  -0.0000084245
 6 12   0.0000175567   0.0001336864  -0.0000225773  -0.0000211202   0.0000279003
 6 13  -0.0000430514   0.0000482240   0.0000328547  -0.0000396354   0.0000120721
 6 14   0.0000271971  -0.0000003187   0.0000400055   0.0000027972   0.0000186173
 6 15  -0.0000431210   0.0000131607
 7  1  -0.0267799619   0.0294451482   0.0017328466  -0.1078583976   0.0423400335
 7  2  -0.0029041471   0.5563125973   0.0656173839  -0.0761220175  -0.0954150211
 7  3  -0.0193248749  -0.0244011028  -0.0251281187  -0.0064509628  -0.0309786337
 7  4  -0.0021693767  -0.0005125630  -0.0013720842   0.0021844036   0.0008817806
 7  5  -0.0005154074  -0.0002369141  -0.0004020948   0.0010259597  -0.0001929182
 7  6   0.0000419740  -0.0002511886   0.0000198735  -0.0001248985  -0.0003139209
 7  7  -0.0049455994   0.0005629775   0.0035181065   0.0126545578  -0.0156111384
 7  8   0.0012826801  -0.0057531556   0.0096513923  -0.0030715481  -0.1319040835
 7  9  -0.1220998343   0.0121377706  -0.1702922623   0.0138389881   0.1207230187
 7 10  -0.0022968545   0.0000629150   0.0008461220   0.0027322071   0.0019152337
 7 11  -0.0012275458  -0.0009854018   0.0001789902  -0.0000714465  -0.0000470740
 7 12  -0.0000377594  -0.0000222956   0.0001281989   0.0000845133  -0.0000805538
 7 13  -0.0000853548  -0.0001794273   0.0000127821   0.0000229375   0.0000517814
 7 14   0.0001183550   0.0000847815   0.0000087588  -0.0000644591  -0.0000490629
 7 15   0.0000616829  -0.0000012900
 8  1   0.0059005115   0.0004061926  -0.0027016259   0.0492519062  -0.1683168719
 8  2   0.0075414720   0.0656173839   0.5485150432   0.0004242685  -0.0078457504
 8  3  -0.0679108737   0.0213104275  -0.0120760258  -0.0087469399  -0.0245456203
 8  4   0.0015253844   0.0003479492   0.0006287004   0.0003929145   0.0006425174
 8  5  -0.0002788106  -0.0000671768  -0.0000791812  -0.0004365835   0.0000038143
 8  6  -0.0003812438  -0.0000109271   0.0000397776  -0.0002213903   0.0002514056
 8  7  -0.0013393859  -0.0000750980   0.0005882770   0.0172762373  -0.0250698174
 8  8   0.0055670146  -0.0051200566   0.0038016309  -0.0019194276  -0.1216121396
 8  9  -0.2271429272   0.0114293901   0.0144384100  -0.0541887986  -0.0158584944
 8 10  -0.0056925632  -0.0028344494  -0.0004328185  -0.0009700275   0.0009111487
 8 11  -0.0019493894   0.0002780589   0.0002064860   0.0003035217  -0.0000177892
 8 12   0.0001056687   0.0001425857  -0.0000207894   0.0000063761  -0.0000987323
 8 13   0.0000579801   0.0000551651   0.0000348484  -0.0000147147  -0.0000227247
 8 14  -0.0000191741  -0.0000252904  -0.0000498501  -0.0000228191   0.0000193308
 8 15   0.0000419884   0.0000525111
 9  1   0.0229622070  -0.0256177659  -0.0003103477  -0.0116433409   0.0188461724
 9  2  -0.0715182629  -0.0761220175   0.0004242685   0.4751077961  -0.0516980010
 9  3   0.0014819354  -0.1718324131  -0.0134864967  -0.0159883695  -0.0049406820
 9  4  -0.0000825660   0.0069422762   0.0035872538   0.0054816527  -0.0000979384
 9  5  -0.0030583268   0.0000113435  -0.0010904983   0.0026769978   0.0003347029
 9  6   0.0003230550  -0.0003086874  -0.0000763399  -0.0002283039  -0.0000625244
 9  7   0.0052731449  -0.0008350648  -0.0045658452   0.0023981122  -0.0048803443
 9  8   0.0009201338  -0.0164797234   0.0239533724  -0.0063169663   0.0053853706
 9  9   0.0045287676  -0.0476664013   0.1233617012  -0.0130926271  -0.1704700760
 9 10   0.0013199209   0.0014039141   0.0018293726   0.0028963462   0.0047593726
 9 11  -0.0005201829   0.0006087676  -0.0008014399  -0.0015870033  -0.0003023499
 9 12  -0.0004104700  -0.0006471029  -0.0000248429   0.0002134014  -0.0003399818
 9 13  -0.0002014811   0.0002519549  -0.0000227703   0.0000390487  -0.0002089537
 9 14   0.0001566680   0.0001512272  -0.0000384991  -0.0001526419  -0.0001063861
 9 15   0.0001617842   0.0000419940
10  1   0.0001848714  -0.0003664231   0.0001777756  -0.0134991277   0.0007428095
10  2  -0.0306605478  -0.0954150211  -0.0078457504  -0.0516980010   0.3383739012
10  3   0.1226135115   0.0899298434  -0.1563216571  -0.0650985563   0.0161051304
10  4  -0.0341609463  -0.0281349657  -0.0011729292  -0.0146638929   0.0015818816
10  5   0.0062971089   0.0002583042   0.0031936356  -0.0056491974  -0.0000710187
10  6  -0.0007817982   0.0008145973  -0.0000189530   0.0002275656   0.0003920333
10  7   0.0008266553  -0.0005547998  -0.0006662718   0.0007273725  -0.0002006422
10  8   0.0016039675  -0.0036070547   0.0049065644  -0.0012745762  -0.0149600971
10  9  -0.0023462465  -0.0294607854   0.0120072196  -0.0014393370   0.0066193064
10 10  -0.0156902950  -0.0125299459  -0.0042987876  -0.0090304801  -0.0134036390
10 11   0.0025603096   0.0025258793  -0.0001961496   0.0006833959   0.0022748803
10 12   0.0000437253  -0.0011912796  -0.0002795759  -0.0003321919   0.0004650392
10 13   0.0006662487  -0.0000104389   0.0003533717  -0.0000168330   0.0001462356
10 14  -0.0002010301  -0.0002787615   0.0001202775   0.0003586281   0.0001683816
10 15  -0.0003353219  -0.0000871011
11  1  -0.0005686786   0.0020431141   0.0002603462   0.0114286391   0.0047965295
11  2   0.0251532808  -0.0193248749  -0.0679108737   0.0014819354   0.1226135115
11  3   0.1685354523  -0.0239808952  -0.0574314582  -0.0987466772   0.0232457705
11  4  -0.0005271040   0.0084099376   0.0026424964   0.0032962501   0.0008313494
11  5  -0.0006164638   0.0010450520  -0.0001100813   0.0007893812  -0.0001632517
11  6   0.0001421323  -0.0002433085  -0.0000944918   0.0002808885  -0.0000284720
11  7  -0.0005523855   0.0002746390   0.0003264896  -0.0019301577   0.0032399101
11  8  -0.0003121384   0.0043413341  -0.0041639812   0.0010489591  -0.0123210018
11  9   0.0030385755  -0.0257903882  -0.0006331041   0.0023244493  -0.0035109524
11 10  -0.0127055583  -0.0059671601  -0.0008888617  -0.0337004212  -0.0202830029
11 11   0.0006145210  -0.0013534347   0.0012399499   0.0010898275  -0.0010870148
11 12   0.0018153738  -0.0005411922   0.0000323231   0.0000684323  -0.0001205389
11 13  -0.0003379531   0.0000698347  -0.0006310666  -0.0000366726   0.0001404046
11 14   0.0001014069   0.0000071076  -0.0000383004  -0.0000128934   0.0000033455
11 15  -0.0000308959  -0.0000772435
12  1  -0.0008160377   0.0004997425   0.0045583196  -0.0141694523   0.0058087126
12  2  -0.0257015778  -0.0244011028   0.0213104275  -0.1718324131   0.0899298434
12  3  -0.0239808952   0.3187432283  -0.0140377256   0.0059790639  -0.0901317019
12  4   0.0055390601   0.0029744886   0.0008356169   0.0008214215  -0.0013485221
12  5   0.0024292350  -0.0000696136   0.0006523287  -0.0006526703  -0.0001471285
12  6  -0.0001375891   0.0003041732   0.0001103849  -0.0000099327   0.0000552752
12  7   0.0000644875  -0.0005127392   0.0002633540   0.0004336568  -0.0001638334
12  8   0.0006606772  -0.0025147480   0.0030847615   0.0008244395  -0.0071382245
12  9  -0.0031314964  -0.0080453788  -0.0175871498  -0.0012951620  -0.0410590251
12 10  -0.0327027389  -0.0179703829   0.0035034645   0.0180737053   0.0074722869
12 11   0.0036336639  -0.0016345620   0.0017309466   0.0012506782   0.0006212016
12 12  -0.0007134011   0.0000148679  -0.0000124754  -0.0001111220   0.0001603943
12 13  -0.0001998690  -0.0001967399   0.0001837966  -0.0000604580   0.0001253385
12 14  -0.0000360918  -0.0001407548  -0.0000231389   0.0000915259   0.0000382798
12 15  -0.0000431425  -0.0000538512
13  1   0.0005149736  -0.0009334482   0.0000867185   0.0000753125   0.0020519251
13  2   0.0017806496  -0.0251281187  -0.0120760258  -0.0134864967  -0.1563216571
13  3  -0.0574314582  -0.0140377256   0.4211471710  -0.0154619735   0.0343912947
13  4  -0.1089786214   0.0596881094   0.0187761828  -0.0344138588   0.0001582304
13  5   0.0058793263  -0.0013266919   0.0008095180   0.0014707345  -0.0003040635
13  6  -0.0000455287  -0.0008534078   0.0000337916   0.0000362046   0.0002325469
13  7   0.0000188498   0.0001550747   0.0002151595  -0.0009597427  -0.0008228735
13  8  -0.0005707632   0.0015416183  -0.0013554973   0.0007585001   0.0014838695
13  9   0.0018475992   0.0006614256   0.0022464289   0.0006555740   0.0052940816
13 10  -0.0476156220  -0.0045773423  -0.0274803770  -0.0531731460   0.0241011432
13 11  -0.0148195314   0.0049804218  -0.0023616778  -0.0018794641  -0.0044933698
13 12   0.0055413743   0.0036023334   0.0003543818   0.0002363739  -0.0004574159
13 13   0.0000351633  -0.0004723800  -0.0000168855   0.0001513606   0.0001370424
13 14   0.0004796451   0.0002291344   0.0000990259  -0.0000085109  -0.0000975852
13 15   0.0000210104  -0.0000180206
14  1  -0.0005461126  -0.0017584192  -0.0000825989   0.0035640424   0.0040762348
14  2   0.0045241770  -0.0064509628  -0.0087469399  -0.0159883695  -0.0650985563
14  3  -0.0987466772   0.0059790639  -0.0154619735   0.5262531578  -0.0167130807
14  4   0.0612756751  -0.1297031072  -0.0206472850  -0.0279439787   0.0065983028
14  5   0.0098576739  -0.0034448537   0.0040086949  -0.0058038880   0.0002288921
14  6  -0.0007275942   0.0010373015   0.0002977800  -0.0004111799   0.0000441851
14  7   0.0003477528   0.0001803837   0.0003666840   0.0002054815  -0.0010767496
14  8   0.0001855764   0.0011610905  -0.0017185224   0.0005302878  -0.0001592901
14  9   0.0009348055  -0.0008379191  -0.0012529121   0.0001897718   0.0038751889
14 10  -0.0059489929  -0.0717833199  -0.0722263294   0.0258257964  -0.2032481342
14 11   0.1166587740   0.0108713810  -0.0077122087  -0.0041188125   0.0213151113
14 12  -0.0164329309  -0.0086581293  -0.0002944594  -0.0002065845   0.0004310545
14 13   0.0014796508  -0.0000809349   0.0013647099   0.0001261251  -0.0000119479
14 14   0.0000066602  -0.0001011275   0.0002461922   0.0003278844   0.0000044407
14 15  -0.0001222929  -0.0001128091
15  1   0.0007337501   0.0001662330  -0.0003091857  -0.0010937747  -0.0015170775
15  2  -0.0006304790  -0.0309786337  -0.0245456203  -0.0049406820   0.0161051304
15  3   0.0232457705  -0.0901317019   0.0343912947  -0.0167130807   0.6312490297
15  4   0.0197299044  -0.0214498346  -0.0963432950  -0.0020773646   0.0010567209
15  5   0.0024957009   0.0012519099  -0.0005044757  -0.0013243891  -0.0002843681
15  6  -0.0005761200  -0.0005995829  -0.0001923870   0.0001078770   0.0000508829
15  7  -0.0000884588  -0.0000070551   0.0001433380  -0.0003305025   0.0008095911
15  8  -0.0000572089  -0.0000352324   0.0003480690   0.0001993324  -0.0037276587
15  9   0.0001451162  -0.0055258035  -0.0012040045  -0.0011481462   0.0011287274
15 10  -0.0205817133  -0.0666151823  -0.2909221575  -0.0204493115   0.1136263613
15 11  -0.1427500742   0.0251261713  -0.0209214858  -0.0090957684  -0.0171076692
15 12   0.0140048065   0.0073356031  -0.0000581923  -0.0000220533   0.0001326209
15 13   0.0005947623   0.0002473825  -0.0004266765   0.0001238827   0.0002523679
15 14   0.0002859336   0.0000968194   0.0000949728   0.0000749179   0.0000556462
15 15  -0.0000851372  -0.0000390824
16  1   0.0006998071   0.0000070199  -0.0001179556  -0.0003127858  -0.0001164934
16  2   0.0004721658  -0.0021693767   0.0015253844  -0.0000825660  -0.0341609463
16  3  -0.0005271040   0.0055390601  -0.1089786214   0.0612756751   0.0197299044
16  4   0.4209384147  -0.0172916832   0.0291421281  -0.1592980303  -0.0678358239
16  5   0.0020851038  -0.0106744917  -0.0110907310   0.0129332245   0.0004362901
16  6   0.0030390975  -0.0013124275  -0.0003815115  -0.0005543395  -0.0005825200
16  7  -0.0001657721   0.0000115092  -0.0000559377   0.0000153864   0.0002661096
16  8  -0.0001999525   0.0002537835   0.0000763963   0.0000874966   0.0004501343
16  9   0.0000284537   0.0003888573  -0.0002276795  -0.0003403288  -0.0004597590
16 10   0.0021097114   0.0003271748  -0.0012784121  -0.0021188714   0.0031126704
16 11   0.0019812874  -0.0544625983  -0.0097954723  -0.0315471225  -0.0543527675
16 12   0.0329935640  -0.0294087126   0.0018447566   0.0027914826  -0.0018206501
16 13   0.0008623715   0.0031876588  -0.0041695601  -0.0006300871  -0.0011160185
16 14  -0.0002090798   0.0009948531  -0.0007439262  -0.0014191455  -0.0006719691
16 15   0.0007697243   0.0003045729
17  1   0.0003667653  -0.0002966796  -0.0002199709  -0.0002664525  -0.0005062890
17  2  -0.0010244176  -0.0005125630   0.0003479492   0.0069422762  -0.0281349657
17  3   0.0084099376   0.0029744886   0.0596881094  -0.1297031072  -0.0214498346
17  4  -0.0172916832   0.5356638883  -0.0341526087  -0.0537441270  -0.0937394226
17  5   0.0117007207  -0.0171693787  -0.0274150268   0.0119980446   0.0019608091
17  6   0.0038479430  -0.0032453320  -0.0003017972  -0.0008137558  -0.0007606668
17  7   0.0000121996   0.0000283533  -0.0000884583   0.0001877182   0.0001826042
17  8  -0.0000809131  -0.0001010855   0.0003556306  -0.0000835953  -0.0003770054
17  9   0.0000411614  -0.0003375886   0.0012905367   0.0005966394  -0.0013365722
17 10   0.0101988959  -0.0073948482  -0.0034309853   0.0216615238  -0.0169649693
17 11  -0.0082003122  -0.0118997020  -0.0892627427  -0.0869393665   0.0369735948
17 12  -0.1837621603   0.1288247254  -0.0006953382  -0.0006627209   0.0036594799
17 13  -0.0023521719   0.0012882744  -0.0032394856  -0.0001232905  -0.0003607870
17 14  -0.0003954160   0.0007186077  -0.0008554566  -0.0013822187  -0.0000891997
17 15   0.0009755845   0.0002680069
18  1   0.0000280153  -0.0005678573  -0.0000555650   0.0002322991   0.0010780836
18  2  -0.0010556695  -0.0013720842   0.0006287004   0.0035872538  -0.0011729292
18  3   0.0026424964   0.0008356169   0.0187761828  -0.0206472850  -0.0963432950
18  4   0.0291421281  -0.0341526087   0.6228722713  -0.0261758902  -0.0043640889
18  5  -0.0913772324   0.0296624054   0.0198826713   0.0005129092   0.0017115701
18  6   0.0024496277  -0.0012417232  -0.0004974420   0.0000491509  -0.0001805628
18  7   0.0001577942   0.0000238898  -0.0000011415  -0.0000193414  -0.0005179749
18  8   0.0001246229  -0.0001990962  -0.0000325637  -0.0000997119  -0.0002981936
18  9  -0.0000378521  -0.0001711300  -0.0001130636   0.0004116231  -0.0009177642
18 10   0.0261816740  -0.0220155653  -0.0086593432  -0.0162762013   0.0138792944
18 11   0.0067763743  -0.0256534496  -0.0836863381  -0.2569918350  -0.0358356215
18 12   0.1237537508  -0.1733229243   0.0014271428   0.0018435172  -0.0041854494
18 13   0.0000330618   0.0006185082   0.0009630066   0.0002399578  -0.0004806843
18 14  -0.0009959339   0.0000559708  -0.0006118668  -0.0002136615  -0.0000348895
18 15  -0.0001466287   0.0001408879
19  1  -0.0008392322   0.0003351785   0.0000544382   0.0002639941  -0.0005525085
19  2  -0.0006127258   0.0021844036   0.0003929145   0.0054816527  -0.0146638929
19  3   0.0032962501   0.0008214215  -0.0344138588  -0.0279439787  -0.0020773646
19  4  -0.1592980303  -0.0537441270  -0.0261758902   0.3072829043   0.1391406682
19  5  -0.0215183917  -0.0845837965  -0.0237398603   0.0151650842  -0.0035714116
19  6  -0.0100411506   0.0199732371   0.0012638523  -0.0005120514   0.0022668489
19  7   0.0001260744  -0.0000307206  -0.0000675768   0.0001086364  -0.0000021309
19  8   0.0001638215  -0.0003945777   0.0002467744  -0.0002232189  -0.0003953017
19  9  -0.0000932019  -0.0003864556   0.0007301721   0.0001165212  -0.0004209634
19 10   0.0021639870  -0.0000630622   0.0006417774   0.0026161378  -0.0001823159
19 11  -0.0015127444  -0.0174314890  -0.0147818976  -0.0036974346  -0.0048497719
19 12  -0.0090900356   0.0026324482  -0.0048111518  -0.0149615427   0.0269893377
19 13   0.0101699603   0.0096605785  -0.0208305189   0.0001287822   0.0009490621
19 14  -0.0007516237  -0.0014936961   0.0026050869   0.0034357402  -0.0002926938
19 15  -0.0010044503   0.0006491011
20  1  -0.0002903532   0.0001484192   0.0000226124  -0.0000702546  -0.0001548287
20  2   0.0001232995   0.0008817806   0.0006425174  -0.0000979384   0.0015818816
20  3   0.0008313494  -0.0013485221   0.0001582304   0.0065983028   0.0010567209
20  4  -0.0678358239  -0.0937394226  -0.0043640889   0.1391406682   0.2059234093
20  5  -0.0943590665  -0.0140278807  -0.0860546296   0.0551708186   0.0009151321
20  6   0.0119690556  -0.0042681999   0.0002104942   0.0013611201  -0.0008242529
20  7   0.0000157416   0.0000308623   0.0001317220  -0.0000154968   0.0001182850
20  8   0.0001015548  -0.0001330803  -0.0000721793  -0.0000561054  -0.0000295410
20  9  -0.0000064206  -0.0000513096  -0.0001774941  -0.0003399846   0.0004224539
20 10  -0.0001892687   0.0007753836   0.0012047270  -0.0019267816   0.0023413360
20 11   0.0000086909  -0.0218186795  -0.0137792115  -0.0024133415  -0.0280247147
20 12  -0.0149072641   0.0005672733  -0.0065839046  -0.0132468171   0.0290411835
20 13  -0.0016186115  -0.0093169251   0.0215287682  -0.0011010810   0.0018718056
20 14   0.0018124692   0.0016439477  -0.0011697059  -0.0024966116  -0.0007049102
20 15   0.0001755426  -0.0009128574
21  1   0.0001719511   0.0001094304   0.0002045095   0.0001470348  -0.0000295480
21  2   0.0004428104  -0.0005154074  -0.0002788106  -0.0030583268   0.0062971089
21  3  -0.0006164638   0.0024292350   0.0058793263   0.0098576739   0.0024957009
21  4   0.0020851038   0.0117007207  -0.0913772324  -0.0215183917  -0.0943590665
21  5   0.3202744966  -0.0108060372   0.0372000564  -0.1685249091   0.0122541093
21  6   0.0174120863  -0.0406746026  -0.0018333583   0.0006067090   0.0007605008
21  7  -0.0001025898  -0.0000180451  -0.0000460114  -0.0000209034   0.0000532430
21  8  -0.0001413309   0.0002931670  -0.0000713179   0.0001735196   0.0002291404
21  9   0.0000537189   0.0003595511  -0.0000020146  -0.0000727042   0.0006241754
21 10  -0.0015167525   0.0011817987   0.0011336294   0.0000262656  -0.0010291823
21 11   0.0002842698  -0.0268347036  -0.0144758249   0.0056509851   0.0261059960
21 12   0.0146693288   0.0016333636   0.0035394988   0.0061909732  -0.0018588982
21 13   0.0024493223   0.0170140417  -0.0282917271  -0.0006835031   0.0003187338
21 14   0.0016309742   0.0036735289  -0.0048429389  -0.0042985504   0.0006821085
21 15  -0.0005746129   0.0001738675
22  1   0.0004306240  -0.0000299798  -0.0000398527  -0.0004476447  -0.0001605888
22  2   0.0001479171  -0.0002369141  -0.0000671768   0.0000113435   0.0002583042
22  3   0.0010450520  -0.0000696136  -0.0013266919  -0.0034448537   0.0012519099
22  4  -0.0106744917  -0.0171693787   0.0296624054  -0.0845837965  -0.0140278807
22  5  -0.0108060372   0.5886160830   0.0458282291   0.0699564217  -0.0925996646
22  6   0.0256824813   0.0286928537  -0.0254190768   0.0211077681   0.0100609887
22  7  -0.0000925954  -0.0000107978   0.0000011802   0.0000115098   0.0001593929
22  8   0.0000294382   0.0000484854   0.0000261183   0.0000253569   0.0001148369
22  9   0.0000391803  -0.0000367531  -0.0000527164  -0.0001715273  -0.0001478255
22 10  -0.0000026008   0.0001543877  -0.0001312868  -0.0010960978   0.0005921032
22 11   0.0001701997   0.0021502336   0.0001158106   0.0007327523  -0.0029255536
22 12  -0.0006278823   0.0004573817  -0.1500895162  -0.1173704660  -0.0462212814
22 13  -0.2325118616   0.0698553964  -0.0730832854   0.0108984571  -0.0132076885
22 14  -0.0139848072  -0.0021836655   0.0028761516   0.0028175906   0.0017143537
22 15  -0.0011938514   0.0005030033
23  1   0.0000183714  -0.0001017261   0.0000236784   0.0001578313   0.0000145414
23  2  -0.0000761775  -0.0004020948  -0.0000791812  -0.0010904983   0.0031936356
23  3  -0.0001100813   0.0006523287   0.0008095180   0.0040086949  -0.0005044757
23  4  -0.0110907310  -0.0274150268   0.0198826713  -0.0237398603  -0.0860546296
23  5   0.0372000564   0.0458282291   0.5361892328   0.0228267946   0.0204505505
23  6  -0.1324696435  -0.0490634441   0.0143151583  -0.0088658705  -0.0023215226
23  7   0.0000245557   0.0000058514  -0.0000419200  -0.0000237018  -0.0000917327
23  8  -0.0000957087   0.0001074495  -0.0000647159   0.0000607994   0.0000436864
23  9  -0.0000072748   0.0002619367  -0.0000681495   0.0001637729   0.0000711722
23 10  -0.0000859911  -0.0002062719   0.0001967193   0.0005992491  -0.0004147479
23 11   0.0001615963   0.0016431115   0.0019893740   0.0027199038  -0.0046578301
23 12  -0.0017858370   0.0000477232  -0.1227993895  -0.1970908675  -0.0537379623
23 13   0.0724385154  -0.0813328687   0.0291892382   0.0125415359  -0.0173128983
23 14  -0.0198547575  -0.0094754910   0.0115687505   0.0141537150   0.0001718413
23 15  -0.0005368442  -0.0006618670
24  1  -0.0002279662   0.0003019644  -0.0000464653  -0.0000986601  -0.0003771959
24  2  -0.0001502431   0.0010259597  -0.0004365835   0.0026769978  -0.0056491974
24  3   0.0007893812  -0.0006526703   0.0014707345  -0.0058038880  -0.0013243891
24  4   0.0129332245   0.0119980446   0.0005129092   0.0151650842   0.0551708186
24  5  -0.1685249091   0.0699564217   0.0228267946   0.4345473878   0.0254609432
24  6  -0.0495844599  -0.1104581826  -0.0063288665   0.0069529488   0.0053788740
24  7   0.0000405317  -0.0000431854  -0.0000498639   0.0000142143   0.0000668350
24  8   0.0001922532  -0.0002400215   0.0001321224  -0.0001677257  -0.0001330389
24  9  -0.0000706433  -0.0002934477   0.0002368893  -0.0000446954  -0.0001500289
24 10   0.0000921496   0.0006242710  -0.0003503334  -0.0002574723   0.0012266211
24 11  -0.0007978938  -0.0039324041  -0.0038085373  -0.0005412419  -0.0027366441
24 12  -0.0035454656   0.0014344599  -0.0406512750  -0.0469268583  -0.0624598125
24 13  -0.0782926120   0.0284062098  -0.0776871951   0.0031405984  -0.0037164191
24 14  -0.0046807584   0.0092373655  -0.0156075851  -0.0163255820  -0.0002259586
24 15   0.0014695051  -0.0000821393
25  1   0.0001491583  -0.0000852304   0.0000204632  -0.0000971598   0.0000654432
25  2  -0.0000001133  -0.0001929182   0.0000038143   0.0003347029  -0.0000710187
25  3  -0.0001632517  -0.0001471285  -0.0003040635   0.0002288921  -0.0002843681
25  4   0.0004362901   0.0019608091   0.0017115701  -0.0035714116   0.0009151321
25  5   0.0122541093  -0.0925996646   0.0204505505   0.0254609432   0.3955808636
25  6   0.1011373713  -0.0348705291  -0.1134479688   0.0244902178  -0.0242966447
25  7  -0.0000173004  -0.0000025466   0.0000066962   0.0000183464  -0.0000139732
25  8   0.0000052421   0.0000109535   0.0000097594  -0.0000052222   0.0000174700
25  9  -0.0000200107  -0.0000135853   0.0000747967   0.0000303457  -0.0000904486
25 10   0.0000803581  -0.0002149631  -0.0000537052   0.0000576821  -0.0001304318
25 11   0.0001249024  -0.0005350008  -0.0003942481   0.0003570068   0.0001872427
25 12   0.0000754484  -0.0001722999   0.0085495304  -0.0120303154  -0.0138969394
25 13  -0.0127872258   0.0201965110   0.0174817213  -0.1356476101  -0.1236535903
25 14  -0.0336021334  -0.0530729309  -0.0304380978   0.0476771659   0.0071815811
25 15  -0.0024176358   0.0019985942
26  1  -0.0000923711   0.0000643708   0.0000434872   0.0000141066  -0.0002594490
26  2  -0.0000858282   0.0000419740  -0.0003812438   0.0003230550  -0.0007817982
26  3   0.0001421323  -0.0001375891  -0.0000455287  -0.0007275942  -0.0005761200
26  4   0.0030390975   0.0038479430   0.0024496277  -0.0100411506   0.0119690556
26  5   0.0174120863   0.0256824813  -0.1324696435  -0.0495844599   0.1011373713
26  6   0.5111078386  -0.0253228475   0.0107740778  -0.0391120647   0.0132528678
26  7   0.0000308795  -0.0000393379  -0.0001031098   0.0000187652  -0.0000157327
26  8   0.0000087319  -0.0000117251   0.0000908157  -0.0000207724  -0.0000351636
26  9  -0.0000316330   0.0000002523   0.0000246030   0.0001629095  -0.0000266021
26 10   0.0001006840  -0.0001644110  -0.0000653926   0.0001188803  -0.0000355324
26 11  -0.0000772259  -0.0003130969   0.0001696553  -0.0006774571  -0.0001887293
26 12   0.0000537536   0.0003791236   0.0136846107  -0.0168517314  -0.0183004157
26 13   0.0042806985  -0.0074774535  -0.0080229590  -0.1300812606  -0.2050571301
26 14  -0.0515704586  -0.0284272931  -0.1204765639   0.1153041270   0.0110698876
26 15  -0.0045089533   0.0053978793
27  1   0.0001168075  -0.0000543415  -0.0000828037  -0.0000482028   0.0000790136
27  2  -0.0000967216  -0.0002511886  -0.0000109271  -0.0003086874   0.0008145973
27  3  -0.0002433085   0.0003041732  -0.0008534078   0.0010373015  -0.0005995829
27  4  -0.0013124275  -0.0032453320  -0.0012417232   0.0199732371  -0.0042681999
27  5  -0.0406746026   0.0286928537  -0.0490634441  -0.1104581826  -0.0348705291
27  6  -0.0253228475   0.5001198115  -0.0005343892   0.0076698314  -0.0474776875
27  7  -0.0000182840  -0.0000042521  -0.0000051539   0.0000133887  -0.0000163504
27  8  -0.0000079295   0.0000484071  -0.0000037006   0.0000069436   0.0000296322
27  9   0.0000026490   0.0000499274  -0.0000059703   0.0000507354  -0.0000045179
27 10   0.0001070819  -0.0001207260   0.0001068967   0.0002658635  -0.0004268467
27 11   0.0001921280   0.0000078732   0.0002934637   0.0001209586  -0.0000340277
27 12  -0.0000335191   0.0000309877   0.0044399087  -0.0085923659  -0.0056183662
27 13  -0.0050619474   0.0043919142   0.0082188587  -0.0358093424  -0.0484672206
27 14  -0.0636632008   0.0451611666   0.1168863477  -0.2318649071  -0.0208711010
27 15   0.0094621256  -0.0070466188
28  1  -0.0000725704   0.0000428502  -0.0000069634   0.0000388397  -0.0000429319
28  2  -0.0001290885   0.0000198735   0.0000397776  -0.0000763399  -0.0000189530
28  3  -0.0000944918   0.0001103849   0.0000337916   0.0002977800  -0.0001923870
28  4  -0.0003815115  -0.0003017972  -0.0004974420   0.0012638523   0.0002104942
28  5  -0.0018333583  -0.0254190768   0.0143151583  -0.0063288665  -0.1134479688
28  6   0.0107740778  -0.0005343892   0.2133068925  -0.0116767592  -0.0490434421
28  7   0.0000228133   0.0000096009   0.0000097142   0.0000000150  -0.0000174805
28  8   0.0000065054   0.0000110500  -0.0000087762  -0.0000036233  -0.0000321525
28  9  -0.0000063861   0.0000074097   0.0000174041   0.0000331172   0.0000529181
28 10  -0.0000128414  -0.0000306220   0.0000630493   0.0001104441  -0.0002053118
28 11   0.0000700321   0.0000750369   0.0001715215   0.0000301986   0.0000665599
28 12   0.0000305673   0.0001579925   0.0017645217  -0.0007972111  -0.0001450796
28 13  -0.0006586971   0.0018522184   0.0035336445  -0.0229858054   0.0133998284
28 14  -0.0094644670   0.0026028821  -0.0004371779  -0.0003597337  -0.0563044000
28 15  -0.0275580459   0.0645733312
29  1   0.0000209088   0.0002403669   0.0001325157  -0.0001182276  -0.0003542697
29  2   0.0001305464  -0.0001248985  -0.0002213903  -0.0002283039   0.0002275656
29  3   0.0002808885  -0.0000099327   0.0000362046  -0.0004111799   0.0001078770
29  4  -0.0005543395  -0.0008137558   0.0000491509  -0.0005120514   0.0013611201
29  5   0.0006067090   0.0211077681  -0.0088658705   0.0069529488   0.0244902178
29  6  -0.0391120647   0.0076698314  -0.0116767592   0.0900846270  -0.1065750895
29  7   0.0000704131   0.0000103248  -0.0000717787   0.0000081091   0.0001135789
29  8   0.0000239863   0.0000354302   0.0000716716   0.0000131463   0.0000128669
29  9  -0.0000044746  -0.0000003579   0.0000052018   0.0001180650   0.0000173806
29 10  -0.0000395905   0.0000552662  -0.0000016578  -0.0000720804   0.0001351890
29 11  -0.0000367689   0.0002683428  -0.0000485413   0.0000513402   0.0000192071
29 12   0.0000868309  -0.0001104722  -0.0002004048   0.0013683846   0.0013211443
29 13   0.0024334427  -0.0011967226  -0.0030761860  -0.0075583429   0.0076348813
29 14  -0.0020423201   0.0129184802  -0.0045841966   0.0039534804  -0.0407974639
29 15  -0.0459487288   0.0911228102
30  1   0.0001739447  -0.0001206896  -0.0000033607  -0.0001883402   0.0000636117
30  2  -0.0003067122  -0.0003139209   0.0002514056  -0.0000625244   0.0003920333
30  3  -0.0000284720   0.0000552752   0.0002325469   0.0000441851   0.0000508829
30  4  -0.0005825200  -0.0007606668  -0.0001805628   0.0022668489  -0.0008242529
30  5   0.0007605008   0.0100609887  -0.0023215226   0.0053788740  -0.0242966447
30  6   0.0132528678  -0.0474776875  -0.0490434421  -0.1065750895   0.2312969940
30  7  -0.0000424445   0.0000303375   0.0001182178  -0.0000059283   0.0000131942
30  8   0.0000341848   0.0000854092  -0.0000679020   0.0000163758  -0.0000082556
30  9   0.0000170230  -0.0000208297   0.0000518416  -0.0000806039   0.0000636685
30 10  -0.0000306785   0.0000270966   0.0000170509  -0.0001085779   0.0001426552
30 11   0.0000023813   0.0001313930   0.0001066065   0.0001818112   0.0000613613
30 12   0.0000226586  -0.0000843216   0.0004060337   0.0008873856   0.0007273024
30 13   0.0018526446  -0.0017255772  -0.0011927779  -0.0075136135   0.0045259331
30 14  -0.0016154613  -0.0210510025   0.0074926405  -0.0059404272   0.0874703227
30 15   0.0856271755  -0.1818188543
31  1  -0.1538920023   0.1953286770  -0.0118304956  -0.0181674451   0.0276616372
31  2  -0.0057532546  -0.0049455994  -0.0013393859   0.0052731449   0.0008266553
31  3  -0.0005523855   0.0000644875   0.0000188498   0.0003477528  -0.0000884588
31  4  -0.0001657721   0.0000121996   0.0001577942   0.0001260744   0.0000157416
31  5  -0.0001025898  -0.0000925954   0.0000245557   0.0000405317  -0.0000173004
31  6   0.0000308795  -0.0000182840   0.0000228133   0.0000704131  -0.0000424445
31  7   0.1744552456  -0.2224758564   0.0139606004   0.0005235904   0.0000328654
31  8  -0.0012418705   0.0016901033  -0.0001319899  -0.0000792259   0.0003342722
31  9  -0.0003425529   0.0000495873  -0.0007463389   0.0014667904  -0.0004551350
31 10  -0.0000346921  -0.0000099228  -0.0000168720  -0.0000297066  -0.0000836202
31 11   0.0001629508   0.0000274076  -0.0000376098  -0.0000745790   0.0000388230
31 12  -0.0000354849  -0.0000205190  -0.0000004903   0.0000054654  -0.0000086587
31 13   0.0000207485  -0.0000047550   0.0000171748   0.0000069380  -0.0000013892
31 14   0.0000060949   0.0000027773   0.0000028666  -0.0000042659  -0.0000023560
31 15   0.0000151082   0.0000042868
32  1   0.2308512683  -0.3625745716   0.0615796120  -0.0067618559   0.0000413674
32  2   0.0043675771   0.0005629775  -0.0000750980  -0.0008350648  -0.0005547998
32  3   0.0002746390  -0.0005127392   0.0001550747   0.0001803837  -0.0000070551
32  4   0.0000115092   0.0000283533   0.0000238898  -0.0000307206   0.0000308623
32  5  -0.0000180451  -0.0000107978   0.0000058514  -0.0000431854  -0.0000025466
32  6  -0.0000393379  -0.0000042521   0.0000096009   0.0000103248   0.0000303375
32  7  -0.2224758564   0.3600280764  -0.0665182085  -0.0012396646   0.0011462083
32  8   0.0007484482  -0.0007084229  -0.0000419581   0.0008022308  -0.0001010152
32  9   0.0007044422   0.0000072207   0.0002917227   0.0002343619   0.0003549734
32 10  -0.0000359488   0.0000188692  -0.0000318299   0.0000379352   0.0000156036
32 11   0.0000592675   0.0000070263  -0.0000032078  -0.0000094131   0.0000041107
32 12   0.0000050969   0.0000057540  -0.0000130108  -0.0000017938  -0.0000068569
32 13   0.0000038246   0.0000116595   0.0000008105  -0.0000031131  -0.0000060122
32 14   0.0000014140  -0.0000006968  -0.0000024647  -0.0000006881   0.0000033992
32 15   0.0000083442   0.0000058026
33  1  -0.0372339596   0.0917013182  -0.0353909754   0.0190098999  -0.0249773117
33  2   0.0001193160   0.0035181065   0.0005882770  -0.0045658452  -0.0006662718
33  3   0.0003264896   0.0002633540   0.0002151595   0.0003666840   0.0001433380
33  4  -0.0000559377  -0.0000884583  -0.0000011415  -0.0000675768   0.0001317220
33  5  -0.0000460114   0.0000011802  -0.0000419200  -0.0000498639   0.0000066962
33  6  -0.0001031098  -0.0000051539   0.0000097142  -0.0000717787   0.0001182178
33  7   0.0139606004  -0.0665182085   0.0383047401   0.0002485591   0.0007148189
33  8   0.0006721463   0.0002759951  -0.0010124107   0.0000950011  -0.0001262969
33  9   0.0001023414  -0.0000806392   0.0009950995  -0.0011088669   0.0003824655
33 10  -0.0000613843   0.0000170902  -0.0000575091  -0.0000389845  -0.0000335667
33 11   0.0000618678   0.0000076877  -0.0000020750   0.0000132272   0.0000157327
33 12   0.0000232763   0.0000204187  -0.0000067173  -0.0000009861  -0.0000112811
33 13  -0.0000083365   0.0000019642  -0.0000021918  -0.0000054231  -0.0000121315
33 14   0.0000081266   0.0000031731  -0.0000067323  -0.0000061818   0.0000032843
33 15   0.0000035744   0.0000145753
34  1  -0.0263219215  -0.0194311081   0.0116589552  -0.1137558737  -0.1049916683
34  2  -0.0186881225   0.0126545578   0.0172762373   0.0023981122   0.0007273725
34  3  -0.0019301577   0.0004336568  -0.0009597427   0.0002054815  -0.0003305025
34  4   0.0000153864   0.0001877182  -0.0000193414   0.0001086364  -0.0000154968
34  5  -0.0000209034   0.0000115098  -0.0000237018   0.0000142143   0.0000183464
34  6   0.0000187652   0.0000133887   0.0000000150   0.0000081091  -0.0000059283
34  7   0.0005235904  -0.0012396646   0.0002485591   0.1340377672   0.1193107473
34  8   0.0102695657  -0.0044655718  -0.0121926191  -0.0042948354  -0.0022541146
34  9   0.0036975711  -0.0013733848   0.0006903608  -0.0012323673   0.0001949118
34 10   0.0001193981  -0.0002148577   0.0001472045  -0.0011043064   0.0005216620
34 11  -0.0006786018  -0.0000071801   0.0000166707  -0.0000095640  -0.0000492696
34 12   0.0000267993   0.0000222045   0.0000100266  -0.0000007340   0.0000086253
34 13  -0.0000068702  -0.0000014249   0.0000169113   0.0000012815   0.0000035199
34 14  -0.0000015058   0.0000060515   0.0000023631  -0.0000017978   0.0000005503
34 15  -0.0000018444  -0.0000018220
35  1  -0.0021585335   0.0063735438   0.0031707710  -0.1053734290  -0.2269609681
35  2  -0.0254951475  -0.0156111384  -0.0250698174  -0.0048803443  -0.0002006422
35  3   0.0032399101  -0.0001638334  -0.0008228735  -0.0010767496   0.0008095911
35  4   0.0002661096   0.0001826042  -0.0005179749  -0.0000021309   0.0001182850
35  5   0.0000532430   0.0001593929  -0.0000917327   0.0000668350  -0.0000139732
35  6  -0.0000157327  -0.0000163504  -0.0000174805   0.0001135789   0.0000131942
35  7   0.0000328654   0.0011462083   0.0007148189   0.1193107473   0.2439530897
35  8   0.0267392909  -0.0007079645  -0.0005032812  -0.0007767415   0.0037888880
35  9  -0.0031297161   0.0007204652   0.0006120645   0.0004168295  -0.0000459304
35 10   0.0001818463   0.0003061365  -0.0001125741   0.0008948570   0.0008139534
35 11  -0.0003952672  -0.0000583700   0.0000190637   0.0001312635  -0.0002282666
35 12   0.0001231873   0.0000610252  -0.0000119429   0.0000057567   0.0000014013
35 13  -0.0000393880   0.0000353227  -0.0000683785  -0.0000057961   0.0000129847
35 14  -0.0000036883  -0.0000010506   0.0000025979  -0.0000004934   0.0000062089
35 15  -0.0000150545  -0.0000051757
36  1   0.0237136525   0.0209607146  -0.0025227963  -0.0193686828  -0.0298060570
36  2  -0.0557604381   0.0012826801   0.0055670146   0.0009201338   0.0016039675
36  3  -0.0003121384   0.0006606772  -0.0005707632   0.0001855764  -0.0000572089
36  4  -0.0001999525  -0.0000809131   0.0001246229   0.0001638215   0.0001015548
36  5  -0.0001413309   0.0000294382  -0.0000957087   0.0001922532   0.0000052421
36  6   0.0000087319  -0.0000079295   0.0000065054   0.0000239863   0.0000341848
36  7  -0.0012418705   0.0007484482   0.0006721463   0.0102695657   0.0267392909
36  8   0.0577541334  -0.0150621050  -0.0252347385  -0.0024599701   0.0000123488
36  9   0.0012311847   0.0007384279  -0.0002229225  -0.0000952509  -0.0001645601
36 10   0.0000041268  -0.0000014428   0.0000155407  -0.0004661281   0.0000871609
36 11   0.0000435850   0.0000162216  -0.0000413320  -0.0000239720   0.0000275940
36 12  -0.0000166793  -0.0000119524   0.0000057740   0.0000122540  -0.0000108909
36 13  -0.0000195866   0.0000088069   0.0000013917   0.0000021972   0.0000025616
36 14   0.0000080461   0.0000135002   0.0000061154  -0.0000100414  -0.0000046243
36 15   0.0000008596   0.0000059478
37  1   0.0021528533   0.0014264237   0.0370226051  -0.0860767259  -0.0037616142
37  2  -0.0900461967  -0.0057531556  -0.0051200566  -0.0164797234  -0.0036070547
37  3   0.0043413341  -0.0025147480   0.0015416183   0.0011610905  -0.0000352324
37  4   0.0002537835  -0.0001010855  -0.0001990962  -0.0003945777  -0.0001330803
37  5   0.0002931670   0.0000484854   0.0001074495  -0.0002400215   0.0000109535
37  6  -0.0000117251   0.0000484071   0.0000110500   0.0000354302   0.0000854092
37  7   0.0016901033  -0.0007084229   0.0002759951  -0.0044655718  -0.0007079645
37  8  -0.0150621050   0.0938435251   0.0036952082   0.0860140982   0.0007668168
37  9   0.0003216606   0.0004285437  -0.0002360423  -0.0002829621   0.0002125702
37 10  -0.0000717774  -0.0000070512  -0.0000354006   0.0003423731  -0.0002538786
37 11   0.0001409128  -0.0000178993   0.0000294114   0.0000490708  -0.0000320249
37 12  -0.0000044699   0.0000271817  -0.0000148220  -0.0000207094   0.0000291819
37 13   0.0000214524   0.0000018747  -0.0000084332  -0.0000016715   0.0000116078
37 14  -0.0000245495  -0.0000239365  -0.0000027122   0.0000201499   0.0000122450
37 15  -0.0000157584  -0.0000017863
38  1   0.0025355272   0.0039867270   0.0000910954  -0.0066236929  -0.0544747143
38  2  -0.0125963556   0.0096513923   0.0038016309   0.0239533724   0.0049065644
38  3  -0.0041639812   0.0030847615  -0.0013554973  -0.0017185224   0.0003480690
38  4   0.0000763963   0.0003556306  -0.0000325637   0.0002467744  -0.0000721793
38  5  -0.0000713179   0.0000261183  -0.0000647159   0.0001321224   0.0000097594
38  6   0.0000908157  -0.0000037006  -0.0000087762   0.0000716716  -0.0000679020
38  7  -0.0001319899  -0.0000419581  -0.0010124107  -0.0121926191  -0.0005032812
38  8  -0.0252347385   0.0036952082   0.0506227868   0.0126710137  -0.0010244012
38  9   0.0005323577  -0.0001950633  -0.0002021075   0.0010624576  -0.0006739001
38 10   0.0001634603   0.0000584842   0.0000099513   0.0003357183   0.0003428397
38 11  -0.0003988972  -0.0000145404   0.0000238296  -0.0000310898  -0.0001024266
38 12   0.0000598838   0.0000354109   0.0000060792   0.0000017677   0.0000020989
38 13  -0.0000009916   0.0000061131  -0.0000042063   0.0000016938   0.0000131083
38 14  -0.0000090400   0.0000016643   0.0000126050   0.0000004068   0.0000006863
38 15  -0.0000033567   0.0000028832
39  1   0.0106520360  -0.0012273391  -0.0275456013  -0.0884232612  -0.0116689864
39  2  -0.2533109424  -0.0030715481  -0.0019194276  -0.0063169663  -0.0012745762
39  3   0.0010489591   0.0008244395   0.0007585001   0.0005302878   0.0001993324
39  4   0.0000874966  -0.0000835953  -0.0000997119  -0.0002232189  -0.0000561054
39  5   0.0001735196   0.0000253569   0.0000607994  -0.0001677257  -0.0000052222
39  6  -0.0000207724   0.0000069436  -0.0000036233   0.0000131463   0.0000163758
39  7  -0.0000792259   0.0008022308   0.0000950011  -0.0042948354  -0.0007767415
39  8  -0.0024599701   0.0860140982   0.0126710137   0.2876387260   0.0003017541
39  9   0.0002122183  -0.0000198892  -0.0005911356   0.0004497881   0.0008833226
39 10   0.0000389549   0.0000432484  -0.0000316389   0.0001021707  -0.0000661988
39 11   0.0000699372  -0.0000001703   0.0000155184   0.0000290424  -0.0000103526
39 12  -0.0000073496   0.0000110530  -0.0000040553  -0.0000109018   0.0000136476
39 13   0.0000113788  -0.0000057275  -0.0000061283   0.0000006154   0.0000130159
39 14  -0.0000133114  -0.0000189352  -0.0000055371   0.0000101974   0.0000077984
39 15  -0.0000115438   0.0000003474
40  1   0.0014805907  -0.0013923956  -0.0004866620   0.0108293473   0.0181092859
40  2  -0.0001248510  -0.1319040835  -0.1216121396   0.0053853706  -0.0149600971
40  3  -0.0123210018  -0.0071382245   0.0014838695  -0.0001592901  -0.0037276587
40  4   0.0004501343  -0.0003770054  -0.0002981936  -0.0003953017  -0.0000295410
40  5   0.0002291404   0.0001148369   0.0000436864  -0.0001330389   0.0000174700
40  6  -0.0000351636   0.0000296322  -0.0000321525   0.0000128669  -0.0000082556
40  7   0.0003342722  -0.0001010152  -0.0001262969  -0.0022541146   0.0037888880
40  8   0.0000123488   0.0007668168  -0.0010244012   0.0003017541   0.1460703372
40  9   0.1327663222   0.0041626392  -0.0110814257  -0.0173518763   0.0018484061
40 10  -0.0010446819  -0.0003398869  -0.0001564613   0.0001117235   0.0001183867
40 11   0.0002417851   0.0001524193  -0.0001184129   0.0001382388  -0.0000770272
40 12   0.0000073553  -0.0001178107  -0.0000317252  -0.0000007006  -0.0000008555
40 13  -0.0000183617   0.0000490693  -0.0000134057   0.0000005540  -0.0000114301
40 14  -0.0000190096  -0.0000176863   0.0000020559   0.0000130156   0.0000042858
40 15  -0.0000236561  -0.0000116068
41  1  -0.0009110114   0.0031689771  -0.0002543301  -0.0155996152  -0.0270676151
41  2   0.0026163223  -0.1220998343  -0.2271429272   0.0045287676  -0.0023462465
41  3   0.0030385755  -0.0031314964   0.0018475992   0.0009348055   0.0001451162
41  4   0.0000284537   0.0000411614  -0.0000378521  -0.0000932019  -0.0000064206
41  5   0.0000537189   0.0000391803  -0.0000072748  -0.0000706433  -0.0000200107
41  6  -0.0000316330   0.0000026490  -0.0000063861  -0.0000044746   0.0000170230
41  7  -0.0003425529   0.0007044422   0.0001023414   0.0036975711  -0.0031297161
41  8   0.0012311847   0.0003216606   0.0005323577   0.0002122183   0.1327663222
41  9   0.2443645590  -0.0059974243   0.0025670204   0.0044455982   0.0005178207
41 10  -0.0000189220   0.0000265170   0.0000561269   0.0002151693   0.0000384840
41 11  -0.0000218033  -0.0000592412   0.0000792255  -0.0000054208   0.0000162627
41 12   0.0000371770   0.0000457122  -0.0000022288  -0.0000090385   0.0000061188
41 13  -0.0000003119  -0.0000120162  -0.0000129243  -0.0000006465   0.0000067434
41 14  -0.0000060039  -0.0000046239  -0.0000027306   0.0000024472   0.0000055938
41 15  -0.0000047766   0.0000003310
42  1  -0.0007909207  -0.0006631057   0.0000866686   0.0041797625   0.0037925166
42  2   0.0015400074   0.0121377706   0.0114293901  -0.0476664013  -0.0294607854
42  3  -0.0257903882  -0.0080453788   0.0006614256  -0.0008379191  -0.0055258035
42  4   0.0003888573  -0.0003375886  -0.0001711300  -0.0003864556  -0.0000513096
42  5   0.0003595511  -0.0000367531   0.0002619367  -0.0002934477  -0.0000135853
42  6   0.0000002523   0.0000499274   0.0000074097  -0.0000003579  -0.0000208297
42  7   0.0000495873   0.0000072207  -0.0000806392  -0.0013733848   0.0007204652
42  8   0.0007384279   0.0004285437  -0.0001950633  -0.0000198892   0.0041626392
42  9  -0.0059974243   0.0579490708   0.0120753581   0.0188832764   0.0008512360
42 10  -0.0016045095  -0.0008954071  -0.0000097479  -0.0001920401  -0.0004440931
42 11  -0.0000164006  -0.0002678181   0.0001712984   0.0001526063  -0.0000076638
42 12   0.0000135567   0.0000624970   0.0000230469  -0.0000278074   0.0000307977
42 13   0.0000443420  -0.0000554672   0.0000168694  -0.0000139263   0.0000231984
42 14   0.0000001630  -0.0000190381   0.0000034584   0.0000195407   0.0000081379
42 15  -0.0000106384  -0.0000076952
43  1  -0.0022127254   0.0050702533  -0.0012157072  -0.0116189075  -0.0034288366
43  2   0.0146722600  -0.1702922623   0.0144384100   0.1233617012   0.0120072196
43  3  -0.0006331041  -0.0175871498   0.0022464289  -0.0012529121  -0.0012040045
43  4  -0.0002276795   0.0012905367  -0.0001130636   0.0007301721  -0.0001774941
43  5  -0.0000020146  -0.0000527164  -0.0000681495   0.0002368893   0.0000747967
43  6   0.0000246030  -0.0000059703   0.0000174041   0.0000052018   0.0000518416
43  7  -0.0007463389   0.0002917227   0.0009950995   0.0006903608   0.0006120645
43  8  -0.0002229225  -0.0002360423  -0.0002021075  -0.0005911356  -0.0110814257
43  9   0.0025670204   0.0120753581   0.1819395168  -0.0187662295  -0.1296869105
43 10   0.0000084599  -0.0000609678   0.0002753716  -0.0001361875   0.0001748182
43 11  -0.0002018817  -0.0012084466   0.0001447852  -0.0008032373   0.0000838497
43 12  -0.0001246952  -0.0000260304  -0.0000091039   0.0000234717  -0.0000258528
43 13  -0.0000018918   0.0000627903   0.0000014777   0.0000090149  -0.0000115820
43 14   0.0000183300   0.0000235455   0.0000053612  -0.0000090142  -0.0000070411
43 15   0.0000150394   0.0000065661
44  1   0.0036244978  -0.0054264297   0.0014848047   0.0191846258   0.0002972393
44  2  -0.0198746313   0.0138389881  -0.0541887986  -0.0130926271  -0.0014393370
44  3   0.0023244493  -0.0012951620   0.0006555740   0.0001897718  -0.0011481462
44  4  -0.0003403288   0.0005966394   0.0004116231   0.0001165212  -0.0003399846
44  5  -0.0000727042  -0.0001715273   0.0001637729  -0.0000446954   0.0000303457
44  6   0.0001629095   0.0000507354   0.0000331172   0.0001180650  -0.0000806039
44  7   0.0014667904   0.0002343619  -0.0011088669  -0.0012323673   0.0004168295
44  8  -0.0000952509  -0.0002829621   0.0010624576   0.0004497881  -0.0173518763
44  9   0.0044455982   0.0188832764  -0.0187662295   0.0506017779   0.0157534200
44 10   0.0000395878  -0.0002629826   0.0001987851   0.0000920706  -0.0003287852
44 11  -0.0004566531   0.0003415166   0.0000701399  -0.0000842845   0.0001134645
44 12  -0.0000384363   0.0000452262   0.0000347693  -0.0000333880   0.0000236236
44 13   0.0000224874  -0.0001056224   0.0000597058   0.0000015912   0.0000189473
44 14  -0.0000211394  -0.0000104913   0.0000087502   0.0000049107  -0.0000008280
44 15   0.0000127178   0.0000088658
45  1  -0.0011991555   0.0014131111   0.0010874964  -0.0011083852  -0.0001725136
45  2   0.0034263918   0.1207230187  -0.0158584944  -0.1704700760   0.0066193064
45  3  -0.0035109524  -0.0410590251   0.0052940816   0.0038751889   0.0011287274
45  4  -0.0004597590  -0.0013365722  -0.0009177642  -0.0004209634   0.0004224539
45  5   0.0006241754  -0.0001478255   0.0000711722  -0.0001500289  -0.0000904486
45  6  -0.0000266021  -0.0000045179   0.0000529181   0.0000173806   0.0000636685
45  7  -0.0004551350   0.0003549734   0.0003824655   0.0001949118  -0.0000459304
45  8  -0.0001645601   0.0002125702  -0.0006739001   0.0008833226   0.0018484061
45  9   0.0005178207   0.0008512360  -0.1296869105   0.0157534200   0.2023665414
45 10  -0.0003271448  -0.0003853309   0.0003491722  -0.0006195908  -0.0010158559
45 11   0.0005035722  -0.0006984874   0.0005589438   0.0007833121   0.0002003311
45 12   0.0000909434   0.0002718070   0.0000541906  -0.0000186513   0.0000361333
45 13   0.0000216779  -0.0000938327  -0.0000343801  -0.0000091798   0.0000610758
45 14   0.0000459649   0.0000020683   0.0000108093   0.0000061475  -0.0000004954
45 15  -0.0000086569  -0.0000097818
46  1  -0.0001562050   0.0002008485   0.0003055740   0.0003229762  -0.0004300522
46  2  -0.0002451209  -0.0022968545  -0.0056925632   0.0013199209  -0.0156902950
46  3  -0.0127055583  -0.0327027389  -0.0476156220  -0.0059489929  -0.0205817133
46  4   0.0021097114   0.0101988959   0.0261816740   0.0021639870  -0.0001892687
46  5  -0.0015167525  -0.0000026008  -0.0000859911   0.0000921496   0.0000803581
46  6   0.0001006840   0.0001070819  -0.0000128414  -0.0000395905  -0.0000306785
46  7  -0.0000346921  -0.0000359488  -0.0000613843   0.0001193981   0.0001818463
46  8   0.0000041268  -0.0000717774   0.0001634603   0.0000389549  -0.0010446819
46  9  -0.0000189220  -0.0016045095   0.0000084599   0.0000395878  -0.0003271448
46 10   0.0640450164   0.0119249901   0.0316079832   0.0013349865   0.0002443618
46 11  -0.0032692613  -0.0044221145   0.0026858686   0.0013542256   0.0012299062
46 12  -0.0005394157  -0.0004773766  -0.0000239103  -0.0000117514   0.0000315261
46 13   0.0000533937   0.0001270140  -0.0000735581  -0.0000627388  -0.0001312186
46 14  -0.0001444059  -0.0000509509  -0.0000741039  -0.0000427412   0.0000170913
46 15   0.0000358199   0.0000341689
47  1   0.0001198138   0.0000659383  -0.0000569543  -0.0000215836   0.0000971945
47  2   0.0001039174   0.0000629150  -0.0028344494   0.0014039141  -0.0125299459
47  3  -0.0059671601  -0.0179703829  -0.0045773423  -0.0717833199  -0.0666151823
47  4   0.0003271748  -0.0073948482  -0.0220155653  -0.0000630622   0.0007753836
47  5   0.0011817987   0.0001543877  -0.0002062719   0.0006242710  -0.0002149631
47  6  -0.0001644110  -0.0001207260  -0.0000306220   0.0000552662   0.0000270966
47  7  -0.0000099228   0.0000188692   0.0000170902  -0.0002148577   0.0003061365
47  8  -0.0000014428  -0.0000070512   0.0000584842   0.0000432484  -0.0003398869
47  9   0.0000265170  -0.0008954071  -0.0000609678  -0.0002629826  -0.0003853309
47 10   0.0119249901   0.0790783438   0.0813400494   0.0033037719   0.0087433682
47 11   0.0245848327   0.0030606627  -0.0016472974  -0.0011505874  -0.0007120238
47 12   0.0007728178  -0.0000543892  -0.0000602377   0.0000688897  -0.0000041313
47 13  -0.0001605463   0.0000955916  -0.0001582415   0.0000404178   0.0000670793
47 14   0.0000936991   0.0000222930   0.0000443562   0.0000398420  -0.0000134136
47 15  -0.0000134957  -0.0000314184
48  1  -0.0002572875   0.0001322106   0.0002380933   0.0002406851  -0.0003186765
48  2  -0.0001116117   0.0008461220  -0.0004328185   0.0018293726  -0.0042987876
48  3  -0.0008888617   0.0035034645  -0.0274803770  -0.0722263294  -0.2909221575
48  4  -0.0012784121  -0.0034309853  -0.0086593432   0.0006417774   0.0012047270
48  5   0.0011336294  -0.0001312868   0.0001967193  -0.0003503334  -0.0000537052
48  6  -0.0000653926   0.0001068967   0.0000630493  -0.0000016578   0.0000170509
48  7  -0.0000168720  -0.0000318299  -0.0000575091   0.0001472045  -0.0001125741
48  8   0.0000155407  -0.0000354006   0.0000099513  -0.0000316389  -0.0001564613
48  9   0.0000561269  -0.0000097479   0.0002753716   0.0001987851   0.0003491722
48 10   0.0316079832   0.0813400494   0.3070082674  -0.0014502153  -0.0046890795
48 11  -0.0166550902   0.0010292065  -0.0007842735   0.0011433891   0.0001575124
48 12   0.0000196180   0.0012457557   0.0001283704  -0.0000382383  -0.0000081996
48 13   0.0000253424  -0.0001881583   0.0001678380   0.0000183576   0.0000541352
48 14   0.0000382088  -0.0000170014   0.0000158024   0.0000250778  -0.0000051756
48 15  -0.0000192500  -0.0000161255
49  1   0.0002648531   0.0001646659  -0.0001043353  -0.0008235337  -0.0003481155
49  2   0.0002183567   0.0027322071  -0.0009700275   0.0028963462  -0.0090304801
49  3  -0.0337004212   0.0180737053  -0.0531731460   0.0258257964  -0.0204493115
49  4  -0.0021188714   0.0216615238  -0.0162762013   0.0026161378  -0.0019267816
49  5   0.0000262656  -0.0010960978   0.0005992491  -0.0002574723   0.0000576821
49  6   0.0001188803   0.0002658635   0.0001104441  -0.0000720804  -0.0001085779
49  7  -0.0000297066   0.0000379352  -0.0000389845  -0.0011043064   0.0008948570
49  8  -0.0004661281   0.0003423731   0.0003357183   0.0001021707   0.0001117235
49  9   0.0002151693  -0.0001920401  -0.0001361875   0.0000920706  -0.0006195908
49 10   0.0013349865   0.0033037719  -0.0014502153   0.0635888490  -0.0179985632
49 11   0.0145652782   0.0007654616  -0.0006490625   0.0003882898  -0.0041058284
49 12   0.0026439260   0.0022726921   0.0001522099  -0.0001566061   0.0001871209
49 13  -0.0004789950  -0.0000701920   0.0010222095  -0.0000080071  -0.0000289829
49 14  -0.0000692360  -0.0000079532   0.0000081914   0.0000088793   0.0000361855
49 15   0.0000190778   0.0000049152
50  1   0.0005410663   0.0002935135  -0.0003344566  -0.0005720111  -0.0002402373
50  2  -0.0005158721   0.0019152337   0.0009111487   0.0047593726  -0.0134036390
50  3  -0.0202830029   0.0074722869   0.0241011432  -0.2032481342   0.1136263613
50  4   0.0031126704  -0.0169649693   0.0138792944  -0.0001823159   0.0023413360
50  5  -0.0010291823   0.0005921032  -0.0004147479   0.0012266211  -0.0001304318
50  6  -0.0000355324  -0.0004268467  -0.0002053118   0.0001351890   0.0001426552
50  7  -0.0000836202   0.0000156036  -0.0000335667   0.0005216620   0.0008139534
50  8   0.0000871609  -0.0002538786   0.0003428397  -0.0000661988   0.0001183867
50  9   0.0000384840  -0.0004440931   0.0001748182  -0.0003287852  -0.0010158559
50 10   0.0002443618   0.0087433682  -0.0046890795  -0.0179985632   0.2278134209
50 11  -0.1302306780  -0.0004725032   0.0008174953  -0.0000935236   0.0024031288
50 12  -0.0013792558  -0.0015920014  -0.0000727178   0.0001462076  -0.0001434605
50 13  -0.0003775187   0.0005134130  -0.0006398490   0.0000127361   0.0000093648
50 14   0.0000849852   0.0000475316  -0.0000007553  -0.0000251008  -0.0000323306
50 15  -0.0000399172   0.0000010276
51  1  -0.0001766936  -0.0003473725  -0.0000502283  -0.0000676628   0.0009906009
51  2   0.0006035592  -0.0012275458  -0.0019493894  -0.0005201829   0.0025603096
51  3   0.0006145210   0.0036336639  -0.0148195314   0.1166587740  -0.1427500742
51  4   0.0019812874  -0.0082003122   0.0067763743  -0.0015127444   0.0000086909
51  5   0.0002842698   0.0001701997   0.0001615963  -0.0007978938   0.0001249024
51  6  -0.0000772259   0.0001921280   0.0000700321  -0.0000367689   0.0000023813
51  7   0.0001629508   0.0000592675   0.0000618678  -0.0006786018  -0.0003952672
51  8   0.0000435850   0.0001409128  -0.0003988972   0.0000699372   0.0002417851
51  9  -0.0000218033  -0.0000164006  -0.0002018817  -0.0004566531   0.0005035722
51 10  -0.0032692613   0.0245848327  -0.0166550902   0.0145652782  -0.1302306780
51 11   0.1473996252  -0.0007847379   0.0003532867   0.0006664962   0.0018859559
51 12  -0.0013161977   0.0005036060  -0.0002080429   0.0000463527   0.0000667812
51 13   0.0010420767  -0.0000222984  -0.0000107756   0.0000151153  -0.0000526318
51 14  -0.0000420392  -0.0000151811   0.0000307697   0.0000376430   0.0000010787
51 15  -0.0000031969  -0.0000028056
52  1   0.0001254531  -0.0001275044  -0.0000752215  -0.0000831941   0.0002711874
52  2  -0.0000864381  -0.0009854018   0.0002780589   0.0006087676   0.0025258793
52  3  -0.0013534347  -0.0016345620   0.0049804218   0.0108713810   0.0251261713
52  4  -0.0544625983  -0.0118997020  -0.0256534496  -0.0174314890  -0.0218186795
52  5  -0.0268347036   0.0021502336   0.0016431115  -0.0039324041  -0.0005350008
52  6  -0.0003130969   0.0000078732   0.0000750369   0.0002683428   0.0001313930
52  7   0.0000274076   0.0000070263   0.0000076877  -0.0000071801  -0.0000583700
52  8   0.0000162216  -0.0000178993  -0.0000145404  -0.0000001703   0.0001524193
52  9  -0.0000592412  -0.0002678181  -0.0012084466   0.0003415166  -0.0006984874
52 10  -0.0044221145   0.0030606627   0.0010292065   0.0007654616  -0.0004725032
52 11  -0.0007847379   0.0676465372   0.0205055598   0.0359253047   0.0009032364
52 12  -0.0013211910  -0.0051205447   0.0001718002   0.0000867140   0.0002377020
52 13   0.0001544797  -0.0002126336   0.0007423582  -0.0007615866   0.0002487005
52 14   0.0013228741   0.0002883089   0.0003118957   0.0000846362  -0.0000517644
52 15  -0.0002432604  -0.0001516589
53  1  -0.0001857086   0.0001927916   0.0000782481   0.0000865561  -0.0003244139
53  2   0.0002112558   0.0001789902   0.0002064860  -0.0008014399  -0.0001961496
53  3   0.0012399499   0.0017309466  -0.0023616778  -0.0077122087  -0.0209214858
53  4  -0.0097954723  -0.0892627427  -0.0836863381  -0.0147818976  -0.0137792115
53  5  -0.0144758249   0.0001158106   0.0019893740  -0.0038085373  -0.0003942481
53  6   0.0001696553   0.0002934637   0.0001715215  -0.0000485413   0.0001066065
53  7  -0.0000376098  -0.0000032078  -0.0000020750   0.0000166707   0.0000190637
53  8  -0.0000413320   0.0000294114   0.0000238296   0.0000155184  -0.0001184129
53  9   0.0000792255   0.0001712984   0.0001447852   0.0000701399   0.0005589438
53 10   0.0026858686  -0.0016472974  -0.0007842735  -0.0006490625   0.0008174953
53 11   0.0003532867   0.0205055598   0.0969361450   0.0998079310   0.0040232250
53 12   0.0112475237   0.0200443089   0.0003664091  -0.0001361310   0.0002751256
53 13   0.0002851596  -0.0006684771   0.0003393253  -0.0001647944   0.0006196945
53 14   0.0004349582  -0.0000086595   0.0000641036   0.0001157083   0.0000837254
53 15  -0.0000932461  -0.0000156187
54  1  -0.0001850662   0.0002572214   0.0001131799   0.0000334653  -0.0003594527
54  2   0.0004602283  -0.0000714465   0.0003035217  -0.0015870033   0.0006833959
54  3   0.0010898275   0.0012506782  -0.0018794641  -0.0041188125  -0.0090957684
54  4  -0.0315471225  -0.0869393665  -0.2569918350  -0.0036974346  -0.0024133415
54  5   0.0056509851   0.0007327523   0.0027199038  -0.0005412419   0.0003570068
54  6  -0.0006774571   0.0001209586   0.0000301986   0.0000513402   0.0001818112
54  7  -0.0000745790  -0.0000094131   0.0000132272  -0.0000095640   0.0001312635
54  8  -0.0000239720   0.0000490708  -0.0000310898   0.0000290424   0.0001382388
54  9  -0.0000054208   0.0001526063  -0.0008032373  -0.0000842845   0.0007833121
54 10   0.0013542256  -0.0011505874   0.0011433891   0.0003882898  -0.0000935236
54 11   0.0006664962   0.0359253047   0.0998079310   0.2755786234  -0.0025907674
54 12  -0.0088695462  -0.0186815047  -0.0001313831  -0.0001072040   0.0001365485
54 13   0.0003637567  -0.0001804729   0.0005574489   0.0011740047   0.0005612417
54 14  -0.0001110723  -0.0002389639   0.0002423260   0.0003301924  -0.0000006815
54 15  -0.0001246043  -0.0001363302
55  1  -0.0001890927  -0.0000380589   0.0000396564   0.0001871625   0.0002072309
55  2  -0.0000084245  -0.0000470740  -0.0000177892  -0.0003023499   0.0022748803
55  3  -0.0010870148   0.0006212016  -0.0044933698   0.0213151113  -0.0171076692
55  4  -0.0543527675   0.0369735948  -0.0358356215  -0.0048497719  -0.0280247147
55  5   0.0261059960  -0.0029255536  -0.0046578301  -0.0027366441   0.0001872427
55  6  -0.0001887293  -0.0000340277   0.0000665599   0.0000192071   0.0000613613
55  7   0.0000388230   0.0000041107   0.0000157327  -0.0000492696  -0.0002282666
55  8   0.0000275940  -0.0000320249  -0.0001024266  -0.0000103526  -0.0000770272
55  9   0.0000162627  -0.0000076638   0.0000838497   0.0001134645   0.0002003311
55 10   0.0012299062  -0.0007120238   0.0001575124  -0.0041058284   0.0024031288
55 11   0.0018859559   0.0009032364   0.0040232250  -0.0025907674   0.0666767439
55 12  -0.0292139139   0.0273672065  -0.0004735819  -0.0008334198   0.0015818400
55 13   0.0000472098  -0.0002404774   0.0004034895   0.0000166205   0.0001813923
55 14   0.0001196681  -0.0000478260   0.0001236747   0.0000381513  -0.0000690475
55 15  -0.0000357378   0.0000078241
56  1   0.0000831545   0.0000916586  -0.0000436422  -0.0002652058  -0.0002556046
56  2   0.0000175567  -0.0000377594   0.0001056687  -0.0004104700   0.0000437253
56  3   0.0018153738  -0.0007134011   0.0055413743  -0.0164329309   0.0140048065
56  4   0.0329935640  -0.1837621603   0.1237537508  -0.0090900356  -0.0149072641
56  5   0.0146693288  -0.0006278823  -0.0017858370  -0.0035454656   0.0000754484
56  6   0.0000537536  -0.0000335191   0.0000305673   0.0000868309   0.0000226586
56  7  -0.0000354849   0.0000050969   0.0000232763   0.0000267993   0.0001231873
56  8  -0.0000166793  -0.0000044699   0.0000598838  -0.0000073496   0.0000073553
56  9   0.0000371770   0.0000135567  -0.0001246952  -0.0000384363   0.0000909434
56 10  -0.0005394157   0.0007728178   0.0000196180   0.0026439260  -0.0013792558
56 11  -0.0013161977  -0.0013211910   0.0112475237  -0.0088695462  -0.0292139139
56 12   0.2045629573  -0.1388641758  -0.0001732303  -0.0004102069   0.0009281111
56 13   0.0000974632  -0.0001753934   0.0000811092  -0.0000928774   0.0001773442
56 14   0.0001706123  -0.0000060596   0.0000637861   0.0000123810  -0.0000111564
56 15  -0.0000559705   0.0000127371
57  1  -0.0000602638   0.0000681213   0.0000243064  -0.0000185183  -0.0002192595
57  2   0.0001336864  -0.0000222956   0.0001425857  -0.0006471029  -0.0011912796
57  3  -0.0005411922   0.0000148679   0.0036023334  -0.0086581293   0.0073356031
57  4  -0.0294087126   0.1288247254  -0.1733229243   0.0026324482   0.0005672733
57  5   0.0016333636   0.0004573817   0.0000477232   0.0014344599  -0.0001722999
57  6   0.0003791236   0.0000309877   0.0001579925  -0.0001104722  -0.0000843216
57  7  -0.0000205190   0.0000057540   0.0000204187   0.0000222045   0.0000610252
57  8  -0.0000119524   0.0000271817   0.0000354109   0.0000110530  -0.0001178107
57  9   0.0000457122   0.0000624970  -0.0000260304   0.0000452262   0.0002718070
57 10  -0.0004773766  -0.0000543892   0.0012457557   0.0022726921  -0.0015920014
57 11   0.0005036060  -0.0051205447   0.0200443089  -0.0186815047   0.0273672065
57 12  -0.1388641758   0.1797225404   0.0002605255  -0.0000022080  -0.0001282486
57 13  -0.0001304308  -0.0004776105   0.0002535855  -0.0001800122   0.0001551208
57 14   0.0001898793   0.0000461538  -0.0000063719  -0.0000553567   0.0000999744
57 15   0.0001036994   0.0000429935
58  1  -0.0000831611   0.0000400877   0.0000556234   0.0000579969  -0.0000514944
58  2  -0.0000225773   0.0001281989  -0.0000207894  -0.0000248429  -0.0002795759
58  3   0.0000323231  -0.0000124754   0.0003543818  -0.0002944594  -0.0000581923
58  4   0.0018447566  -0.0006953382   0.0014271428  -0.0048111518  -0.0065839046
58  5   0.0035394988  -0.1500895162  -0.1227993895  -0.0406512750   0.0085495304
58  6   0.0136846107   0.0044399087   0.0017645217  -0.0002004048   0.0004060337
58  7  -0.0000004903  -0.0000130108  -0.0000067173   0.0000100266  -0.0000119429
58  8   0.0000057740  -0.0000148220   0.0000060792  -0.0000040553  -0.0000317252
58  9  -0.0000022288   0.0000230469  -0.0000091039   0.0000347693   0.0000541906
58 10  -0.0000239103  -0.0000602377   0.0001283704   0.0001522099  -0.0000727178
58 11  -0.0002080429   0.0001718002   0.0003664091  -0.0001313831  -0.0004735819
58 12  -0.0001732303   0.0002605255   0.1585116309   0.1340145307   0.0364106076
58 13  -0.0152122449  -0.0191586590  -0.0070486225  -0.0007554551   0.0026099896
58 14   0.0022767733   0.0003660960  -0.0007056456  -0.0007960104  -0.0001264112
58 15   0.0000546539  -0.0000633013
59  1  -0.0000321978  -0.0000070425  -0.0000122497  -0.0000171177  -0.0000428623
59  2  -0.0000211202   0.0000845133   0.0000063761   0.0002134014  -0.0003321919
59  3   0.0000684323  -0.0001111220   0.0002363739  -0.0002065845  -0.0000220533
59  4   0.0027914826  -0.0006627209   0.0018435172  -0.0149615427  -0.0132468171
59  5   0.0061909732  -0.1173704660  -0.1970908675  -0.0469268583  -0.0120303154
59  6  -0.0168517314  -0.0085923659  -0.0007972111   0.0013683846   0.0008873856
59  7   0.0000054654  -0.0000017938  -0.0000009861  -0.0000007340   0.0000057567
59  8   0.0000122540  -0.0000207094   0.0000017677  -0.0000109018  -0.0000007006
59  9  -0.0000090385  -0.0000278074   0.0000234717  -0.0000333880  -0.0000186513
59 10  -0.0000117514   0.0000688897  -0.0000382383  -0.0001566061   0.0001462076
59 11   0.0000463527   0.0000867140  -0.0001361310  -0.0001072040  -0.0008334198
59 12  -0.0004102069  -0.0000022080   0.1340145307   0.2167483515   0.0476518687
59 13   0.0072278610   0.0109689894   0.0021277738   0.0017832165  -0.0010130743
59 14  -0.0029787464   0.0002691979   0.0004939087  -0.0001335307   0.0000421370
59 15  -0.0001648053   0.0000305169
60  1   0.0000157372   0.0000119716   0.0000029040  -0.0000039953  -0.0000227546
60  2   0.0000279003  -0.0000805538  -0.0000987323  -0.0003399818   0.0004650392
60  3  -0.0001205389   0.0001603943  -0.0004574159   0.0004310545   0.0001326209
60  4  -0.0018206501   0.0036594799  -0.0041854494   0.0269893377   0.0290411835
60  5  -0.0018588982  -0.0462212814  -0.0537379623  -0.0624598125  -0.0138969394
60  6  -0.0183004157  -0.0056183662  -0.0001450796   0.0013211443   0.0007273024
60  7  -0.0000086587  -0.0000068569  -0.0000112811   0.0000086253   0.0000014013
60  8  -0.0000108909   0.0000291819   0.0000020989   0.0000136476  -0.0000008555
60  9   0.0000061188   0.0000307977  -0.0000258528   0.0000236236   0.0000361333
60 10   0.0000315261  -0.0000041313  -0.0000081996   0.0001871209  -0.0001434605
60 11   0.0000667812   0.0002377020   0.0002751256   0.0001365485   0.0015818400
60 12   0.0009281111  -0.0001282486   0.0364106076   0.0476518687   0.0764486499
60 13  -0.0061524332  -0.0087833615  -0.0013002994   0.0028834530  -0.0025286564
60 14  -0.0023413090  -0.0001716769   0.0004795825   0.0004170177   0.0001452218
60 15  -0.0000858937   0.0000620388
61  1  -0.0000716303  -0.0000044726   0.0000538735   0.0001446611   0.0000542835
61  2  -0.0000430514  -0.0000853548   0.0000579801  -0.0002014811   0.0006662487
61  3  -0.0003379531  -0.0001998690   0.0000351633   0.0014796508   0.0005947623
61  4   0.0008623715  -0.0023521719   0.0000330618   0.0101699603  -0.0016186115
61  5   0.0024493223  -0.2325118616   0.0724385154  -0.0782926120  -0.0127872258
61  6   0.0042806985  -0.0050619474  -0.0006586971   0.0024334427   0.0018526446
61  7   0.0000207485   0.0000038246  -0.0000083365  -0.0000068702  -0.0000393880
61  8  -0.0000195866   0.0000214524  -0.0000009916   0.0000113788  -0.0000183617
61  9  -0.0000003119   0.0000443420  -0.0000018918   0.0000224874   0.0000216779
61 10   0.0000533937  -0.0001605463   0.0000253424  -0.0004789950  -0.0003775187
61 11   0.0010420767   0.0001544797   0.0002851596   0.0003637567   0.0000472098
61 12   0.0000974632  -0.0001304308  -0.0152122449   0.0072278610  -0.0061524332
61 13   0.2487730323  -0.0832779162   0.0828843851   0.0008728421   0.0002841073
61 14   0.0002689105  -0.0000839434  -0.0001562489   0.0004589252   0.0000955132
61 15  -0.0003393432   0.0000052880
62  1   0.0001328312   0.0000396520  -0.0000505711  -0.0000846498   0.0001265067
62  2   0.0000482240  -0.0001794273   0.0000551651   0.0002519549  -0.0000104389
62  3   0.0000698347  -0.0001967399  -0.0004723800  -0.0000809349   0.0002473825
62  4   0.0031876588   0.0012882744   0.0006185082   0.0096605785  -0.0093169251
62  5   0.0170140417   0.0698553964  -0.0813328687   0.0284062098   0.0201965110
62  6  -0.0074774535   0.0043919142   0.0018522184  -0.0011967226  -0.0017255772
62  7  -0.0000047550   0.0000116595   0.0000019642  -0.0000014249   0.0000353227
62  8   0.0000088069   0.0000018747   0.0000061131  -0.0000057275   0.0000490693
62  9  -0.0000120162  -0.0000554672   0.0000627903  -0.0001056224  -0.0000938327
62 10   0.0001270140   0.0000955916  -0.0001881583  -0.0000701920   0.0005134130
62 11  -0.0000222984  -0.0002126336  -0.0006684771  -0.0001804729  -0.0002404774
62 12  -0.0001753934  -0.0004776105  -0.0191586590   0.0109689894  -0.0087833615
62 13  -0.0832779162   0.0857120099  -0.0399788448  -0.0007923188   0.0003216728
62 14   0.0007482440  -0.0001797677   0.0007260223  -0.0001280011  -0.0004409022
62 15   0.0003961866   0.0001494129
63  1  -0.0000405011  -0.0000201393   0.0000827740   0.0000774615   0.0001326391
63  2   0.0000328547   0.0000127821   0.0000348484  -0.0000227703   0.0003533717
63  3  -0.0006310666   0.0001837966  -0.0000168855   0.0013647099  -0.0004266765
63  4  -0.0041695601  -0.0032394856   0.0009630066  -0.0208305189   0.0215287682
63  5  -0.0282917271  -0.0730832854   0.0291892382  -0.0776871951   0.0174817213
63  6  -0.0080229590   0.0082188587   0.0035336445  -0.0030761860  -0.0011927779
63  7   0.0000171748   0.0000008105  -0.0000021918   0.0000169113  -0.0000683785
63  8   0.0000013917  -0.0000084332  -0.0000042063  -0.0000061283  -0.0000134057
63  9  -0.0000129243   0.0000168694   0.0000014777   0.0000597058  -0.0000343801
63 10  -0.0000735581  -0.0001582415   0.0001678380   0.0010222095  -0.0006398490
63 11  -0.0000107756   0.0007423582   0.0003393253   0.0005574489   0.0004034895
63 12   0.0000811092   0.0002535855  -0.0070486225   0.0021277738  -0.0013002994
63 13   0.0828843851  -0.0399788448   0.0974914350  -0.0008481936   0.0002907459
63 14   0.0003904043  -0.0005049967   0.0008040289   0.0008999110   0.0000909738
63 15  -0.0001014223  -0.0002852522
64  1  -0.0000319519  -0.0000081958   0.0000035147   0.0000245569   0.0000044771
64  2  -0.0000396354   0.0000229375  -0.0000147147   0.0000390487  -0.0000168330
64  3  -0.0000366726  -0.0000604580   0.0001513606   0.0001261251   0.0001238827
64  4  -0.0006300871  -0.0001232905   0.0002399578   0.0001287822  -0.0011010810
64  5  -0.0006835031   0.0108984571   0.0125415359   0.0031405984  -0.1356476101
64  6  -0.1300812606  -0.0358093424  -0.0229858054  -0.0075583429  -0.0075136135
64  7   0.0000069380  -0.0000031131  -0.0000054231   0.0000012815  -0.0000057961
64  8   0.0000021972  -0.0000016715   0.0000016938   0.0000006154   0.0000005540
64  9  -0.0000006465  -0.0000139263   0.0000090149   0.0000015912  -0.0000091798
64 10  -0.0000627388   0.0000404178   0.0000183576  -0.0000080071   0.0000127361
64 11   0.0000151153  -0.0007615866  -0.0001647944   0.0011740047   0.0000166205
64 12  -0.0000928774  -0.0001800122  -0.0007554551   0.0017832165   0.0028834530
64 13   0.0008728421  -0.0007923188  -0.0008481936   0.1506687242   0.1299457018
64 14   0.0378032856  -0.0031494756  -0.0047938105  -0.0009774767   0.0012491527
64 15   0.0003194196   0.0006967330
65  1  -0.0000324731   0.0001139885   0.0000738834   0.0000198698  -0.0000490965
65  2   0.0000120721   0.0000517814  -0.0000227247  -0.0002089537   0.0001462356
65  3   0.0001404046   0.0001253385   0.0001370424  -0.0000119479   0.0002523679
65  4  -0.0011160185  -0.0003607870  -0.0004806843   0.0009490621   0.0018718056
65  5   0.0003187338  -0.0132076885  -0.0173128983  -0.0037164191  -0.1236535903
65  6  -0.2050571301  -0.0484672206   0.0133998284   0.0076348813   0.0045259331
65  7  -0.0000013892  -0.0000060122  -0.0000121315   0.0000035199   0.0000129847
65  8   0.0000025616   0.0000116078   0.0000131083   0.0000130159  -0.0000114301
65  9   0.0000067434   0.0000231984  -0.0000115820   0.0000189473   0.0000610758
65 10  -0.0001312186   0.0000670793   0.0000541352  -0.0000289829   0.0000093648
65 11  -0.0000526318   0.0002487005   0.0006196945   0.0005612417   0.0001813923
65 12   0.0001773442   0.0001551208   0.0026099896  -0.0010130743  -0.0025286564
65 13   0.0002841073   0.0003216728   0.0002907459   0.1299457018   0.2244563660
65 14   0.0537830529  -0.0092388268  -0.0119538444  -0.0043550647  -0.0005556389
65 15   0.0003231300  -0.0004307149
66  1  -0.0000562659   0.0000395813   0.0000433377   0.0000196256  -0.0000616880
66  2   0.0000271971   0.0001183550  -0.0000191741   0.0001566680  -0.0002010301
66  3   0.0001014069  -0.0000360918   0.0004796451   0.0000066602   0.0002859336
66  4  -0.0002090798  -0.0003954160  -0.0009959339  -0.0007516237   0.0018124692
66  5   0.0016309742  -0.0139848072  -0.0198547575  -0.0046807584  -0.0336021334
66  6  -0.0515704586  -0.0636632008  -0.0094644670  -0.0020423201  -0.0016154613
66  7   0.0000060949   0.0000014140   0.0000081266  -0.0000015058  -0.0000036883
66  8   0.0000080461  -0.0000245495  -0.0000090400  -0.0000133114  -0.0000190096
66  9  -0.0000060039   0.0000001630   0.0000183300  -0.0000211394   0.0000459649
66 10  -0.0001444059   0.0000936991   0.0000382088  -0.0000692360   0.0000849852
66 11  -0.0000420392   0.0013228741   0.0004349582  -0.0001110723   0.0001196681
66 12   0.0001706123   0.0001898793   0.0022767733  -0.0029787464  -0.0023413090
66 13   0.0002689105   0.0007482440   0.0003904043   0.0378032856   0.0537830529
66 14   0.0631100663   0.0162205990   0.0204746481   0.0077184998  -0.0001260470
66 15  -0.0007892992  -0.0001542916
67  1  -0.0000291087   0.0000128114  -0.0000294712   0.0000097124  -0.0000202237
67  2  -0.0000003187   0.0000847815  -0.0000252904   0.0001512272  -0.0002787615
67  3   0.0000071076  -0.0001407548   0.0002291344  -0.0001011275   0.0000968194
67  4   0.0009948531   0.0007186077   0.0000559708  -0.0014936961   0.0016439477
67  5   0.0036735289  -0.0021836655  -0.0094754910   0.0092373655  -0.0530729309
67  6  -0.0284272931   0.0451611666   0.0026028821   0.0129184802  -0.0210510025
67  7   0.0000027773  -0.0000006968   0.0000031731   0.0000060515  -0.0000010506
67  8   0.0000135002  -0.0000239365   0.0000016643  -0.0000189352  -0.0000176863
67  9  -0.0000046239  -0.0000190381   0.0000235455  -0.0000104913   0.0000020683
67 10  -0.0000509509   0.0000222930  -0.0000170014  -0.0000079532   0.0000475316
67 11  -0.0000151811   0.0002883089  -0.0000086595  -0.0002389639  -0.0000478260
67 12  -0.0000060596   0.0000461538   0.0003660960   0.0002691979  -0.0001716769
67 13  -0.0000839434  -0.0001797677  -0.0005049967  -0.0031494756  -0.0092388268
67 14   0.0162205990   0.0616899565   0.0289384618  -0.0500109920  -0.0058581648
67 15   0.0029194987  -0.0024432404
68  1  -0.0000030600   0.0000224850   0.0000153553   0.0000075255   0.0000021810
68  2   0.0000400055   0.0000087588  -0.0000498501  -0.0000384991   0.0001202775
68  3  -0.0000383004  -0.0000231389   0.0000990259   0.0002461922   0.0000949728
68  4  -0.0007439262  -0.0008554566  -0.0006118668   0.0026050869  -0.0011697059
68  5  -0.0048429389   0.0028761516   0.0115687505  -0.0156075851  -0.0304380978
68  6  -0.1204765639   0.1168863477  -0.0004371779  -0.0045841966   0.0074926405
68  7   0.0000028666  -0.0000024647  -0.0000067323   0.0000023631   0.0000025979
68  8   0.0000061154  -0.0000027122   0.0000126050  -0.0000055371   0.0000020559
68  9  -0.0000027306   0.0000034584   0.0000053612   0.0000087502   0.0000108093
68 10  -0.0000741039   0.0000443562   0.0000158024   0.0000081914  -0.0000007553
68 11   0.0000307697   0.0003118957   0.0000641036   0.0002423260   0.0001236747
68 12   0.0000637861  -0.0000063719  -0.0007056456   0.0004939087   0.0004795825
68 13  -0.0001562489   0.0007260223   0.0008040289  -0.0047938105  -0.0119538444
68 14   0.0204746481   0.0289384618   0.1264745670  -0.1253412785   0.0022430865
68 15  -0.0005964369  -0.0001129139
69  1   0.0000262757  -0.0000041451   0.0000025541  -0.0000068360   0.0000081905
69  2   0.0000027972  -0.0000644591  -0.0000228191  -0.0001526419   0.0003586281
69  3  -0.0000128934   0.0000915259  -0.0000085109   0.0003278844   0.0000749179
69  4  -0.0014191455  -0.0013822187  -0.0002136615   0.0034357402  -0.0024966116
69  5  -0.0042985504   0.0028175906   0.0141537150  -0.0163255820   0.0476771659
69  6   0.1153041270  -0.2318649071  -0.0003597337   0.0039534804  -0.0059404272
69  7  -0.0000042659  -0.0000006881  -0.0000061818  -0.0000017978  -0.0000004934
69  8  -0.0000100414   0.0000201499   0.0000004068   0.0000101974   0.0000130156
69  9   0.0000024472   0.0000195407  -0.0000090142   0.0000049107   0.0000061475
69 10  -0.0000427412   0.0000398420   0.0000250778   0.0000088793  -0.0000251008
69 11   0.0000376430   0.0000846362   0.0001157083   0.0003301924   0.0000381513
69 12   0.0000123810  -0.0000553567  -0.0007960104  -0.0001335307   0.0004170177
69 13   0.0004589252  -0.0001280011   0.0008999110  -0.0009774767  -0.0043550647
69 14   0.0077184998  -0.0500109920  -0.1253412785   0.2491704246  -0.0012381747
69 15  -0.0000202480   0.0000609031
70  1   0.0000284840   0.0000170447   0.0000098326  -0.0000090321   0.0000298237
70  2   0.0000186173  -0.0000490629   0.0000193308  -0.0001063861   0.0001683816
70  3   0.0000033455   0.0000382798  -0.0000975852   0.0000044407   0.0000556462
70  4  -0.0006719691  -0.0000891997  -0.0000348895  -0.0002926938  -0.0007049102
70  5   0.0006821085   0.0017143537   0.0001718413  -0.0002259586   0.0071815811
70  6   0.0110698876  -0.0208711010  -0.0563044000  -0.0407974639   0.0874703227
70  7  -0.0000023560   0.0000033992   0.0000032843   0.0000005503   0.0000062089
70  8  -0.0000046243   0.0000122450   0.0000006863   0.0000077984   0.0000042858
70  9   0.0000055938   0.0000081379  -0.0000070411  -0.0000008280  -0.0000004954
70 10   0.0000170913  -0.0000134136  -0.0000051756   0.0000361855  -0.0000323306
70 11   0.0000010787  -0.0000517644   0.0000837254  -0.0000006815  -0.0000690475
70 12  -0.0000111564   0.0000999744  -0.0001264112   0.0000421370   0.0001452218
70 13   0.0000955132  -0.0004409022   0.0000909738   0.0012491527  -0.0005556389
70 14  -0.0001260470  -0.0058581648   0.0022430865  -0.0012381747   0.0530317039
70 15   0.0289452920  -0.0660177426
71  1  -0.0000375961   0.0000276005  -0.0000341931   0.0000301745   0.0000105652
71  2  -0.0000431210   0.0000616829   0.0000419884   0.0001617842  -0.0003353219
71  3  -0.0000308959  -0.0000431425   0.0000210104  -0.0001222929  -0.0000851372
71  4   0.0007697243   0.0009755845  -0.0001466287  -0.0010044503   0.0001755426
71  5  -0.0005746129  -0.0011938514  -0.0005368442   0.0014695051  -0.0024176358
71  6  -0.0045089533   0.0094621256  -0.0275580459  -0.0459487288   0.0856271755
71  7   0.0000151082   0.0000083442   0.0000035744  -0.0000018444  -0.0000150545
71  8   0.0000008596  -0.0000157584  -0.0000033567  -0.0000115438  -0.0000236561
71  9  -0.0000047766  -0.0000106384   0.0000150394   0.0000127178  -0.0000086569
71 10   0.0000358199  -0.0000134957  -0.0000192500   0.0000190778  -0.0000399172
71 11  -0.0000031969  -0.0002432604  -0.0000932461  -0.0001246043  -0.0000357378
71 12  -0.0000559705   0.0001036994   0.0000546539  -0.0001648053  -0.0000858937
71 13  -0.0003393432   0.0003961866  -0.0001014223   0.0003194196   0.0003231300
71 14  -0.0007892992   0.0029194987  -0.0005964369  -0.0000202480   0.0289452920
71 15   0.0501631149  -0.0947271348
72  1   0.0000048569  -0.0000151944   0.0000409196   0.0000043279   0.0000501630
72  2   0.0000131607  -0.0000012900   0.0000525111   0.0000419940  -0.0000871011
72  3  -0.0000772435  -0.0000538512  -0.0000180206  -0.0001128091  -0.0000390824
72  4   0.0003045729   0.0002680069   0.0001408879   0.0006491011  -0.0009128574
72  5   0.0001738675   0.0005030033  -0.0006618670  -0.0000821393   0.0019985942
72  6   0.0053978793  -0.0070466188   0.0645733312   0.0911228102  -0.1818188543
72  7   0.0000042868   0.0000058026   0.0000145753  -0.0000018220  -0.0000051757
72  8   0.0000059478  -0.0000017863   0.0000028832   0.0000003474  -0.0000116068
72  9   0.0000003310  -0.0000076952   0.0000065661   0.0000088658  -0.0000097818
72 10   0.0000341689  -0.0000314184  -0.0000161255   0.0000049152   0.0000010276
72 11  -0.0000028056  -0.0001516589  -0.0000156187  -0.0001363302   0.0000078241
72 12   0.0000127371   0.0000429935  -0.0000633013   0.0000305169   0.0000620388
72 13   0.0000052880   0.0001494129  -0.0002852522   0.0006967330  -0.0004307149
72 14  -0.0001542916  -0.0024432404  -0.0001129139   0.0000609031  -0.0660177426
72 15  -0.0947271348   0.1890551926
$end
