$coord
8.59334019234579 -2.5993509377795 3.30649957514408 n
10.61323854832041 -0.90966020581402 2.46249803889622 c
12.96454088990539 -1.22523353080004 4.1627058820933 c
15.06965544541296 0.55105362236467 3.44131837035109 c
14.99082240202823 3.09295170108635 4.15510306191955 c
16.83841640700884 4.78868947328408 3.38517290319018 c
18.82294530481315 3.95120475173444 1.86929826609457 c
20.5948857757611 5.69283078346737 1.14253568586887 o
18.9491075879332 1.42323554933776 1.14890745960969 c
17.07746775970474 -0.24788193211127 1.9328556270146597 c
11.3883016564316 -1.56007844840525 -0.25274926825468 c
11.77230539215772 -3.76498776527984 -0.88239290278939 o
11.78728547284269 0.34177765034194 -1.91760537209127 n
11.28144282417486 3.04343807852965 -1.71320338663893 c
13.37003604818125 4.53662259599933 -3.0283824879265 c
13.66105543563732 3.81336906027358 -5.60983715917313 o
8.67671874529684 3.57979387520184 -2.90462333152704 c
8.46769454028348 4.55175880752113 -5.01658408538376 o
6.71778430532895 2.77539025987031 -1.52587108794778 n
4.12687075853915 2.54457668201882 -2.40058993880484 c
3.8657872707093506 0.76708288679623 -4.69733765773597 c
4.8970398290522 -1.89332201977166 -4.26268002120514 c
4.57400802007821 -3.59647255821895 -6.5822260999815 c
1.95574164903707 -4.06641266462992 -7.32334673119556 n
0.25329282644464 -5.41893887476033 -5.88752373070194 c
-2.1302378921494 -4.92189002835483 -6.09584705036444 n
1.29307585323294 -7.20464311762834 -4.29904087669754 n
2.61943414748212 1.52726484553278 -0.12913768749293 c
3.71729096074044 0.58685464437517 1.69111076141217 o
0.10288002932501 1.67502537445272 -0.41888586581746 n
-1.87527360716015 0.84504558934373 1.31637853131792 c
-1.32704747858734 -1.63799787426111 2.72333629565615 c
-0.96769726148866 -3.87986769575279 0.94156012881271 c
-0.70981909350777 -6.43895130553224 2.28420783889959 c
-3.18561603156202 -7.79234101378356 2.90161320015194 c
-4.63318353163436 -6.62611658449832 4.96628776998112 n
-2.4639769501123 2.91001403395569 3.2628609566842 c
-0.7456519475286 3.9863056583428 4.39299955387674 o
-4.91903747043775 3.38743811362339 3.8080084966150296 n
-7.20565960755174 2.78666545644122 2.3664052229441 c
-7.37549177580095 4.30028237057447 -0.11244717787324 c
-10.05299167116593 4.6700007110568 -1.17724880318239 c
-11.88982328031725 6.05352408030164 0.58582407504133 c
-11.04766505098415 8.70243984661616 1.41162250537542 c
-10.63576011387988 10.5395954463839 -0.62808001118164 n
-7.59699967475572 -0.09459263662848 2.20281800009328 c
-7.44785280833908 -1.42262784702665 4.10243557417078 o
-8.11923825998507 -1.0479901560565 -0.08963169024905 n
-8.55037706957071 -3.71428094540253 -0.55973633780462 c
-11.11887702476034 -4.6964790666163 0.41779356246025 c
-13.42592820837589 -3.22483728851573 -0.55630468599737 c
-14.36956660445598 -1.18158765353741 1.26275902672523 c
-16.57281604817668 0.33945063442646 0.17373513721318 c
-17.7057626039854 2.20581964888427 1.8898531072253997 n
-8.31413346809303 -4.08309935193381 -3.40844422609371 c
-8.25949268141799 -2.34971395355848 -4.88943976308063 o
-8.19918717162104 -6.4703191733643 -4.23733633334775 o
8.35754734920416 -2.36526294036744 5.19786077736035 h
6.92368467509215 -2.07196564992847 2.51254660508172 h
10.04974380311872 1.0741018118175 2.59080136768764 h
12.36536349404901 -0.87031784545477 6.10747764232701 h
13.5882615293096 -3.18695392747755 4.04509798217557 h
13.45805261336322 3.76563101505603 5.33732347389786 h
16.75956172035914 6.75531218842591 3.94576774761663 h
21.87060447897258 4.89348780350963 0.1067113157136 h
20.49420829842087 0.76881547773546 -0.02734740789667 h
17.18512228877026 -2.20673915232174 1.34545632137133 h
12.41793870029218 -0.22512251117814 -3.63558095780291 h
11.2630309289926 3.60706058547509 0.26183309649761 h
12.95675187974417 6.55482629334821 -2.86263894329269 h
15.158097896432759 4.15106446841288 -2.08852336892032 h
12.05932396910431 4.20977892107349 -6.41515850275285 h
7.00714003058167 2.05089652123504 0.22093005493621 h
3.39665219501077 4.40489074545373 -2.91576683709365 h
1.86587537762363 0.68446106376115 -5.19942930593162 h
4.84175399587622 1.64410402488379 -6.28759573657205 h
3.97301491816285 -2.78068258155978 -2.6440932970956 h
6.91213035887293 -1.80566623550651 -3.82035951450655 h
5.502364620622 -2.74094035626635 -8.21292353079312 h
5.53115791843017 -5.39447026885773 -6.25964574588355 h
1.10572299864407 -2.64728466337487 -8.27362900812478 h
-3.190876856647 -6.18318317809802 -5.1105579008182 h
2.98711372874992 -7.94181106127325 -4.77449174570559 h
0.08084242254264 -8.51515165041104 -3.63240634281989 h
-0.51355823620736 2.6038888078308 -1.9660793551624902 h
-3.50867925998957 0.52630185763769 0.11104439762115 h
-2.91436917551437 -1.95639935039548 3.99145962136768 h
0.34583128802542 -1.39572730754409 3.89277804797573 h
0.71952144403915 -3.56131115763501 -0.19466479813215 h
-2.52812784205507 -3.96863935502025 -0.4192909026324 h
0.39208345251998 -6.21737281100607 4.02211334692596 h
0.37583648718506 -7.697932345373059 1.05823922520381 h
-2.74158708944734 -9.72031485156729 3.49016287794655 h
-4.28849042548917 -7.972899459011381 1.14076149936785 h
-5.45439663741714 -4.97117478967408 4.44468226536954 h
-6.0700803062696 -7.790168061532661 5.47851746930714 h
-5.15230372916296 4.67086997701068 5.20522842242558 h
-8.74218352260238 3.39876467867453 3.5952214796852 h
-6.550813119975 6.14784793175691 0.27972848821402 h
-6.15546971010487 3.46769278971164 -1.55974025923096 h
-9.874917298929 5.72782409121539 -2.9422007862749 h
-10.90262901998349 2.86549868939046 -1.70969466047502 h
-13.71154274606707 6.21420420565778 -0.38116175806887 h
-12.24051324144017 4.9305236849198 2.28906880098238 h
-9.30691387962044 8.59027735294477 2.51798815677659 h
-12.48304478341725 9.47348116916575 2.6802646336271 h
-12.20292453365492 10.65721417038715 -1.73243832683834 h
-9.21212726520552 9.96973759568764 -1.78106509371962 h
-8.16550992652465 0.06917907361191 -1.63636334073257 h
-7.05539905513836 -4.80585805433452 0.35598869861902 h
-11.26540436427748 -6.68901633483109 -0.10195426996074 h
-11.05152360939747 -4.64985428060309 2.47642818706213 h
-14.96543432438926 -4.55848593720149 -0.89395071539405 h
-13.01146980594761 -2.37492929635474 -2.39821537743212 h
-14.97149389086955 -2.07593753223142 3.02976960438831 h
-12.83843926419727 0.11311677039113 1.75733044135335 h
-15.948601976462593 1.33339189883223 -1.52945854880063 h
-18.06697440558381 -0.95801146204784 -0.42373317993786 h
-18.34247780594692 1.32665625214735 3.47449932822158 h
-16.37093867738616 3.45129387985706 2.48158276226886 h
-8.34242076759471 -7.70243899072505 -2.88746362035121 h
$user-defined bonds 
 
$end
