$coord
-2.14377478354126 5.43598577559501 0.9875165562465601 s
-3.77567628986697 2.45064171173804 1.75555512453055 c
-5.06836368382161 1.3187666569907 -0.54966202822322 c
-6.33770117880176 -0.98583011737021 0.08983453298766 o
-5.15306323474826 -3.2692922199558 -0.72734255272486 c
-2.9008029489187 -4.08260306925524 0.83807995868028 c
-0.81302135909945 -2.47767406516311 0.30651541331701 o
1.33353322320102 -2.99155533829887 1.83441555031211 c
3.31822563212732 -1.008706029141 1.35086099145067 c
4.29470437233373 -1.31903600307669 -1.13971496747748 o
6.18683833210044 0.47100655927576 -1.81459411741261 c
5.18686347377191 3.14164741896856 -2.17271939352868 c
2.42240409489529 3.09734603126581 -4.32810719523012 s
-0.59621405850223 4.48584896496246 -0.83054338703666 h
-5.15724751677462 2.94255350930885 3.20070801919873 h
-2.41849524971629 1.12829762490868 2.54049671908663 h
-6.49620138465313 2.62857284361485 -1.2635237718558 h
-3.68481625443769 0.97443408940796 -2.04102125099991 h
-6.60305450106164 -4.72871220121307 -0.58253172045424 h
-4.59241937322892 -3.10512689395444 -2.71431393388633 h
-3.37612978787727 -4.00128846377112 2.85608605101348 h
-2.43702659609911 -6.0505359887614 0.36528262014148 h
2.08443680385711 -4.87978455631911 1.41668695503269 h
0.8181880323236 -2.9350916049777 3.843195634557 h
4.84391891410138 -1.21430004521812 2.74025889575033 h
2.47457929698552 0.86604550326347 1.58455282372742 h
6.99349328868571 -0.21820651721744 -3.58010347408319 h
7.68510964746632 0.5101125697882 -0.3802710363155 h
4.62194389567203 3.9976629282796003 -0.38948581965818 h
6.66076967622027 4.30053185980544 -3.01797760793487 h
2.62899951740664 5.5182890665204 -5.10909312398719 h
$user-defined bonds 
 
$end
