$dipgrad          cartesian dipole gradients
  -.31532898833996D+00  -.11945216007687D+00  0.69714188347012D-02
  0.10188693587019D-01  -.12904038905761D+00  -.19870041545161D-01
  0.87760831058596D-01  -.33670573961671D-02  -.23657486534934D+00
  0.15270051650481D+00  0.15167229507123D+00  -.61123317564395D-01
  0.14414030779853D+00  0.21433391487081D+00  -.88999494626084D-02
  -.12361548828949D+00  -.20163901936726D+00  0.14455048733882D-01
  0.41028740418615D+00  0.30148550889324D+00  0.47171118524257D-01
  0.11166507498190D+00  0.81049236575663D+00  -.21978129165161D-01
  0.14207904615497D+00  0.49953120085848D-02  0.24783620668002D+00
  -.58863555182988D+00  -.10505416586729D+00  -.22681835138126D-01
  -.59685897551528D-01  -.13671401737241D+01  -.57976667619876D-01
  0.11313472191912D-02  -.96118461720270D-01  -.43220895597778D+00
  0.31614759200017D+00  -.32095765458981D+00  -.33478077103178D-01
  -.13189399899835D+00  0.82322058015579D+00  0.75696038514602D-01
  -.26376321166694D-01  0.15074764730804D+00  0.32105514348545D+00
  0.63908469054194D+00  0.32224655919488D+00  -.77563440954183D-01
  0.32253852212953D+00  0.52449442758335D+00  0.36738514782230D-01
  -.20865665425340D+00  0.29069988024569D-01  0.27706655233495D+00
  -.12261670377104D+01  -.18521171599645D+00  -.15940350479878D+00
  -.18459119014558D+00  -.64755500813821D+00  0.49301881721970D-01
  -.19861961321298D+00  0.59773009801822D-01  -.48420017111139D+00
  0.73648188700831D+00  -.99470430728814D-01  0.15547675923836D+00
  -.15919589939993D+00  0.36509431847476D+00  0.12884499676011D-01
  0.28593452594697D+00  0.35519674382956D-01  0.45300591494239D+00
  0.43843345527259D+00  0.54081788355343D-02  -.13801800420167D+00
  -.13940086251451D+00  0.24614366980610D+00  -.39379971672973D-01
  -.22821664597140D+00  -.15771286448330D+00  0.74665462875602D+00
  -.76200270569771D+00  -.21799745857228D+00  0.30393619243641D+00
  -.16059612176789D+00  -.65272594757842D+00  0.19465597875957D+00
  0.30272388543554D+00  0.30786366201802D+00  -.80120595443280D+00
  0.59589241611550D+00  0.20348647518359D+00  -.15631966436376D+00
  0.16108668083756D+00  0.61783174994426D+00  -.26723906349020D+00
  -.10546940262590D+00  -.90251924589975D-01  0.36380858785566D+00
  0.22326630133819D+00  -.21597610289769D-01  0.17125889984432D+00
  -.12276627735195D+00  -.11902145676485D+00  -.27051089333456D-03
  0.18318339995120D+00  -.50063673047317D-01  0.18707187223186D+00
  -.24589567672226D+00  0.14302763122942D+00  0.95161236674191D-01
  0.18006222126660D+00  0.41714408218115D-01  -.59800373413591D-01
  0.13845438262079D+00  -.58431225727680D-01  -.23961596642536D+00
  0.24085439034642D+00  -.72626072830040D-01  -.12853124138989D+00
  -.46396893128815D-01  -.29881128879068D-01  -.76211651856921D-02
  -.15662845590998D+00  0.33031345913334D-01  0.21068281184828D+00
  -.31008645059625D-01  0.61336141161764D-02  0.95225461409092D-01
  -.26051760404765D-01  0.19816262457928D-01  -.90080510785511D-02
  0.59601786521207D-01  -.31544749705476D-01  -.17962004490741D-01
  -.10392448402540D-02  -.36613565452955D-01  -.44268270525821D-01
  -.19518143846959D-01  -.63094359664915D-01  0.82398929230783D-01
  -.62403085817359D-01  0.80038342006742D-01  0.83143970275771D-02
  -.50753491663895D-01  0.63004860299634D-01  -.65907626094842D-01
  0.80525266185904D-01  -.98780211132300D-01  0.51744471018680D-01
  -.46286256655521D-01  0.30299420407575D-01  0.26508209877999D-01
  -.14007463468307D-01  -.42945079194550D-01  0.73755602670538D-01
  0.13503136370640D-01  -.10314985816766D-01  -.56853642302659D-01
  0.62770779790473D-01  -.14840456518701D-01  -.39314001936611D-01
  -.64791178156833D-01  -.82226129421128D-01  -.63685915971338D-02
  -.78891838204769D-01  -.12596181178392D+00  -.57177940676826D-02
  0.16672790164408D-01  0.24583330362228D-01  0.69186769615589D-01
  0.28074504958900D-01  0.71688719215580D-01  0.69115641024413D-01
  0.23403275396629D-01  -.15843797770708D-01  0.57295783785960D-01
  0.22331464876142D-01  -.41721099873062D-01  -.13936060867613D+00
  -.39497934237498D-01  -.23168922403763D-01  -.41045214359976D-03
  -.43433169902755D-01  0.33457604049372D-01  -.58307971218026D-01
  0.73356351225688D-01  0.29416803531034D-01  -.16361221922236D+00
  -.36511730804905D-01  0.93343383053953D-01  0.16342945228217D-02
  -.34377647350054D-01  -.22302957765031D+00  -.38816328404008D-01
  0.21704771819598D-01  -.61657373045254D-01  0.28244852557607D-01
  -.55953030965024D-01  0.37347233473899D-01  -.79886230599968D-02
  0.10187418651286D+00  -.15097886402546D+00  0.59063042007964D-02
  -.31720438602552D-01  -.79199621582939D-01  0.28929522582250D-01
  -.49110679165234D-01  -.31591853716692D-01  0.93297848044769D-01
  0.90231480656779D-02  0.37239417010465D-01  -.22307915409524D-01
  -.22417149333700D-01  0.50962371198765D-02  -.17121755338703D+00
  -.14264994464453D+00  0.54923308171013D-02  -.12607375146245D+00
  0.16957766925979D-01  0.39637029360609D-01  0.19397502907895D-01
  -.29619319318718D-01  0.53110425851623D-01  -.11433234706822D+00
  0.65092685971546D-02  0.38025263238474D-01  0.23052778481097D-01
  0.61293031468749D-01  -.96202679183249D-01  -.45837685015257D-01
  0.48573002505478D-01  0.34807588747425D-01  -.19133801161830D-01
  0.12702862433857D-01  -.13865949949622D-01  0.49645641410365D-01
  0.43218903393145D-03  0.14142304990377D-02  -.91026509549010D-02
  0.11517238836287D+00  -.33435907478013D-01  -.70482347013932D-01
  -.11724125781409D+00  -.15964801456687D-01  -.55512801584893D-01
  0.11892458316952D-01  -.30114334318237D-01  0.72681277390879D-01
  -.19234644180389D+00  0.18840565105663D-01  -.58655499912458D-01
  0.10390857470917D-01  0.59047556639329D-01  -.65020480453911D-01
  0.34087000569842D-01  0.42454116417654D-01  -.37622045627439D-01
  -.55257483182253D-01  -.39533385238330D-01  -.10886840641761D+00
  -.98078577259010D-01  -.57498446273859D-01  -.10508195422784D-01
  -.56187845615534D-01  0.13913783211964D-01  0.44257182708576D-01
  -.73788649033050D-02  0.64950844859146D-01  0.21644195670825D-01
  0.27846991665313D-01  -.55167592441251D-01  -.26525015256109D-01
  -.19685413264991D-01  -.71573152266889D-01  0.63651591827952D-01
  -.66439132606744D-01  -.26273776756412D-02  0.92279988445374D-01
$end
