$coord
0.98236695699577 4.77641836488213 1.45601177786493 o
-0.04276937557498 3.11727159776303 0.2635690163068 c
-1.21715494973964 3.48638016266654 -1.9360203320228702 o
-0.07222908550685 0.36536901712004 1.13282241769455 c
-2.0232744128293 -1.270813882054 -0.23353162246282 c
-1.9942859550509697 -4.47607582074022 1.17044358170582 s
2.60786691406083 -0.67276651026574 0.85855583323207 c
3.93994640952285 -1.27603759252319 2.60981145602626 o
3.30838650883743 -0.80985855777735 -1.56667302041882 o
-1.10993698585865 5.2660715758566 -2.39159498104677 h
-0.46358870886971 0.41493333975313 3.15315099409178 h
-3.8920475670505 -0.45199940453393 -6.9076970828E-4 h
-1.5835845299498 -1.42016704595648 -2.231659249663 h
-3.45879200411747 -5.57224041900473 -0.60728905053458 h
5.01909678513146 -1.47648482518551 -1.67690605106527 h
$user-defined bonds 
 
$end
