$dipgrad          cartesian dipole gradients
  -.11564584694546D+01  0.79120610147410D-01  -.30808673956389D-03
  0.92910395901996D-01  -.43009385038201D+00  0.16956375033423D+00
  -.24495264920173D-01  0.14937039481105D+00  -.39752444716317D+00
  0.86282158039309D+00  -.20811075137741D-01  -.55060980628828D-01
  -.14890367213269D+00  0.32813144830205D+00  -.46536468232033D-01
  0.42058679884637D-01  -.19434427127422D-01  0.31083658775896D+00
  0.34642859097758D+00  -.22609653271254D-01  -.35001273119127D-01
  0.19975177006030D+00  0.10462395453851D-02  0.91124307433177D-02
  0.30249745526852D-01  0.16756880938254D-01  0.62684926125309D-01
  -.22611688254255D+00  0.53980961048321D-01  -.70496778040060D-01
  -.46917627832916D-01  -.78907288925398D-01  0.16520554426164D+00
  -.11182439977949D+00  0.14533984310455D+00  -.29911019732339D-01
  0.31450527395773D+00  0.67528329753959D-02  0.43920269948844D-01
  -.43641113213967D-01  0.20295063746186D+00  -.12704786904462D+00
  0.39174686570359D-01  -.12343531291024D+00  0.22319653045292D+00
  -.40477175002130D-01  -.16085923866758D-01  0.41511231547361D-01
  0.10771508913846D-01  0.25112205825814D-01  0.15900661141411D-01
  0.43941088155191D-01  0.67564802160697D-01  -.14650317864285D+00
  -.16768876580611D-01  -.42688240080131D-01  -.25404960467450D-01
  -.27321402802550D-01  -.58629104535958D-01  -.49772225924918D-01
  -.39878340975261D-01  -.81853919678762D-01  -.40509527207985D-03
  -.29913400359818D-01  -.50747337626208D-01  -.32068339414687D-01
  -.22096238610331D-01  -.40400458173145D-01  -.52566869908298D-01
  -.38834657215946D-01  -.88173396087893D-01  0.27182056862661D-01
  -.67613521581910D-01  -.25262502432637D-01  0.62326587428952D-01
  0.23551422127860D-01  0.37391710503317D-01  0.28063875652949D-01
  0.47678174722798D-01  0.46087171046349D-01  -.61919639351344D-01
  0.13592880252137D-01  0.38350328243791D-01  0.70582329484608D-01
  -.38105042411412D-01  0.13398460437538D-01  -.11192282902367D+00
  0.11930288030981D-01  -.11222203625657D+00  0.12363279021447D-01
$end
