$hessian (projected)
 1  1   0.3751097750   0.1381492778   0.0554784823  -0.1909434118  -0.0033173976
 1  2   0.0439047785  -0.0404362157  -0.0000659306   0.0042867966  -0.0054824849
 1  3   0.0050264747  -0.0015926772  -0.0931276108  -0.1291438595  -0.1132706528
 1  4  -0.0249771153  -0.0039570970   0.0084888492  -0.0246994640  -0.0051283199
 1  5   0.0014014921   0.0024401724  -0.0004231897   0.0018219752   0.0016682209
 1  6  -0.0011822891  -0.0009151530   0.0004481342   0.0000423307   0.0003961091
 2  1   0.1381492778   0.3075528450   0.2352122309  -0.0321064895  -0.0771618696
 2  2  -0.0085174421   0.0246395745   0.0053136398  -0.0057353912   0.0058825655
 2  3  -0.0011173474   0.0006996453  -0.0958911040  -0.2413517795  -0.2282893063
 2  4  -0.0084709639   0.0021777129   0.0016949545  -0.0307281479  -0.0003929243
 2  5   0.0059192317  -0.0007075512   0.0031820206   0.0001711321  -0.0012469376
 2  6   0.0018789708  -0.0014367557   0.0004797762  -0.0000812683   0.0002817010
 3  1   0.0554784823   0.2352122309   0.2860417126   0.0092263490  -0.0181535302
 3  2  -0.0875156388  -0.0047256723  -0.0017848845   0.0051207996  -0.0022840606
 3  3   0.0007914521   0.0017875723  -0.0759324240  -0.2169754773  -0.2150841609
 3  4   0.0371323189   0.0033099590   0.0014224948  -0.0202247293  -0.0010406340
 3  5   0.0061728434   0.0003414199   0.0008871085  -0.0001392904   0.0005363488
 3  6  -0.0022100575   0.0019170373   0.0004519674  -0.0000361670   0.0002766300
 4  1  -0.1909434118  -0.0321064895   0.0092263490   0.4213324961   0.0479685089
 4  2   0.0109329558  -0.0754467813   0.0431519555  -0.0194558591  -0.0288211043
 4  3   0.0148159954  -0.0026611097  -0.0199607044   0.0015767159   0.0086080575
 4  4  -0.0512434382  -0.0058443121   0.0294284904  -0.0628573377  -0.0570565634
 4  5  -0.0407050494   0.0042056654  -0.0088797397   0.0022718980   0.0029075065
 4  6  -0.0043812210   0.0026153025   0.0008271098   0.0007551501  -0.0002610349
 5  1  -0.0033173976  -0.0771618696  -0.0181535302   0.0479685089   0.5491804791
 5  2   0.0474337595   0.0351333295  -0.1651924422   0.0288029478  -0.0076616839
 5  3   0.0033315535  -0.0015853633  -0.0313952003  -0.0054660980   0.0069861338
 5  4  -0.0082973460  -0.0613508377   0.0421134943  -0.0506941994  -0.2134087034
 5  5  -0.1166506627   0.0151253691  -0.0247637395   0.0093691543   0.0045485791
 5  6  -0.0063438385   0.0021056116  -0.0014099594   0.0011754962  -0.0004215451
 6  1   0.0439047785  -0.0085174421  -0.0875156388   0.0109329558   0.0474337595
 6  2   0.6113975972  -0.0165442790   0.0284424460  -0.0974741846   0.0047575795
 6  3  -0.0048854872   0.0002613803  -0.0280046028  -0.0039522343   0.0040938461
 6  4   0.0273331415   0.0391835316  -0.2917617290  -0.0341599358  -0.1126635507
 6  5  -0.1351087035   0.0093796957  -0.0161457368   0.0063116114  -0.0166658250
 6  6   0.0300959612  -0.0093803528  -0.0009335084   0.0010087529  -0.0008238263
 7  1  -0.0404362157   0.0246395745  -0.0047256723  -0.0754467813   0.0351333295
 7  2  -0.0165442790   0.3343933955   0.0181413161   0.0064687123  -0.1128454110
 7  3  -0.0113531587   0.0132949701  -0.0001718502   0.0013097545  -0.0000736067
 7  4   0.0029134048  -0.0011161814   0.0015638582   0.0042249408  -0.0053721894
 7  5   0.0014868723  -0.0615425441  -0.0552904784  -0.0405301772  -0.0451038890
 7  6  -0.0049614796   0.0376759414  -0.0059850498  -0.0011304871   0.0013833809
 8  1  -0.0000659306   0.0053136398  -0.0017848845   0.0431519555  -0.1651924422
 8  2   0.0284424460   0.0181413161   0.5018067289   0.0371291355   0.0095952030
 8  3  -0.0377188621  -0.0124252604  -0.0009422063   0.0032787048  -0.0001042793
 8  4   0.0042385059  -0.0069986867   0.0015453491   0.0145362981  -0.0238202533
 8  5   0.0092472535  -0.0586200612  -0.2126783404  -0.1158485355  -0.0101026841
 8  6  -0.0609104608   0.0504890760  -0.0199323965  -0.0030800279   0.0033096995
 9  1   0.0042867966  -0.0057353912   0.0051207996  -0.0194558591   0.0288029478
 9  2  -0.0974741846   0.0064687123   0.0371291355   0.5758626582   0.0329141979
 9  3  -0.0059655262  -0.0474531061  -0.0008761246   0.0012666924  -0.0006911744
 9  4  -0.0167788930   0.0297899892  -0.0098676032   0.0089750615  -0.0154926815
 9  5   0.0064375418  -0.0410552278  -0.1165465588  -0.1311567226   0.0438198458
 9  6   0.0495888040  -0.3047505030  -0.0182985096  -0.0028374111   0.0039722943
10  1  -0.0054824849   0.0058825655  -0.0022840606  -0.0288211043  -0.0076616839
10  2   0.0047575795  -0.1128454110   0.0095952030   0.0329141979   0.1992443330
10  3   0.0281010558  -0.0126127378   0.0004069494   0.0007802835   0.0004680118
10  4   0.0015148678  -0.0006756718  -0.0003903761   0.0015226959  -0.0007091371
10  5   0.0009078665  -0.0109284141  -0.0018017281   0.0014476578  -0.0187661634
10  6  -0.0031425768   0.0002782916  -0.0258452685  -0.0303683101  -0.0254864306
11  1   0.0050264747  -0.0011173474   0.0007914521   0.0148159954   0.0033315535
11  2  -0.0048854872  -0.0113531587  -0.0377188621  -0.0059655262   0.0281010558
11  3   0.1642982686   0.1373246813   0.0002520769  -0.0005716908   0.0001840776
11  4  -0.0003434075   0.0006501636  -0.0006402269   0.0003724892   0.0008238074
11  5   0.0005515515  -0.0201061518  -0.0006050394   0.0032380291  -0.0048015161
11  6   0.0003316698  -0.0007021415  -0.0119638579  -0.1294225232  -0.1298964097
12  1  -0.0015926772   0.0006996453   0.0017875723  -0.0026611097  -0.0015853633
12  2   0.0002613803   0.0132949701  -0.0124252604  -0.0474531061  -0.0126127378
12  3   0.1373246813   0.1692737936   0.0003457530  -0.0001001826   0.0002088249
12  4  -0.0003246450  -0.0005938868   0.0011662563   0.0006510969   0.0003324699
12  5  -0.0000873461  -0.0150418387  -0.0001784898   0.0024847455   0.0240770549
12  6   0.0009097948   0.0019383486  -0.0061358666  -0.1243834084  -0.1295804692
13  1  -0.0931276108  -0.0958911040  -0.0759324240  -0.0199607044  -0.0313952003
13  2  -0.0280046028  -0.0001718502  -0.0009422063  -0.0008761246   0.0004069494
13  3   0.0002520769   0.0003457530   0.1176730242   0.1265550607   0.1014162420
13  4   0.0017477515  -0.0003344866   0.0007320643  -0.0066031830   0.0002187876
13  5   0.0021362334  -0.0004582966   0.0013559665   0.0000257594   0.0001374039
13  6   0.0001825472   0.0001025755   0.0003565160  -0.0000014418   0.0000545237
14  1  -0.1291438595  -0.2413517795  -0.2169754773   0.0015767159  -0.0054660980
14  2  -0.0039522343   0.0013097545   0.0032787048   0.0012666924   0.0007802835
14  3  -0.0005716908  -0.0001001826   0.1265550607   0.2434673433   0.2190414100
14  4   0.0011305865   0.0000431061  -0.0000665736  -0.0019519212   0.0010972851
14  5   0.0013655075  -0.0001468593  -0.0002767201  -0.0007171306   0.0000150603
14  6  -0.0001397891   0.0001645783  -0.0001248216  -0.0000803617  -0.0000265898
15  1  -0.1132706528  -0.2282893063  -0.2150841609   0.0086080575   0.0069861338
15  2   0.0040938461  -0.0000736067  -0.0001042793  -0.0006911744   0.0004680118
15  3   0.0001840776   0.0002088249   0.1014162420   0.2190414100   0.2090484422
15  4   0.0012061062   0.0012320472   0.0012647267   0.0021043296   0.0010052032
15  5   0.0014517160  -0.0003960760   0.0000365664   0.0000537420  -0.0001716063
15  6  -0.0000810454  -0.0003282384   0.0001091948  -0.0000108071  -0.0000177242
16  1  -0.0249771153  -0.0084709639   0.0371323189  -0.0512434382  -0.0082973460
16  2   0.0273331415   0.0029134048   0.0042385059  -0.0167788930   0.0015148678
16  3  -0.0003434075  -0.0003246450   0.0017477515   0.0011305865   0.0012061062
16  4   0.0680748043   0.0064882942  -0.0406956214   0.0033568730   0.0021439032
16  5  -0.0080481718   0.0002995590  -0.0001945087   0.0007524271  -0.0016963248
16  6   0.0033230283  -0.0006562930   0.0000096180  -0.0000180921   0.0000796305
17  1  -0.0039570970   0.0021777129   0.0033099590  -0.0058443121  -0.0613508377
17  2   0.0391835316  -0.0011161814  -0.0069986867   0.0297899892  -0.0006756718
17  3   0.0006501636  -0.0005938868  -0.0003344866   0.0000431061   0.0012320472
17  4   0.0064882942   0.0621802311  -0.0497520712   0.0033452695   0.0061575544
17  5  -0.0242898617  -0.0008606314   0.0011846443  -0.0003287406   0.0028405748
17  6  -0.0040538465   0.0015761014   0.0001142419   0.0000099586  -0.0001270681
18  1   0.0084888492   0.0016949545   0.0014224948   0.0294284904   0.0421134943
18  2  -0.2917617290   0.0015638582   0.0015453491  -0.0098676032  -0.0003903761
18  3  -0.0006402269   0.0011662563   0.0007320643  -0.0000665736   0.0012647267
18  4  -0.0406956214  -0.0497520712   0.3113333000   0.0014178200   0.0031957044
18  5  -0.0156969143   0.0001027805   0.0003607747   0.0009346740  -0.0006733926
18  6   0.0015586180   0.0011630629   0.0000255276  -0.0000100233   0.0000417316
19  1  -0.0246994640  -0.0307281479  -0.0202247293  -0.0628573377  -0.0506941994
19  2  -0.0341599358   0.0042249408   0.0145362981   0.0089750615   0.0015226959
19  3   0.0003724892   0.0006510969  -0.0066031830  -0.0019519212   0.0021043296
19  4   0.0033568730   0.0033452695   0.0014178200   0.0863751639   0.0627006542
19  5   0.0431925675  -0.0015363097   0.0033505948  -0.0014337653   0.0003563819
19  6  -0.0008565935  -0.0001112429  -0.0001397612  -0.0000744437  -0.0004112022
20  1  -0.0051283199  -0.0003929243  -0.0010406340  -0.0570565634  -0.2134087034
20  2  -0.1126635507  -0.0053721894  -0.0238202533  -0.0154926815  -0.0007091371
20  3   0.0008238074   0.0003324699   0.0002187876   0.0010972851   0.0010052032
20  4   0.0021439032   0.0061575544   0.0031957044   0.0627006542   0.2315401579
20  5   0.1220382289   0.0028767413  -0.0032086927   0.0020804756  -0.0003744540
20  6   0.0010175320   0.0002606555   0.0007005774   0.0001942370   0.0002841289
21  1   0.0014014921   0.0059192317   0.0061728434  -0.0407050494  -0.1166506627
21  2  -0.1351087035   0.0014868723   0.0092472535   0.0064375418   0.0009078665
21  3   0.0005515515  -0.0000873461   0.0021362334   0.0013655075   0.0014517160
21  4  -0.0080481718  -0.0242898617  -0.0156969143   0.0431925675   0.1220382289
21  5   0.1349804287  -0.0011023712   0.0023855703   0.0007532150   0.0005638760
21  6  -0.0002308373   0.0009164006   0.0001666846  -0.0003359817   0.0001808186
22  1   0.0024401724  -0.0007075512   0.0003414199   0.0042056654   0.0151253691
22  2   0.0093796957  -0.0615425441  -0.0586200612  -0.0410552278  -0.0109284141
22  3  -0.0201061518  -0.0150418387  -0.0004582966  -0.0001468593  -0.0003960760
22  4   0.0002995590  -0.0008606314   0.0001027805  -0.0015363097   0.0028767413
22  5  -0.0011023712   0.0719448830   0.0587817040   0.0435820499   0.0025675147
22  6   0.0048170053   0.0025461082  -0.0069922300  -0.0011595649   0.0016434596
23  1  -0.0004231897   0.0031820206   0.0008871085  -0.0088797397  -0.0247637395
23  2  -0.0161457368  -0.0552904784  -0.2126783404  -0.1165465588  -0.0018017281
23  3  -0.0006050394  -0.0001784898   0.0013559665  -0.0002767201   0.0000365664
23  4  -0.0001945087   0.0011846443   0.0003607747   0.0033505948  -0.0032086927
23  5   0.0023855703   0.0587817040   0.2308045658   0.1251914920   0.0024355162
23  6   0.0055897049   0.0034572935   0.0006658631   0.0007715964   0.0005519801
24  1   0.0018219752   0.0001711321  -0.0001392904   0.0022718980   0.0093691543
24  2   0.0063116114  -0.0405301772  -0.1158485355  -0.1311567226   0.0014476578
24  3   0.0032380291   0.0024847455   0.0000257594  -0.0007171306   0.0000537420
24  4   0.0007524271  -0.0003287406   0.0009346740  -0.0014337653   0.0020804756
24  5   0.0007532150   0.0435820499   0.1251914920   0.1355293361  -0.0093178960
24  6  -0.0243258324  -0.0151140549   0.0013800711   0.0011699561   0.0003427439
25  1   0.0016682209  -0.0012469376   0.0005363488   0.0029075065   0.0045485791
25  2  -0.0166658250  -0.0451038890  -0.0101026841   0.0438198458  -0.0187661634
25  3  -0.0048015161   0.0240770549   0.0001374039   0.0000150603  -0.0001716063
25  4  -0.0016963248   0.0028405748  -0.0006733926   0.0003563819  -0.0003744540
25  5   0.0005638760   0.0025675147   0.0024355162  -0.0093178960   0.0559148814
25  6   0.0061481020  -0.0415060332   0.0020144678   0.0005377592  -0.0006623724
26  1  -0.0011822891   0.0018789708  -0.0022100575  -0.0043812210  -0.0063438385
26  2   0.0300959612  -0.0049614796  -0.0609104608   0.0495888040  -0.0031425768
26  3   0.0003316698   0.0009097948   0.0001825472  -0.0001397891  -0.0000810454
26  4   0.0033230283  -0.0040538465   0.0015586180  -0.0008565935   0.0010175320
26  5  -0.0002308373   0.0048170053   0.0055897049  -0.0243258324   0.0061481020
26  6   0.0628656982  -0.0561176520   0.0000534772  -0.0002356409   0.0008122465
27  1  -0.0009151530  -0.0014367557   0.0019170373   0.0026153025   0.0021056116
27  2  -0.0093803528   0.0376759414   0.0504890760  -0.3047505030   0.0002782916
27  3  -0.0007021415   0.0019383486   0.0001025755   0.0001645783  -0.0003282384
27  4  -0.0006562930   0.0015761014   0.0011630629  -0.0001112429   0.0002606555
27  5   0.0009164006   0.0025461082   0.0034572935  -0.0151140549  -0.0415060332
27  6  -0.0561176520   0.3229651503  -0.0000294971   0.0002032330   0.0006731495
28  1   0.0004481342   0.0004797762   0.0004519674   0.0008271098  -0.0014099594
28  2  -0.0009335084  -0.0059850498  -0.0199323965  -0.0182985096  -0.0258452685
28  3  -0.0119638579  -0.0061358666   0.0003565160  -0.0001248216   0.0001091948
28  4   0.0000096180   0.0001142419   0.0000255276  -0.0001397612   0.0007005774
28  5   0.0001666846  -0.0069922300   0.0006658631   0.0013800711   0.0020144678
28  6   0.0000534772  -0.0000294971   0.0353064638   0.0314170996   0.0232639363
29  1   0.0000423307  -0.0000812683  -0.0000361670   0.0007551501   0.0011754962
29  2   0.0010087529  -0.0011304871  -0.0030800279  -0.0028374111  -0.0303683101
29  3  -0.1294225232  -0.1243834084  -0.0000014418  -0.0000803617  -0.0000108071
29  4  -0.0000180921   0.0000099586  -0.0000100233  -0.0000744437   0.0001942370
29  5  -0.0003359817  -0.0011595649   0.0007715964   0.0011699561   0.0005377592
29  6  -0.0002356409   0.0002032330   0.0314170996   0.1307485339   0.1252318567
30  1   0.0003961091   0.0002817010   0.0002766300  -0.0002610349  -0.0004215451
30  2  -0.0008238263   0.0013833809   0.0033096995   0.0039722943  -0.0254864306
30  3  -0.1298964097  -0.1295804692   0.0000545237  -0.0000265898  -0.0000177242
30  4   0.0000796305  -0.0001270681   0.0000417316  -0.0004112022   0.0002841289
30  5   0.0001808186   0.0016434596   0.0005519801   0.0003427439  -0.0006623724
30  6   0.0008122465   0.0006731495   0.0232639363   0.1252318567   0.1249346519
$end
