$vibrational normal modes
 1  1  -0.0585167141   0.0359097131   0.0277685068   0.3153898887  -0.0620124213
 1  2   0.0066741634   0.0328763997   0.0139722942   0.0621257136  -0.0392844123
 1  3  -0.3378748155  -0.0371508179  -0.0281353181  -0.0303574083  -0.3465000320
 1  4   0.1173147608   0.0105164911   0.0053795248   0.0128908597   0.0084544553
 1  5  -0.0193023514  -0.0017262260  -0.0020182737   0.0072993737   0.0000666270
 1  6   0.0017566331   0.0003724688  -0.0001557754   0.0000734065  -0.0244747658
 2  1   0.1180301235   0.3450303599   0.0780426661   0.0139010563  -0.2559486940
 2  2   0.0181424185   0.0838028317   0.0159659098   0.1650393761  -0.0241548041
 2  3   0.2550245411   0.0254062647   0.0240680646  -0.0031205523  -0.0525692930
 2  4   0.0014484208   0.0085091210  -0.0183243032   0.0055160759  -0.0118811876
 2  5   0.0296253133  -0.0374720136  -0.0014121461   0.0037574988   0.0000371190
 2  6   0.0001615283   0.0000339499   0.0012433050  -0.0005298027  -0.0427036614
 3  1  -0.0344165249   0.0912030049   0.3915322316   0.0108682378   0.2088563673
 3  2   0.0381670253   0.1807208145   0.0046677951  -0.0797235303   0.0453076277
 3  3  -0.1007896306  -0.0128460295   0.0007868717  -0.0085877931   0.0849612124
 3  4  -0.0032215503  -0.0142363312   0.0001988947  -0.0240900818  -0.0055930586
 3  5   0.0607576962  -0.0214737876  -0.0013611083  -0.0030459944   0.0000364653
 3  6   0.0000523163  -0.0003715618   0.0012173696  -0.0008219716  -0.0385630325
 4  1  -0.0348548930   0.0406464960   0.0096435809   0.3208298358  -0.0855337518
 4  2  -0.0195810796  -0.0172715748   0.0182978417   0.1124046486  -0.0405269484
 4  3  -0.2145555897  -0.0065666602  -0.0078975303   0.0115443338   0.3801392257
 4  4  -0.2397423989  -0.0450581235   0.0286123310   0.0089526888   0.0165605891
 4  5  -0.0770167369  -0.0862087168   0.0165104034   0.0372717114   0.0001981685
 4  6   0.0178040324  -0.0002321321  -0.0170641142   0.0050878747   0.0005348133
 5  1  -0.1153552497   0.2086880974   0.0755335227  -0.0580026806  -0.1828154201
 5  2  -0.0491649033  -0.0835644175  -0.0106583214  -0.2184321518  -0.0163999828
 5  3  -0.0982532604  -0.0438692353  -0.0331784028   0.0450943724   0.2164372591
 5  4   0.2623410950   0.0336947816   0.0390526110  -0.0137177725   0.0494162392
 5  5  -0.0240771497   0.0846026849  -0.0217247248   0.0660987777   0.0001951509
 5  6   0.0385469504   0.0059715194  -0.0526472765   0.0181931693  -0.0018366052
 6  1  -0.0379011229   0.0384212052   0.2888480828  -0.0005375535   0.1199939508
 6  2  -0.1475820715  -0.1998055491   0.0288036567   0.0680807450  -0.0256469419
 6  3   0.0958798064   0.0260582124  -0.0177943636   0.0528284321  -0.1307201613
 6  4  -0.1211706851   0.0972016768  -0.0320938696   0.0547780532   0.0774519886
 6  5  -0.0566881757   0.0135771011   0.0071895441  -0.0284155414   0.0001351605
 6  6  -0.0569376731   0.0147255649  -0.0637475567   0.0294240646  -0.0020285368
 7  1  -0.2201262443  -0.0339366780   0.0033216292   0.2711184710   0.0318431968
 7  2   0.0237138695  -0.0206969763  -0.0057995248  -0.0132111341   0.0117873168
 7  3   0.0317673186   0.2292377653   0.1712109057   0.0669220018   0.0523736144
 7  4   0.1141901321  -0.0271051295  -0.0099820892   0.1129213706  -0.0316140127
 7  5   0.0446428876   0.0404147419   0.0042365556   0.0017004164   0.0003312638
 7  6  -0.0008374077  -0.0234055160  -0.0027665573   0.0036291720   0.0001639592
 8  1  -0.1809405416   0.2286140771  -0.0416061563  -0.0646769480  -0.0600943836
 8  2   0.0605298091  -0.0862663956  -0.0454089392  -0.2668363124   0.0129138437
 8  3  -0.0995353007   0.0695144791   0.0123569137   0.0031357037  -0.1867922257
 8  4  -0.2638330960  -0.0504801285  -0.0482971454  -0.0632420218  -0.0186836297
 8  5   0.0013165476   0.0060252302   0.0769545137   0.0196335471   0.0005433045
 8  6  -0.0036314474  -0.0623899092  -0.0012563121   0.0245665447   0.0003688258
 9  1   0.1057267258   0.2287301027  -0.0348485829   0.0692389249   0.2611312249
 9  2   0.0887307327  -0.2005883436  -0.0329806610   0.1443934938   0.0109755019
 9  3   0.0153188848   0.0147681263  -0.1022542697   0.0106968132   0.0472168767
 9  4   0.1383088671  -0.1055307779  -0.0271868160  -0.0214842162  -0.0675781412
 9  5  -0.0184959297  -0.0029474197  -0.0269665557  -0.0076276394   0.0009540183
 9  6   0.0058658018   0.0072507697   0.0336117127   0.0855981369   0.0000530746
10  1  -0.1930566912  -0.0284833217  -0.0172776466   0.2773483969   0.0049956327
10  2  -0.0061737561   0.0132767377  -0.0055573222  -0.0815111168   0.0389204592
10  3   0.2384405251  -0.0914149556  -0.0473059070   0.0064308383  -0.0171907216
10  4  -0.0072443782  -0.0116485151  -0.0087769929   0.0000592626   0.0003446864
10  5   0.0011685068   0.0013658355   0.0026311937   0.0000602851  -0.0052348452
10  6  -0.0001676193  -0.0002580909   0.0000990137   0.0002053989   0.0000558515
11  1  -0.4785840922   0.0587127304  -0.0527632469  -0.1554532300   0.0401569527
11  2  -0.0165201751   0.0378093622  -0.0075925237   0.1279418661  -0.0087895792
11  3  -0.0279272506  -0.0136897403  -0.0131566939  -0.0140842857   0.0137822558
11  4  -0.0002592435   0.0094387398   0.0090991038   0.0097465834  -0.0039985778
11  5   0.0019053173   0.0002436416   0.0009192861   0.0003371343  -0.0222175582
11  6  -0.0000220125  -0.0002423053   0.0001106243   0.0002538962  -0.0000121808
12  1   0.1036238232   0.1640670306  -0.1721156855   0.0557392006   0.1493030577
12  2  -0.1459939070   0.0784606180   0.0218117360  -0.0560855221   0.0026326173
12  3  -0.0111594114   0.0157880029   0.0165696848  -0.0102384215   0.0000738410
12  4  -0.0066852705   0.0217630242   0.0174499453   0.0001404536  -0.0053193510
12  5   0.0008502167  -0.0004689420  -0.0005943391  -0.0002806708  -0.0216510799
12  6   0.0000797253  -0.0003017411   0.0000584377   0.0000463308   0.0000112110
13  1  -0.1506527880  -0.0212312404  -0.0546481462   0.2868625028  -0.0393594775
13  2  -0.0585776107  -0.1899259322  -0.0054924902  -0.0869955087  -0.2754087473
13  3  -0.2607778065  -0.0726039858  -0.0831399416   0.0956783612   0.2842194603
13  4   0.1300944007   0.4492229665  -0.4240336757  -0.1611707302  -0.2364154626
13  5   0.5513163248  -0.3265612458  -0.0308884728   0.0008592940   0.0004610189
13  6   0.0034410611   0.0031374790   0.0012283997  -0.0036860154   0.3734776969
14  1   0.1026512379   0.2679167339   0.2140817807  -0.0066665803  -0.3706466597
14  2  -0.1367390797   0.0282888691   0.0832269306   0.3368631778   0.7051849676
14  3  -0.3088639868   0.0433233423  -0.0000897230  -0.0113709003  -0.1649353744
14  4   0.0181765711  -0.0643313110   0.0470436888   0.0164230240   0.0317005699
14  5  -0.0369762956   0.0034134632   0.0009971366   0.0081695810   0.0000039227
14  6   0.0004069012   0.0013942712  -0.0129471162   0.0051132819   0.6842917662
15  1   0.0359507074   0.2091740608   0.2897074774   0.0500414293   0.3218776074
15  2   0.2463848211   0.3710624882  -0.0577833908  -0.1804534993  -0.6150824221
15  3   0.4672546919  -0.0120000219   0.0577246418  -0.0727764463  -0.1825097646
15  4  -0.0180858030  -0.1894879151   0.1827981593   0.0699823252   0.0961729790
15  5  -0.2148251604   0.1312925234   0.0131268220  -0.0026854727   0.0001698828
15  6   0.0023268580   0.0035697429  -0.0116020631   0.0041527608   0.6229477889
16  1   0.0053878714   0.0333074530  -0.0820492971   0.3271596835  -0.1529632531
16  2  -0.1308677030  -0.2625894819   0.0408488328   0.2682277733  -0.0950498665
16  3  -0.1314345717  -0.0248146506  -0.0277922755  -0.0490226054   0.1080354916
16  4  -0.2525955505  -0.2979798999   0.3315145524  -0.2426535082   0.3402695197
16  5   0.6736326728   0.3444952088   0.0026402955  -0.3031878629   0.0001784225
16  6  -0.1399031409   0.0197512509  -0.0481908046   0.0245695455   0.0030352189
17  1  -0.2593923974   0.0201416793   0.2827034074  -0.1266361686  -0.3208270110
17  2  -0.3212470902  -0.2464484352   0.0547683849  -0.3153577844  -0.0529044174
17  3  -0.0667720999  -0.2440198011   0.3538151255  -0.3229500761   0.2183588905
17  4   0.4319198777  -0.2618716106  -0.0313820795  -0.0179381166  -0.3088835182
17  5  -0.1800869022  -0.2458738188   0.1888572892  -0.5865249432  -0.0002022041
17  6  -0.1627416120   0.0233937223  -0.0657849722   0.0375292120   0.0004950673
18  1  -0.0593703859  -0.0002473138   0.3137756197  -0.0130288959   0.0807653720
18  2  -0.2211084837  -0.2767135090   0.0461614039   0.0766434360  -0.0394869888
18  3   0.1168704315  -0.0184691048   0.0559429725  -0.0330602157  -0.1551570222
18  4  -0.1033402809  -0.0091644021   0.0021318329   0.0123400385   0.0597934230
18  5   0.0277300474   0.0220391445   0.0419924040  -0.1930246890   0.0000937392
18  6   0.8928895369  -0.1149982848   0.2902232139  -0.1739662211   0.0040749334
19  1   0.0867461324   0.1107436986   0.0973940570   0.3574709546  -0.1249036352
19  2   0.0435236516   0.2020061268   0.0285008906   0.2609420771  -0.0117593301
19  3  -0.2115429057  -0.0550861610  -0.0057680255  -0.0199514595   0.4293679209
19  4  -0.2617277385   0.2668578669  -0.3098395230  -0.1760608212  -0.2868423170
19  5  -0.2254650509   0.7623621745   0.0082436433  -0.2258240480  -0.0024074321
19  6  -0.1078380170  -0.0327612027   0.2485422087  -0.0856657282   0.0033304751
20  1  -0.0980028037   0.2839298294  -0.0544371139  -0.0375298163  -0.0740422530
20  2   0.0996061861  -0.0304203226  -0.0557775258  -0.2494690740   0.0090440034
20  3  -0.1340575634   0.1006421975  -0.2308686574   0.2771367645   0.1503124800
20  4   0.2167217525   0.1349752401   0.1365920472   0.1402192725   0.3053288098
20  5  -0.0764447986  -0.2435916580   0.0982821952  -0.2683911225   0.0007953354
20  6  -0.2902647342  -0.0910128494   0.6873300282  -0.2467672118   0.0117008773
21  1  -0.1305906953  -0.1121305514   0.4340885744  -0.0511609052  -0.0202900197
21  2  -0.4037519311  -0.4016556918   0.0930518575   0.0333915516  -0.0774932824
21  3   0.1409363802  -0.1637840296   0.2813016613  -0.2788532141  -0.0826670252
21  4  -0.0213619716  -0.2294046116   0.0040657239  -0.0694904205  -0.1334068712
21  5   0.0865279317   0.0478131667  -0.1566446615   0.5816468672  -0.0013144141
21  6  -0.2162631529  -0.0603943945   0.4659847674  -0.1657004961   0.0099111062
22  1  -0.3417689213  -0.1043263796  -0.0855204165   0.2344138402   0.0707482649
22  2  -0.0405745503   0.0951971320   0.0264017018   0.0296016590   0.0104202767
22  3   0.1794244931   0.4845619758   0.0480230096  -0.2180431116   0.0907168640
22  4   0.3323450831  -0.1383016487  -0.4219799827  -0.5627210886   0.5032360549
22  5  -0.2104982286  -0.1079551798  -0.1137087742  -0.0161385422  -0.0060925532
22  6   0.0055415192   0.2150358426  -0.0247396499  -0.1505918338  -0.0015243080
23  1  -0.2029965465   0.1499160031   0.0897304524  -0.0867635615  -0.1686366407
23  2  -0.0911624231  -0.0738610103  -0.0044019218  -0.3042388882  -0.0302356255
23  3  -0.1167353919   0.2277492981  -0.2748876897   0.1606932216  -0.2171746754
23  4  -0.3102187641  -0.2045994235   0.0731200229   0.1069039538  -0.3362099449
23  5   0.0229405699   0.0111800766  -0.3162231566  -0.0846926639  -0.0131727937
23  6   0.0183602302   0.6407655931  -0.0621556241  -0.4502835209  -0.0004327250
24  1   0.1987367638   0.3789633566  -0.1825167770   0.1198681043   0.4004118921
24  2   0.3426504253  -0.2759464862  -0.1095221433   0.1815505430   0.0802272277
24  3  -0.0346043151  -0.3581125385   0.3850884939  -0.0750454658   0.0821037913
24  4   0.0838464733   0.1746174003  -0.0011144704   0.0597271084   0.1374160897
24  5   0.0587177780   0.0589741624   0.5729204611   0.1470105954  -0.0074652558
24  6   0.0150912236   0.4559610044  -0.0395673404  -0.3006086908  -0.0016269932
25  1  -0.2622195307  -0.0276093836   0.0938965308   0.2642414569   0.0999697889
25  2   0.1342781706  -0.1450316581  -0.0468644938   0.0991701325   0.0366066729
25  3   0.1820204525   0.0356529148   0.3845117662   0.2511367478  -0.2470693182
25  4  -0.0297622703   0.3572317355   0.5110468506  -0.6391733886  -0.2174687675
25  5  -0.1684037609  -0.1362711979  -0.1662634418  -0.0338101741   0.0006089267
25  6   0.0147147420   0.0747523294   0.0582113420   0.1103332099  -0.0000733093
26  1  -0.0388224013   0.4155151927  -0.2477486291   0.0032435101   0.0775989044
26  2   0.3309009337  -0.1344468807  -0.1093613289  -0.2332865726   0.0803987792
26  3  -0.2222733336  -0.3879437810   0.4522809572  -0.1700744200   0.0418660364
26  4  -0.3457583467   0.1294202397  -0.1379973075   0.2693061174   0.2684342443
26  5   0.0125861845  -0.0226499541  -0.6441727334  -0.1606802008   0.0032230611
26  6   0.0164727433   0.0964869296   0.0747818157   0.1541670544  -0.0001518975
27  1   0.1287082498   0.2694031085  -0.0631826779   0.0824650907   0.3018471183
27  2   0.1647479785  -0.2320436540  -0.0530244160   0.1702518101   0.0287057151
27  3   0.0154504664  -0.1134367612   0.0292039274   0.0041615507   0.0438683819
27  4   0.1076142635  -0.0050477845   0.0318178170  -0.0632279071  -0.0356971862
27  5  -0.0486171310  -0.0307762359  -0.1893004384  -0.0476896605  -0.0030247801
27  6  -0.0885467867  -0.5369501392  -0.3663099099  -0.7147591155   0.0001241964
28  1  -0.0610874035   0.0547787177   0.1063738237   0.3184780552  -0.0249259711
28  2   0.0934227870  -0.1913990187  -0.2373263072  -0.1461615405   0.0631367170
28  3   0.1985934299   0.4765450816  -0.3104937358  -0.7175248568   0.2276324557
28  4  -0.0539283271   0.4264967607   0.2851021531   0.1230061360  -0.0685610531
28  5   0.0344040048  -0.0064282711   0.0010886242  -0.0040773575   0.1664081343
28  6  -0.0006842857   0.0040525610   0.0005772511  -0.0065320684   0.0001362074
29  1  -0.4104339212   0.1970759100  -0.2490525699  -0.1115591206   0.1916849526
29  2   0.2207571066  -0.0523049988   0.6877494930  -0.1415087599  -0.0069389799
29  3   0.0459878085  -0.0131383875  -0.0156466311  -0.0105928164   0.0143238696
29  4  -0.0078061109   0.0311089248   0.0241960768   0.0045528749  -0.0107999478
29  5  -0.0016478412   0.0046224276   0.0073031902   0.0001509226   0.7067149052
29  6  -0.0001565732   0.0084328743  -0.0021532282  -0.0089582376  -0.0001946388
30  1   0.0000000000   0.0000000000   0.0000000000   0.0000000000   0.0000000000
30  2  -0.4165183337   0.2220304374  -0.6370423814   0.2362852146  -0.0049506826
30  3  -0.0761619046  -0.1190116158   0.0816797944   0.1605977837  -0.0615275078
30  4   0.0109026134  -0.1085819131  -0.0715478632  -0.0281550376   0.0160521212
30  5  -0.0050724843  -0.0002395365  -0.0059172633   0.0015163339   0.6867142100
30  6  -0.0002826764   0.0064344410  -0.0008066921  -0.0081700096  -0.0001408119
$end
