$coord
-4.93901752697071 0.33334377066437 -0.15016089841606 n
-2.3327681091145 0.11388233295265 0.02182965857328 c
-1.07200371261485 -1.9619975218579202 -1.04514396152314 c
1.54283139441299 -2.12431861636428 -0.9645471696709 c
2.97595423460716 -0.21425960520005 0.15392522765564 c
6.37148196074765 -0.47083314292322 0.34060323005678 s
1.73313395164351 1.84437914959978 1.23459612290199 c
-0.8822155091373 2.01540579068335 1.16770746516516 c
-5.89878219949903 -1.29818578195036 -0.39640274650574 h
-5.76762585678883 1.46712482823644 1.14289057765124 h
-2.15743796253697 -3.45780352322963 -1.9287918559388102 h
2.47513142288057 -3.7507403784289 -1.78486428227618 h
6.95349172777997 0.54229484622957 -1.93502798904581 h
2.8157246091053 3.33129131778966 2.13130959472066 h
-1.81789842451486 3.63041653379855 2.01207702665188 h
$user-defined bonds 
 
$end
