$dipgrad          cartesian dipole gradients
  -.15612179131330D+01  0.13076709742001D+00  -.10645541545772D+00
  0.34589194477422D+00  -.18234471763372D+00  0.16778940388536D+00
  -.50433755000523D+00  0.18706496833028D+00  -.36489189644518D+00
  0.16648721410343D+01  -.12600207411510D+00  0.86117453523205D-01
  -.13006341824037D+00  0.49783658471648D-01  -.11422789410165D-01
  0.84105874382004D-01  -.11073763538728D-01  0.52250812886369D-01
  -.42588459293644D+00  -.29776418456653D-03  -.11958760670033D-01
  0.31961547356764D+00  -.49098189117724D-02  0.11407424216470D+00
  0.20343861667499D+00  0.37866936776432D-01  -.12739761028023D+00
  0.11033767610279D+00  0.43935055275802D-01  0.41095720746726D-01
  0.10223439399569D+00  0.88469217732686D-01  0.88860077038412D-01
  -.42694213650561D-02  0.59136916665689D-01  -.50732107558435D-01
  0.18146405964647D+00  -.26154787330973D-01  0.12356728315516D-02
  0.45616614181764D-01  -.24594189572627D+00  -.46397888221169D-01
  -.15115464880129D+00  -.34454644833561D-01  -.19270137582260D+00
  0.73494814470958D-01  -.29626591515128D-01  0.35013552594249D-01
  -.74415489275172D-01  -.18803072018039D+00  -.14087298531085D+00
  0.18566587603752D+00  -.15576708997448D+00  0.39701197580887D-01
  0.99661766082377D-01  -.52317871605302D-01  -.18066878116961D-01
  -.64940423092034D-01  0.66376329668655D-01  0.78611752999455D-01
  -.61967492484067D-01  0.11123248521335D+00  -.93833042012246D-02
  -.45644979078253D+00  0.47160264250750D-01  0.12329987795849D-01
  -.32028725673081D+00  -.46888665110884D-03  0.63911689969672D-01
  -.12922798284944D+00  0.13219424775968D+00  -.10139808673731D+00
  0.20279577773973D+00  0.15563365847307D-01  0.34437919375573D-01
  -.60162464335972D-01  0.10064918208850D+00  -.47532241939858D-01
  0.18476034583190D+00  -.33097774331394D-01  0.27095592111583D+00
  0.19585188040616D+00  -.42171795667374D-01  -.19078901613731D-02
  -.13065374387600D+00  0.20022962338249D+00  -.82208779596886D-01
  0.13995876122630D+00  -.11030927056500D+00  0.17855669369232D+00
  -.36433162020046D-01  -.77343262942852D-01  -.48867704878054D-01
  -.68955588145303D-01  0.23798770336365D-02  -.77274960758697D-01
  -.51829851098664D-01  -.78367345997700D-01  0.90778666843988D-01
  0.58007007414678D-01  0.60036068319013D-01  0.29071406272245D-01
  0.48065761525218D-01  0.13580318158964D-01  -.56958036017212D-01
  0.29224101222263D-01  -.63364303850397D-01  0.88190715521986D-01
  -.13283390662902D+00  0.37161981821547D-01  -.53189983150998D-01
  -.36535050925261D-01  0.94443223124515D-01  0.89530404342997D-01
  0.73013549636869D-01  0.87940329745373D-01  -.61789457977249D-01
  0.48098182501498D-01  -.61093481359191D-01  -.37712446216677D-01
  -.53895512171776D-01  0.21389062321662D-01  -.58665621765181D-01
  -.28095752500029D-01  -.50150910156531D-01  0.92902789339040D-01
  -.21763939887394D-01  0.80383795786078D-01  0.38857365512432D-01
  0.78484758748040D-01  -.15604452869090D-01  -.81444267380626D-01
  0.30715574091879D-01  -.78850781243080D-01  0.94957042052243D-01
$end
