$hessian (projected)
 1  1   0.6552885865   0.0643833821  -0.1050551105  -0.3020704955   0.0221622485
 1  2  -0.0244790623  -0.0373896345   0.0163309617   0.0040737232   0.0063528774
 1  3  -0.0009333680   0.0003690146  -0.0077572305   0.0011851547  -0.0010911125
 1  4   0.0020297244  -0.0000461754   0.0005295069   0.0069305595  -0.0010543975
 1  5   0.0004595411  -0.0425654461  -0.0088670452  -0.0103385754  -0.1526881337
 1  6  -0.1688466396   0.0055633978  -0.1299823595   0.0757430636   0.1300597259
 1  7   0.0020004895  -0.0007413980  -0.0004977217  -0.0002385702   0.0002239106
 1  8  -0.0000789064  -0.0015524509  -0.0003039879   0.0003381362  -0.0003753590
 1  9  -0.0000099072  -0.0002417180   0.0020174425   0.0007741977   0.0003891611
 2  1   0.0643833821   0.6163113394   0.2839653081   0.0005036304  -0.1025770726
 2  2  -0.0348675689   0.0445844267  -0.0033803539  -0.0008589948  -0.0069621317
 2  3  -0.0054262654  -0.0052837143   0.0020742411   0.0048884893   0.0039492799
 2  4  -0.0006154525  -0.0001263865   0.0002032504   0.0035511370  -0.0059405963
 2  5  -0.0071857913  -0.0368712529   0.0085776849  -0.0026977682  -0.1549347889
 2  6  -0.3401018608  -0.0428456831   0.0841203941  -0.1737006631  -0.1979894902
 2  7   0.0006451977   0.0009022861   0.0012557306   0.0012038188  -0.0001325470
 2  8   0.0000366724   0.0003376087   0.0000418463  -0.0001232219  -0.0013965615
 2  9   0.0001521318  -0.0000310355  -0.0006236491   0.0005119680   0.0024730270
 3  1  -0.1050551105   0.2839653081   0.2762782341   0.0144130259  -0.0367104887
 3  2  -0.0572864804   0.0195879982   0.0001274146   0.0086893071  -0.0013341961
 3  3  -0.0070596216   0.0018445445  -0.0023906404   0.0039944853   0.0001038174
 3  4   0.0009112126   0.0003041930  -0.0002862486   0.0047384708  -0.0055401900
 3  5   0.0019289515  -0.0263431719  -0.0037068896   0.0018856723  -0.0143721726
 3  6  -0.0736160155  -0.0206197743   0.1099937695  -0.1653127490  -0.2095122690
 3  7   0.0003512300   0.0022092538  -0.0017835312   0.0009159458  -0.0000023160
 3  8   0.0000939319  -0.0005148424  -0.0001471167   0.0001220914  -0.0005339096
 3  9  -0.0000091672  -0.0000514972  -0.0003676091   0.0015038995  -0.0014067495
 4  1  -0.3020704955   0.0005036304   0.0144130259   0.7021141198  -0.0118574853
 4  2   0.0195834565  -0.1548163104   0.0826769074   0.0417009277  -0.0251598099
 4  3   0.0308673373   0.0156445601   0.0065520682  -0.0037241824  -0.0001682838
 4  4  -0.0017587529   0.0002010255  -0.0005432492  -0.0344920949  -0.0243798335
 4  5  -0.0155460759  -0.1656233632  -0.0865900888  -0.0527309414  -0.0189764222
 4  6   0.0045587022  -0.0118329620  -0.0159077558   0.0088302560  -0.0087835299
 4  7   0.0093306270  -0.0164560481  -0.0087018443  -0.0052029099  -0.0005684194
 4  8  -0.0009964146   0.0013748677   0.0003146913  -0.0004473244  -0.0049789253
 4  9   0.0016232127   0.0002895624   0.0096151572   0.0140002945   0.0081190927
 5  1   0.0221622485  -0.1025770726  -0.0367104887  -0.0118574853   0.5506867624
 5  2   0.2193376884   0.0257803078  -0.2195892264  -0.0866493847   0.0722554807
 5  3   0.0217610413   0.0191040290  -0.0042411006  -0.0570683873  -0.0311727874
 5  4   0.0006214814  -0.0007684183  -0.0003401284  -0.0651945343   0.0347745139
 5  5   0.0173614301  -0.0284262540  -0.2073668987  -0.0841140061  -0.0350376072
 5  6   0.0053547543  -0.0010556348   0.0252554200  -0.0037696371   0.0085419318
 5  7   0.0111169100  -0.0141534215  -0.0086253110  -0.0005146454   0.0033731858
 5  8  -0.0028672853  -0.0002236161   0.0006801177   0.0004913669   0.0019169117
 5  9   0.0030374630  -0.0026834851  -0.0136135172  -0.0143747763  -0.0106179347
 6  1  -0.0244790623  -0.0348675689  -0.0572864804   0.0195834565   0.2193376884
 6  2   0.2767076827   0.0086713816  -0.0854786119  -0.1064103093   0.0377949720
 6  3   0.0171813064   0.0079680634   0.0001009482  -0.0314372816  -0.0181711012
 6  4  -0.0004480607  -0.0001813720  -0.0008795978  -0.0387657506   0.0191800032
 6  5   0.0043293956  -0.0220033139  -0.0848769667  -0.1089367035  -0.0063291371
 6  6   0.0046964149  -0.0062334076   0.0273390574   0.0007891079  -0.0001433483
 6  7   0.0065778232  -0.0104292210  -0.0024627024  -0.0013935530  -0.0027433834
 6  8   0.0068116547   0.0004755110   0.0004193759   0.0002753927  -0.0000034417
 6  9  -0.0028535914   0.0068689274  -0.0071208305  -0.0087358998  -0.0024374661
 7  1  -0.0373896345   0.0445844267   0.0195879982  -0.1548163104   0.0257803078
 7  2   0.0086713816   0.7048662895   0.0169829415   0.0485653762  -0.3418594164
 7  3   0.0436494562   0.0041700800  -0.0365922912  -0.0624568981  -0.0370859118
 7  4   0.0030432372  -0.0014487082  -0.0008743933  -0.0434143058   0.0277128945
 7  5   0.0121563996   0.0560731175   0.0101035814   0.0081657529   0.0025142887
 7  6   0.0027046825   0.0025746624  -0.0057489796  -0.0007445881  -0.0005853730
 7  7  -0.1336254052  -0.1036661510  -0.0632406001  -0.0101326264  -0.0007855011
 7  8  -0.0011384165  -0.0010178789   0.0003862404   0.0008543814  -0.0005784011
 7  9   0.0006388452   0.0005427718  -0.0013216835  -0.0034415298  -0.0023641095
 8  1   0.0163309617  -0.0033803539   0.0001274146   0.0826769074  -0.2195892264
 8  2  -0.0854786119   0.0169829415   0.5503564419   0.2439462220  -0.0114093259
 8  3  -0.1085541774  -0.0365300462  -0.0167023430   0.0271994766   0.0139456339
 8  4  -0.0055313092  -0.0002751200  -0.0032365614   0.0211683263  -0.0155866210
 8  5  -0.0084873301  -0.0200581190  -0.0365791495  -0.0226705560  -0.0013503869
 8  6   0.0016565742   0.0000886183  -0.0025453783   0.0029356385  -0.0012709392
 8  7  -0.1040855980  -0.1996461727  -0.0990601134   0.0251692112   0.0019278876
 8  8   0.0017841885   0.0014215887   0.0002215187  -0.0003878566   0.0005209686
 8  9  -0.0000653719   0.0006750904  -0.0025884453  -0.0006213447  -0.0034451530
 9  1   0.0040737232  -0.0008589948   0.0086893071   0.0417009277  -0.0866493847
 9  2  -0.1064103093   0.0485653762   0.2439462220   0.2439980198  -0.0267742285
 9  3  -0.0336225704  -0.0632154922  -0.0116014045   0.0114817018   0.0071163199
 9  4  -0.0023372785  -0.0020237307   0.0036805063   0.0097281126  -0.0079694796
 9  5  -0.0026567466  -0.0083163226  -0.0219184820  -0.0086171890  -0.0013757905
 9  6   0.0004706312  -0.0004266960  -0.0011214755  -0.0004980603   0.0015853800
 9  7  -0.0632707715  -0.0988463018  -0.0881495120   0.0131717172   0.0000781714
 9  8   0.0026660210  -0.0009533758  -0.0007864509  -0.0006595885   0.0004120022
 9  9   0.0006415537  -0.0007059127  -0.0019012117  -0.0034448249   0.0031058921
10  1   0.0063528774  -0.0069621317  -0.0013341961  -0.0251598099   0.0722554807
10  2   0.0377949720  -0.3418594164  -0.0114093259  -0.0267742285   0.6738049346
10  3  -0.0503735822   0.0079502578  -0.1598266267  -0.0486209029  -0.0321471231
10  4  -0.0343943029  -0.0162967199  -0.0106331384   0.0578423177  -0.0263690191
10  5  -0.0106851582  -0.0476358839  -0.0174118426  -0.0116481908  -0.0006421379
10  6  -0.0007969379  -0.0002494103   0.0002975315   0.0010470912  -0.0012939756
10  7  -0.0132393823   0.0020876908   0.0004635268  -0.1146971923   0.1010656322
10  8   0.0494032271   0.0009982192  -0.0009158087  -0.0018623740  -0.0008947225
10  9   0.0035794368   0.0015759038  -0.0009464055  -0.0008790608  -0.0005600925
11  1  -0.0009333680  -0.0054262654  -0.0070596216   0.0308673373   0.0217610413
11  2   0.0171813064   0.0436494562  -0.1085541774  -0.0336225704  -0.0503735822
11  3   0.5809576993   0.2491686376  -0.0986085867  -0.2078708474  -0.0939990128
11  4   0.0002518090   0.0033764887   0.0014050114   0.0143966211  -0.0475574404
11  5  -0.0224912859  -0.0228629288  -0.0101385481  -0.0079102480   0.0002852770
11  6  -0.0002775293   0.0005412056   0.0019279237   0.0001459846  -0.0004557429
11  7  -0.0252308784   0.0042047228   0.0005690696   0.1027773192  -0.2296371728
11  8  -0.0988446588   0.0012563958   0.0002199507  -0.0004124237   0.0032223444
11  9  -0.0012500601  -0.0043806692  -0.0006251396   0.0000461536   0.0003110028
12  1   0.0003690146  -0.0052837143   0.0018445445   0.0156445601   0.0191040290
12  2   0.0079680634   0.0041700800  -0.0365300462  -0.0632154922   0.0079502578
12  3   0.2491686376   0.2516170410  -0.0601509855  -0.0905789502  -0.0975886805
12  4  -0.0017824069   0.0006869266   0.0000399490   0.0119938214  -0.0265326856
12  5  -0.0166597186  -0.0162037113  -0.0077382539  -0.0035649232  -0.0006865380
12  6  -0.0005482399  -0.0010999607   0.0004253829  -0.0008071941   0.0011473387
12  7  -0.0144053559   0.0020252983   0.0006707964   0.0501596740  -0.0990509896
12  8  -0.0850462720   0.0015771729   0.0000338001  -0.0002169886   0.0011743690
12  9  -0.0041904610   0.0045193035  -0.0002353352   0.0002418433  -0.0004150007
13  1  -0.0077572305   0.0020742411  -0.0023906404   0.0065520682  -0.0042411006
13  2   0.0001009482  -0.0365922912  -0.0167023430  -0.0116014045  -0.1598266267
13  3  -0.0986085867  -0.0601509855   0.5118525174  -0.0054468741   0.0173985800
13  4  -0.1391784205   0.0067893284  -0.0035129063  -0.1468721350   0.0950168277
13  5   0.0477456029  -0.0279924348   0.0232974290   0.0107743710   0.0004092686
13  6   0.0003005897   0.0010143427   0.0002937145  -0.0010309839   0.0003272998
13  7  -0.0039039468   0.0010648877  -0.0000430688   0.0095894997   0.0125142925
13  8   0.0070208098  -0.0119883353  -0.0003729622   0.0021517830   0.0095014260
13  9  -0.0146126684  -0.0081092270  -0.0040870736  -0.0000420773  -0.0007255050
14  1   0.0011851547   0.0048884893   0.0039944853  -0.0037241824  -0.0570683873
14  2  -0.0314372816  -0.0624568981   0.0271994766   0.0114817018  -0.0486209029
14  3  -0.2078708474  -0.0905789502  -0.0054468741   0.4933498679   0.2156090100
14  4   0.0156941020  -0.0342820259   0.0010691097   0.0446305581  -0.2223023967
14  5  -0.0979204321   0.0690057306   0.0174604630   0.0126156854   0.0003663651
14  6   0.0005192824  -0.0006548259  -0.0005413662   0.0000005891   0.0004956280
14  7   0.0019562493   0.0033350144  -0.0023713460  -0.0143197880  -0.0148073285
14  8  -0.0093052640  -0.0085241228   0.0005154382  -0.0031793630   0.0114517311
14  9  -0.0144508904  -0.0076161885  -0.0006557566   0.0035132555  -0.0022019689
15  1  -0.0010911125   0.0039492799   0.0001038174  -0.0001682838  -0.0311727874
15  2  -0.0181711012  -0.0370859118   0.0139456339   0.0071163199  -0.0321471231
15  3  -0.0939990128  -0.0975886805   0.0173985800   0.2156090100   0.2266212400
15  4  -0.0226881867   0.0024449854  -0.0394533694   0.0204339803  -0.0948783518
15  5  -0.0971841582   0.0356783504   0.0098781098   0.0081691260   0.0004048380
15  6   0.0001198536   0.0000219335  -0.0001094430  -0.0002416828   0.0006020180
15  7   0.0000380996  -0.0022359227   0.0063591649  -0.0070106089  -0.0075057221
15  8  -0.0038631213   0.0205710047  -0.0041541593   0.0050637950   0.0070872081
15  9  -0.0095027022  -0.0040623293  -0.0013113913  -0.0022565315   0.0062653451
16  1   0.0020297244  -0.0006154525   0.0009112126  -0.0017587529   0.0006214814
16  2  -0.0004480607   0.0030432372  -0.0055313092  -0.0023372785  -0.0343943029
16  3   0.0002518090  -0.0017824069  -0.1391784205   0.0156941020  -0.0226881867
16  4   0.2245565064  -0.0004539479  -0.0197708407  -0.0314740118   0.0040592463
16  5   0.0002479561   0.0031253123   0.0039997798   0.0035360499  -0.0000340120
16  6  -0.0000523162  -0.0003626866  -0.0000142034   0.0003090847  -0.0001256581
16  7  -0.0011223855   0.0001517738   0.0002083660   0.0011923743   0.0008845304
16  8   0.0001865106  -0.0261389393  -0.0185437801   0.0431148142   0.0012047353
16  9  -0.0005747981  -0.0007448482  -0.0010368618  -0.0002002035   0.0000550573
17  1  -0.0000461754  -0.0001263865   0.0003041930   0.0002010255  -0.0007684183
17  2  -0.0001813720  -0.0014487082  -0.0002751200  -0.0020237307  -0.0162967199
17  3   0.0033764887   0.0006869266   0.0067893284  -0.0342820259   0.0024449854
17  4  -0.0004539479   0.0710785602  -0.0953482971   0.0199811091   0.0004243288
17  5   0.0013558492   0.0009951317   0.0002231113  -0.0038745943  -0.0000340740
17  6  -0.0000473934   0.0000249505  -0.0000993512   0.0001172376   0.0000405726
17  7  -0.0006246044   0.0000938307  -0.0000884729  -0.0004425098   0.0007812521
17  8   0.0012257071  -0.0094860898  -0.0408525933   0.0933448188   0.0003787552
17  9   0.0002028372   0.0022445200   0.0005868307   0.0000542908  -0.0001560563
18  1   0.0005295069   0.0002032504  -0.0002862486  -0.0005432492  -0.0003401284
18  2  -0.0008795978  -0.0008743933  -0.0032365614   0.0036805063  -0.0106331384
18  3   0.0014050114   0.0000399490  -0.0035129063   0.0010691097  -0.0394533694
18  4  -0.0197708407  -0.0953482971   0.2421030844   0.0095974654   0.0011531677
18  5   0.0012268381   0.0010871169  -0.0024562190   0.0033318052   0.0001358685
18  6   0.0001177802   0.0000052260   0.0000574776  -0.0000114441  -0.0001060315
18  7  -0.0003123142  -0.0001082873   0.0003168953  -0.0000294410   0.0018200959
18  8  -0.0015868728   0.0234029292   0.0945628235  -0.2073050289   0.0004611233
18  9   0.0013764879  -0.0013517509   0.0004047949  -0.0002067893   0.0002645958
19  1   0.0069305595   0.0035511370   0.0047384708  -0.0344920949  -0.0651945343
19  2  -0.0387657506  -0.0434143058   0.0211683263   0.0097281126   0.0578423177
19  3   0.0143966211   0.0119938214  -0.1468721350   0.0446305581   0.0204339803
19  4  -0.0314740118   0.0199811091   0.0095974654   0.6808099970   0.0229679741
19  5   0.0466676666  -0.3409555758   0.0443184921   0.0046150706   0.0001031935
19  6   0.0005278697  -0.0015937829  -0.0005764919   0.0006522808   0.0005273636
19  7  -0.0007892921   0.0010238496   0.0004565405  -0.0015302851  -0.0034267458
19  8  -0.0022652494   0.0003557101   0.0021465009  -0.0002091781  -0.1350932089
19  9  -0.1062988285  -0.0651889772  -0.0108443765  -0.0004446099  -0.0007355535
20  1  -0.0010543975  -0.0059405963  -0.0055401900  -0.0243798335   0.0347745139
20  2   0.0191800032   0.0277128945  -0.0155866210  -0.0079694796  -0.0263690191
20  3  -0.0475574404  -0.0265326856   0.0950168277  -0.2223023967  -0.0948783518
20  4   0.0040592463   0.0004243288   0.0011531677   0.0229679741   0.5660834814
20  5   0.2528956592  -0.0112966330  -0.1087759670  -0.0364956001  -0.0013984269
20  6   0.0003763320  -0.0007290485   0.0003901909  -0.0009668923  -0.0002185509
20  7   0.0005675444  -0.0001704371   0.0003164461  -0.0028418668  -0.0004523856
20  8  -0.0042140194  -0.0023132696  -0.0002670468   0.0005303002  -0.1077741135
20  9  -0.2006655234  -0.0993446309   0.0267128820   0.0010266506   0.0018469805
21  1   0.0004595411  -0.0071857913   0.0019289515  -0.0155460759   0.0173614301
21  2   0.0043293956   0.0121563996  -0.0084873301  -0.0026567466  -0.0106851582
21  3  -0.0224912859  -0.0166597186   0.0477456029  -0.0979204321  -0.0971841582
21  4   0.0002479561   0.0013558492   0.0012268381   0.0466676666   0.2528956592
21  5   0.2602533358  -0.0251775647  -0.0333355881  -0.0632205816  -0.0014055415
21  6  -0.0004996401   0.0010972989  -0.0005143330   0.0009645242  -0.0004984593
21  7   0.0004937089   0.0002755117  -0.0003829589  -0.0021836637  -0.0042037473
21  8   0.0043844918  -0.0001591782  -0.0001446384   0.0000418111  -0.0664709578
21  9  -0.0989520413  -0.0941926124   0.0143715978   0.0003675204   0.0015331128
22  1  -0.0425654461  -0.0368712529  -0.0263431719  -0.1656233632  -0.0284262540
22  2  -0.0220033139   0.0560731175  -0.0200581190  -0.0083163226  -0.0476358839
22  3  -0.0228629288  -0.0162037113  -0.0279924348   0.0690057306   0.0356783504
22  4   0.0031253123   0.0009951317   0.0010871169  -0.3409555758  -0.0112966330
22  5  -0.0251775647   0.6973924044  -0.0508160229   0.0103088875  -0.0053713831
22  6   0.0013741576   0.0007313926   0.0023880507  -0.0036903488  -0.0008808407
22  7  -0.0007154470   0.0036214708   0.0016859922  -0.0006903595  -0.0006599041
22  8  -0.0003108038  -0.0012011727  -0.0007579596   0.0000837542  -0.0122870777
22  9   0.0026264947   0.0004837013  -0.1139407410   0.0978164378   0.0491765339
23  1  -0.0088670452   0.0085776849  -0.0037068896  -0.0865900888  -0.2073668987
23  2  -0.0848769667   0.0101035814  -0.0365791495  -0.0219184820  -0.0174118426
23  3  -0.0101385481  -0.0077382539   0.0232974290   0.0174604630   0.0098781098
23  4   0.0039997798   0.0002231113  -0.0024562190   0.0443184921  -0.1087759670
23  5  -0.0333355881  -0.0508160229   0.5557331856   0.2466613492   0.0028121730
23  6   0.0008952086   0.0004688063   0.0018064750   0.0005489680   0.0012347534
23  7   0.0028715108  -0.0015540549  -0.0034792824  -0.0005375609   0.0001583919
23  8   0.0006122635   0.0002241057  -0.0011138159  -0.0001293595  -0.0233594869
23  9   0.0049641738   0.0002534247   0.0981485006  -0.2230327532  -0.1014676656
24  1  -0.0103385754  -0.0026977682   0.0018856723  -0.0527309414  -0.0841140061
24  2  -0.1089367035   0.0081657529  -0.0226705560  -0.0086171890  -0.0116481908
24  3  -0.0079102480  -0.0035649232   0.0107743710   0.0126156854   0.0081691260
24  4   0.0035360499  -0.0038745943   0.0033318052   0.0046150706  -0.0364956001
24  5  -0.0632205816   0.0103088875   0.2466613492   0.2457805266   0.0019183711
24  6  -0.0003416525   0.0032702222   0.0004144424   0.0009679654   0.0008530906
24  7   0.0010726632  -0.0034051938   0.0034497637  -0.0001984000   0.0006559232
24  8  -0.0008491682  -0.0016761680   0.0005432354   0.0005012719  -0.0137151410
24  9   0.0018052832   0.0018844015   0.0495018081  -0.1017398229  -0.0839373147
25  1  -0.1526881337  -0.1549347889  -0.0143721726  -0.0189764222  -0.0350376072
25  2  -0.0063291371   0.0025142887  -0.0013503869  -0.0013757905  -0.0006421379
25  3   0.0002852770  -0.0006865380   0.0004092686   0.0003663651   0.0004048380
25  4  -0.0000340120  -0.0000340740   0.0001358685   0.0001031935  -0.0013984269
25  5  -0.0014055415  -0.0053713831   0.0028121730   0.0019183711   0.1642678720
25  6   0.1721047802   0.0189780709   0.0107050558   0.0162008592   0.0015096265
25  7  -0.0000843671   0.0010759413   0.0011582883   0.0000686848  -0.0000307323
25  8   0.0000239459   0.0000256402  -0.0000102981  -0.0000162606  -0.0004381459
25  9   0.0000932382   0.0000157673   0.0001405984  -0.0001423198   0.0000406639
26  1  -0.1688466396  -0.3401018608  -0.0736160155   0.0045587022   0.0053547543
26  2   0.0046964149   0.0027046825   0.0016565742   0.0004706312  -0.0007969379
26  3  -0.0002775293  -0.0005482399   0.0003005897   0.0005192824   0.0001198536
26  4  -0.0000523162  -0.0000473934   0.0001177802   0.0005278697   0.0003763320
26  5  -0.0004996401   0.0013741576   0.0008952086  -0.0003416525   0.1721047802
26  6   0.3473450223   0.0649501761  -0.0115475511  -0.0152597550   0.0037521950
26  7  -0.0005284126  -0.0004212000   0.0002817789   0.0000389272  -0.0000148696
26  8   0.0000214654  -0.0000263020   0.0000234637  -0.0000149378   0.0000586838
26  9  -0.0000235504   0.0000767219   0.0001297664  -0.0000244789   0.0005334686
27  1   0.0055633978  -0.0428456831  -0.0206197743  -0.0118329620  -0.0010556348
27  2  -0.0062334076   0.0025746624   0.0000886183  -0.0004266960  -0.0002494103
27  3   0.0005412056  -0.0010999607   0.0010143427  -0.0006548259   0.0000219335
27  4  -0.0003626866   0.0000249505   0.0000052260  -0.0015937829  -0.0007290485
27  5   0.0010972989   0.0007313926   0.0004688063   0.0032702222   0.0189780709
27  6   0.0649501761   0.0283201942  -0.0150870938  -0.0205734419  -0.0041448893
27  7   0.0000004251  -0.0007387231   0.0003047566   0.0000193271  -0.0000515645
27  8   0.0000078622   0.0002139555   0.0000131840  -0.0000817036  -0.0001048578
27  9   0.0001003141  -0.0000994134   0.0001352193   0.0004616670  -0.0003216487
28  1  -0.1299823595   0.0841203941   0.1099937695  -0.0159077558   0.0252554200
28  2   0.0273390574  -0.0057489796  -0.0025453783  -0.0011214755   0.0002975315
28  3   0.0019279237   0.0004253829   0.0002937145  -0.0005413662  -0.0001094430
28  4  -0.0000142034  -0.0000993512   0.0000574776  -0.0005764919   0.0003901909
28  5  -0.0005143330   0.0023880507   0.0018064750   0.0004144424   0.0107050558
28  6  -0.0115475511  -0.0150870938   0.1389587897  -0.0972439202  -0.1211684668
28  7   0.0001381731   0.0000612126   0.0001339991  -0.0004429275  -0.0000285838
28  8  -0.0000537713   0.0000263271   0.0000171981   0.0000042376   0.0000640848
28  9  -0.0000110626   0.0000339765  -0.0001990097  -0.0015616010  -0.0003477596
29  1   0.0757430636  -0.1737006631  -0.1653127490   0.0088302560  -0.0037696371
29  2   0.0007891079  -0.0007445881   0.0029356385  -0.0004980603   0.0010470912
29  3   0.0001459846  -0.0008071941  -0.0010309839   0.0000005891  -0.0002416828
29  4   0.0003090847   0.0001172376  -0.0000114441   0.0006522808  -0.0009668923
29  5   0.0009645242  -0.0036903488   0.0005489680   0.0009679654   0.0162008592
29  6  -0.0152597550  -0.0205734419  -0.0972439202   0.1898638117   0.1852662358
29  7  -0.0001623639   0.0002146779   0.0003113255   0.0000923430  -0.0000072604
29  8   0.0000910813  -0.0001624230  -0.0000786618   0.0000521053  -0.0000477529
29  9  -0.0000047551  -0.0000541229   0.0002074024  -0.0000392825  -0.0009436500
30  1   0.1300597259  -0.1979894902  -0.2095122690  -0.0087835299   0.0085419318
30  2  -0.0001433483  -0.0005853730  -0.0012709392   0.0015853800  -0.0012939756
30  3  -0.0004557429   0.0011473387   0.0003272998   0.0004956280   0.0006020180
30  4  -0.0001256581   0.0000405726  -0.0001060315   0.0005273636  -0.0002185509
30  5  -0.0004984593  -0.0008808407   0.0012347534   0.0008530906   0.0015096265
30  6   0.0037521950  -0.0041448893  -0.1211684668   0.1852662358   0.2109298696
30  7  -0.0000379762   0.0003881182  -0.0005566751  -0.0000879783   0.0000765761
30  8  -0.0001207921   0.0001284899   0.0000415409  -0.0000075188  -0.0000263168
30  9   0.0000182242   0.0000041201   0.0004376097   0.0000789472  -0.0000318335
31  1   0.0020004895   0.0006451977   0.0003512300   0.0093306270   0.0111169100
31  2   0.0065778232  -0.1336254052  -0.1040855980  -0.0632707715  -0.0132393823
31  3  -0.0252308784  -0.0144053559  -0.0039039468   0.0019562493   0.0000380996
31  4  -0.0011223855  -0.0006246044  -0.0003123142  -0.0007892921   0.0005675444
31  5   0.0004937089  -0.0007154470   0.0028715108   0.0010726632  -0.0000843671
31  6  -0.0005284126   0.0000004251   0.0001381731  -0.0001623639  -0.0000379762
31  7   0.1405671159   0.1128937938   0.0688348414   0.0009529150   0.0001007235
31  8   0.0003792608  -0.0000603096  -0.0000090098  -0.0000500168   0.0000203884
31  9  -0.0001024244  -0.0000273163   0.0005308265   0.0005913619   0.0003556987
32  1  -0.0007413980   0.0009022861   0.0022092538  -0.0164560481  -0.0141534215
32  2  -0.0104292210  -0.1036661510  -0.1996461727  -0.0988463018   0.0020876908
32  3   0.0042047228   0.0020252983   0.0010648877   0.0033350144  -0.0022359227
32  4   0.0001517738   0.0000938307  -0.0001082873   0.0010238496  -0.0001704371
32  5   0.0002755117   0.0036214708  -0.0015540549  -0.0034051938   0.0010759413
32  6  -0.0004212000  -0.0007387231   0.0000612126   0.0002146779   0.0003881182
32  7   0.1128937938   0.2084680887   0.1089884383  -0.0003548913  -0.0002867355
32  8   0.0020702490   0.0000612722   0.0000093923  -0.0000001329  -0.0000949052
32  9  -0.0001870695   0.0003094168  -0.0007284991  -0.0008089218  -0.0005025034
33  1  -0.0004977217   0.0012557306  -0.0017835312  -0.0087018443  -0.0086253110
33  2  -0.0024627024  -0.0632406001  -0.0990601134  -0.0881495120   0.0004635268
33  3   0.0005690696   0.0006707964  -0.0000430688  -0.0023713460   0.0063591649
33  4   0.0002083660  -0.0000884729   0.0003168953   0.0004565405   0.0003164461
33  5  -0.0003829589   0.0016859922  -0.0034792824   0.0034497637   0.0011582883
33  6   0.0002817789   0.0003047566   0.0001339991   0.0003113255  -0.0005566751
33  7   0.0688348414   0.1089884383   0.0860549703   0.0001108813   0.0020432148
33  8  -0.0029615218  -0.0001743291  -0.0000412111  -0.0000200176  -0.0000072914
33  9   0.0003183390  -0.0005898928  -0.0003875801  -0.0004186060  -0.0002495355
34  1  -0.0002385702   0.0012038188   0.0009159458  -0.0052029099  -0.0005146454
34  2  -0.0013935530  -0.0101326264   0.0251692112   0.0131717172  -0.1146971923
34  3   0.1027773192   0.0501596740   0.0095894997  -0.0143197880  -0.0070106089
34  4   0.0011923743  -0.0004425098  -0.0000294410  -0.0015302851  -0.0028418668
34  5  -0.0021836637  -0.0006903595  -0.0005375609  -0.0001984000   0.0000686848
34  6   0.0000389272   0.0000193271  -0.0004429275   0.0000923430  -0.0000879783
34  7   0.0009529150  -0.0003548913   0.0001108813   0.1204916949  -0.1093113219
34  8  -0.0531657828  -0.0000744645  -0.0002606903  -0.0000216008   0.0006816302
34  9  -0.0007430812  -0.0003684863   0.0000325363   0.0000447360   0.0000819694
35  1   0.0002239106  -0.0001325470  -0.0000023160  -0.0005684194   0.0033731858
35  2  -0.0027433834  -0.0007855011   0.0019278876   0.0000781714   0.1010656322
35  3  -0.2296371728  -0.0990509896   0.0125142925  -0.0148073285  -0.0075057221
35  4   0.0008845304   0.0007812521   0.0018200959  -0.0034267458  -0.0004523856
35  5  -0.0042037473  -0.0006599041   0.0001583919   0.0006559232  -0.0000307323
35  6  -0.0000148696  -0.0000515645  -0.0000285838  -0.0000072604   0.0000765761
35  7   0.0001007235  -0.0002867355   0.0020432148  -0.1093113219   0.2404564788
35  8   0.1091332010  -0.0006348982  -0.0004511320  -0.0000734543   0.0005916200
35  9  -0.0006947070  -0.0004868326   0.0000653974  -0.0002130579   0.0003108273
36  1  -0.0000789064   0.0000366724   0.0000939319  -0.0009964146  -0.0028672853
36  2   0.0068116547  -0.0011384165   0.0017841885   0.0026660210   0.0494032271
36  3  -0.0988446588  -0.0850462720   0.0070208098  -0.0093052640  -0.0038631213
36  4   0.0001865106   0.0012257071  -0.0015868728  -0.0022652494  -0.0042140194
36  5   0.0043844918  -0.0003108038   0.0006122635  -0.0008491682   0.0000239459
36  6   0.0000214654   0.0000078622  -0.0000537713   0.0000910813  -0.0001207921
36  7   0.0003792608   0.0020702490  -0.0029615218  -0.0531657828   0.1091332010
36  8   0.0810579523   0.0005582451   0.0004701535   0.0000874316   0.0003578926
36  9  -0.0005404883  -0.0000833363   0.0000794530   0.0003267341  -0.0005982611
37  1  -0.0015524509   0.0003376087  -0.0005148424   0.0013748677  -0.0002236161
37  2   0.0004755110  -0.0010178789   0.0014215887  -0.0009533758   0.0009982192
37  3   0.0012563958   0.0015771729  -0.0119883353  -0.0085241228   0.0205710047
37  4  -0.0261389393  -0.0094860898   0.0234029292   0.0003557101  -0.0023132696
37  5  -0.0001591782  -0.0012011727   0.0002241057  -0.0016761680   0.0000256402
37  6  -0.0000263020   0.0002139555   0.0000263271  -0.0001624230   0.0001284899
37  7  -0.0000603096   0.0000612722  -0.0001743291  -0.0000744645  -0.0006348982
37  8   0.0005582451   0.0394062095   0.0181249992  -0.0440335618  -0.0000544866
37  9  -0.0001782312   0.0007395913  -0.0000989359   0.0001229826  -0.0001554444
38  1  -0.0003039879   0.0000418463  -0.0001471167   0.0003146913   0.0006801177
38  2   0.0004193759   0.0003862404   0.0002215187  -0.0007864509  -0.0009158087
38  3   0.0002199507   0.0000338001  -0.0003729622   0.0005154382  -0.0041541593
38  4  -0.0185437801  -0.0408525933   0.0945628235   0.0021465009  -0.0002670468
38  5  -0.0001446384  -0.0007579596  -0.0011138159   0.0005432354  -0.0000102981
38  6   0.0000234637   0.0000131840   0.0000171981  -0.0000786618   0.0000415409
38  7  -0.0000090098   0.0000093923  -0.0000412111  -0.0002606903  -0.0004511320
38  8   0.0004701535   0.0181249992   0.0408141886  -0.0902638025   0.0001036124
38  9   0.0002724372  -0.0005600031   0.0000812543  -0.0000351036   0.0000132687
39  1   0.0003381362  -0.0001232219   0.0001220914  -0.0004473244   0.0004913669
39  2   0.0002753927   0.0008543814  -0.0003878566  -0.0006595885  -0.0018623740
39  3  -0.0004124237  -0.0002169886   0.0021517830  -0.0031793630   0.0050637950
39  4   0.0431148142   0.0933448188  -0.2073050289  -0.0002091781   0.0005303002
39  5   0.0000418111   0.0000837542  -0.0001293595   0.0005012719  -0.0000162606
39  6  -0.0000149378  -0.0000817036   0.0000042376   0.0000521053  -0.0000075188
39  7  -0.0000500168  -0.0000001329  -0.0000200176  -0.0000216008  -0.0000734543
39  8   0.0000874316  -0.0440335618  -0.0902638025   0.2025841486   0.0001093616
39  9   0.0001850886  -0.0004072209  -0.0000161518  -0.0000191275   0.0000221244
40  1  -0.0003753590  -0.0013965615  -0.0005339096  -0.0049789253   0.0019169117
40  2  -0.0000034417  -0.0005784011   0.0005209686   0.0004120022  -0.0008947225
40  3   0.0032223444   0.0011743690   0.0095014260   0.0114517311   0.0070872081
40  4   0.0012047353   0.0003787552   0.0004611233  -0.1350932089  -0.1077741135
40  5  -0.0664709578  -0.0122870777  -0.0233594869  -0.0137151410  -0.0004381459
40  6   0.0000586838  -0.0001048578   0.0000640848  -0.0000477529  -0.0000263168
40  7   0.0000203884  -0.0000949052  -0.0000072914   0.0006816302   0.0005916200
40  8   0.0003578926  -0.0000544866   0.0001036124   0.0001093616   0.1422714380
40  9   0.1143354474   0.0709100469   0.0009566244   0.0000927452   0.0003499124
41  1  -0.0000099072   0.0001521318  -0.0000091672   0.0016232127   0.0030374630
41  2  -0.0028535914   0.0006388452  -0.0000653719   0.0006415537   0.0035794368
41  3  -0.0012500601  -0.0041904610  -0.0146126684  -0.0144508904  -0.0095027022
41  4  -0.0005747981   0.0002028372   0.0013764879  -0.1062988285  -0.2006655234
41  5  -0.0989520413   0.0026264947   0.0049641738   0.0018052832   0.0000932382
41  6  -0.0000235504   0.0001003141  -0.0000110626  -0.0000047551   0.0000182242
41  7  -0.0001024244  -0.0001870695   0.0003183390  -0.0007430812  -0.0006947070
41  8  -0.0005404883  -0.0001782312   0.0002724372   0.0001850886   0.1143354474
41  9   0.2090525140   0.1095120919  -0.0003656733  -0.0003396291   0.0020910688
42  1  -0.0002417180  -0.0000310355  -0.0000514972   0.0002895624  -0.0026834851
42  2   0.0068689274   0.0005427718   0.0006750904  -0.0007059127   0.0015759038
42  3  -0.0043806692   0.0045193035  -0.0081092270  -0.0076161885  -0.0040623293
42  4  -0.0007448482   0.0022445200  -0.0013517509  -0.0651889772  -0.0993446309
42  5  -0.0941926124   0.0004837013   0.0002534247   0.0018844015   0.0000157673
42  6   0.0000767219  -0.0000994134   0.0000339765  -0.0000541229   0.0000041201
42  7  -0.0000273163   0.0003094168  -0.0005898928  -0.0003684863  -0.0004868326
42  8  -0.0000833363   0.0007395913  -0.0005600031  -0.0004072209   0.0709100469
42  9   0.1095120919   0.0911759675   0.0000892518   0.0020857021  -0.0029087543
43  1   0.0020174425  -0.0006236491  -0.0003676091   0.0096151572  -0.0136135172
43  2  -0.0071208305  -0.0013216835  -0.0025884453  -0.0019012117  -0.0009464055
43  3  -0.0006251396  -0.0002353352  -0.0040870736  -0.0006557566  -0.0013113913
43  4  -0.0010368618   0.0005868307   0.0004047949  -0.0108443765   0.0267128820
43  5   0.0143715978  -0.1139407410   0.0981485006   0.0495018081   0.0001405984
43  6   0.0001297664   0.0001352193  -0.0001990097   0.0002074024   0.0004376097
43  7   0.0005308265  -0.0007284991  -0.0003875801   0.0000325363   0.0000653974
43  8   0.0000794530  -0.0000989359   0.0000812543  -0.0000161518   0.0009566244
43  9  -0.0003656733   0.0000892518   0.1191819022  -0.1067313536  -0.0536796249
44  1   0.0007741977   0.0005119680   0.0015038995   0.0140002945  -0.0143747763
44  2  -0.0087358998  -0.0034415298  -0.0006213447  -0.0034448249  -0.0008790608
44  3   0.0000461536   0.0002418433  -0.0000420773   0.0035132555  -0.0022565315
44  4  -0.0002002035   0.0000542908  -0.0002067893  -0.0004446099   0.0010266506
44  5   0.0003675204   0.0978164378  -0.2230327532  -0.1017398229  -0.0001423198
44  6  -0.0000244789   0.0004616670  -0.0015616010  -0.0000392825   0.0000789472
44  7   0.0005913619  -0.0008089218  -0.0004186060   0.0000447360  -0.0002130579
44  8   0.0003267341   0.0001229826  -0.0000351036  -0.0000191275   0.0000927452
44  9  -0.0003396291   0.0020857021  -0.1067313536   0.2343370293   0.1117552883
45  1   0.0003891611   0.0024730270  -0.0014067495   0.0081190927  -0.0106179347
45  2  -0.0024374661  -0.0023641095  -0.0034451530   0.0031058921  -0.0005600925
45  3   0.0003110028  -0.0004150007  -0.0007255050  -0.0022019689   0.0062653451
45  4   0.0000550573  -0.0001560563   0.0002645958  -0.0007355535   0.0018469805
45  5   0.0015331128   0.0491765339  -0.1014676656  -0.0839373147   0.0000406639
45  6   0.0005334686  -0.0003216487  -0.0003477596  -0.0009436500  -0.0000318335
45  7   0.0003556987  -0.0005025034  -0.0002495355   0.0000819694   0.0003108273
45  8  -0.0005982611  -0.0001554444   0.0000132687   0.0000221244   0.0003499124
45  9   0.0020910688  -0.0029087543  -0.0536796249   0.1117552883   0.0811154940
$end
