$coord
8.13681227075862 2.2371668744294 3.17001284682497 o
8.07112542888223 0.95037999345572 1.27123147594355 c
8.92105382363408 -1.44755341110579 1.23506422860228 o
7.07557474239137 1.79365643426823 -1.25650586210644 c
4.97647830823088 0.07867796304922 -2.29395357762674 c
2.64861177237348 -0.02036592023077 -0.58657820141272 c
0.60630767635078 -1.76356961191884 -1.65320680133884 c
-1.86856877610789 -1.87416618568949 -0.17750832688653 c
-1.47461521184715 -2.70527346165096 3.20230614210613 s
-4.8014736972529 -1.86372657160123 3.73530192228958 c
-5.26468843758383 0.53983477027005 2.17414612453655 c
-7.73913195549875 0.61307748077005 0.9665764479234301 n
-7.59233222600771 1.03593400894379 -1.58422558666377 c
-9.38550694759041 1.46355069359411 -3.00744998035999 o
-5.11170855458589 0.83775924865739 -2.27652590513944 n
-3.412016876104 0.58591430817244 -0.13002511676881 c
9.53624240948417 -1.88582928194218 2.91079277856173 h
6.4047436585046 3.72859348632379 -1.04198613315596 h
8.6682372304878 1.814489859726 -2.57367571591614 h
5.72198119029275 -1.82681501090596 -2.57272880642251 h
4.43998353819299 0.78986572697605 -4.15763474181867 h
1.9108994311336602 1.89518753426186 -0.34136937618935 h
3.19135159982069 -0.67993227434928 1.29633601614408 h
0.14032035785763 -1.17569150503236 -3.58415496160933 h
1.36510371026138 -3.67923397082289 -1.81036592669167 h
-3.06068278813802 -3.34431572746746 -0.9991700010125899 h
-5.11732007068028 -1.58042921423792 5.74638357534585 h
-6.00764301790721 -3.39248759917596 3.06383148595479 h
-4.98190554807457 2.20138677171883 3.35826516897153 h
-9.30184535157378 1.15927756819571 1.90879561501111 h
-4.5453271499061 1.45306947718329 -3.98631862132141 h
-2.15006053979938 2.2073394580388 -0.00566018577591 h
$user-defined bonds 
 
$end
