$dipgrad          cartesian dipole gradients
  -.67278863042451D+00  0.21038182033441D+00  -.22524355937799D+00
  0.27762727806535D+00  -.67908515183571D+00  0.60486340887648D-01
  -.26617287612219D+00  0.73079068832794D-01  -.50061392413916D+00
  0.52224454485952D+00  -.16855188114611D+00  0.17993188336661D+00
  -.19310582524412D+00  0.46945234137671D+00  -.10380193932707D+00
  0.20473404643282D+00  -.11836097941640D+00  0.36055390741920D+00
  0.40149163533442D+00  -.15002397291058D+00  0.97936868473096D-01
  -.22543842078896D+00  0.50855251395995D+00  -.10741115777047D+00
  0.25572843852756D+00  -.14135724616998D+00  0.35493812487234D+00
  -.11971816746562D+01  0.40959336170468D+00  -.59935882220073D-01
  0.24857116850439D+00  -.74843550534564D+00  0.98840789667648D-01
  0.76927287885295D-01  0.33977464183782D-01  -.46352693913534D+00
  0.10673785290959D+01  -.39244326350783D+00  0.21034244686021D-01
  -.36238602460558D+00  0.93638580150949D+00  -.15754653217034D+00
  -.52336598415750D-01  -.14061475455396D+00  0.63086898442679D+00
  -.61211269657166D+00  0.29002609173763D+00  0.56371929438260D-02
  0.31991398066494D+00  -.85506253499292D+00  0.25680805763572D+00
  -.50719410548081D-01  0.32404905654202D+00  -.51405270069674D+00
  0.73391743314217D+00  -.51938094802909D-01  -.85000128577933D-01
  -.95679527611743D-01  0.12890343913838D+00  0.10091686755941D+00
  -.82990249776320D-01  0.82907577153749D-02  0.16633247357423D+00
  -.10517294181371D+01  0.78160762965001D-01  0.48056733967433D-01
  0.32278384008579D-01  -.36741072903471D+00  -.11604183504935D+00
  0.55674626075465D-01  -.10449476632550D+00  -.33639797598424D+00
  0.26599571816454D+00  -.33503348938271D-01  -.29302511597558D-02
  -.40083862644997D-01  0.29710333039634D+00  0.50835229654588D-01
  -.17065645879113D+00  -.42231643528736D-01  0.70277741094774D+00
  -.51736047370556D+00  0.11267773226249D+00  0.81744578814885D-01
  0.52972707212795D-01  -.27989391217830D+00  0.10293818664801D-01
  0.90072496288077D-01  0.69841212171856D-01  -.87109714269552D+00
  0.20422637990945D+00  -.11201201732302D+00  0.46873179626402D-02
  -.74791812527616D-02  0.26038616532472D+00  0.20091429509573D+00
  -.12141834465341D+00  0.26020731031238D+00  0.56185172719917D+00
  -.51412525375222D+00  0.72953769762532D-01  0.21957835800758D-01
  0.12122116945450D+00  -.44725295420787D+00  -.27990655047462D+00
  0.37202151202724D-01  -.27436309791729D+00  -.75797522680436D+00
  0.21422898115774D+00  -.23957779824581D-02  0.59148964178214D-01
  -.27203041249240D-01  0.29244686065049D+00  0.52170348867002D-01
  0.93788869835445D-01  0.46528881462742D-01  0.24656258142388D+00
  0.19072050158331D-01  0.32099409291272D-01  -.14486074096269D-01
  0.65233441176345D-01  0.19835781294987D-01  -.37146686212110D-01
  0.10183376556832D-02  0.11200953301715D-01  -.11771024679865D+00
  -.50120407280245D-01  -.59084035533996D-01  -.14661178414888D-01
  -.52952224243049D-01  -.17881913812482D+00  0.19134288257231D-01
  -.35237396221336D-01  -.21337144784153D-01  0.30112405291516D-01
  0.10361750892450D-01  0.20066897171118D-01  0.43450358358582D-01
  0.35540852091339D-01  -.25507602658250D-01  -.65212537437101D-01
  -.12887792087883D-01  -.59334775216179D-02  -.16598920418306D+00
  -.42974988017013D-01  0.39572093187359D-01  -.49686016111156D-01
  0.29384264269700D-02  -.34559570256014D-01  -.27189734362502D-01
  0.30340581738125D-01  -.25190581058502D-01  -.23018210658539D+00
  0.27189229283640D+00  -.85344216122021D-01  -.59895075289635D-01
  -.55077447740552D-01  0.27268195498948D+00  -.27872255154685D-01
  -.64071943905142D-01  -.55785331639167D-01  0.24955169811571D+00
  -.22576307838596D-02  -.73249118533399D-02  -.20755972509680D-02
  -.93482806154124D-02  0.32828141228432D-01  -.11580914043734D-01
  0.41464489810527D-01  -.28371818524246D-01  -.95002484742898D-01
  0.34469710197287D+00  0.99856343730964D-02  0.31945132181960D-01
  0.47778836594641D-01  0.23645752120192D+00  0.75442455139855D-01
  0.18976587831598D-01  0.75794273856922D-01  0.22928201897995D+00
  -.12153483129030D-01  -.75938640022705D-01  -.13980998041436D-01
  -.63015116539537D-01  -.10827367689763D+00  -.47938236596086D-01
  -.16099750554378D-01  -.24900480934885D-01  -.55706293612257D-02
  0.30115345236154D+00  -.80319687289773D-01  -.30162825229273D-01
  -.70529317427023D-01  0.13180275641687D+00  -.33928700244834D-01
  -.12603760436227D-01  -.15509479683870D-01  0.31974159691213D+00
  0.28094222380832D-01  0.54797921285260D-01  -.34112548383466D-01
  0.70424833261489D-01  -.52169327926660D-01  0.50739380564388D-01
  -.32149200150679D-01  0.11080801275272D-01  -.57647890169303D-01
  0.28805056419579D+00  -.11143564664187D+00  -.33609765810402D-02
  -.72202807498038D-01  0.18963349597525D+00  0.38995206848933D-01
  0.11415868379101D-01  0.84401022403468D-01  0.26319354213836D+00
$end
