$coord
-0.3122772011106 -4.65605590146891 -1.10636683280101 o
1.51264371352149 -4.21400513935541 0.23179905106606 c
1.32442702559918 -3.1274747064128 2.47981745436177 o
4.15826616225128 -4.9811878805997 -0.53593261422547 c
5.79998472849845 -3.07982182321016 -2.04404478320587 c
7.06748274048171 -1.24482301661211 -0.44526725152834 n
5.96120212661245 0.8761432719217 0.3781008504154 c
3.80318143203982 1.54079493704716 -0.04464289184022 o
7.57084614061683 2.44011975548569 1.8930443058197797 n
6.79681108599114 4.71654635652622 2.9625672964955 c
8.57399678010534 5.80821403075913 4.26249167641244 n
10.64157276028055 4.21177314234276 4.07040777686004 c
10.06402898956509 2.11513202634382 2.61206489713216 c
11.56417208750718 0.16367623768926 1.9969846333075003 n
13.87420478041764 0.33700947684837 2.94517506262389 c
15.57044808575511 -1.48031574205614 2.48102884297667 n
14.6215050646261 2.33556811284486 4.4119152374286 n
13.11737278365609 4.42506986726506 5.10602683671776 c
14.00740364964578 6.10868092100909 6.43740436651517 o
4.7024477869442 -1.81790697263817 -4.44968678159172 c
5.93261522669745 -0.15861569233523 -5.51762975392879 o
2.55791722744283 -2.78826076940057 -5.38856927569917 n
1.42281314799665 -1.94658217550537 -7.759175633456411 c
-0.12293564233523999 0.52757306243738 -7.55242989669291 c
-1.74528905361272 0.52026409187326 -5.21928991200146 c
-0.90771118143359 1.79645073421911 -3.07464900712877 c
-2.05510015101157 1.42276781717622 -0.75582946960869 c
-4.13583828878433 -0.17597363001447 -0.56036060384898 c
-5.10619466545249 -1.3260165458965 -2.72704965741716 c
-3.9026332862235704 -0.9905643781584799 -5.03163842654923 c
-4.99288647249606 -0.88920920156737 2.01732597058866 c
-3.44977590937765 -1.66724012052635 3.60736090104336 o
-7.4592982828906 -0.64619070404075 2.64196344240797 n
-9.47456180726944 0.39047751564104 1.07343146043261 c
-11.93469267565581 0.35359793168408 2.62409410077428 c
-14.25228968442278 1.15104693292451 1.07064684979716 c
-16.58997376618447 1.13277612862304 2.71165805017094 c
-17.46909043805684 2.9890729099566 3.71373551643983 o
-17.69031475015471 -1.12850353850102 3.12007508903715 o
-8.90320259072991 3.08835254901697 0.19895192895748 c
-9.60782553976004 3.8994911951956106 -1.81105002716147 o
-7.67716845712839 4.59219829798166 1.8287648159009 o
-0.46819884194858 -2.60795042387918 2.79740983132633 h
3.95379166645518 -6.6788012437948 -1.68343974453306 h
5.23575403542093 -5.48731097785729 1.14364081297769 h
7.33165894236014 -4.23560951898621 -2.80208348826898 h
8.90928446566936 -1.54574014126051 0.01668162715904 h
4.903040251201 5.40535360482627 2.67843873106416 h
17.344540110325 -1.41425936159994 3.16494591884844 h
15.06437274242616 -2.96557354540578 1.40397414547467 h
16.41375570350315 2.36204305532755 5.08538522462797 h
1.46753458660239 -3.89692557552218 -4.2697694628903 h
0.19447840591182 -3.47545923713542 -8.38621127109033 h
2.91195889495575 -1.70892359999127 -9.16139042635825 h
-1.2557113614567 0.69633665960688 -9.2705661934393 h
1.17010585167362 2.13106508926018 -7.48991086435728 h
0.76025389124917 2.96772958229349 -3.18244587505243 h
-1.27064280151588 2.29736077865212 0.91646384691513 h
-6.70127341495701 -2.59987279963404 -2.60471090181929 h
-4.59493094800396 -1.9919171753548999 -6.67934891080541 h
-7.936201777199431 -1.30923270657884 4.37336058470053 h
-9.74805099273302 -0.72794253729048 -0.6292040033758 h
-12.1796450614425 -1.57549707166341 3.31351580959084 h
-11.72741212619821 1.58017187349469 4.27159865789364 h
-14.50089664279947 -0.12716214118022 -0.53018255649535 h
-14.03424426680136 3.06177395333464 0.34424469541436 h
-16.88821668802141 -2.46590835855857 2.15840885850627 h
-7.21138830675671 3.68820245438794 3.35807968166947 h
$user-defined bonds 
 
$end
