$dipgrad          cartesian dipole gradients
  -.99147663981727D+00  -.11391888908771D+00  -.32877208755639D+00
  0.35192392086586D-01  -.44468802016981D+00  -.95560045712941D-01
  -.74597233144756D-01  -.83386673229381D-01  -.78526933738050D+00
  0.13541785032135D+01  0.21788430051897D-01  0.21943711068554D+00
  -.14597858123860D+00  0.37151575075079D+00  0.48518601125615D+00
  -.31580725950974D-01  0.38927633934201D+00  0.12831442421005D+01
  -.91939440451656D+00  0.21700708004293D+00  0.19288930443577D+00
  0.19705219349991D+00  -.45311012368481D+00  -.29958823275921D+00
  0.25064187252213D+00  -.23615890229892D+00  -.96964871187658D+00
  -.26526675977668D+00  -.57884999416683D-01  0.30014608739707D-01
  -.79879129334592D-01  -.31096365032250D-02  -.22768010269285D-01
  0.10724171528288D+00  0.30212453299152D-01  -.50344830362001D-01
  0.37598899389803D+00  0.33019548037641D+00  -.17106876780544D-01
  0.43776907076101D+00  0.51149307360268D+00  0.29376312688529D+00
  0.92848481579064D-01  0.22003518959259D+00  0.34530957878321D+00
  -.73153996397439D+00  0.26814040646256D-01  -.87455072617024D-01
  -.19125424820281D+00  -.99786902110918D+00  -.34630067420455D+00
  -.28299261076299D+00  -.32252640422113D+00  -.60463092959357D+00
  0.22464908293014D+01  0.49731293231002D-01  0.68270645601028D+00
  0.52728325783521D+00  0.14894616362191D+01  0.81622652666076D+00
  0.10310305843583D+01  0.69287532104715D+00  0.10526817835982D+01
  -.15987221378864D+01  0.46549584679237D-01  -.39972464897208D+00
  0.48491538670161D-01  -.58667311799092D+00  -.14832271888922D+00
  -.48612462466945D+00  -.14688550257446D+00  -.53889328530835D+00
  -.11409359034539D+01  -.34005699132718D+00  -.55579790437072D+00
  -.72110027715063D+00  -.67881190979758D+00  -.59401122731198D+00
  -.82757167041197D+00  -.48853459639851D+00  -.60748252132525D+00
  -.66383580212334D-01  -.19517139361884D-01  -.39841621761365D-01
  0.47394853067497D+00  0.54357616776506D+00  0.45179423661281D+00
  0.24502445641179D+00  0.30604081366821D+00  0.27507146691382D+00
  -.48195140476529D+00  -.37200954230665D-01  -.93197595585186D-01
  -.16320359825482D+00  -.45121947825713D+00  -.16829068354707D+00
  -.19104254140297D+00  -.13054926188535D+00  -.37990778277965D+00
  -.38518415990486D+00  -.51961063764344D+00  -.42938579181911D+00
  -.28115068018924D+00  -.25871383672321D+00  -.23488852881426D+00
  -.31307873564209D+00  -.33293463018202D+00  -.31762082457066D+00
  0.12070010917777D+01  -.59976205076658D-01  0.31198567050838D+00
  -.15879774287360D+00  0.65822925964764D+00  0.24833610168570D+00
  0.28681138419598D+00  0.28546591531049D+00  0.41476400153907D+00
  -.16569421786204D+01  0.57137827448228D+00  -.14223535969012D+00
  0.12286628860551D+00  -.73468853224829D+00  -.23357899685058D+00
  -.43732175045224D+00  -.75648163372673D-01  -.45161118530005D+00
  0.21270998411196D+01  -.72866616135412D+00  0.20480036464925D+00
  -.62502268377670D+00  0.11665581965466D+01  0.30157048127172D+00
  0.28604107858012D+00  0.25724595146112D+00  0.53996723212845D+00
  -.11796656903672D+01  0.60064244857949D+00  0.14370437222880D+00
  0.84460109393676D+00  -.99230076529310D+00  0.41237557354042D-01
  0.26176082610231D+00  -.39601634185944D-01  -.48238800323580D+00
  -.49591798754589D+00  0.14181900449457D+00  0.57077430891820D-02
  -.20968803011285D-02  -.92705183455439D+00  -.39151264535490D+00
  -.10016715263032D+00  -.34472964881924D+00  -.49452077972310D+00
  0.12948825706275D+01  0.39727731099275D+00  0.59885023617531D+00
  0.37035346992355D+00  0.14198834601669D+01  0.82590328155602D+00
  0.59553834110297D+00  0.85164861267716D+00  0.94691138067958D+00
  -.83202511293121D+00  -.41680346602532D+00  -.40452408245458D+00
  -.48349672766075D+00  -.10323723535495D+01  -.55477483884041D+00
  -.47551995619576D+00  -.54271522405377D+00  -.85310161528493D+00
  0.14691073858482D+01  0.37996677498747D+00  0.27721523680806D+00
  0.68527808706914D+00  0.63936335747963D+00  -.23111936866673D+00
  0.25054221907563D+00  -.21128595488039D+00  0.79804563345431D+00
  -.90724624302810D+00  -.23654214877357D+00  0.23138840506908D-01
  -.46850493414782D+00  -.66790969004703D+00  0.20716745736174D+00
  0.16876732537547D+00  0.24261371873791D+00  -.71187428873198D+00
  -.10772728452460D+01  -.14862734248853D+00  -.16915392538749D+00
  -.20405253296534D+00  -.54697330491428D+00  -.13191302278493D-01
  -.46369668253909D+00  -.91088182610845D-01  -.67806408534670D+00
  0.34973993905593D+00  -.89209103925980D-01  0.13297731986477D+00
  -.22736567079686D+00  0.29738902487151D+00  0.55644158796892D-01
  0.36320425050276D+00  -.11556980859970D-01  0.42209811569389D+00
  0.33689191439571D-01  0.35981713240296D-01  0.41063773452709D-01
  0.12373644339984D+00  0.37176829503321D-01  -.11533381470596D+00
  0.18537030435165D-02  -.36466419629412D-01  0.78467935505572D-01
  0.16550710489140D+00  0.23100190010108D-01  -.20411447544074D+00
  -.24228475141081D-01  -.46730764332139D-01  0.11600848342837D+00
  -.21136400175925D+00  0.53077138232171D-01  0.22016538038097D+00
  0.31592174904201D-01  0.83670476518760D-01  0.41017973482189D-01
  0.11755406248498D+00  -.39812735884942D-01  -.33180280895577D-01
  0.58162476029616D-01  -.56979132772000D-01  -.26658774511825D+00
  0.10767666073841D+00  0.27281411982846D-01  -.17912619790390D+00
  0.65350717224114D-01  -.55572037284758D-01  -.91956169859108D-02
  0.81792951305291D-01  0.66649374871858D-01  0.87504907323815D-01
  -.31327015670234D+00  0.31588376654690D-01  0.26818442074336D+00
  0.51338935276308D-01  -.33864478005536D-01  0.23261985975217D-01
  0.26944808673670D+00  0.49163977253340D-01  -.42514870307835D+00
  -.61449284065255D-01  0.56557348799824D-01  0.78038262164047D-01
  0.76941099043548D-01  -.60434410338280D-02  -.72961504988309D-02
  -.16355500504339D+00  -.24921962708782D-01  0.88837969184339D-01
  -.22789432575508D+00  0.33222856935327D-01  0.15722137046469D+00
  -.84982858939203D-03  -.46241336152191D-01  0.11310838910596D+00
  0.15137887357938D+00  0.92959293990590D-01  -.10990639286218D-01
  0.25155165062967D+01  -.58017145211736D+00  -.22486305028087D+00
  -.38623597764992D+00  0.42657996293150D+00  -.26445624248100D+00
  -.39848769024967D+00  -.28589009720481D+00  0.13399940526566D+01
  -.15805378604367D+01  0.44054419966088D+00  -.12974198123926D+00
  0.49244473829217D+00  -.51494057530663D+00  0.14474893223988D+00
  -.23975675101731D+00  0.29683035249816D+00  -.10103707284176D+01
  -.17664441293074D+01  0.33262661114891D+00  0.14770531050595D+00
  0.19785697005657D+00  -.46767268078304D+00  0.17380175370621D-01
  0.50237007255053D+00  -.12867723605903D+00  -.36745470833091D+00
  0.50016802138181D+00  -.22054264774039D+00  0.72025483169692D-01
  -.28856883324504D+00  0.15343421913701D+00  0.21283841493796D-01
  0.24454412188004D+00  -.24069761246976D-02  0.12147795444358D+00
  0.22810006781715D+00  0.59956591057403D-01  -.38458765034702D-01
  -.13911270622826D-01  0.10587937898584D+00  0.27607568029635D-01
  0.80459975994347D-01  -.20164707542875D-03  0.69929340363603D-01
  -.32174186563184D+00  0.13778205914210D-01  0.16534724747407D+00
  0.29539610315399D-01  0.16507829489932D-01  0.37506989139605D-01
  0.17957502107474D+00  0.57793038457677D-01  0.41829327197125D-01
  0.12797170948807D+01  0.15720717339813D+00  -.43835710654545D+00
  0.12435733298711D+00  0.17304538386956D+01  0.17996206564447D+00
  -.71854771813200D+00  0.15601915202690D+00  0.56664089939510D+00
  -.76237564268171D+00  0.21123070631235D+00  0.20653647160269D+00
  0.18973995031799D+00  -.91267583189162D+00  -.17524361666623D+00
  0.34448944600074D+00  -.25461704942161D+00  -.50850022619714D+00
  -.68220890513971D+00  -.41333082288412D+00  0.26114166578938D-01
  -.37558354238419D+00  -.11012086562251D+01  0.42075660421606D-01
  0.12058881943285D+00  0.18062998295464D+00  -.32477607341914D+00
  0.69129306069389D+00  0.14870674866958D+00  0.36251662673467D+00
  0.21349478411886D+00  0.96518700204183D+00  0.43087195111015D-01
  0.50893050242613D+00  -.55893813258745D-01  0.11961426022138D+01
  -.56501395750862D+00  0.24455940412665D-01  -.14642037334287D+00
  0.15138260771061D+00  -.57036956875193D+00  0.22571725097197D+00
  -.29091845155180D+00  0.16681981359688D+00  -.79158988059652D+00
  -.61734440554845D+00  -.93893048701519D-01  -.20259262033334D+00
  -.19159796668561D+00  -.59675664162477D+00  -.38754999847035D+00
  -.26846499236229D+00  -.19170201197056D+00  -.67084033997886D+00
  0.10760870047349D+01  -.33078355443812D+00  -.73032542077613D-01
  -.31252067595464D+00  0.35917090949029D+00  -.32264096427557D-01
  -.25625007568707D+00  0.36104853127679D-01  0.28982833795709D+00
  0.12953033635758D-02  -.56853633823542D-01  -.21665791260474D-01
  -.20161027018783D-01  -.31066794215061D-01  -.75804877726427D-01
  0.16729264935058D-01  -.85969322365461D-01  0.33134874110898D-01
  0.43313243127897D-03  0.33182958504281D-01  -.24854767224704D-01
  0.45637849397567D-01  0.88827821350643D-01  0.34267873535632D-01
  -.62974557581234D-01  0.45574510516771D-01  -.46418037487724D-01
  -.63545265518111D-01  0.46982348027971D-01  0.34876360454863D-01
  -.21825411336632D-01  -.99715455608291D-02  -.34790934401216D-01
  0.15601185272470D-01  -.15305039147411D-01  0.50441927020185D-03
  0.58404162004305D+00  0.12641774336154D+00  0.19135593826171D+00
  0.96849270806361D-01  0.15697279178774D+00  0.11391601639953D-03
  0.18133756174361D+00  0.12505430144354D-01  0.26675099760954D+00
  0.90960702287211D-01  0.19198055008922D-01  -.27102987063745D-02
  0.14540160256068D-01  0.11592181372389D+00  -.37922582648599D-02
  -.78651291313370D-02  -.18303541476159D-02  0.11834125857080D+00
  0.30124563290721D+00  -.39854931686544D-01  -.34358758446017D-01
  -.17520089348237D-01  0.19958088411330D+00  -.80697448604415D-01
  -.19422010775533D-01  -.90165929794133D-01  0.26315192330741D+00
  0.17748754964434D+00  0.89627357800176D-02  -.45485866863512D-01
  -.32217804971667D-01  0.28254617255662D+00  -.27488254542756D-01
  -.68505912643788D-01  -.14184629757272D-01  0.27673145905566D+00
  0.20855417467156D+00  0.46171612126600D-01  -.88850077825007D-04
  0.19711226414483D-01  0.17045976542762D+00  -.57624389626816D-01
  -.15829545288014D-01  -.48774680019414D-01  0.24428540868286D+00
  0.20768487651053D+00  -.42087319419805D-03  -.18129206001378D+00
  0.17850896993276D-01  0.27568233430187D+00  -.36862965565525D-01
  -.12958487881463D+00  -.36889116716629D-01  0.31720655440750D+00
  -.34990171936795D-01  -.73249014838631D-01  -.10473790405268D+00
  -.37654497142164D-01  -.64886198068587D-01  -.35718982611332D-01
  -.64699681122351D-01  0.19525670875265D-03  0.24112212765646D-01
  -.54951159979896D-01  0.28612745404228D-01  0.14447143464995D+00
  0.63311838730946D-01  0.46339384673918D-01  0.47343150543774D-02
  0.99013280224944D-02  -.14607176923886D-03  -.47030791970727D-01
  -.50875611145542D-01  0.26390760629489D-01  -.11017861073294D+00
  0.24721849420049D-01  0.65934861875609D-01  0.13662567844856D-01
  -.29010094468880D-01  0.20495149237705D-01  -.12779346781159D+00
  0.19772189720274D-02  -.57746750113800D-01  0.49943958319776D-01
  -.46993918486283D-01  -.35149921527154D-01  0.18520584482811D-03
  0.10479354718881D-01  -.47044349173743D-01  0.42028172009068D-01
  0.63942380110473D-01  -.72176527904293D-01  0.56774908839755D-01
  -.73852785551857D-01  0.78743310925205D-01  -.22964453634458D-01
  0.93746988560013D-01  0.33481146968941D-02  0.84548721595887D-01
  0.14973035880868D+00  -.33621518494026D-01  -.12021143902928D-01
  -.36498715540467D-01  0.84158819074888D-01  -.17620307738255D-01
  -.32794892421429D-01  -.40099216323726D-01  -.10444738253000D-01
  -.33817505149461D-01  -.89007242936009D-01  0.12554413767930D-01
  -.14483111609703D+00  0.54862022413564D-01  0.38270283863331D-01
  0.20871206482624D-01  0.17908836637861D-01  0.62468510062996D-01
  0.79734873992171D-01  -.39170522830670D-01  -.22946452609862D-01
  -.50964956175089D-01  0.57145918913866D-01  -.78662812728198D-01
  -.28161550567223D-01  -.63726901511805D-01  -.53502894080954D-01
  0.12332815648030D+00  0.25175347903773D-01  0.28887280242203D-01
  -.12719501929443D-01  0.21408493601244D+00  0.34028184044706D-01
  -.46118128582122D-01  0.36725613822730D-01  0.17564299752216D+00
  0.30909239283054D-01  0.22353035251714D-01  -.24807534042591D-01
  0.28182843072918D-01  -.11580569026660D-01  -.35510125673587D-01
  -.10179801474597D+00  -.91565117644458D-02  -.27515836343717D-01
  0.35968250219453D-02  -.28629921320087D-01  0.79875578965102D-02
  -.41053979398933D-02  -.99672293633613D-01  0.72436215386772D-01
  0.72693583417378D-02  0.53691475904090D-01  0.21011093966287D-01
  -.69087730906713D-02  -.14376732310001D-01  -.38906953846961D-01
  -.25000222034995D-01  0.21510612207965D-01  -.67520178268580D-01
  -.20619764530547D-01  -.42057954010097D-01  -.31826258976795D-01
  0.26663196084059D-01  -.16200848602705D-02  -.34300060242368D-02
  -.29114380240633D-01  -.65746121455000D-02  -.88851345245803D-01
  -.81034320842779D-02  -.67514484492709D-01  -.23747850758979D-01
  0.86886650393031D-01  -.88171696955606D-02  -.49795473279293D-02
  -.12553432844134D-01  0.86591512817773D-02  0.25009324914181D-01
  -.16069037161624D-01  0.62237222673756D-02  0.56704309042502D-01
  0.33460978007253D+00  0.88681762180470D-01  0.54690464165529D-01
  0.12128650048352D+00  0.28956610126628D+00  -.44925597700599D-01
  0.76918850908814D-01  -.54683211350648D-01  0.23310318550255D+00
  0.34637631798081D+00  -.12926888858174D-01  -.34374062348549D-01
  -.97252096043648D-01  0.32342570711409D+00  0.12597666008465D+00
  -.33306684605222D-01  0.84776476059016D-01  0.27135886198024D+00
$end
