$coord
-9.13936851313264 -0.58827416619134 0.85744798820234 o
-6.92769547468533 -0.6899192663774 0.42839735343544 c
-5.4727708416113 1.41015569496722 0.49811188194332995 o
-2.88005002245828 1.25999055383051 0.41765744153497 c
-1.65674843810274 3.57205633251364 0.69605618554584 c
-2.86433745214451 5.7942778235089 1.02502568964713 o
0.9588644922333801 3.63720901685671 0.53514078696128 c
2.25411143549075 5.81035798260201 0.69644686401221 o
2.30071828966562 1.35708800215653 0.30763738091305 c
4.84718316879933 1.61283867261787 0.26794218419344 o
6.45700021487473 -0.46207558881963 0.09844764282021 c
8.70065719201133 0.00130960890961 -0.06204080582604 o
5.28545745443949 -2.88154337374061 0.22898686432906 c
2.72659858389901 -3.16035420493226 0.32835934806789 c
1.62234116127322 -5.38658745353422 0.72898314920826 o
1.08747007283127 -0.97452894365602 0.12160476246175 c
-1.60106386286135 -1.00332380176629 0.0701653310471 c
-3.14703717321314 -3.10132959228818 -0.80172274027263 c
-2.59225213300192 -4.92944298924002 -1.99502736666982 o
-5.7652597232595 -2.85176111701896 -0.21646162922396 o
-4.68242118886809 5.57047907558134 1.06493138177562 h
1.09222989153523 7.21902772587518 0.88085843654146 h
6.52057330414917 -4.50434672214852 0.36148830176178 h
2.87579956213484 -6.71130326970434 0.90619681456974 h
$user-defined bonds 
 
$end
