$dipgrad          cartesian dipole gradients
  -.17767106800122D+01  -.29334765554105D-01  0.18584298776433D+00
  0.20202179146740D-01  -.42143559663630D+00  -.60974146744778D-01
  0.22106477001524D+00  -.46852912811756D-01  -.39948951630780D+00
  0.29914883732503D+01  0.12562790930810D+00  -.33527204198059D+00
  0.33823665644216D+00  0.14100848189769D+01  0.22956859255788D+00
  -.49033918036218D+00  0.13238594282087D+00  0.58341184900655D+00
  -.18758827315500D+01  -.17440696014719D+00  0.84122257063222D-01
  -.84975565671289D+00  -.66009407339909D+00  -.51126238392576D-01
  -.37288131021621D-02  -.73853948309690D-01  -.15597690870773D+00
  0.12391299310547D+01  -.77170294828196D-01  -.77717215371132D-01
  0.75143191202904D+00  0.20637822511037D+00  0.30343636317177D-01
  0.36372351993361D-01  0.13360467923103D-01  0.11881623236129D+00
  -.54122387726785D-01  -.91107457161788D+00  -.12640269640950D+00
  -.10534681235479D+01  0.93861659753400D+00  0.13822576712818D+00
  -.16909681304279D+00  0.15404907120034D+00  0.56887589664459D-01
  -.74991330190934D+00  0.67959911725643D+00  0.79907329346291D-01
  0.78005668923221D+00  -.11603757528059D+01  -.13422274597273D+00
  -.73880413653957D-02  -.18641051843767D+00  -.36247316975906D+00
  0.36235857257092D+00  0.78207607728169D+00  0.63204378413569D-01
  0.60347205492075D+00  0.13933006631944D+01  0.11612647245666D+00
  -.98332512403048D-01  0.73037534209734D-01  0.53188580391331D-01
  -.42306492704465D+00  -.55561868042190D+00  -.70112623463278D-01
  -.55849545842832D+00  -.14802131659946D+01  -.91013112744825D-01
  -.13567231909240D+00  -.13612562187538D+00  -.33840482986634D+00
  0.95896432342071D+00  0.18422812130345D+00  -.40414186328540D-02
  -.11429642021715D+00  -.16489135419795D+00  -.44306999167908D-01
  0.59501744750333D-02  -.47393087524479D-01  0.10967517178202D+00
  -.14861127853885D+01  0.10331264858939D+00  0.21882251562773D-01
  0.60082880723326D+00  -.54184063453317D+00  0.13277017183587D-04
  0.93657121840609D-01  0.26535537039288D-01  -.16729882877248D+00
  0.25866910754421D+01  0.30159030463615D-01  -.14738388682893D+00
  0.27923026286576D+00  0.94353224840256D+00  -.40319586619261D-01
  -.22087681968213D+00  0.25398147705973D-01  0.31531433670073D+00
  -.18448528586300D+01  -.77475305877546D-01  0.89852084486706D-01
  -.36521847825549D+00  -.47822626369519D+00  0.56105325875650D-01
  0.13783552391817D+00  0.51592802907993D-01  -.39306829919599D+00
  -.93080943326051D+00  -.26922123914740D+00  0.95671355109938D-01
  -.44165534866212D+00  -.32375668747222D+00  0.48774674469153D-01
  0.11102586494328D+00  0.72047376002692D-01  -.22400854826828D+00
  0.11794945145236D+01  0.21589730807422D+00  -.12395650893794D+00
  0.96965947713061D-01  0.13150042719514D+01  -.19198774847395D+00
  -.26942708929644D-01  -.15389969606653D+00  0.16967150903453D+00
  -.44115104431924D+00  -.30600929751046D+00  0.88801824103425D-01
  -.44615408146230D+00  -.11735447496049D+01  0.17593967502896D+00
  0.18077488292528D+00  0.23790917742903D+00  -.30384032329196D+00
  -.62169808620403D-01  0.29977388353037D+00  0.64358426788690D-01
  0.16851209524029D+00  -.24528749470647D+00  0.96109600420550D-02
  0.10413912725163D-01  -.76801490969376D-01  -.15746885003894D-01
  -.26980301515704D+00  -.46938727402703D+00  -.55221079755548D-01
  -.54123519310262D+00  -.67360052680673D+00  -.16186332553204D+00
  -.90479353847077D-01  -.47507265510329D-01  -.82067304840533D-01
  0.20281297421080D+01  0.19005442062999D+00  -.21522228336321D+00
  0.37433705310773D+00  0.16199471108874D+01  0.61636362935798D+00
  -.69042190855779D-01  0.62755452370579D+00  0.74602600912008D+00
  -.56764889204648D+00  0.41036434717727D-01  0.76600163645891D-01
  -.13440018925036D+00  -.11120523705682D+01  -.42125868257041D+00
  0.87671992091629D-01  -.43572588614464D+00  -.53309363809999D+00
  -.16434303671923D+01  0.25391094426842D+00  0.32672493807600D+00
  0.47705685275785D+00  -.65675580753052D+00  -.25662070414920D+00
  0.40346840371674D+00  -.24009297502911D+00  -.34371512545369D+00
  0.39012452748122D+00  -.14396745606504D+00  -.17161811316811D-01
  -.98201490753908D-01  0.36746932873938D+00  0.84326882389701D-02
  -.23718691519342D-01  0.10393203318260D-01  0.34356779021552D+00
  0.19596355620217D+00  0.31757970972717D-01  0.41680715898641D-02
  0.65074883552318D-01  0.49525801700244D+00  0.15154721906079D-01
  0.57882495655366D-02  0.11054586116730D-01  0.33244026236987D+00
  0.71045584951462D-01  0.17602630443426D-01  -.16209246457676D-02
  0.30769957984699D-01  -.18474169691982D-01  0.17708942488956D-01
  0.21547608163006D-01  0.36509050818414D-01  0.15933034237500D+00
  0.12228203177926D+00  0.58629348357574D-01  -.70235772451117D-02
  0.16705088167635D-01  0.42095736577169D+00  -.86750725171890D-02
  0.20046587828786D-01  -.27164018519379D-01  0.33085370447403D+00
$end
