$hessian (projected)
 1  1   0.8497440021  -0.0307592108  -0.1566608248  -0.7172769648   0.0313286364
 1  2   0.1215173012  -0.0775640197  -0.0434980157   0.0096145706   0.0069390419
 1  3  -0.0035741695  -0.0000749364  -0.0058834737   0.0033425337   0.0005291543
 1  4   0.0016700266  -0.0026396178  -0.0003105648   0.0023280948   0.0013911617
 1  5  -0.0002741183  -0.0016038859  -0.0027098551  -0.0001367734   0.0018320702
 1  6   0.0008621085   0.0003119634  -0.0031720810   0.0008941668   0.0000411923
 1  7   0.0031668845  -0.0003457762  -0.0003695064  -0.0022788507  -0.0003681621
 1  8   0.0002135533  -0.0010557233  -0.0001724445   0.0000307956   0.0011727631
 1  9  -0.0016101779   0.0000827656  -0.0003187019   0.0008371372  -0.0004115570
 1 10  -0.0010846481  -0.0005199503   0.0000858587  -0.0014749333  -0.0032110582
 1 11  -0.0000415859   0.0197597327  -0.0000379354  -0.0039887589  -0.0060144789
 1 12   0.0050494625   0.0039881064  -0.0677020529   0.0438922021   0.0252474892
 1 13  -0.0009795894   0.0014575138   0.0003721832  -0.0000375773   0.0007126938
 1 14   0.0000782717  -0.0000366614   0.0000502037   0.0000236700  -0.0001289738
 1 15  -0.0003714466   0.0001317503
 2  1  -0.0307592108   0.1113484982   0.0192152998   0.0300369943  -0.0929658203
 2  2  -0.0060221194  -0.0656008517  -0.0013338002   0.0062851198   0.0084077929
 2  3  -0.0050432913  -0.0005318921  -0.0029958460  -0.0002373002   0.0000332058
 2  4  -0.0004184690   0.0005900119   0.0001687814   0.0011119226  -0.0016269024
 2  5  -0.0002932267  -0.0002869079   0.0006261617   0.0001871138   0.0001904551
 2  6   0.0014912758   0.0003938726  -0.0003064656   0.0006841312  -0.0000985859
 2  7   0.0004171080  -0.0006567215  -0.0000568002  -0.0003737445   0.0004975021
 2  8   0.0000356241  -0.0001284231   0.0003915437  -0.0000454130  -0.0001663096
 2  9  -0.0017217328  -0.0000662300   0.0004572345   0.0009092188   0.0000609949
 2 10  -0.0020837887   0.0012255737   0.0003793605   0.0031856532   0.0026080923
 2 11   0.0004893558  -0.0216350900  -0.0023214569   0.0024280861   0.0067634126
 2 12  -0.0034876635  -0.0032799856   0.0734230116  -0.0115070283  -0.0192822239
 2 13   0.0005705705   0.0004825555   0.0000464029   0.0001657443   0.0000581735
 2 14  -0.0000074805  -0.0000182692   0.0000055440   0.0000014352   0.0000434765
 2 15  -0.0000165649  -0.0000406955
 3  1  -0.1566608248   0.0192152998   0.0722211052   0.1205544904  -0.0052154886
 3  2  -0.1094234258   0.0067690465   0.0034748734   0.0172849732   0.0010573978
 3  3   0.0001654166   0.0042836898   0.0004487681  -0.0010349951   0.0000824225
 3  4  -0.0003340157   0.0005430530   0.0005117104   0.0000025280  -0.0005120472
 3  5  -0.0003131104   0.0002919188   0.0005889035   0.0002443070  -0.0003578631
 3  6   0.0003762878  -0.0001143438   0.0006521915  -0.0001515713   0.0004078647
 3  7  -0.0006261865   0.0001637568  -0.0005408467   0.0004006190   0.0000167716
 3  8   0.0006435516   0.0001537501  -0.0000097175   0.0003483619  -0.0002078524
 3  9   0.0001170886  -0.0003401521   0.0000754024  -0.0001192523   0.0001649407
 3 10  -0.0003436552   0.0003331004  -0.0002063770   0.0016681261   0.0012946303
 3 11  -0.0007870181  -0.0066500665  -0.0015262371   0.0074124882   0.0012455143
 3 12  -0.0004733953  -0.0020936185   0.0315855123  -0.0170572636   0.0106823570
 3 13   0.0002308710  -0.0001094155  -0.0003599788   0.0000401497  -0.0001177773
 3 14  -0.0000663710   0.0000054449  -0.0000127330  -0.0000223421  -0.0000012666
 3 15   0.0000507118  -0.0000201878
 4  1  -0.7172769648   0.0300369943   0.1205544904   1.0368224528  -0.0309626103
 4  2  -0.1545179238  -0.1254018259  -0.0331084452   0.0050498686  -0.0513394416
 4  3  -0.0385161879   0.0008666580   0.0035059791   0.0016656334  -0.0007144682
 4  4  -0.0000252102   0.0046049383   0.0007270168  -0.0046447241  -0.0039618359
 4  5  -0.0001627731   0.0022449836   0.0046439070   0.0004831648  -0.0025947693
 4  6  -0.0013711164  -0.0000898713   0.0048406832  -0.0013411003  -0.0001740945
 4  7  -0.0052748154   0.0004021290   0.0004839038   0.0038060060   0.0007202856
 4  8  -0.0003051457   0.0018721029   0.0001649899   0.0000153531  -0.0015466010
 4  9   0.0033798976  -0.0001190798   0.0003703463  -0.0016167495   0.0004435446
 4 10   0.0017474962  -0.0002956835  -0.0001756368   0.0023252985   0.0002903765
 4 11  -0.0013313922  -0.0218171263   0.0312968024   0.0108787573  -0.0018479088
 4 12  -0.0029487653  -0.0001929142  -0.1270518055   0.0423683834   0.0197180223
 4 13   0.0010557018  -0.0048687658  -0.0010603315  -0.0000694936  -0.0011385254
 4 14  -0.0001493032   0.0000964215  -0.0000680313  -0.0000350475   0.0002032145
 4 15   0.0006234795  -0.0001927977
 5  1   0.0313286364  -0.0929658203  -0.0052154886  -0.0309626103   0.4865490445
 5  2   0.0529649863  -0.0436851445  -0.1951021791  -0.0093013289  -0.0579095179
 5  3   0.0113795565   0.0058675712   0.0137383087   0.0021637070  -0.0005917217
 5  4   0.0013311780  -0.0004547938  -0.0004054419  -0.0063627623   0.0064768770
 5  5   0.0010198234   0.0010969782  -0.0024097379  -0.0005250772  -0.0008684088
 5  6  -0.0091788364  -0.0022642985   0.0025154538  -0.0023358407   0.0003983767
 5  7  -0.0020092670   0.0009464732   0.0003942143   0.0018886604  -0.0003203939
 5  8  -0.0002084663   0.0006904596  -0.0006777115   0.0001569423   0.0003650487
 5  9   0.0077136527   0.0002375441  -0.0023181772  -0.0039166280  -0.0000772163
 5 10   0.0116224967  -0.0037514013  -0.0017671426  -0.0143050939  -0.0125068154
 5 11  -0.0016309314   0.0992628987   0.0044332240  -0.0144542158  -0.0235323337
 5 12   0.0110125531   0.0099562438   0.0206146420  -0.2032557253  -0.0342985341
 5 13  -0.0016590026  -0.0036168217  -0.0003600922  -0.0010258487  -0.0003797601
 5 14   0.0000553363   0.0001482515  -0.0001142812  -0.0000372865   0.0000351540
 5 15   0.0003116586   0.0000862035
 6  1   0.1215173012  -0.0060221194  -0.1094234258  -0.1545179238   0.0529649863
 6  2   0.2421327038   0.0055967032  -0.0103899434  -0.0515207589  -0.0057231930
 6  3   0.0029747932  -0.0061246842   0.0013263011   0.0011761585   0.0015369210
 6  4   0.0003200730  -0.0010671223  -0.0008884820  -0.0008117757   0.0016872728
 6  5   0.0009685485  -0.0003736397  -0.0012293309  -0.0009264446   0.0005822773
 6  6  -0.0018000434  -0.0001245463  -0.0007334474  -0.0000209888  -0.0001917768
 6  7   0.0006346743  -0.0000391559  -0.0006611239  -0.0003647156  -0.0000775808
 6  8  -0.0002774308  -0.0000663590  -0.0000045819   0.0000070896   0.0001539468
 6  9   0.0005484140   0.0000647336  -0.0001605202  -0.0001743363  -0.0000070940
 6 10   0.0020250674  -0.0005548181  -0.0008054959  -0.0041974113  -0.0034363211
 6 11   0.0017741564   0.0224665921  -0.0024214628  -0.0182963998  -0.0002519380
 6 12  -0.0006481228   0.0057303606   0.0133533428  -0.0316835844  -0.0632368816
 6 13  -0.0005516056   0.0001152368  -0.0000383361  -0.0001840053   0.0001550738
 6 14   0.0001615634   0.0000023725   0.0000066795  -0.0000113659  -0.0000421169
 6 15  -0.0000591026   0.0001581696
 7  1  -0.0775640197  -0.0656008517   0.0067690465  -0.1254018259  -0.0436851445
 7  2   0.0055967032   0.5277011170   0.0945028465  -0.0182051312  -0.2475891230
 7  3   0.0324820166   0.0051071318  -0.0612157195  -0.0095764636   0.0006647171
 7  4   0.0059884348  -0.0011783963  -0.0001488130   0.0130378224  -0.0056754340
 7  5  -0.0009998914  -0.0025993729  -0.0015649514   0.0000608778   0.0013447118
 7  6   0.0106661056   0.0020841204  -0.0052698439   0.0019551308  -0.0003202774
 7  7   0.0051103671  -0.0009061068  -0.0006557886  -0.0041988430  -0.0005921745
 7  8   0.0003507391  -0.0021095136  -0.0001321708  -0.0000211732   0.0010312399
 7  9  -0.0069139614   0.0000018875   0.0007988885   0.0027672497  -0.0003826399
 7 10  -0.0089526591   0.0012489483   0.0013963445  -0.0224168246   0.0183346426
 7 11   0.0035875991  -0.0364719077  -0.0135667866   0.0002992945   0.0073310604
 7 12   0.0036207177  -0.0000454477   0.0327419900  -0.0176134252  -0.0057110494
 7 13  -0.0009629660   0.0007305395   0.0002695260  -0.0000160910   0.0011875414
 7 14   0.0000886465  -0.0001860262   0.0000574503   0.0000848584  -0.0001308959
 7 15  -0.0005473220   0.0001287195
 8  1  -0.0434980157  -0.0013338002   0.0034748734  -0.0331084452  -0.1951021791
 8  2  -0.0103899434   0.0945028465   0.3809263701   0.0317264775   0.0187692921
 8  3  -0.1074807893  -0.0120481288  -0.0500872320  -0.0007784638  -0.0002229041
 8  4  -0.0049371178   0.0029513981   0.0011715508   0.0059308502  -0.0093866697
 8  5  -0.0023775367  -0.0034192959  -0.0001213080   0.0005294135   0.0006605989
 8  6   0.0050172219   0.0014660060  -0.0015219808   0.0016548105  -0.0002894109
 8  7   0.0019007908  -0.0006622818  -0.0002797169  -0.0016615203   0.0002005513
 8  8   0.0001563022  -0.0008037574  -0.0002337331   0.0000342644   0.0020208552
 8  9  -0.0037100470  -0.0003501426   0.0007361202   0.0023099725  -0.0000925437
 8 10  -0.0073894385  -0.0053131245  -0.0001826370   0.0434334984   0.0091405483
 8 11   0.0007681116  -0.0358799834  -0.0029958924   0.0051098245   0.0093680471
 8 12  -0.0009133198  -0.0027552424   0.0043533045  -0.0776914612  -0.0160367456
 8 13   0.0000134640   0.0026958071   0.0005850044   0.0005521955   0.0009944844
 8 14   0.0000017639   0.0000900880   0.0000795964   0.0000066014  -0.0000251643
 8 15  -0.0002476907  -0.0000052415
 9  1   0.0096145706   0.0062851198   0.0172849732   0.0050498686  -0.0093013289
 9  2  -0.0515207589  -0.0182051312   0.0317264775   0.0411365819   0.0068714866
 9  3  -0.0135477402  -0.0339306638  -0.0036684498   0.0008133794   0.0071849543
 9  4  -0.0005795675   0.0006059323  -0.0021944098  -0.0005809915  -0.0010693438
 9  5   0.0036738440  -0.0001743485   0.0001827142   0.0001566012   0.0002165927
 9  6  -0.0003461346  -0.0012381351  -0.0004838448   0.0002755692   0.0002590019
 9  7   0.0000528907  -0.0004128872  -0.0001199887  -0.0000487552   0.0000863474
 9  8   0.0003014256   0.0001313090  -0.0001909982  -0.0000828652   0.0002286278
 9  9   0.0003675598   0.0015222264   0.0000954637   0.0001075703  -0.0002097153
 9 10   0.0001473788  -0.0019579721   0.0048584892   0.0036412429   0.0015094782
 9 11   0.0033547439  -0.0031995299   0.0020409686  -0.0031631765   0.0004263834
 9 12  -0.0004595874  -0.0007188685   0.0004679491  -0.0169400060   0.0155399741
 9 13  -0.0001296518   0.0001787018  -0.0018824065   0.0000918429   0.0000317114
 9 14   0.0000696885   0.0000363041   0.0000020920  -0.0002882999  -0.0000016407
 9 15   0.0000123766   0.0000067841
10  1   0.0069390419   0.0084077929   0.0010573978  -0.0513394416  -0.0579095179
10  2  -0.0057231930  -0.2475891230   0.0187692921   0.0068714866   0.6376116864
10  3   0.0005814326  -0.0094141023  -0.1414227806  -0.1168083540  -0.0145457612
10  4   0.0040382410   0.0269391536   0.0030873635  -0.0326456748  -0.0319163678
10  5  -0.0027580573  -0.0013128934   0.0067757071   0.0015533273  -0.0009964997
10  6  -0.0012702793  -0.0010187123  -0.0006149937  -0.0001262251   0.0002214296
10  7  -0.0021506844  -0.0020028346   0.0002466909   0.0019871348   0.0006967168
10  8  -0.0001217608   0.0014716897   0.0016783689  -0.0000725262  -0.0060465222
10  9   0.0000842916  -0.0000283998   0.0002621755  -0.0013500594   0.0002402886
10 10  -0.0234749964   0.0300389652   0.0029942524  -0.1747948377   0.0985354399
10 11   0.0160755870   0.0538701178  -0.0042342227  -0.0012370885  -0.0100977757
10 12  -0.0088844117  -0.0053351251  -0.0184294540   0.0263192060   0.0075973652
10 13   0.0041691793   0.0055607133   0.0006157152   0.0006932385  -0.0002269590
10 14  -0.0001573133  -0.0002944386  -0.0000549129   0.0000423879   0.0001676108
10 15   0.0003970645  -0.0001912521
11  1  -0.0035741695  -0.0050432913   0.0001654166  -0.0385161879   0.0113795565
11  2   0.0029747932   0.0324820166  -0.1074807893  -0.0135477402   0.0005814326
11  3   0.7314430283   0.0898755350  -0.0317454774  -0.2702452980  -0.0262273032
11  4  -0.0089846211  -0.0498505369  -0.0077901305  -0.0758145406   0.0258048657
11  5   0.0062107656   0.0116117988   0.0096771986  -0.0008731994   0.0085636896
11  6  -0.0430831256  -0.0076740287  -0.0168201615   0.0042817399   0.0018400902
11  7   0.0027850604  -0.0143418218   0.0001359167   0.0010264213   0.0029570018
11  8  -0.0002241030   0.0062164271   0.0037290242  -0.0002390868  -0.0108268016
11  9   0.0116435633   0.0006722643  -0.0008892478  -0.0037630166   0.0004127559
11 10   0.0620479607   0.0114945427  -0.0010894639   0.0599694316  -0.2710598356
11 11  -0.0318651191   0.0010529586  -0.0525241408  -0.0137015931  -0.0037249553
11 12   0.0098688464   0.0016514642   0.0050252004  -0.0023752155  -0.0002137841
11 13  -0.0024222453  -0.0006704215  -0.0002027612   0.0021521221  -0.0023747562
11 14  -0.0002548236  -0.0002347908   0.0001951185   0.0000855849   0.0000386793
11 15   0.0003377633  -0.0001214499
12  1  -0.0000749364  -0.0005318921   0.0042836898   0.0008666580   0.0058675712
12  2  -0.0061246842   0.0051071318  -0.0120481288  -0.0339306638  -0.0094141023
12  3   0.0898755350   0.1357316258  -0.0050813956  -0.0287194238  -0.0578949772
12  4  -0.0011972512  -0.0073744380   0.0042281760  -0.0067216915   0.0028448214
12  5  -0.0019918078   0.0018650675   0.0009304536   0.0059342015  -0.0003581829
12  6  -0.0037914944   0.0017738323  -0.0011615691   0.0002956948  -0.0010565762
12  7  -0.0000668231  -0.0010550812  -0.0003326732   0.0002961661   0.0002967108
12  8   0.0000972000   0.0005334157   0.0008995782   0.0013919572  -0.0006950020
12  9   0.0007417480  -0.0001942381  -0.0003459544  -0.0004512621   0.0003029718
12 10   0.0045143459  -0.0004587155   0.0059374888   0.0132086580  -0.0266397860
12 11  -0.0595074209  -0.0010083347  -0.0189871924   0.0010489888  -0.0017291907
12 12   0.0001513718   0.0030623219   0.0017726204  -0.0005261109  -0.0035975114
12 13  -0.0002329533  -0.0007941575   0.0020769482   0.0001551727  -0.0002947043
12 14  -0.0008207407  -0.0001174840  -0.0000797795  -0.0004318886  -0.0001143647
12 15  -0.0001513183   0.0000137798
13  1  -0.0058834737  -0.0029958460   0.0004487681   0.0035059791   0.0137383087
13  2   0.0013263011  -0.0612157195  -0.0500872320  -0.0036684498  -0.1414227806
13  3  -0.0317454774  -0.0050813956   0.7497499480   0.0026361713  -0.0334597262
13  4  -0.1590277613   0.0683348501   0.0147776750  -0.3231263132  -0.0446343646
13  5   0.0157481113  -0.0333273298  -0.0211823648   0.0004167794  -0.0359307609
13  6   0.0594777172   0.0080411555   0.0198335702  -0.0054806337  -0.0015380270
13  7  -0.0051102083   0.0114679235   0.0003491413   0.0009467916  -0.0018571680
13  8   0.0000200049  -0.0018745624  -0.0026628343  -0.0001812730   0.0002850195
13  9  -0.0033385069  -0.0005513911   0.0008014970   0.0002716446  -0.0000492580
13 10  -0.0351185867  -0.0165526733  -0.0008501308   0.0485680216  -0.0253201478
13 11  -0.0037484567   0.0016348925   0.0110506711   0.0029783051   0.0010547209
13 12  -0.0041595903  -0.0007415202  -0.0011499020  -0.0030208995  -0.0005859451
13 13  -0.0235997317   0.0446090517   0.0060948836   0.0004058960   0.0016410649
13 14   0.0002197089   0.0000046702  -0.0002213392   0.0001281795  -0.0000038765
13 15   0.0000316748  -0.0000934402
14  1   0.0033425337  -0.0002373002  -0.0010349951   0.0016656334   0.0021637070
14  2   0.0011761585  -0.0095764636  -0.0007784638   0.0008133794  -0.1168083540
14  3  -0.2702452980  -0.0287194238   0.0026361713   0.7216075807   0.0773371008
14  4   0.1153680596  -0.2755275381  -0.0344631922   0.0367281650  -0.1064008919
14  5  -0.0063585331  -0.0542537661  -0.0325178011  -0.0014880063   0.0261155317
14  6   0.0266594217   0.0037985802   0.0095854498  -0.0090807709  -0.0018392124
14  7   0.0014347191   0.0098806818  -0.0005421400  -0.0019052782  -0.0024905120
14  8   0.0001935067  -0.0048045107  -0.0020648905   0.0003238667   0.0057336289
14  9  -0.0082323506  -0.0007818005   0.0003484184   0.0027242076  -0.0003504053
14 10  -0.0261109169  -0.0017788896  -0.0009100537   0.0143347006  -0.0506475006
14 11  -0.0081530468   0.0023334914  -0.0008224572   0.0013786070   0.0002184969
14 12  -0.0022598020  -0.0012269315   0.0015282409  -0.0026006991  -0.0009238064
14 13   0.0029065386   0.0013910205   0.0006453203  -0.0107101293   0.0018348027
14 14   0.0009363222  -0.0000544395  -0.0001755941   0.0000447514  -0.0000559209
14 15  -0.0004006623   0.0001439537
15  1   0.0005291543   0.0000332058   0.0000824225  -0.0007144682  -0.0005917217
15  2   0.0015369210   0.0006647171  -0.0002229041   0.0071849543  -0.0145457612
15  3  -0.0262273032  -0.0578949772  -0.0334597262   0.0773371008   0.1252546943
15  4   0.0211304441  -0.0334228926  -0.0365268063   0.0235019886  -0.0025283224
15  5  -0.0555370989  -0.0036470941  -0.0041782266   0.0106507267   0.0045207774
15  6   0.0015313830  -0.0051325470   0.0000199668  -0.0008560793   0.0035160176
15  7   0.0009562976   0.0008984216   0.0019540918  -0.0006481300  -0.0003363065
15  8  -0.0003918835  -0.0010347870  -0.0006411014  -0.0015019861   0.0010530564
15  9  -0.0009840907   0.0018017039  -0.0000864701   0.0004424892  -0.0002757900
15 10  -0.0024987335   0.0005004801   0.0004582373   0.0039170191  -0.0101272812
15 11   0.0053233880  -0.0004639781  -0.0001452020   0.0030627613   0.0000198504
15 12   0.0006093680  -0.0008027791   0.0002958724  -0.0005969193  -0.0000740677
15 13   0.0012554775  -0.0006798844  -0.0046751126  -0.0007827352   0.0000946619
15 14   0.0016037405   0.0000050794   0.0000675039   0.0002316762   0.0000121824
15 15   0.0000236209   0.0001517130
16  1   0.0016700266  -0.0004184690  -0.0003340157  -0.0000252102   0.0013311780
16  2   0.0003200730   0.0059884348  -0.0049371178  -0.0005795675   0.0040382410
16  3  -0.0089846211  -0.0011972512  -0.1590277613   0.1153680596   0.0211304441
16  4   0.6723424702  -0.0623462534  -0.0340002046  -0.0407490265   0.0574718387
16  5   0.0089415386   0.0029427608   0.0023454393  -0.0001307093  -0.0006704811
16  6  -0.0128415237  -0.0009013880  -0.0037059890   0.0036540284   0.0005299097
16  7   0.0032638371  -0.0008748937  -0.0003726444  -0.0022579280  -0.0001161938
16  8   0.0001545706  -0.0013293619   0.0004117614   0.0000064579   0.0016327283
16  9  -0.0028754319   0.0002339101  -0.0000163987   0.0015345568  -0.0002127913
16 10   0.0018325412   0.0060346315   0.0008561828  -0.0053013262   0.0005855210
16 11   0.0001245905  -0.0038675953  -0.0018994562  -0.0000314639   0.0009288932
16 12   0.0005444133  -0.0000627943   0.0024412052  -0.0021400925  -0.0007376148
16 13  -0.4804711405  -0.0924897897   0.0062868431   0.0003628242   0.0008434250
16 14  -0.0000679637   0.0000284261   0.0000654057  -0.0000707172  -0.0000501702
16 15  -0.0002664157   0.0001146056
17  1  -0.0026396178   0.0005900119   0.0005430530   0.0046049383  -0.0004547938
17  2  -0.0010671223  -0.0011783963   0.0029513981   0.0006059323   0.0269391536
17  3  -0.0498505369  -0.0073744380   0.0683348501  -0.2755275381  -0.0334228926
17  4  -0.0623462534   0.3833346018   0.0487286278   0.0150799345  -0.0224399078
17  5  -0.0047350791   0.0008551258   0.0140443869   0.0019999529  -0.0067779130
17  6   0.0080132815   0.0009230314   0.0010853756   0.0004068889  -0.0002321983
17  7  -0.0034637081  -0.0032138235   0.0003204162   0.0024264517   0.0011841484
17  8  -0.0001029251   0.0026699371   0.0002098927   0.0000746969  -0.0031092727
17  9   0.0044266067  -0.0002402426   0.0000099325  -0.0017333018   0.0003204827
17 10   0.0000133683  -0.0079708794  -0.0011241043  -0.0033090990  -0.0003855800
17 11  -0.0008703015   0.0051422143   0.0003335608   0.0008201352  -0.0014969139
17 12  -0.0012513441  -0.0009480800  -0.0029337782   0.0015577471   0.0006939562
17 13  -0.0428436440  -0.0540936316  -0.0046939854   0.0027876591  -0.0005397169
17 14  -0.0000675131   0.0000198730   0.0000001147   0.0000456134   0.0001297825
17 15   0.0004084144  -0.0001970156
18  1  -0.0003105648   0.0001687814   0.0005117104   0.0007270168  -0.0004054419
18  2  -0.0008884820  -0.0001488130   0.0011715508  -0.0021944098   0.0030873635
18  3  -0.0077901305   0.0042281760   0.0147776750  -0.0344631922  -0.0365268063
18  4  -0.0340002046   0.0487286278   0.0293763876   0.0049841151  -0.0073549442
18  5   0.0080496221  -0.0005254932   0.0020939092  -0.0034325629  -0.0007105939
18  6   0.0016322992   0.0037330691   0.0003115368  -0.0002688524   0.0003023208
18  7  -0.0005838216  -0.0002113286  -0.0001230282   0.0004451209   0.0001144651
18  8  -0.0001922053   0.0004070469  -0.0000286767  -0.0001560667  -0.0005353721
18  9   0.0008361993  -0.0001409467   0.0000844364  -0.0004381074  -0.0002347800
18 10   0.0000173533  -0.0009648611  -0.0014075085  -0.0008741008  -0.0008792642
18 11   0.0044906545   0.0007269407   0.0001950623   0.0006579438  -0.0000138188
18 12   0.0000706198  -0.0001895141  -0.0007060581   0.0004248223   0.0002089805
18 13   0.0125934920  -0.0028153235  -0.0045601842   0.0002401179   0.0000881082
18 14  -0.0015479916  -0.0000049439  -0.0000112941   0.0000012555   0.0000115697
18 15   0.0001069714   0.0000343660
19  1   0.0023280948   0.0011119226   0.0000025280  -0.0046447241  -0.0063627623
19  2  -0.0008117757   0.0130378224   0.0059308502  -0.0005809915  -0.0326456748
19  3  -0.0758145406  -0.0067216915  -0.3231263132   0.0367281650   0.0235019886
19  4  -0.0407490265   0.0150799345   0.0049841151   0.7371228792  -0.0006553087
19  5  -0.0299488122  -0.1728343147  -0.1251075229  -0.0071347685  -0.1401902211
19  6   0.0488508301   0.0006287993  -0.0727779014   0.0482740433   0.0064350983
19  7   0.0067560529  -0.0199286012  -0.0005528352  -0.0048880891   0.0034609789
19  8   0.0001958235   0.0008188778   0.0035497972   0.0002419797  -0.0012597395
19  9  -0.0030587308  -0.0001555122   0.0006007678  -0.0007022090   0.0002183066
19 10   0.0521730712   0.0147431103   0.0033864509  -0.0348991593   0.0270643439
19 11   0.0046610175  -0.0033517549  -0.0016142814  -0.0022546665   0.0006170782
19 12   0.0026910972   0.0011868029   0.0007485345   0.0021247925   0.0005493161
19 13   0.0017982833   0.0020166076   0.0002404481   0.0153549473   0.0218241688
19 14   0.0018017782   0.0000843860   0.0002747627  -0.0002642237  -0.0000738766
19 15  -0.0004814479   0.0003908243
20  1   0.0013911617  -0.0016269024  -0.0005120472  -0.0039618359   0.0064768770
20  2   0.0016872728  -0.0056754340  -0.0093866697  -0.0010693438  -0.0319163678
20  3   0.0258048657   0.0028448214  -0.0446343646  -0.1064008919  -0.0025283224
20  4   0.0574718387  -0.0224399078  -0.0073549442  -0.0006553087   0.7274304102
20  5   0.0552611378  -0.0742506142  -0.2708640866  -0.0200273537   0.1084944853
20  6  -0.2420355704  -0.0146267000   0.0155231172   0.0033132314  -0.0023802243
20  7  -0.0010339936   0.0085265882  -0.0007233381  -0.0057871588  -0.0024238556
20  8   0.0005146078  -0.0023049465  -0.0030352885  -0.0001017475  -0.0025623846
20  9  -0.0035973455  -0.0009970063   0.0004974193  -0.0007151021  -0.0000935405
20 10  -0.0153574474  -0.0487329189  -0.0042614877   0.0292536682  -0.0017084413
20 11  -0.0005439685  -0.0079302072  -0.0109220604  -0.0014606920   0.0001202001
20 12   0.0052148557   0.0020227362   0.0053332914  -0.0029463803  -0.0012656034
20 13  -0.0002348337  -0.0081826922  -0.0012451302  -0.0214216196  -0.0410428228
20 14  -0.0034907725  -0.0001141395  -0.0002398117   0.0002185974  -0.0002445258
20 15  -0.0004660802   0.0001330491
21  1  -0.0002741183  -0.0002932267  -0.0003131104  -0.0001627731   0.0010198234
21  2   0.0009685485  -0.0009998914  -0.0023775367   0.0036738440  -0.0027580573
21  3   0.0062107656  -0.0019918078   0.0157481113  -0.0063585331  -0.0555370989
21  4   0.0089415386  -0.0047350791   0.0080496221  -0.0299488122   0.0552611378
21  5   0.1269613243  -0.0009959283  -0.0171468775  -0.0402058407   0.0090904588
21  6  -0.0198303451  -0.0479435895   0.0045302596  -0.0009623515   0.0045109473
21  7  -0.0019178547   0.0018773133   0.0009253338  -0.0002453854  -0.0003233275
21  8   0.0001749840  -0.0000198969   0.0001643015   0.0023587983  -0.0011146947
21  9  -0.0013767031   0.0005947981   0.0003035789  -0.0001917422   0.0000206276
21 10  -0.0000146488  -0.0032904004   0.0011913124   0.0028731447  -0.0001413776
21 11  -0.0008545065  -0.0006219486  -0.0005633589   0.0001582382   0.0002350521
21 12  -0.0002215655   0.0000312890   0.0006932392   0.0000305990   0.0000808622
21 13  -0.0001283092  -0.0014618249   0.0012992840  -0.0031916451  -0.0049024942
21 14  -0.0033420838  -0.0000085102  -0.0001892984  -0.0006368343  -0.0000129086
21 15  -0.0001978982  -0.0001749417
22  1  -0.0016038859  -0.0002869079   0.0002919188   0.0022449836   0.0010969782
22  2  -0.0003736397  -0.0025993729  -0.0034192959  -0.0001743485  -0.0013128934
22  3   0.0116117988   0.0018650675  -0.0333273298  -0.0542537661  -0.0036470941
22  4   0.0029427608   0.0008551258  -0.0005254932  -0.1728343147  -0.0742506142
22  5  -0.0009959283   0.4240947069  -0.0851827248  -0.0247070150   0.0125421792
22  6   0.0101774232   0.0008733611   0.0066145331   0.0026438912   0.0002756317
22  7  -0.0008091685   0.0001622155   0.0001287352   0.0015254348   0.0004651629
22  8  -0.0000530153   0.0004023311   0.0005372689  -0.0000319542  -0.0001181546
22  9   0.0007099711   0.0001756772   0.0000489658   0.0006464384  -0.0000224420
22 10  -0.0050729609   0.0043614046  -0.0002409883  -0.0017749850  -0.0066058120
22 11  -0.0003360387   0.0029137806   0.0041166716   0.0012334788  -0.0001191490
22 12  -0.0024021336  -0.0009637549  -0.0015169351  -0.0000359947   0.0000334096
22 13   0.0009872329  -0.0016506585  -0.0000961591  -0.2333771191   0.1904887512
22 14   0.0274227128   0.0000547685   0.0000525874  -0.0000178180   0.0000945915
22 15   0.0001622188  -0.0001143035
23  1  -0.0027098551   0.0006261617   0.0005889035   0.0046439070  -0.0024097379
23  2  -0.0012293309  -0.0015649514  -0.0001213080   0.0001827142   0.0067757071
23  3   0.0096771986   0.0009304536  -0.0211823648  -0.0325178011  -0.0041782266
23  4   0.0023454393   0.0140443869   0.0020939092  -0.1251075229  -0.2708640866
23  5  -0.0171468775  -0.0851827248   0.6303763011   0.0612789791  -0.0224984727
23  6  -0.0630729194  -0.0072870482   0.0006584200   0.0019557778   0.0010880926
23  7  -0.0038642992  -0.0018721741   0.0005663805   0.0032766697   0.0012281126
23  8  -0.0002489602   0.0015406501   0.0011539705   0.0000484448  -0.0030430436
23  9   0.0001329882  -0.0002349266   0.0010643334  -0.0005337188   0.0002717655
23 10   0.0079552154   0.0055178443   0.0001098757  -0.0084310278  -0.0109939422
23 11  -0.0005647565   0.0081180651   0.0093406615   0.0021613514  -0.0007499361
23 12  -0.0049032461  -0.0018897104  -0.0048219835   0.0014797921   0.0006831206
23 13   0.0012943123   0.0007863887  -0.0000693582   0.2413782732  -0.2891808844
23 14  -0.0369860798   0.0000918183   0.0000428135  -0.0001083657   0.0000133711
23 15   0.0001074210  -0.0000603502
24  1  -0.0001367734   0.0001871138   0.0002443070   0.0004831648  -0.0005250772
24  2  -0.0009264446   0.0000608778   0.0005294135   0.0001566012   0.0015533273
24  3  -0.0008731994   0.0059342015   0.0004167794  -0.0014880063   0.0106507267
24  4  -0.0001307093   0.0019999529  -0.0034325629  -0.0071347685  -0.0200273537
24  5  -0.0402058407  -0.0247070150   0.0612789791   0.0359053352  -0.0027537000
24  6  -0.0058653605   0.0052571862   0.0000848774   0.0001754054  -0.0028348009
24  7  -0.0003468552  -0.0000806552  -0.0001630809   0.0003402102   0.0000723154
24  8  -0.0000180520   0.0000256068   0.0000342549  -0.0002802311  -0.0002720764
24  9   0.0001455827   0.0004285310   0.0001220841  -0.0002493279  -0.0002279633
24 10   0.0004816590   0.0002062602   0.0025004931  -0.0008868883  -0.0014470676
24 11  -0.0004834297   0.0009046287   0.0010057803  -0.0004244642  -0.0001342477
24 12  -0.0004379308   0.0001731989  -0.0006386499   0.0001344817   0.0001481577
24 13   0.0000370126   0.0002607040  -0.0000158203   0.0326014880  -0.0350754197
24 14  -0.0124150533   0.0000139658   0.0000070036   0.0000239323   0.0000160017
24 15   0.0000321506   0.0000050731
25  1   0.0018320702   0.0001904551  -0.0003578631  -0.0025947693  -0.0008684088
25  2   0.0005822773   0.0013447118   0.0006605989   0.0002165927  -0.0009964997
25  3   0.0085636896  -0.0003581829  -0.0359307609   0.0261155317   0.0045207774
25  4  -0.0006704811  -0.0067779130  -0.0007105939  -0.1401902211   0.1084944853
25  5   0.0090904588   0.0125421792  -0.0224984727  -0.0027537000   0.6486206103
25  6  -0.0029982783  -0.0020478879  -0.2545868758  -0.0275818185   0.0000745582
25  7  -0.0590682554   0.0593720814   0.0033867614   0.0039242282  -0.0069025788
25  8   0.0000832543  -0.0155610164  -0.0177254748   0.0004902843   0.0462517908
25  9   0.0032183952  -0.0001089816  -0.0099021925   0.0014390692  -0.0002232545
25 10  -0.1679871107  -0.0843855539  -0.0075543583  -0.0150932384  -0.0324520953
25 11  -0.0055203650  -0.0064817576  -0.0036032577   0.0000064131   0.0003135618
25 12   0.0030446603   0.0011425547   0.0000023878  -0.0011435280  -0.0005049553
25 13  -0.0012655615   0.0010212780   0.0004396800  -0.0033166833  -0.0042457806
25 14  -0.0000081858  -0.0013512411  -0.0031007983   0.0004800356   0.0001651249
25 15   0.0021637143  -0.0003653196
26  1   0.0008621085   0.0014912758   0.0003762878  -0.0013711164  -0.0091788364
26  2  -0.0018000434   0.0106661056   0.0050172219  -0.0003461346  -0.0012702793
26  3  -0.0430831256  -0.0037914944   0.0594777172   0.0266594217   0.0015313830
26  4  -0.0128415237   0.0080132815   0.0016322992   0.0488508301  -0.2420355704
26  5  -0.0198303451   0.0101774232  -0.0630729194  -0.0058653605  -0.0029982783
26  6   0.7192714738   0.0431096828  -0.0357731788  -0.1140181739  -0.0009078095
26  7   0.0225405994   0.0127608078   0.0009283306   0.0081802670  -0.0030766472
26  8  -0.0010169003  -0.0055915045  -0.0053761560  -0.0000323790   0.0108104073
26  9  -0.0482888260  -0.0015659083   0.0024296331   0.0019906481   0.0001928482
26 10  -0.0526563097  -0.2685571285  -0.0186706738  -0.0633282690   0.0098058648
26 11   0.0045974238   0.0100089640   0.0126161821   0.0010738903   0.0007406016
26 12  -0.0052073679  -0.0018760829  -0.0033396916   0.0037928968   0.0012662825
26 13   0.0010485611   0.0020418330   0.0001184261  -0.0060505514  -0.0012979308
26 14   0.0003123252  -0.0005564334   0.0003582033  -0.0001465576  -0.0000160817
26 15  -0.0006264285   0.0007105099
27  1   0.0003119634   0.0003938726  -0.0001143438  -0.0000898713  -0.0022642985
27  2  -0.0001245463   0.0020841204   0.0014660060  -0.0012381351  -0.0010187123
27  3  -0.0076740287   0.0017738323   0.0080411555   0.0037985802  -0.0051325470
27  4  -0.0009013880   0.0009230314   0.0037330691   0.0006287993  -0.0146267000
27  5  -0.0479435895   0.0008733611  -0.0072870482   0.0052571862  -0.0020478879
27  6   0.0431096828   0.1220626105  -0.0013657276  -0.0023244514  -0.0397482727
27  7   0.0070176079  -0.0007979869  -0.0043936321  -0.0003098129  -0.0007410087
27  8   0.0042882701  -0.0001805311   0.0002209540  -0.0032592246  -0.0015918809
27  9   0.0024602465   0.0094176671  -0.0003053074   0.0009171691   0.0014482338
27 10  -0.0005343232  -0.0207231354  -0.0552899373  -0.0097043242   0.0005419593
27 11   0.0044278173   0.0014992320   0.0017231067   0.0014732026  -0.0004109989
27 12  -0.0002757885  -0.0004961382  -0.0015337295   0.0003411187  -0.0004376800
27 13   0.0003021905   0.0000891581   0.0015771088  -0.0003405789   0.0000402213
27 14   0.0017504000  -0.0000319692   0.0003790146  -0.0000535953  -0.0003913868
27 15   0.0003103249   0.0010222442
28  1  -0.0031720810  -0.0003064656   0.0006521915   0.0048406832   0.0025154538
28  2  -0.0007334474  -0.0052698439  -0.0015219808  -0.0004838448  -0.0006149937
28  3  -0.0168201615  -0.0011615691   0.0198335702   0.0095854498   0.0000199668
28  4  -0.0037059890   0.0010853756   0.0003115368  -0.0727779014   0.0155231172
28  5   0.0045302596   0.0066145331   0.0006584200   0.0000848774  -0.2545868758
28  6  -0.0357731788  -0.0013657276   0.5083207618  -0.0479522443  -0.0144802436
28  7  -0.0686657990   0.0015664230   0.0017410719  -0.0926149764   0.0570273674
28  8   0.0091569773   0.0256596581   0.0228074788   0.0005372711  -0.0356096816
28  9   0.0170639785   0.0010802727   0.0069309641   0.0039843285  -0.0010162789
28 10  -0.0255798612  -0.0312744715  -0.0011747745  -0.0104418977   0.0006162278
28 11   0.0019636156   0.0006899687   0.0083822823   0.0024183393   0.0007455904
28 12  -0.0039873657  -0.0017280684  -0.0017667356  -0.0002724876  -0.0000871943
28 13   0.0002841403  -0.0000050633  -0.0000143465  -0.0002823626  -0.0015569618
28 14  -0.0001763929   0.0008076098  -0.0002360745   0.0000983258   0.0003615192
28 15  -0.0011094471  -0.0001728181
29  1   0.0008941668   0.0006841312  -0.0001515713  -0.0013411003  -0.0023358407
29  2  -0.0000209888   0.0019551308   0.0016548105   0.0002755692  -0.0001262251
29  3   0.0042817399   0.0002956948  -0.0054806337  -0.0090807709  -0.0008560793
29  4   0.0036540284   0.0004068889  -0.0002688524   0.0482740433   0.0033132314
29  5  -0.0009623515   0.0026438912   0.0019557778   0.0001754054  -0.0275818185
29  6  -0.1140181739  -0.0023244514  -0.0479522443   0.3294038993   0.0144220154
29  7  -0.0031362012  -0.1713820868  -0.0045675442   0.0407033197   0.0148519051
29  8  -0.0028524125   0.0162285680  -0.0478336974  -0.0018689663   0.0148028653
29  9   0.0020502892  -0.0008081418  -0.0062923593  -0.0067144183   0.0012773017
29 10  -0.0363722862   0.0022441551   0.0004071226   0.0047519223  -0.0050023485
29 11  -0.0021970665  -0.0007593782  -0.0034100759  -0.0009139915  -0.0006399885
29 12   0.0022911740   0.0007661737  -0.0008123853   0.0004572552   0.0003068542
29 13   0.0000275470  -0.0004514241  -0.0001400476   0.0011350773   0.0011353739
29 14   0.0000317133  -0.0045524516  -0.0059603018   0.0003034183  -0.0000234878
29 15   0.0014585067  -0.0003288035
30  1   0.0000411923  -0.0000985859   0.0004078647  -0.0001740945   0.0003983767
30  2  -0.0001917768  -0.0003202774  -0.0002894109   0.0002590019   0.0002214296
30  3   0.0018400902  -0.0010565762  -0.0015380270  -0.0018392124   0.0035160176
30  4   0.0005299097  -0.0002321983   0.0003023208   0.0064350983  -0.0023802243
30  5   0.0045109473   0.0002756317   0.0010880926  -0.0028348009   0.0000745582
30  6  -0.0009078095  -0.0397482727  -0.0144802436   0.0144220154   0.0438959186
30  7   0.0001911619  -0.0065367950  -0.0437807939   0.0095272906  -0.0033476071
30  8   0.0121948537   0.0011704501  -0.0004299569   0.0097853702   0.0019555834
30  9  -0.0007194686  -0.0022907000  -0.0004306713  -0.0000349157  -0.0014782217
30 10  -0.0048206638   0.0004677573   0.0064321227   0.0012963615  -0.0008229021
30 11   0.0055449540  -0.0002782107  -0.0014168675   0.0014175752  -0.0001041031
30 12   0.0003940706   0.0000081625   0.0002719190   0.0001202703  -0.0003333521
30 13  -0.0000352557  -0.0000485897  -0.0001215135   0.0002065595   0.0000843632
30 14  -0.0002850982  -0.0001515391   0.0002153675   0.0038697734   0.0001359404
30 15   0.0000741401  -0.0000237766
31  1   0.0031668845   0.0004171080  -0.0006261865  -0.0052748154  -0.0020092670
31  2   0.0006346743   0.0051103671   0.0019007908   0.0000528907  -0.0021506844
31  3   0.0027850604  -0.0000668231  -0.0051102083   0.0014347191   0.0009562976
31  4   0.0032638371  -0.0034637081  -0.0005838216   0.0067560529  -0.0010339936
31  5  -0.0019178547  -0.0008091685  -0.0038642992  -0.0003468552  -0.0590682554
31  6   0.0225405994   0.0070176079  -0.0686657990  -0.0031362012   0.0001911619
31  7   0.8587195713   0.1921680861  -0.0451286748  -0.6089028168  -0.1326804017
31  8   0.0370976963  -0.1200738553  -0.0634468955   0.0038485170  -0.0198668350
31  9  -0.0397913983   0.0050786778  -0.0038162545   0.0042983102  -0.0000466211
31 10   0.0025081269   0.0035977099  -0.0031218151   0.0033216408   0.0013327340
31 11   0.0004176881  -0.0027944301  -0.0050573521  -0.0015215237   0.0004735581
31 12   0.0027002009   0.0013036931   0.0025292303   0.0002067303  -0.0001947015
31 13  -0.0006693244   0.0003463649   0.0000735421   0.0005868034   0.0011848050
31 14   0.0001029081   0.0112408427   0.0199880663  -0.0031886951  -0.0004744677
31 15  -0.0004177683  -0.0000317827
32  1  -0.0003457762  -0.0006567215   0.0001637568   0.0004021290   0.0009464732
32  2  -0.0000391559  -0.0009061068  -0.0006622818  -0.0004128872  -0.0020028346
32  3  -0.0143418218  -0.0010550812   0.0114679235   0.0098806818   0.0008984216
32  4  -0.0008748937  -0.0032138235  -0.0002113286  -0.0199286012   0.0085265882
32  5   0.0018773133   0.0001622155  -0.0018721741  -0.0000806552   0.0593720814
32  6   0.0127608078  -0.0007979869   0.0015664230  -0.1713820868  -0.0065367950
32  7   0.1921680861   0.5452378440  -0.0159918184  -0.1371308135  -0.1323649931
32  8   0.0092057960  -0.0411715523  -0.2474305423   0.0135619103  -0.0618365946
32  9   0.0067562342   0.0038796737   0.0186705722   0.0204815270  -0.0036631266
32 10   0.0000647721  -0.0142385747  -0.0024576312  -0.0104482648   0.0000107062
32 11   0.0015632355  -0.0022199977   0.0059212371   0.0014219374   0.0016958866
32 12  -0.0032490323  -0.0008141921   0.0009769169  -0.0009843596  -0.0005878079
32 13  -0.0003644740   0.0002191770   0.0000909686   0.0000804707  -0.0003084374
32 14  -0.0000765188  -0.0108336230  -0.0169073069  -0.0000877837   0.0014360553
32 15  -0.0031291207   0.0001497554
33  1  -0.0003695064  -0.0000568002  -0.0005408467   0.0004839038   0.0003942143
33  2  -0.0006611239  -0.0006557886  -0.0002797169  -0.0001199887   0.0002466909
33  3   0.0001359167  -0.0003326732   0.0003491413  -0.0005421400   0.0019540918
33  4  -0.0003726444   0.0003204162  -0.0001230282  -0.0005528352  -0.0007233381
33  5   0.0009253338   0.0001287352   0.0005663805  -0.0001630809   0.0033867614
33  6   0.0009283306  -0.0043936321   0.0017410719  -0.0045675442  -0.0437807939
33  7  -0.0451286748  -0.0159918184   0.1966123488   0.0361167568   0.0088169776
33  8  -0.0828817558  -0.0003135602   0.0079111885  -0.0620114400   0.0043014096
33  9   0.0007518918  -0.0119389236   0.0005374204   0.0016404047   0.0138828378
33 10  -0.0012031806  -0.0004065494  -0.0045301140   0.0001008460  -0.0001254146
33 11   0.0005013940   0.0003558332   0.0004794897  -0.0003127286   0.0000092164
33 12  -0.0001999877  -0.0006280013  -0.0000551878  -0.0000361927  -0.0004886662
33 13   0.0000614732  -0.0000079794  -0.0001266563  -0.0000265912  -0.0001321284
33 14   0.0001690284   0.0010828854   0.0013993642   0.0002874327  -0.0002241762
33 15  -0.0002749651  -0.0012990137
34  1  -0.0022788507  -0.0003737445   0.0004006190   0.0038060060   0.0018886604
34  2  -0.0003647156  -0.0041988430  -0.0016615203  -0.0000487552   0.0019871348
34  3   0.0010264213   0.0002961661   0.0009467916  -0.0019052782  -0.0006481300
34  4  -0.0022579280   0.0024264517   0.0004451209  -0.0048880891  -0.0057871588
34  5  -0.0002453854   0.0015254348   0.0032766697   0.0003402102   0.0039242282
34  6   0.0081802670  -0.0003098129  -0.0926149764   0.0407033197   0.0095272906
34  7  -0.6089028168  -0.1371308135   0.0361167568   0.7447637394   0.1271323969
34  8  -0.0519342713  -0.0508939648  -0.0336479688   0.0047406569   0.0164761410
34  9  -0.0033703360  -0.0008055181  -0.0041468202  -0.0048825345   0.0005595328
34 10  -0.0034547444   0.0042675176   0.0011232881   0.0003969474  -0.0007715164
34 11  -0.0001989312   0.0020390065   0.0023536054   0.0008301637  -0.0005654670
34 12  -0.0013137764  -0.0008312307  -0.0015400137  -0.0002224526   0.0001540649
34 13   0.0004477024  -0.0002291362  -0.0000243844  -0.0001348824  -0.0007359247
34 14  -0.0000407449  -0.0000615464  -0.0005473769   0.0009654315  -0.0003741893
34 15   0.0013242278  -0.0000474218
35  1  -0.0003681621   0.0004975021   0.0000167716   0.0007202856  -0.0003203939
35  2  -0.0000775808  -0.0005921745   0.0002005513   0.0000863474   0.0006967168
35  3   0.0029570018   0.0002967108  -0.0018571680  -0.0024905120  -0.0003363065
35  4  -0.0001161938   0.0011841484   0.0001144651   0.0034609789  -0.0024238556
35  5  -0.0003233275   0.0004651629   0.0012281126   0.0000723154  -0.0069025788
35  6  -0.0030766472  -0.0007410087   0.0570273674   0.0148519051  -0.0033476071
35  7  -0.1326804017  -0.1323649931   0.0088169776   0.1271323969   0.1318803764
35  8  -0.0085147045  -0.0543032754  -0.0065650877   0.0030245409   0.0105842459
35  9  -0.0065577233  -0.0001673039  -0.0056442774  -0.0049353847   0.0008574272
35 10   0.0002654765   0.0022439974   0.0008725415   0.0018777167   0.0004047398
35 11  -0.0003717863   0.0011772708  -0.0010272466  -0.0002408335  -0.0007341654
35 12   0.0006558660   0.0000705783  -0.0006307317   0.0004458849   0.0001912616
35 13   0.0001873944  -0.0000563176  -0.0000427198  -0.0000246199  -0.0000708881
35 14   0.0000116431   0.0005061451   0.0022665644  -0.0001617542  -0.0002474091
35 15   0.0010723996  -0.0001066478
36  1   0.0002135533   0.0000356241   0.0006435516  -0.0003051457  -0.0002084663
36  2  -0.0002774308   0.0003507391   0.0001563022   0.0003014256  -0.0001217608
36  3  -0.0002241030   0.0000972000   0.0000200049   0.0001935067  -0.0003918835
36  4   0.0001545706  -0.0001029251  -0.0001922053   0.0001958235   0.0005146078
36  5   0.0001749840  -0.0000530153  -0.0002489602  -0.0000180520   0.0000832543
36  6  -0.0010169003   0.0042882701   0.0091569773  -0.0028524125   0.0121948537
36  7   0.0370976963   0.0092057960  -0.0828817558  -0.0519342713  -0.0085147045
36  8   0.0427428109   0.0062739987   0.0034365837   0.0211396902  -0.0013304556
36  9   0.0009903154   0.0064973948  -0.0000130822  -0.0005382266  -0.0033268371
36 10   0.0006546436  -0.0003490576  -0.0002947159  -0.0001595519   0.0000987156
36 11  -0.0000865199   0.0000700502  -0.0002350039  -0.0001370751  -0.0001512565
36 12   0.0000662460   0.0004430282   0.0000071221   0.0000322182   0.0004924588
36 13  -0.0000218188   0.0000159343   0.0000532433   0.0000008895   0.0000604604
36 14  -0.0000888986  -0.0002347183  -0.0005545139  -0.0016866728   0.0000457531
36 15   0.0000389635   0.0003131356
37  1  -0.0010557233  -0.0001284231   0.0001537501   0.0018721029   0.0006904596
37  2  -0.0000663590  -0.0021095136  -0.0008037574   0.0001313090   0.0014716897
37  3   0.0062164271   0.0005334157  -0.0018745624  -0.0048045107  -0.0010347870
37  4  -0.0013293619   0.0026699371   0.0004070469   0.0008188778  -0.0023049465
37  5  -0.0000198969   0.0004023311   0.0015406501   0.0000256068  -0.0155610164
37  6  -0.0055915045  -0.0001805311   0.0256596581   0.0162285680   0.0011704501
37  7  -0.1200738553  -0.0411715523  -0.0003135602  -0.0508939648  -0.0543032754
37  8   0.0062739987   0.7787253161  -0.0225638128  -0.0151190121  -0.4028510915
37  9  -0.0285312455   0.0101275774  -0.0285311658  -0.0302072601   0.0066080781
37 10  -0.0326872476   0.0240790552   0.0017410731   0.0086706092   0.0007325977
37 11  -0.0007637257   0.0014228517  -0.0023506982  -0.0000862772  -0.0010942565
37 12   0.0012782659  -0.0002789190  -0.0008083932  -0.0000097027   0.0002491076
37 13   0.0004634456  -0.0001439997  -0.0000645232  -0.0002179049  -0.0002552551
37 14   0.0000042102  -0.1605997912   0.1372033903  -0.0090160322   0.0001809663
37 15   0.0025305927  -0.0004820002
38  1  -0.0001724445   0.0003915437  -0.0000097175   0.0001649899  -0.0006777115
38  2  -0.0000045819  -0.0001321708  -0.0002337331  -0.0001909982   0.0016783689
38  3   0.0037290242   0.0008995782  -0.0026628343  -0.0020648905  -0.0006411014
38  4   0.0004117614   0.0002098927  -0.0000286767   0.0035497972  -0.0030352885
38  5   0.0001643015   0.0005372689   0.0011539705   0.0000342549  -0.0177254748
38  6  -0.0053761560   0.0002209540   0.0228074788  -0.0478336974  -0.0004299569
38  7  -0.0634468955  -0.2474305423   0.0079111885  -0.0336479688  -0.0065650877
38  8   0.0034365837  -0.0225638128   0.6810218037  -0.0447248654   0.0118136050
38  9  -0.1231758998   0.0053963139  -0.0622498050  -0.0300337869   0.0093155138
38 10   0.0255274675   0.0161724735   0.0009205209   0.0054398439  -0.0046306710
38 11  -0.0005754401   0.0004279447  -0.0044592300  -0.0015959223  -0.0012485484
38 12   0.0027331221   0.0004970413  -0.0004890580   0.0007382774   0.0005314876
38 13   0.0000220059  -0.0000767373  -0.0000063122   0.0001493697   0.0000383929
38 14  -0.0000047321   0.1381695304  -0.2364506742   0.0196415969  -0.0063604193
38 15   0.0058556054  -0.0007570304
39  1   0.0000307956  -0.0000454130   0.0003483619   0.0000153531   0.0001569423
39  2   0.0000070896  -0.0000211732   0.0000342644  -0.0000828652  -0.0000725262
39  3  -0.0002390868   0.0013919572  -0.0001812730   0.0003238667  -0.0015019861
39  4   0.0000064579   0.0000746969  -0.0001560667   0.0002419797  -0.0001017475
39  5   0.0023587983  -0.0000319542   0.0000484448  -0.0002802311   0.0004902843
39  6  -0.0000323790  -0.0032592246   0.0005372711  -0.0018689663   0.0097853702
39  7   0.0038485170   0.0135619103  -0.0620114400   0.0047406569   0.0030245409
39  8   0.0211396902  -0.0151190121  -0.0447248654   0.0918002832   0.0087826931
39  9   0.0054072661  -0.0553581267   0.0090926417   0.0077201667   0.0139877632
39 10  -0.0032623839  -0.0007090835   0.0125893048  -0.0002909828   0.0006824397
39 11  -0.0012731795   0.0000721692   0.0002369814   0.0003331849   0.0001545975
39 12  -0.0003585460   0.0003314053  -0.0000257290  -0.0001252745   0.0000159985
39 13   0.0000152745  -0.0000067393   0.0000128917  -0.0000238607  -0.0000055418
39 14  -0.0000055350  -0.0097154863   0.0179535668  -0.0280724850   0.0007156898
39 15  -0.0010074438  -0.0021009591
40  1   0.0011727631  -0.0001663096  -0.0002078524  -0.0015466010   0.0003650487
40  2   0.0001539468   0.0010312399   0.0020208552   0.0002286278  -0.0060465222
40  3  -0.0108268016  -0.0006950020   0.0002850195   0.0057336289   0.0010530564
40  4   0.0016327283  -0.0031092727  -0.0005353721  -0.0012597395  -0.0025623846
40  5  -0.0011146947  -0.0001181546  -0.0030430436  -0.0002720764   0.0462517908
40  6   0.0108104073  -0.0015918809  -0.0356096816   0.0148028653   0.0019555834
40  7  -0.0198668350  -0.0618365946   0.0043014096   0.0164761410   0.0105842459
40  8  -0.0013304556  -0.4028510915   0.0118136050   0.0087826931   0.7539646503
40  9   0.0388431254  -0.0181018127  -0.1646896250  -0.1182489620   0.0228514586
40 10  -0.1575841085   0.0485573848  -0.0098028063  -0.0326712995   0.0287260838
40 11   0.0007712729  -0.0023638539   0.0083215164   0.0027951430   0.0029637408
40 12  -0.0038310578  -0.0015204825   0.0018491694  -0.0006379384  -0.0006865752
40 13  -0.0005853859   0.0001062790   0.0000398674  -0.0000326866  -0.0000566762
40 14   0.0000092532  -0.0152163758  -0.0050102376  -0.0012842017   0.0148147175
40 15   0.0286442330  -0.0057990995
41  1  -0.0016101779  -0.0017217328   0.0001170886   0.0033798976   0.0077136527
41  2   0.0005484140  -0.0069139614  -0.0037100470   0.0003675598   0.0000842916
41  3   0.0116435633   0.0007417480  -0.0033385069  -0.0082323506  -0.0009840907
41  4  -0.0028754319   0.0044266067   0.0008361993  -0.0030587308  -0.0035973455
41  5  -0.0013767031   0.0007099711   0.0001329882   0.0001455827   0.0032183952
41  6  -0.0482888260   0.0024602465   0.0170639785   0.0020502892  -0.0007194686
41  7  -0.0397913983   0.0067562342   0.0007518918  -0.0033703360  -0.0065577233
41  8   0.0009903154  -0.0285312455  -0.1231758998   0.0054072661   0.0388431254
41  9   0.6718010127  -0.0678218434  -0.0708094759  -0.2943897128   0.0420138122
41 10   0.0722923032  -0.1798623044   0.0089620480   0.0128298726   0.0014168558
41 11  -0.0002850157  -0.0037299097   0.0148914264   0.0062053938   0.0044837381
41 12  -0.0098916458  -0.0022487047   0.0024514125  -0.0042565791  -0.0023652169
41 13   0.0009522486  -0.0000098284  -0.0001078617  -0.0004005369  -0.0005359314
41 14  -0.0000399066   0.0260237052   0.0038420117  -0.0005337563  -0.0179032284
41 15  -0.0404447139   0.0069350013
42  1   0.0000827656  -0.0000662300  -0.0003401521  -0.0001190798   0.0002375441
42  2   0.0000647336   0.0000018875  -0.0003501426   0.0015222264  -0.0000283998
42  3   0.0006722643  -0.0001942381  -0.0005513911  -0.0007818005   0.0018017039
42  4   0.0002339101  -0.0002402426  -0.0001409467  -0.0001555122  -0.0009970063
42  5   0.0005947981   0.0001756772  -0.0002349266   0.0004285310  -0.0001089816
42  6  -0.0015659083   0.0094176671   0.0010802727  -0.0008081418  -0.0022907000
42  7   0.0050786778   0.0038796737  -0.0119389236  -0.0008055181  -0.0001673039
42  8   0.0064973948   0.0101275774   0.0053963139  -0.0553581267  -0.0181018127
42  9  -0.0678218434   0.1680065524   0.0145198213   0.0417130158  -0.0532977769
42 10  -0.0144291874   0.0149907622  -0.0684779408   0.0034825914   0.0000893543
42 11   0.0055920340  -0.0004863214  -0.0001542929  -0.0033381696  -0.0000999973
42 12   0.0011430490  -0.0000249570   0.0006721534  -0.0001863584  -0.0000882047
42 13  -0.0000304290  -0.0000220714   0.0000747235   0.0000141097  -0.0000225093
42 14  -0.0000425451  -0.0028252162   0.0000295733   0.0035879918   0.0022724025
42 15   0.0052672275  -0.0020556753
43  1  -0.0003187019   0.0004572345   0.0000754024   0.0003703463  -0.0023181772
43  2  -0.0001605202   0.0007988885   0.0007361202   0.0000954637   0.0002621755
43  3  -0.0008892478  -0.0003459544   0.0008014970   0.0003484184  -0.0000864701
43  4  -0.0000163987   0.0000099325   0.0000844364   0.0006007678   0.0004974193
43  5   0.0003035789   0.0000489658   0.0010643334   0.0001220841  -0.0099021925
43  6   0.0024296331  -0.0003053074   0.0069309641  -0.0062923593  -0.0004306713
43  7  -0.0038162545   0.0186705722   0.0005374204  -0.0041468202  -0.0056442774
43  8  -0.0000130822  -0.0285311658  -0.0622498050   0.0090926417  -0.1646896250
43  9  -0.0708094759   0.0145198213   0.4593421520  -0.0937893387   0.0077429857
43 10   0.0169317358   0.0201248960  -0.0015904122   0.0020306371   0.0006697185
43 11  -0.0001040568  -0.0004285728  -0.0049754085  -0.0047555442  -0.0101562509
43 12   0.0059746744  -0.0040700560  -0.0014380884   0.0013204200   0.0012564025
43 13  -0.0000122670  -0.0000553143  -0.0000083028   0.0001114592   0.0000621475
43 14   0.0000135450   0.0027014067  -0.0009082190   0.0000838177  -0.2674746583
43 15   0.1955661033  -0.0220572219
44  1   0.0008371372   0.0009092188  -0.0001192523  -0.0016167495  -0.0039166280
44  2  -0.0001743363   0.0027672497   0.0023099725   0.0001075703  -0.0013500594
44  3  -0.0037630166  -0.0004512621   0.0002716446   0.0027242076   0.0004424892
44  4   0.0015345568  -0.0017333018  -0.0004381074  -0.0007022090  -0.0007151021
44  5  -0.0001917422   0.0006464384  -0.0005337188  -0.0002493279   0.0014390692
44  6   0.0019906481   0.0009171691   0.0039843285  -0.0067144183  -0.0000349157
44  7   0.0042983102   0.0204815270   0.0016404047  -0.0048825345  -0.0049353847
44  8  -0.0005382266  -0.0302072601  -0.0300337869   0.0077201667  -0.1182489620
44  9  -0.2943897128   0.0417130158  -0.0937893387   0.6211427059  -0.0930814260
44 10  -0.0110252305  -0.0520064572   0.0079059449  -0.0024538817   0.0054272927
44 11   0.0002614202   0.0014535753  -0.0093926625  -0.0033654282  -0.0001566032
44 12   0.0073101110   0.0025473487  -0.0010856094   0.0022406116   0.0013521319
44 13  -0.0004368429  -0.0000551530   0.0000426423   0.0000133730   0.0001104819
44 14   0.0000153320   0.0011248479   0.0030914217  -0.0008472625   0.2475847501
44 15  -0.2595488562   0.0348256513
45  1  -0.0004115570   0.0000609949   0.0001649407   0.0004435446  -0.0000772163
45  2  -0.0000070940  -0.0003826399  -0.0000925437  -0.0002097153   0.0002402886
45  3   0.0004127559   0.0003029718  -0.0000492580  -0.0003504053  -0.0002757900
45  4  -0.0002127913   0.0003204827  -0.0002347800   0.0002183066  -0.0000935405
45  5   0.0000206276  -0.0000224420   0.0002717655  -0.0002279633  -0.0002232545
45  6   0.0001928482   0.0014482338  -0.0010162789   0.0012773017  -0.0014782217
45  7  -0.0000466211  -0.0036631266   0.0138828378   0.0005595328   0.0008574272
45  8  -0.0033268371   0.0066080781   0.0093155138   0.0139877632   0.0228514586
45  9   0.0420138122  -0.0532977769   0.0077429857  -0.0930814260   0.0500957359
45 10   0.0020190543   0.0063497746   0.0021568790   0.0000762973  -0.0002809111
45 11  -0.0009086372   0.0003322556  -0.0016722755  -0.0018620005  -0.0068843684
45 12   0.0025135878  -0.0019595131  -0.0012158748   0.0005603035   0.0010284958
45 13   0.0000573834  -0.0000223340   0.0000156257   0.0000145451  -0.0000400600
45 14   0.0000235730  -0.0005056861  -0.0008813940  -0.0052005150  -0.0301929588
45 15   0.0361086651  -0.0141388400
46  1  -0.0010846481  -0.0020837887  -0.0003436552   0.0017474962   0.0116224967
46  2   0.0020250674  -0.0089526591  -0.0073894385   0.0001473788  -0.0234749964
46  3   0.0620479607   0.0045143459  -0.0351185867  -0.0261109169  -0.0024987335
46  4   0.0018325412   0.0000133683   0.0000173533   0.0521730712  -0.0153574474
46  5  -0.0000146488  -0.0050729609   0.0079552154   0.0004816590  -0.1679871107
46  6  -0.0526563097  -0.0005343232  -0.0255798612  -0.0363722862  -0.0048206638
46  7   0.0025081269   0.0000647721  -0.0012031806  -0.0034547444   0.0002654765
46  8   0.0006546436  -0.0326872476   0.0255274675  -0.0032623839  -0.1575841085
46  9   0.0722923032  -0.0144291874   0.0169317358  -0.0110252305   0.0020190543
46 10   0.6736033116   0.0040264039   0.0238008618  -0.2661178871  -0.0099934284
46 11  -0.0078031236  -0.0261570186  -0.0197940287  -0.0017855221   0.0008346566
46 12   0.0077558811   0.0027593311   0.0070157055  -0.0046074354  -0.0022336435
46 13   0.0001839359  -0.0004871979  -0.0001074910   0.0012306819   0.0009141620
46 14  -0.0003818741  -0.0042322147  -0.0016334391   0.0010356421  -0.0005572188
46 15  -0.0049745601   0.0019630933
47  1  -0.0005199503   0.0012255737   0.0003331004  -0.0002956835  -0.0037514013
47  2  -0.0005548181   0.0012489483  -0.0053131245  -0.0019579721   0.0300389652
47  3   0.0114945427  -0.0004587155  -0.0165526733  -0.0017788896   0.0005004801
47  4   0.0060346315  -0.0079708794  -0.0009648611   0.0147431103  -0.0487329189
47  5  -0.0032904004   0.0043614046   0.0055178443   0.0002062602  -0.0843855539
47  6  -0.2685571285  -0.0207231354  -0.0312744715   0.0022441551   0.0004677573
47  7   0.0035977099  -0.0142385747  -0.0004065494   0.0042675176   0.0022439974
47  8  -0.0003490576   0.0240790552   0.0161724735  -0.0007090835   0.0485573848
47  9  -0.1798623044   0.0149907622   0.0201248960  -0.0520064572   0.0063497746
47 10   0.0040264039   0.6514244921   0.0137157350   0.0116620429  -0.1064274898
47 11  -0.0093217949  -0.0271851865   0.0001514292   0.0008313091   0.0005684826
47 12   0.0031857847   0.0021630766  -0.0064783711  -0.0020463291  -0.0011727892
47 13  -0.0013074420  -0.0004886109   0.0001548062   0.0008214643  -0.0009204799
47 14  -0.0004524557  -0.0024963425   0.0009706908   0.0003046832  -0.0036363424
47 15  -0.0025363953   0.0003438880
48  1   0.0000858587   0.0003793605  -0.0002063770  -0.0001756368  -0.0017671426
48  2  -0.0008054959   0.0013963445  -0.0001826370   0.0048584892   0.0029942524
48  3  -0.0010894639   0.0059374888  -0.0008501308  -0.0009100537   0.0004582373
48  4   0.0008561828  -0.0011241043  -0.0014075085   0.0033864509  -0.0042614877
48  5   0.0011913124  -0.0002409883   0.0001098757   0.0025004931  -0.0075543583
48  6  -0.0186706738  -0.0552899373  -0.0011747745   0.0004071226   0.0064321227
48  7  -0.0031218151  -0.0024576312  -0.0045301140   0.0011232881   0.0008725415
48  8  -0.0002947159   0.0017410731   0.0009205209   0.0125893048  -0.0098028063
48  9   0.0089620480  -0.0684779408  -0.0015904122   0.0079059449   0.0021568790
48 10   0.0238008618   0.0137157350   0.1382761868  -0.0048081671  -0.0042701654
48 11  -0.0593234811  -0.0070086855   0.0012816675   0.0020530987   0.0005106236
48 12  -0.0003469126   0.0001800357  -0.0010524421  -0.0005469068   0.0024668500
48 13  -0.0003184157  -0.0001500633   0.0000161996  -0.0000033880  -0.0000917645
48 14   0.0013042792   0.0005232045   0.0002024735   0.0060087547   0.0012838805
48 15   0.0011117168   0.0039058385
49  1  -0.0014749333   0.0031856532   0.0016681261   0.0023252985  -0.0143050939
49  2  -0.0041974113  -0.0224168246   0.0434334984   0.0036412429  -0.1747948377
49  3   0.0599694316   0.0132086580   0.0485680216   0.0143347006   0.0039170191
49  4  -0.0053013262  -0.0033090990  -0.0008741008  -0.0348991593   0.0292536682
49  5   0.0028731447  -0.0017749850  -0.0084310278  -0.0008868883  -0.0150932384
49  6  -0.0633282690  -0.0097043242  -0.0104418977   0.0047519223   0.0012963615
49  7   0.0033216408  -0.0104482648   0.0001008460   0.0003969474   0.0018777167
49  8  -0.0001595519   0.0086706092   0.0054398439  -0.0002909828  -0.0326712995
49  9   0.0128298726   0.0034825914   0.0020306371  -0.0024538817   0.0000762973
49 10  -0.2661178871   0.0116620429  -0.0048081671   0.6698567745  -0.0214176852
49 11   0.0208249320  -0.1399372581  -0.0442154509  -0.0310363567   0.0197240099
49 12  -0.0032488515   0.0044069866  -0.0474891313  -0.0165225100  -0.0031345967
49 13  -0.0013160045   0.0003502837   0.0001136728  -0.0008851746   0.0008428287
49 14   0.0002860577  -0.0001069987   0.0000312473  -0.0005898819  -0.0001729831
49 15  -0.0002825765  -0.0002136743
50  1  -0.0032110582   0.0026080923   0.0012946303   0.0002903765  -0.0125068154
50  2  -0.0034363211   0.0183346426   0.0091405483   0.0015094782   0.0985354399
50  3  -0.2710598356  -0.0266397860  -0.0253201478  -0.0506475006  -0.0101272812
50  4   0.0005855210  -0.0003855800  -0.0008792642   0.0270643439  -0.0017084413
50  5  -0.0001413776  -0.0066058120  -0.0109939422  -0.0014470676  -0.0324520953
50  6   0.0098058648   0.0005419593   0.0006162278  -0.0050023485  -0.0008229021
50  7   0.0013327340   0.0000107062  -0.0001254146  -0.0007715164   0.0004047398
50  8   0.0000987156   0.0007325977  -0.0046306710   0.0006824397   0.0287260838
50  9   0.0014168558   0.0000893543   0.0006697185   0.0054272927  -0.0002809111
50 10  -0.0099934284  -0.1064274898  -0.0042701654  -0.0214176852   0.6201484515
50 11   0.1166402870  -0.0533227947  -0.1526994568  -0.0377097612  -0.0130814579
50 12  -0.0507841722  -0.0355235340  -0.0100629613   0.0158813762   0.0009524816
50 13  -0.0005326946  -0.0000240892   0.0000095733  -0.0011906795   0.0015957035
50 14   0.0003007419   0.0013317718   0.0003409919  -0.0003384270  -0.0002571262
50 15   0.0000897195  -0.0003774481
51  1  -0.0000415859   0.0004893558  -0.0007870181  -0.0013313922  -0.0016309314
51  2   0.0017741564   0.0035875991   0.0007681116   0.0033547439   0.0160755870
51  3  -0.0318651191  -0.0595074209  -0.0037484567  -0.0081530468   0.0053233880
51  4   0.0001245905  -0.0008703015   0.0044906545   0.0046610175  -0.0005439685
51  5  -0.0008545065  -0.0003360387  -0.0005647565  -0.0004834297  -0.0055203650
51  6   0.0045974238   0.0044278173   0.0019636156  -0.0021970665   0.0055449540
51  7   0.0004176881   0.0015632355   0.0005013940  -0.0001989312  -0.0003717863
51  8  -0.0000865199  -0.0007637257  -0.0005754401  -0.0012731795   0.0007712729
51  9  -0.0002850157   0.0055920340  -0.0001040568   0.0002614202  -0.0009086372
51 10  -0.0078031236  -0.0093217949  -0.0593234811   0.0208249320   0.1166402870
51 11   0.1626380449  -0.0268486526  -0.0313461450  -0.0846421083  -0.0056346462
51 12  -0.0360257507   0.0007310336   0.0040055726  -0.0007556905   0.0135777172
51 13  -0.0000166846   0.0001720826  -0.0005663528  -0.0000344888   0.0001056639
51 14   0.0000748779   0.0000228057   0.0000600121   0.0007558202  -0.0000725330
51 15  -0.0001507790  -0.0003539821
52  1   0.0197597327  -0.0216350900  -0.0066500665  -0.0218171263   0.0992628987
52  2   0.0224665921  -0.0364719077  -0.0358799834  -0.0031995299   0.0538701178
52  3   0.0010529586  -0.0010083347   0.0016348925   0.0023334914  -0.0004639781
52  4  -0.0038675953   0.0051422143   0.0007269407  -0.0033517549  -0.0079302072
52  5  -0.0006219486   0.0029137806   0.0081180651   0.0009046287  -0.0064817576
52  6   0.0100089640   0.0014992320   0.0006899687  -0.0007593782  -0.0002782107
52  7  -0.0027944301  -0.0022199977   0.0003558332   0.0020390065   0.0011772708
52  8   0.0000700502   0.0014228517   0.0004279447   0.0000721692  -0.0023638539
52  9  -0.0037299097  -0.0004863214  -0.0004285728   0.0014535753   0.0003322556
52 10  -0.0261570186  -0.0271851865  -0.0070086855  -0.1399372581  -0.0533227947
52 11  -0.0268486526   0.3871281264  -0.0319879101  -0.0440389586  -0.1208934490
52 12   0.1097243154   0.0701760580  -0.1088963373  -0.0553948630  -0.0054474213
52 13   0.0020922555   0.0014739047   0.0000761829   0.0009614865  -0.0010470189
52 14  -0.0002194507   0.0000296501   0.0000506159  -0.0000789508   0.0009191926
52 15   0.0008661206  -0.0003294330
53  1  -0.0000379354  -0.0023214569  -0.0015262371   0.0312968024   0.0044332240
53  2  -0.0024214628  -0.0135667866  -0.0029958924   0.0020409686  -0.0042342227
53  3  -0.0525241408  -0.0189871924   0.0110506711  -0.0008224572  -0.0001452020
53  4  -0.0018994562   0.0003335608   0.0001950623  -0.0016142814  -0.0109220604
53  5  -0.0005633589   0.0041166716   0.0093406615   0.0010057803  -0.0036032577
53  6   0.0126161821   0.0017231067   0.0083822823  -0.0034100759  -0.0014168675
53  7  -0.0050573521   0.0059212371   0.0004794897   0.0023536054  -0.0010272466
53  8  -0.0002350039  -0.0023506982  -0.0044592300   0.0002369814   0.0083215164
53  9   0.0148914264  -0.0001542929  -0.0049754085  -0.0093926625  -0.0016722755
53 10  -0.0197940287   0.0001514292   0.0012816675  -0.0442154509  -0.1526994568
53 11  -0.0313461450  -0.0319879101   0.8193386072   0.3561760779   0.1158409356
53 12  -0.5422860659  -0.3002109510  -0.0491703566  -0.0821869564  -0.0048647778
53 13   0.0002447654  -0.0006158745  -0.0000692250   0.0008664711  -0.0013561172
53 14  -0.0002275833   0.0003499363  -0.0002535570   0.0003394694  -0.0003165123
53 15   0.0002469220   0.0003619713
54  1  -0.0039887589   0.0024280861   0.0074124882   0.0108787573  -0.0144542158
54  2  -0.0182963998   0.0002992945   0.0051098245  -0.0031631765  -0.0012370885
54  3  -0.0137015931   0.0010489888   0.0029783051   0.0013786070   0.0030627613
54  4  -0.0000314639   0.0008201352   0.0006579438  -0.0022546665  -0.0014606920
54  5   0.0001582382   0.0012334788   0.0021613514  -0.0004244642   0.0000064131
54  6   0.0010738903   0.0014732026   0.0024183393  -0.0009139915   0.0014175752
54  7  -0.0015215237   0.0014219374  -0.0003127286   0.0008301637  -0.0002408335
54  8  -0.0001370751  -0.0000862772  -0.0015959223   0.0003331849   0.0027951430
54  9   0.0062053938  -0.0033381696  -0.0047555442  -0.0033654282  -0.0018620005
54 10  -0.0017855221   0.0008313091   0.0020530987  -0.0310363567  -0.0377097612
54 11  -0.0846421083  -0.0440389586   0.3561760779   0.4041938227   0.0801984210
54 12  -0.3016130885  -0.2667454403  -0.0109652623  -0.0015992919  -0.0437466230
54 13  -0.0000393260  -0.0006416327   0.0000475968   0.0000634082  -0.0004041245
54 14   0.0000433943   0.0002219636  -0.0000236820   0.0005476319  -0.0001829390
54 15   0.0001176445   0.0002182584
55  1  -0.0060144789   0.0067634126   0.0012455143  -0.0018479088  -0.0235323337
55  2  -0.0002519380   0.0073310604   0.0093680471   0.0004263834  -0.0100977757
55  3  -0.0037249553  -0.0017291907   0.0010547209   0.0002184969   0.0000198504
55  4   0.0009288932  -0.0014969139  -0.0000138188   0.0006170782   0.0001202001
55  5   0.0002350521  -0.0001191490  -0.0007499361  -0.0001342477   0.0003135618
55  6   0.0007406016  -0.0004109989   0.0007455904  -0.0006399885  -0.0001041031
55  7   0.0004735581   0.0016958866   0.0000092164  -0.0005654670  -0.0007341654
55  8  -0.0001512565  -0.0010942565  -0.0012485484   0.0001545975   0.0029637408
55  9   0.0044837381  -0.0000999973  -0.0101562509  -0.0001566032  -0.0068843684
55 10   0.0008346566   0.0005684826   0.0005106236   0.0197240099  -0.0130814579
55 11  -0.0056346462  -0.1208934490   0.1158409356   0.0801984210   0.1628004564
55 12  -0.1637074426  -0.1108608965  -0.0455148370   0.0702458932   0.0438264250
55 13  -0.0005196318  -0.0003813158  -0.0000217339  -0.0000496950   0.0000899879
55 14   0.0000423501   0.0000805220  -0.0000462250   0.0001453914  -0.0009949491
55 15  -0.0006357961  -0.0005166289
56  1   0.0050494625  -0.0034876635  -0.0004733953  -0.0029487653   0.0110125531
56  2  -0.0006481228   0.0036207177  -0.0009133198  -0.0004595874  -0.0088844117
56  3   0.0098688464   0.0001513718  -0.0041595903  -0.0022598020   0.0006093680
56  4   0.0005444133  -0.0012513441   0.0000706198   0.0026910972   0.0052148557
56  5  -0.0002215655  -0.0024021336  -0.0049032461  -0.0004379308   0.0030446603
56  6  -0.0052073679  -0.0002757885  -0.0039873657   0.0022911740   0.0003940706
56  7   0.0027002009  -0.0032490323  -0.0001999877  -0.0013137764   0.0006558660
56  8   0.0000662460   0.0012782659   0.0027331221  -0.0003585460  -0.0038310578
56  9  -0.0098916458   0.0011430490   0.0059746744   0.0073101110   0.0025135878
56 10   0.0077558811   0.0031857847  -0.0003469126  -0.0032488515  -0.0507841722
56 11  -0.0360257507   0.1097243154  -0.5422860659  -0.3016130885  -0.1637074426
56 12   0.5987254095   0.3629592489   0.0528612484  -0.0179439123  -0.0263028044
56 13  -0.0002452149   0.0005367677  -0.0000135485  -0.0003681990   0.0007811257
56 14   0.0000511757  -0.0002361756   0.0001525247  -0.0001460736   0.0000880471
56 15  -0.0002905686  -0.0004356350
57  1   0.0039881064  -0.0032799856  -0.0020936185  -0.0001929142   0.0099562438
57  2   0.0057303606  -0.0000454477  -0.0027552424  -0.0007188685  -0.0053351251
57  3   0.0016514642   0.0030623219  -0.0007415202  -0.0012269315  -0.0008027791
57  4  -0.0000627943  -0.0009480800  -0.0001895141   0.0011868029   0.0020227362
57  5   0.0000312890  -0.0009637549  -0.0018897104   0.0001731989   0.0011425547
57  6  -0.0018760829  -0.0004961382  -0.0017280684   0.0007661737   0.0000081625
57  7   0.0013036931  -0.0008141921  -0.0006280013  -0.0008312307   0.0000705783
57  8   0.0004430282  -0.0002789190   0.0004970413   0.0003314053  -0.0015204825
57  9  -0.0022487047  -0.0000249570  -0.0040700560   0.0025473487  -0.0019595131
57 10   0.0027593311   0.0021630766   0.0001800357   0.0044069866  -0.0355235340
57 11   0.0007310336   0.0701760580  -0.3002109510  -0.2667454403  -0.1108608965
57 12   0.3629592489   0.2723706711   0.0424545559  -0.0323262184  -0.0086119017
57 13  -0.0000782847   0.0004371193   0.0000257982  -0.0000753211   0.0003334402
57 14   0.0000926324  -0.0000623682   0.0000343987  -0.0002221446  -0.0005709053
57 15  -0.0003392367  -0.0006870608
58  1  -0.0677020529   0.0734230116   0.0315855123  -0.1270518055   0.0206146420
58  2   0.0133533428   0.0327419900   0.0043533045   0.0004679491  -0.0184294540
58  3   0.0050252004   0.0017726204  -0.0011499020   0.0015282409   0.0002958724
58  4   0.0024412052  -0.0029337782  -0.0007060581   0.0007485345   0.0053332914
58  5   0.0006932392  -0.0015169351  -0.0048219835  -0.0006386499   0.0000023878
58  6  -0.0033396916  -0.0015337295  -0.0017667356  -0.0008123853   0.0002719190
58  7   0.0025292303   0.0009769169  -0.0000551878  -0.0015400137  -0.0006307317
58  8   0.0000071221  -0.0008083932  -0.0004890580  -0.0000257290   0.0018491694
58  9   0.0024514125   0.0006721534  -0.0014380884  -0.0010856094  -0.0012158748
58 10   0.0070157055  -0.0064783711  -0.0010524421  -0.0474891313  -0.0100629613
58 11   0.0040055726  -0.1088963373  -0.0491703566  -0.0109652623  -0.0455148370
58 12   0.0528612484   0.0424545559   0.3783146739  -0.0863286874  -0.0799795421
58 13  -0.0014937448  -0.0007066237   0.0001001202  -0.0006367781   0.0005962825
58 14   0.0001580435   0.0000117666   0.0000165020   0.0000050965  -0.0002204543
58 15  -0.0003198153   0.0003293565
59  1   0.0438922021  -0.0115070283  -0.0170572636   0.0423683834  -0.2032557253
59  2  -0.0316835844  -0.0176134252  -0.0776914612  -0.0169400060   0.0263192060
59  3  -0.0023752155  -0.0005261109  -0.0030208995  -0.0026006991  -0.0005969193
59  4  -0.0021400925   0.0015577471   0.0004248223   0.0021247925  -0.0029463803
59  5   0.0000305990  -0.0000359947   0.0014797921   0.0001344817  -0.0011435280
59  6   0.0037928968   0.0003411187  -0.0002724876   0.0004572552   0.0001202703
59  7   0.0002067303  -0.0009843596  -0.0000361927  -0.0002224526   0.0004458849
59  8   0.0000322182  -0.0000097027   0.0007382774  -0.0001252745  -0.0006379384
59  9  -0.0042565791  -0.0001863584   0.0013204200   0.0022406116   0.0005603035
59 10  -0.0046074354  -0.0020463291  -0.0005469068  -0.0165225100   0.0158813762
59 11  -0.0007556905  -0.0553948630  -0.0821869564  -0.0015992919   0.0702458932
59 12  -0.0179439123  -0.0323262184  -0.0863286874   0.3789555854   0.1007828020
59 13   0.0011179393   0.0022068580   0.0001670839   0.0004170045   0.0000015909
59 14  -0.0000476067  -0.0000945467   0.0000347434   0.0000017608   0.0000319925
59 15   0.0000020272  -0.0001680362
60  1   0.0252474892  -0.0192822239   0.0106823570   0.0197180223  -0.0342985341
60  2  -0.0632368816  -0.0057110494  -0.0160367456   0.0155399741   0.0075973652
60  3  -0.0002137841  -0.0035975114  -0.0005859451  -0.0009238064  -0.0000740677
60  4  -0.0007376148   0.0006939562   0.0002089805   0.0005493161  -0.0012656034
60  5   0.0000808622   0.0000334096   0.0006831206   0.0001481577  -0.0005049553
60  6   0.0012662825  -0.0004376800  -0.0000871943   0.0003068542  -0.0003333521
60  7  -0.0001947015  -0.0005878079  -0.0004886662   0.0001540649   0.0001912616
60  8   0.0004924588   0.0002491076   0.0005314876   0.0000159985  -0.0006865752
60  9  -0.0023652169  -0.0000882047   0.0012564025   0.0013521319   0.0010284958
60 10  -0.0022336435  -0.0011727892   0.0024668500  -0.0031345967   0.0009524816
60 11   0.0135777172  -0.0054474213  -0.0048647778  -0.0437466230   0.0438264250
60 12  -0.0263028044  -0.0086119017  -0.0799795421   0.1007828020   0.0764740336
60 13   0.0004406883   0.0005421166   0.0001161858   0.0001714661  -0.0000425420
60 14  -0.0000243110  -0.0000545861   0.0000365297  -0.0000199741   0.0001140685
60 15   0.0000176112  -0.0001728977
61  1  -0.0009795894   0.0005705705   0.0002308710   0.0010557018  -0.0016590026
61  2  -0.0005516056  -0.0009629660   0.0000134640  -0.0001296518   0.0041691793
61  3  -0.0024222453  -0.0002329533  -0.0235997317   0.0029065386   0.0012554775
61  4  -0.4804711405  -0.0428436440   0.0125934920   0.0017982833  -0.0002348337
61  5  -0.0001283092   0.0009872329   0.0012943123   0.0000370126  -0.0012655615
61  6   0.0010485611   0.0003021905   0.0002841403   0.0000275470  -0.0000352557
61  7  -0.0006693244  -0.0003644740   0.0000614732   0.0004477024   0.0001873944
61  8  -0.0000218188   0.0004634456   0.0000220059   0.0000152745  -0.0005853859
61  9   0.0009522486  -0.0000304290  -0.0000122670  -0.0004368429   0.0000573834
61 10   0.0001839359  -0.0013074420  -0.0003184157  -0.0013160045  -0.0005326946
61 11  -0.0000166846   0.0020922555   0.0002447654  -0.0000393260  -0.0005196318
61 12  -0.0002452149  -0.0000782847  -0.0014937448   0.0011179393   0.0004406883
61 13   0.5007039610   0.0416830474  -0.0133551739  -0.0003375350  -0.0001096260
61 14  -0.0000323399   0.0000016074  -0.0000057567   0.0000093142   0.0000254372
61 15   0.0000933822  -0.0000329291
62  1   0.0014575138   0.0004825555  -0.0001094155  -0.0048687658  -0.0036168217
62  2   0.0001152368   0.0007305395   0.0026958071   0.0001787018   0.0055607133
62  3  -0.0006704215  -0.0007941575   0.0446090517   0.0013910205  -0.0006798844
62  4  -0.0924897897  -0.0540936316  -0.0028153235   0.0020166076  -0.0081826922
62  5  -0.0014618249  -0.0016506585   0.0007863887   0.0002607040   0.0010212780
62  6   0.0020418330   0.0000891581  -0.0000050633  -0.0004514241  -0.0000485897
62  7   0.0003463649   0.0002191770  -0.0000079794  -0.0002291362  -0.0000563176
62  8   0.0000159343  -0.0001439997  -0.0000767373  -0.0000067393   0.0001062790
62  9  -0.0000098284  -0.0000220714  -0.0000553143  -0.0000551530  -0.0000223340
62 10  -0.0004871979  -0.0004886109  -0.0001500633   0.0003502837  -0.0000240892
62 11   0.0001720826   0.0014739047  -0.0006158745  -0.0006416327  -0.0003813158
62 12   0.0005367677   0.0004371193  -0.0007066237   0.0022068580   0.0005421166
62 13   0.0416830474   0.0572906356   0.0049679931   0.0016722685   0.0007193916
62 14  -0.0000316657  -0.0000089145  -0.0000008480   0.0000085011  -0.0000010728
62 15  -0.0000279847   0.0000041337
63  1   0.0003721832   0.0000464029  -0.0003599788  -0.0010603315  -0.0003600922
63  2  -0.0000383361   0.0002695260   0.0005850044  -0.0018824065   0.0006157152
63  3  -0.0002027612   0.0020769482   0.0060948836   0.0006453203  -0.0046751126
63  4   0.0062868431  -0.0046939854  -0.0045601842   0.0002404481  -0.0012451302
63  5   0.0012992840  -0.0000961591  -0.0000693582  -0.0000158203   0.0004396800
63  6   0.0001184261   0.0015771088  -0.0000143465  -0.0001400476  -0.0001215135
63  7   0.0000735421   0.0000909686  -0.0001266563  -0.0000243844  -0.0000427198
63  8   0.0000532433  -0.0000645232  -0.0000063122   0.0000128917   0.0000398674
63  9  -0.0001078617   0.0000747235  -0.0000083028   0.0000426423   0.0000156257
63 10  -0.0001074910   0.0001548062   0.0000161996   0.0001136728   0.0000095733
63 11  -0.0005663528   0.0000761829  -0.0000692250   0.0000475968  -0.0000217339
63 12  -0.0000135485   0.0000257982   0.0001001202   0.0001670839   0.0001161858
63 13  -0.0133551739   0.0049679931   0.0076177191   0.0000387079   0.0001259940
63 14  -0.0006665699  -0.0000013884   0.0000017622   0.0000417021  -0.0000075376
63 15  -0.0000049356   0.0000379040
64  1  -0.0000375773   0.0001657443   0.0000401497  -0.0000694936  -0.0010258487
64  2  -0.0001840053  -0.0000160910   0.0005521955   0.0000918429   0.0006932385
64  3   0.0021521221   0.0001551727   0.0004058960  -0.0107101293  -0.0007827352
64  4   0.0003628242   0.0027876591   0.0002401179   0.0153549473  -0.0214216196
64  5  -0.0031916451  -0.2333771191   0.2413782732   0.0326014880  -0.0033166833
64  6  -0.0060505514  -0.0003405789  -0.0002823626   0.0011350773   0.0002065595
64  7   0.0005868034   0.0000804707  -0.0000265912  -0.0001348824  -0.0000246199
64  8   0.0000008895  -0.0002179049   0.0001493697  -0.0000238607  -0.0000326866
64  9  -0.0004005369   0.0000141097   0.0001114592   0.0000133730   0.0000145451
64 10   0.0012306819   0.0008214643  -0.0000033880  -0.0008851746  -0.0011906795
64 11  -0.0000344888   0.0009614865   0.0008664711   0.0000634082  -0.0000496950
64 12  -0.0003681990  -0.0000753211  -0.0006367781   0.0004170045   0.0001714661
64 13  -0.0003375350   0.0016722685   0.0000387079   0.2196592240  -0.2109941281
64 14  -0.0289951192   0.0000248879   0.0000250783  -0.0000017179   0.0000025348
64 15  -0.0000302593   0.0000209943
65  1   0.0007126938   0.0000581735  -0.0001177773  -0.0011385254  -0.0003797601
65  2   0.0001550738   0.0011875414   0.0009944844   0.0000317114  -0.0002269590
65  3  -0.0023747562  -0.0002947043   0.0016410649   0.0018348027   0.0000946619
65  4   0.0008434250  -0.0005397169   0.0000881082   0.0218241688  -0.0410428228
65  5  -0.0049024942   0.1904887512  -0.2891808844  -0.0350754197  -0.0042457806
65  6  -0.0012979308   0.0000402213  -0.0015569618   0.0011353739   0.0000843632
65  7   0.0011848050  -0.0003084374  -0.0001321284  -0.0007359247  -0.0000708881
65  8   0.0000604604  -0.0002552551   0.0000383929  -0.0000055418  -0.0000566762
65  9  -0.0005359314  -0.0000225093   0.0000621475   0.0001104819  -0.0000400600
65 10   0.0009141620  -0.0009204799  -0.0000917645   0.0008428287   0.0015957035
65 11   0.0001056639  -0.0010470189  -0.0013561172  -0.0004041245   0.0000899879
65 12   0.0007811257   0.0003334402   0.0005962825   0.0000015909  -0.0000425420
65 13  -0.0001096260   0.0007193916   0.0001259940  -0.2109941281   0.3308029758
65 14   0.0399733292   0.0000098616   0.0000351057   0.0000007828  -0.0000308645
65 15  -0.0000998776   0.0000352555
66  1   0.0000782717  -0.0000074805  -0.0000663710  -0.0001493032   0.0000553363
66  2   0.0001615634   0.0000886465   0.0000017639   0.0000696885  -0.0001573133
66  3  -0.0002548236  -0.0008207407   0.0002197089   0.0009363222   0.0016037405
66  4  -0.0000679637  -0.0000675131  -0.0015479916   0.0018017782  -0.0034907725
66  5  -0.0033420838   0.0274227128  -0.0369860798  -0.0124150533  -0.0000081858
66  6   0.0003123252   0.0017504000  -0.0001763929   0.0000317133  -0.0002850982
66  7   0.0001029081  -0.0000765188   0.0001690284  -0.0000407449   0.0000116431
66  8  -0.0000888986   0.0000042102  -0.0000047321  -0.0000055350   0.0000092532
66  9  -0.0000399066  -0.0000425451   0.0000135450   0.0000153320   0.0000235730
66 10  -0.0003818741  -0.0004524557   0.0013042792   0.0002860577   0.0003007419
66 11   0.0000748779  -0.0002194507  -0.0002275833   0.0000433943   0.0000423501
66 12   0.0000511757   0.0000926324   0.0001580435  -0.0000476067  -0.0000243110
66 13  -0.0000323399  -0.0000316657  -0.0006665699  -0.0289951192   0.0399733292
66 14   0.0139587525  -0.0000022330   0.0000036928   0.0000182782   0.0000034349
66 15  -0.0000062373   0.0000349901
67  1  -0.0000366614  -0.0000182692   0.0000054449   0.0000964215   0.0001482515
67  2   0.0000023725  -0.0001860262   0.0000900880   0.0000363041  -0.0002944386
67  3  -0.0002347908  -0.0001174840   0.0000046702  -0.0000544395   0.0000050794
67  4   0.0000284261   0.0000198730  -0.0000049439   0.0000843860  -0.0001141395
67  5  -0.0000085102   0.0000547685   0.0000918183   0.0000139658  -0.0013512411
67  6  -0.0005564334  -0.0000319692   0.0008076098  -0.0045524516  -0.0001515391
67  7   0.0112408427  -0.0108336230   0.0010828854  -0.0000615464   0.0005061451
67  8  -0.0002347183  -0.1605997912   0.1381695304  -0.0097154863  -0.0152163758
67  9   0.0260237052  -0.0028252162   0.0027014067   0.0011248479  -0.0005056861
67 10  -0.0042322147  -0.0024963425   0.0005232045  -0.0001069987   0.0013317718
67 11   0.0000228057   0.0000296501   0.0003499363   0.0002219636   0.0000805220
67 12  -0.0002361756  -0.0000623682   0.0000117666  -0.0000945467  -0.0000545861
67 13   0.0000016074  -0.0000089145  -0.0000013884   0.0000248879   0.0000098616
67 14  -0.0000022330   0.1680234802  -0.1471044634   0.0113711710  -0.0011051516
67 15  -0.0015612396   0.0004309322
68  1   0.0000502037   0.0000055440  -0.0000127330  -0.0000680313  -0.0001142812
68  2   0.0000066795   0.0000574503   0.0000795964   0.0000020920  -0.0000549129
68  3   0.0001951185  -0.0000797795  -0.0002213392  -0.0001755941   0.0000675039
68  4   0.0000654057   0.0000001147  -0.0000112941   0.0002747627  -0.0002398117
68  5  -0.0001892984   0.0000525874   0.0000428135   0.0000070036  -0.0031007983
68  6   0.0003582033   0.0003790146  -0.0002360745  -0.0059603018   0.0002153675
68  7   0.0199880663  -0.0169073069   0.0013993642  -0.0005473769   0.0022665644
68  8  -0.0005545139   0.1372033903  -0.2364506742   0.0179535668  -0.0050102376
68  9   0.0038420117   0.0000295733  -0.0009082190   0.0030914217  -0.0008813940
68 10  -0.0016334391   0.0009706908   0.0002024735   0.0000312473   0.0003409919
68 11   0.0000600121   0.0000506159  -0.0002535570  -0.0000236820  -0.0000462250
68 12   0.0001525247   0.0000343987   0.0000165020   0.0000347434   0.0000365297
68 13  -0.0000057567  -0.0000008480   0.0000017622   0.0000250783   0.0000351057
68 14   0.0000036928  -0.1471044634   0.2483633581  -0.0186750957   0.0011215641
68 15   0.0003235719   0.0000287561
69  1   0.0000236700   0.0000014352  -0.0000223421  -0.0000350475  -0.0000372865
69  2  -0.0000113659   0.0000848584   0.0000066014  -0.0002882999   0.0000423879
69  3   0.0000855849  -0.0004318886   0.0001281795   0.0000447514   0.0002316762
69  4  -0.0000707172   0.0000456134   0.0000012555  -0.0002642237   0.0002185974
69  5  -0.0006368343  -0.0000178180  -0.0001083657   0.0000239323   0.0004800356
69  6  -0.0001465576  -0.0000535953   0.0000983258   0.0003034183   0.0038697734
69  7  -0.0031886951  -0.0000877837   0.0002874327   0.0009654315  -0.0001617542
69  8  -0.0016866728  -0.0090160322   0.0196415969  -0.0280724850  -0.0012842017
69  9  -0.0005337563   0.0035879918   0.0000838177  -0.0008472625  -0.0052005150
69 10   0.0010356421   0.0003046832   0.0060087547  -0.0005898819  -0.0003384270
69 11   0.0007558202  -0.0000789508   0.0003394694   0.0005476319   0.0001453914
69 12  -0.0001460736  -0.0002221446   0.0000050965   0.0000017608  -0.0000199741
69 13   0.0000093142   0.0000085011   0.0000417021  -0.0000017179   0.0000007828
69 14   0.0000182782   0.0113711710  -0.0186750957   0.0206076537   0.0000739642
69 15   0.0000795667   0.0006642148
70  1  -0.0001289738   0.0000434765  -0.0000012666   0.0002032145   0.0000351540
70  2  -0.0000421169  -0.0001308959  -0.0000251643  -0.0000016407   0.0001676108
70  3   0.0000386793  -0.0001143647  -0.0000038765  -0.0000559209   0.0000121824
70  4  -0.0000501702   0.0001297825   0.0000115697  -0.0000738766  -0.0002445258
70  5  -0.0000129086   0.0000945915   0.0000133711   0.0000160017   0.0001651249
70  6  -0.0000160817  -0.0003913868   0.0003615192  -0.0000234878   0.0001359404
70  7  -0.0004744677   0.0014360553  -0.0002241762  -0.0003741893  -0.0002474091
70  8   0.0000457531   0.0001809663  -0.0063604193   0.0007156898   0.0148147175
70  9  -0.0179032284   0.0022724025  -0.2674746583   0.2475847501  -0.0301929588
70 10  -0.0005572188  -0.0036363424   0.0012838805  -0.0001729831  -0.0002571262
70 11  -0.0000725330   0.0009191926  -0.0003165123  -0.0001829390  -0.0009949491
70 12   0.0000880471  -0.0005709053  -0.0002204543   0.0000319925   0.0001140685
70 13   0.0000254372  -0.0000010728  -0.0000075376   0.0000025348  -0.0000308645
70 14   0.0000034349  -0.0011051516   0.0011215641   0.0000739642   0.2548269558
70 15  -0.2214047170   0.0271298466
71  1  -0.0003714466  -0.0000165649   0.0000507118   0.0006234795   0.0003116586
71  2  -0.0000591026  -0.0005473220  -0.0002476907   0.0000123766   0.0003970645
71  3   0.0003377633  -0.0001513183   0.0000316748  -0.0004006623   0.0000236209
71  4  -0.0002664157   0.0004084144   0.0001069714  -0.0004814479  -0.0004660802
71  5  -0.0001978982   0.0001622188   0.0001074210   0.0000321506   0.0021637143
71  6  -0.0006264285   0.0003103249  -0.0011094471   0.0014585067   0.0000741401
71  7  -0.0004177683  -0.0031291207  -0.0002749651   0.0013242278   0.0010723996
71  8   0.0000389635   0.0025305927   0.0058556054  -0.0010074438   0.0286442330
71  9  -0.0404447139   0.0052672275   0.1955661033  -0.2595488562   0.0361086651
71 10  -0.0049745601  -0.0025363953   0.0011117168  -0.0002825765   0.0000897195
71 11  -0.0001507790   0.0008661206   0.0002469220   0.0001176445  -0.0006357961
71 12  -0.0002905686  -0.0003392367  -0.0003198153   0.0000020272   0.0000176112
71 13   0.0000933822  -0.0000279847  -0.0000049356  -0.0000302593  -0.0000998776
71 14  -0.0000062373  -0.0015612396   0.0003235719   0.0000795667  -0.2214047170
71 15   0.2976209341  -0.0411597750
72  1   0.0001317503  -0.0000406955  -0.0000201878  -0.0001927977   0.0000862035
72  2   0.0001581696   0.0001287195  -0.0000052415   0.0000067841  -0.0001912521
72  3  -0.0001214499   0.0000137798  -0.0000934402   0.0001439537   0.0001517130
72  4   0.0001146056  -0.0001970156   0.0000343660   0.0003908243   0.0001330491
72  5  -0.0001749417  -0.0001143035  -0.0000603502   0.0000050731  -0.0003653196
72  6   0.0007105099   0.0010222442  -0.0001728181  -0.0003288035  -0.0000237766
72  7  -0.0000317827   0.0001497554  -0.0012990137  -0.0000474218  -0.0001066478
72  8   0.0003131356  -0.0004820002  -0.0007570304  -0.0021009591  -0.0057990995
72  9   0.0069350013  -0.0020556753  -0.0220572219   0.0348256513  -0.0141388400
72 10   0.0019630933   0.0003438880   0.0039058385  -0.0002136743  -0.0003774481
72 11  -0.0003539821  -0.0003294330   0.0003619713   0.0002182584  -0.0005166289
72 12  -0.0004356350  -0.0006870608   0.0003293565  -0.0001680362  -0.0001728977
72 13  -0.0000329291   0.0000041337   0.0000379040   0.0000209943   0.0000352555
72 14   0.0000349901   0.0004309322   0.0000287561   0.0006642148   0.0271298466
72 15  -0.0411597750   0.0144608637
$end
