$dipgrad          cartesian dipole gradients
  -.45827502717228D+00  0.17508807345797D-01  -.12864995898270D+00
  0.53042327257567D-01  -.74117209118951D+00  -.15478822917870D+00
  -.16135728827622D+00  -.42646878522529D+00  -.94042638255972D+00
  0.55785726838081D+00  -.36838848933424D+00  0.20716882909788D+00
  -.46342200238623D+00  0.14339822245573D+01  0.22856279925334D+00
  0.38718225748985D+00  0.32520602131499D+00  0.11730680399797D+01
  -.57184914358330D+00  0.32869738408563D+00  -.43822528573765D-02
  0.32179432803450D+00  -.11149822445139D+01  -.50641520723814D-01
  -.11139827541260D+00  0.82409785538268D-01  -.33751574799744D+00
  0.83494836060786D-02  -.20862713067972D-01  -.66813849909344D-01
  -.56899704596289D-03  0.68134266245300D-01  -.27130619147048D-01
  -.93850579868538D-01  0.31620032949373D-01  -.16957571678382D+00
  0.19041099068454D+00  0.53146332977617D-02  0.38879295751537D-01
  0.40289921618901D-01  0.11747567143357D+00  0.35525839257679D-01
  0.60648069771788D-02  -.12342519906433D-01  0.15222005997792D+00
  -.18661158298316D-01  -.37979765423124D-01  0.17770983718443D-01
  -.53886137421579D-01  0.92301863717048D-01  -.60472956250880D-01
  0.18229132998220D-01  -.31627511135226D-01  0.20808074343947D-01
  0.12003281007279D+00  -.18840627451674D-01  -.46161325635320D-01
  0.36120695771734D-01  0.11713526189168D+00  0.64863649758044D-02
  0.67721106500786D-01  0.20613210818960D-01  0.90989618857871D-01
  0.30444327583012D-01  0.49874711323542D-01  -.49441467442338D-01
  -.18354907798733D-01  0.40832626720812D-01  -.46277969220883D-01
  -.92130796098167D-01  -.14252784034421D+00  0.39462152372615D+00
  -.18078751873795D+00  0.29330802098085D-01  -.14292260238939D-01
  0.53936744768624D-01  -.21315235993913D+00  0.11060360830291D+00
  -.17473109115068D-01  0.23084827380752D-01  -.18969673270591D+00
  0.26399008043263D+00  -.24891985761289D-01  -.48195894236549D-01
  -.28939797655236D-01  0.13173228329228D-01  0.68593404244662D-01
  -.97686550453050D-01  0.87562978807863D-01  0.61768480767313D-01
  0.38845396545440D+00  -.76032409229173D-01  0.35766091420738D+00
  -.15328245830699D+00  0.34997741683015D+00  -.74106888799882D-03
  0.22587420745866D+00  -.26278914582201D-01  0.24639992819877D+00
  -.57581588737853D+00  0.26419420386796D-01  -.90856408675944D-01
  0.61842870296618D-01  -.47089121115254D+00  0.27461649415339D+00
  -.22067313631339D+00  0.23855968046295D+00  -.10533195136024D+01
  0.21205746614233D+01  -.35735753933983D+00  0.43467599406638D+00
  -.23779583515698D+00  0.32945225956903D+00  -.26363463956755D+00
  0.46595722784570D+00  -.32520494590433D+00  0.16624222778734D+01
  -.13475053285188D+01  0.26047990681182D+00  -.53294217294559D+00
  0.22524452106666D+00  -.46279495084992D+00  0.12290967751873D+00
  -.58827253375118D+00  0.21808320597784D+00  -.97955954175103D+00
  -.12728745080372D+01  0.22230884676509D+00  -.83909054726118D-01
  0.26082241591189D+00  -.44657272019405D+00  0.19577919890064D-01
  0.67705298804657D-01  0.87319912106083D-02  -.48324250180274D+00
  0.40648208267205D+00  -.68504102519051D-01  0.21378448108670D+00
  -.79520017475339D-01  0.29479956720456D+00  -.11977647099337D+00
  0.44080074238839D+00  -.45303797636665D-01  0.17787341921366D+00
  0.36889853866078D+00  -.10346645363696D-01  -.11544463138464D-02
  -.30245972661040D-01  0.31088621680853D+00  -.55773877087465D-01
  -.24611269073255D-01  -.26182311790852D-01  0.19034739832400D+00
  0.35643886538104D-01  0.64744028944734D-01  -.22886882309432D-01
  0.30701424259560D-01  -.63302311177184D-01  -.58252495172964D-02
  -.27120141914632D-01  -.38911424358469D-01  0.36148823467613D-01
  -.95464196634166D-01  -.27495965490371D-01  0.60938714039261D-01
  0.66425205425390D-02  0.77273459613079D-01  0.64670377788047D-02
  0.49313100260419D-01  0.10263430637737D-01  -.18820698129895D-02
  -.47976145858830D-02  0.17876828788765D-01  0.24450609672890D-01
  0.36362562512331D-01  -.10331132296320D+00  -.49536178667642D-01
  0.25046524766644D-01  -.52449096399234D-02  0.53597574019347D-01
  -.26873805867141D-01  0.13654482689507D-02  -.95533102334673D-01
  -.46428263005639D-02  0.35927180620615D-01  0.54628236696035D-01
  -.29807292963858D-01  0.50554516638143D-01  -.13825822403979D+00
  0.63568193989626D-02  0.50533785122629D-01  0.11309730488562D-01
  0.77345018431620D-01  -.11870246719059D+00  -.38522236176368D-01
  0.10210735723965D-01  -.24320735348058D-01  0.29170835432802D-01
  0.43986289870804D-01  0.19971482928829D-02  -.30641264362127D-01
  0.77368494441614D-02  0.19787281392366D-01  0.47925800979909D-01
  -.40897068499489D-01  0.23511529243683D-01  -.87917873571175D-01
  -.42986149201657D-02  -.16392385581477D-01  -.19140579684800D-02
  -.19558596735378D-01  0.32353237122929D-01  0.86393154630800D-01
  -.32483536126755D-01  0.35395561943887D-01  -.14675629295145D+00
  -.43724036503332D-01  0.68118591687563D-01  0.32108129632574D-01
  0.51800142791410D-01  -.96889939458382D-01  -.40539345270302D-01
  -.14119623381651D-01  -.33307098615399D-02  0.62039636281314D-01
  -.79956174996537D-01  -.68404170759485D-01  -.50362297876814D-01
  -.59102271648955D-01  -.73047534347430D-02  -.22669220731643D-02
  -.16023681512433D-02  -.13013007852986D-01  -.76443447518994D-01
  0.78585719131652D-02  0.16592620216395D-01  0.52323355113089D-01
  0.32096678079685D-01  0.60221150916186D-01  -.34798344143474D-01
  0.48497067259627D-01  0.83677194752657D-02  -.83190169137447D-01
  -.10779869501492D+00  -.49939244242261D-01  0.13368206930290D-01
  -.17560716231460D-01  -.16457844718671D-02  -.24447597438736D-01
  -.53555150849081D-01  -.49844660268492D-01  0.46499061197171D-01
  -.24933546483963D-01  -.31319677501381D-02  -.75140195945475D-01
  -.27667704097629D-02  -.85214330051298D-01  -.77651541095508D-01
  -.36944304425457D-01  -.52404234110537D-01  -.60478541912228D-01
  0.18464795712462D+00  0.35266552502602D-01  -.59013412320753D-01
  0.31815044490442D-01  0.29533636548713D+00  -.47860270516422D-01
  -.62751385298871D-01  0.15268400786544D-01  0.15414946852392D+00
  0.13889900769300D+00  0.13985618395937D-01  -.26586250025018D-01
  -.55731884342441D-01  0.28696381297275D+00  0.25881715897173D-01
  -.38858957662017D-01  0.29991553956038D-01  0.19538706008328D+00
  -.59271484736802D-01  -.61847123021322D-01  -.35562688697997D-01
  -.10221487370141D+00  -.50076604804627D-01  0.12512982377279D-01
  -.67008840839704D-01  0.13781860821819D-01  0.75147592058419D-03
$end
