$dipgrad          cartesian dipole gradients
  -.63231149519285D+00  -.58232714243631D-01  -.12366934603689D-01
  -.83019531263060D-01  -.92034257826050D+00  0.16916614302265D+00
  0.14679077927641D-01  0.22613606571888D+00  -.29881567378308D+00
  0.24399487699907D+00  0.25050674534010D-01  0.18714494756268D-01
  0.74079340538947D-01  0.68498659856242D+00  -.14131730510871D+00
  -.55772867410348D-01  -.18284880340274D+00  0.25681263610953D+00
  0.27409532432453D+00  0.11850010571052D-01  0.42181854296069D-02
  -.30162203860810D-01  0.86245592407533D+00  -.67379895518339D-01
  0.60295549484289D-01  -.20430827023358D+00  0.35546318840635D+00
  -.53265911993074D+00  0.15583415043442D+00  0.20576592830280D-01
  0.14495945610483D+00  -.12541132584868D+01  -.36456603235253D-02
  0.52793051395816D-01  -.11629109995295D+00  -.49194062793358D+00
  0.38906652167232D+00  -.22643936929751D+00  -.35436584532367D-01
  -.12587628074370D+00  0.73316125918353D+00  0.13608041903605D+00
  -.69009677610241D-01  0.30205918018743D+00  0.33273863332159D+00
  0.68166860982865D+00  0.30596942963819D+00  0.34384539587817D-01
  0.39038243463072D+00  0.49601935900589D+00  0.96817455645996D-01
  -.44260247505412D-01  0.77012864706825D-01  0.37876549375367D+00
  -.12849339143713D+01  -.15759316058451D+00  -.27981052043852D+00
  -.11017594851906D+00  -.66307818017697D+00  0.19985655712333D-01
  -.31159831279226D+00  0.19569717591816D-01  -.46681398519842D+00
  0.80707558333361D+00  -.13395688034640D+00  0.15566799220815D+00
  -.26096118130364D+00  0.32082073814864D+00  -.38223760276032D-01
  0.21422252762851D+00  -.20209710248890D-01  0.49773065914187D+00
  0.42625985912588D+00  0.11370406816768D+00  -.10703643437853D+00
  0.17934728188779D-01  0.41878034618118D+00  -.21200416525354D+00
  -.17232163662217D+00  -.43168400950627D+00  0.62806501372781D+00
  -.60609655531335D+00  -.27885603475533D+00  0.16480082217805D+00
  -.29300432376963D+00  -.11371387233147D+01  0.24187725047856D+00
  0.15541811381602D+00  0.36680798872428D+00  -.61814761517019D+00
  0.42977438648327D+00  -.20720777226541D-01  -.31446141040460D-01
  0.23648494164998D+00  0.89762417177249D+00  -.13987280467238D+00
  0.26224567862719D-01  -.33409533396317D-01  0.32082293239116D+00
  -.10183476046377D-01  0.20014403477754D+00  0.89293759137829D-02
  0.17658279675928D+00  0.34163421998206D+00  0.15907902858057D-01
  -.12255162389781D-01  -.10988680204886D-01  0.52938820372621D-01
  0.60770214790389D-01  0.49637110184348D-01  0.27831827014910D-01
  -.51845161777052D-01  -.24441818473678D+00  0.12010824759205D-01
  0.54250448165362D-01  0.21993645888060D-01  -.23774985096132D+00
  0.36730831306562D+00  0.15350477079509D-01  0.84341586379866D-02
  0.21206652699954D-02  0.24487091235635D+00  -.84756542993054D-01
  0.15506065745005D-01  -.44938449345520D-01  0.10251372599698D+00
  0.41672150692768D-01  -.16130137309155D-01  -.48063993151540D-01
  -.23966251604207D-01  0.10394052290004D-01  0.10467464212199D-01
  -.66125733541815D-01  0.22470843158708D-01  -.10456184280207D+00
  -.37345292777192D-01  0.35097266710727D-01  0.33803261261040D-01
  0.23123881366618D-01  0.39065370892953D-02  -.62677706057915D-02
  0.93759299131424D-01  -.53913606287413D-01  -.61047577089537D-02
  -.69474384955968D-01  0.55627004766691D-01  0.41910970413930D-01
  0.79852356895860D-01  -.56603418803471D-01  -.27178868880271D-01
  0.78066470736379D-01  -.52280582534057D-01  0.18961304704203D-01
  0.15110790299582D-01  -.34257137916965D-01  -.14927794982037D-01
  -.67643670461272D-02  -.38136459998585D-01  -.16433047112169D-01
  -.95053942171042D-01  0.73562122515901D-01  -.19877793729821D+00
  -.88313798733303D-01  -.95092894119452D-01  -.53677007453517D-01
  -.65010062210600D-01  -.13795632897394D+00  -.60036645935074D-01
  -.15447727843337D-01  -.60078329939548D-01  0.49916729011140D-01
  0.20312766340373D-01  0.17272307216240D-01  0.60088542099305D-01
  0.22509048260590D-01  -.26783533615797D-01  0.10809088536735D+00
  0.46636048911352D-01  0.16100269003242D-01  -.89383218092719D-01
  -.42655481838615D-01  -.29261492199920D-01  0.18447625210123D-02
  -.77667516016894D-01  -.62231921121694D-02  0.15123794216541D-01
  0.54270126949655D-01  0.10815257818162D+00  -.14141422455267D+00
  -.47290206818867D-01  0.88250198276741D-01  0.31901935874075D-01
  -.36349804552247D-01  -.14829162776707D+00  -.98087797052003D-01
  0.94838450393518D-02  -.12275519012828D+00  -.40433880597283D-01
  -.70865447532069D-01  0.34015775693566D-01  0.17091890793825D-03
  0.10689186522478D+00  -.86536694783039D-01  -.43445413793557D-01
  0.14889700195916D-01  -.13354788683246D+00  -.35535717489280D-01
  -.52360790911765D-01  -.68164241850855D-01  0.65321684030086D-01
  0.26650943927409D-01  -.11122484980429D-01  0.73179827218254D-01
  -.25230640429400D-01  0.93267293968538D-01  -.15120869743459D+00
  -.13563932673112D+00  0.41714890925430D-01  -.12516845013489D+00
  0.15476508863783D-01  -.23501360368719D-01  0.73733094864090D-01
  -.34331144489977D-01  0.11731358421597D+00  -.67658383876765D-01
  -.33448101322226D-02  0.44154419973223D-01  0.59437368142524D-01
  0.45683259234845D-01  -.77831889254540D-01  -.80940576153895D-01
  0.66108663179328D-01  -.99798981684451D-03  -.21812946666048D-01
  -.34835750543669D-01  -.17045801430332D-01  0.68667778779983D-01
  -.31101467297357D-01  -.71081668467109D-02  0.27661315866744D-01
  0.11754914734134D+00  0.22865369265296D-01  -.44232066221781D-01
  -.38045930227864D-01  -.15431683876429D-01  -.52931956936143D-01
  -.27536378009397D-01  -.33416853440008D-01  0.15106546583248D-01
  -.13857409146964D+00  -.32965969284206D-01  -.83096955109734D-01
  -.88985346967596D-02  -.47951411578523D-01  0.59066055107975D-01
  -.59829912303405D-01  -.57277628758742D-01  0.33160026187279D-01
  0.10675187669894D+00  0.41663307239760D-01  -.75147258118662D-02
  -.70289864760482D-02  -.42395767168314D-01  -.77166653962194D-01
  -.62737886103285D-01  -.81008048244575D-01  -.37755666183985D-01
  -.10811167175138D+00  -.21023320096865D-01  -.20475724917905D-01
  -.54826093661897D-01  0.47857684953015D-01  -.27738794080668D-01
  -.16723950534759D-01  -.37655056566458D-02  0.89773138337165D-02
  -.32811724182330D-01  0.13266600844577D-01  0.13094969475582D+00
$end
