$hessian (projected)
 1  1   0.0836067055  -0.0216778733  -0.0467102202  -0.1036796166  -0.0010665936
 1  2   0.0539831774   0.0125291825   0.0172101394  -0.0447436760   0.0100832472
 1  3  -0.0018415891   0.0328125308   0.0024541457   0.0001911159   0.0018488149
 1  4  -0.0004568114   0.0077758818  -0.0030730861   0.0009284668  -0.0015486829
 1  5  -0.0000901120  -0.0049507751   0.0011885107   0.0053319046  -0.0005145445
 1  6  -0.0002309089   0.0006406666
 2  1  -0.0216778733   0.1356327267  -0.2255476000  -0.0023521485  -0.1362125007
 2  2   0.1618888702   0.0145242367  -0.0202998969   0.0628963669   0.0018785275
 2  3   0.0157861166  -0.0012342973   0.0022336448   0.0018985658  -0.0001695673
 2  4   0.0077760214  -0.0005973943   0.0035329371  -0.0022735078   0.0021815193
 2  5   0.0009753034  -0.0005785138   0.0012842041  -0.0020326901   0.0004696131
 2  6   0.0003266595  -0.0003093230
 3  1  -0.0467102202  -0.2255476000   0.7406175722   0.0646295423   0.1602999738
 3  2  -0.6457360007  -0.0351292412   0.0525474435  -0.0523467290   0.0145946804
 3  3   0.0106984063  -0.0440922056   0.0010106043  -0.0005324233  -0.0011688933
 3  4  -0.0027389408   0.0043417961   0.0041893319  -0.0010869281   0.0001115138
 3  5   0.0006844653   0.0051943276  -0.0017928674  -0.0027239621   0.0002361758
 3  6  -0.0001262427   0.0005764214
 4  1  -0.1036796166  -0.0023521485   0.0646295423   0.4255747104  -0.1429130468
 4  2  -0.0833750319  -0.1783401080   0.1238231720  -0.0310798631  -0.1265287872
 4  3   0.0354051794   0.0472614650  -0.0270495112  -0.0039764765   0.0060521256
 4  4   0.0037965157  -0.0102690517   0.0043329972  -0.0079951924   0.0043320461
 4  5   0.0058382956   0.0122634716  -0.0050485733  -0.0125987918   0.0019585177
 4  6   0.0009988993  -0.0010607390
 5  1  -0.0010665936  -0.1362125007   0.1602999738  -0.1429130468   0.4114180708
 5  2  -0.1795476456   0.1070719741  -0.1572756879   0.0477930967   0.0326749172
 5  3  -0.0971786900  -0.0228100735  -0.0190110910  -0.0015173898   0.0074739470
 5  4   0.0001800540  -0.0090109241   0.0001813340   0.0234492367  -0.0099830779
 5  5  -0.0208710695   0.0009821099  -0.0000697966   0.0056466585  -0.0013675605
 5  6  -0.0001700038   0.0018337786
 6  1   0.0539831774   0.1618888702  -0.6457360007  -0.0833750319  -0.1795476456
 6  2   0.9027922103   0.0129881418   0.0093581879  -0.1081578999   0.0335362449
 6  3  -0.0235131113  -0.1180177918   0.0014545973   0.0047743079   0.0021487988
 6  4  -0.0306251272   0.0300749036  -0.0194089545  -0.0083819498   0.0056367027
 6  5   0.0070543351   0.0197590125  -0.0085722099  -0.0186893083   0.0006609350
 6  6  -0.0001000058  -0.0019853887
 7  1   0.0125291825   0.0145242367  -0.0351292412  -0.1783401080   0.1070719741
 7  2   0.0129881418   0.2285006606  -0.1698864807  -0.0239359574  -0.0186100053
 7  3   0.0341300475  -0.0098651689   0.0018268659   0.0004010504   0.0018536564
 7  4  -0.0406108778   0.0127749197   0.0482672408  -0.0047858307   0.0012217358
 7  5   0.0046391775  -0.0003466740   0.0000013713   0.0013406087  -0.0001632132
 7  6  -0.0002388547  -0.0001584576
 8  1   0.0172101394  -0.0202998969   0.0525474435   0.1238231720  -0.1572756879
 8  2   0.0093581879  -0.1698864807   0.2195779887  -0.1592129842   0.0222227509
 8  3  -0.0063168544   0.0076079133   0.0025130649  -0.0006383038  -0.0001779208
 8  4   0.0020886080  -0.0359453060   0.0924246241   0.0022701911   0.0003371757
 8  5  -0.0013338741  -0.0006990064  -0.0001815426  -0.0003208283   0.0004575608
 8  6   0.0007424272  -0.0008925614
 9  1  -0.0447436760   0.0628963669  -0.0523467290  -0.0310798631   0.0477930967
 9  2  -0.1081578999  -0.0239359574  -0.1592129842   0.6151376899   0.0114056053
 9  3  -0.0100958635   0.0087569963   0.0007792372   0.0002461136  -0.0001016767
 9  4   0.0856584505   0.0590402124  -0.4650254496   0.0032279438  -0.0014475615
 9  5  -0.0014676581  -0.0010554522   0.0008527900   0.0026741643  -0.0002562881
 9  6  -0.0000721705   0.0005305629
10  1   0.0100832472   0.0018785275   0.0145946804  -0.1265287872   0.0326749172
10  2   0.0335362449  -0.0186100053   0.0222227509   0.0114056053   0.3778967499
10  3  -0.1113275840   0.0578107897  -0.1051495706  -0.0451184440  -0.0083624016
10  4  -0.0014731480   0.0006913835   0.0024836195  -0.0697563284   0.0870340841
10  5  -0.0282168029  -0.0738100024   0.0055326979  -0.0838601899   0.0073478450
10  6   0.0064116670   0.0006084546
11  1  -0.0018415891   0.0157861166   0.0106984063   0.0354051794  -0.0971786900
11  2  -0.0235131113   0.0341300475  -0.0063168544  -0.0100958635  -0.1113275840
11  3   0.4831712655  -0.0459145532  -0.0251365390  -0.0592572825   0.0098597058
11  4  -0.0005645393   0.0010710166  -0.0024409045   0.0821366895  -0.2758063418
11  5   0.0745874016   0.0053454606  -0.0474809088  -0.0099102569  -0.0181471255
11  6  -0.0139883211  -0.0032708243
12  1   0.0328125308  -0.0012342973  -0.0440922056   0.0472614650  -0.0228100735
12  2  -0.1180177918  -0.0098651689   0.0076079133   0.0087569963   0.0578107897
12  3  -0.0459145532   0.5473693196  -0.0224312213  -0.0043791394  -0.0333949625
12  4   0.0000792028   0.0009165021   0.0021594180  -0.0255842378   0.0710569044
12  5  -0.0737212722  -0.0902996183  -0.0128989553  -0.2905910043   0.0102162580
12  6   0.0076556988   0.0015315027
13  1   0.0024541457   0.0022336448   0.0010106043  -0.0270495112  -0.0190110910
13  2   0.0014545973   0.0018268659   0.0025130649   0.0007792372  -0.1051495706
13  3  -0.0251365390  -0.0224312213   0.2057847260  -0.0096167749   0.0725861491
13  4  -0.0011388462  -0.0002540811  -0.0003488257   0.0050414661   0.0006633060
13  5   0.0004217832  -0.0144578668  -0.0139740346   0.0009756012  -0.0673114089
13  6   0.0625825050  -0.0544479253
14  1   0.0001911159   0.0018985658  -0.0005324233  -0.0039764765  -0.0015173898
14  2   0.0047743079   0.0004010504  -0.0006383038   0.0002461136  -0.0451184440
14  3  -0.0592572825  -0.0043791394  -0.0096167749   0.2293994092  -0.1011986985
14  4   0.0001741119  -0.0001131958  -0.0006699120  -0.0217189209  -0.0139426288
14  5  -0.0009126394  -0.0065799945  -0.0056582953   0.0004535380   0.0862443324
14  6  -0.1501708788   0.1022188530
15  1   0.0018488149  -0.0001695673  -0.0011688933   0.0060521256   0.0074739470
15  2   0.0021487988   0.0018536564  -0.0001779208  -0.0001016767  -0.0083624016
15  3   0.0098597058  -0.0333949625   0.0725861491  -0.1011986985   0.0954181748
15  4  -0.0007237456  -0.0005123410  -0.0003215359   0.0081772482   0.0049031419
15  5   0.0006878129  -0.0167594142  -0.0122935960   0.0045917747  -0.0646724328
15  6   0.0921153289  -0.0678594928
16  1  -0.0004568114   0.0077760214  -0.0027389408   0.0037965157   0.0001800540
16  2  -0.0306251272  -0.0406108778   0.0020886080   0.0856584505  -0.0014731480
16  3  -0.0005645393   0.0000792028  -0.0011388462   0.0001741119  -0.0007237456
16  4   0.0398566090  -0.0102422354  -0.0529680692   0.0005852852  -0.0002616026
16  5   0.0000906258  -0.0001082237   0.0011867245   0.0008240365  -0.0004505026
16  6  -0.0003371426   0.0004035673
17  1   0.0077758818  -0.0005973943   0.0043417961  -0.0102690517  -0.0090109241
17  2   0.0300749036   0.0127749197  -0.0359453060   0.0590402124   0.0006913835
17  3   0.0010710166   0.0009165021  -0.0002540811  -0.0001131958  -0.0005123410
17  4  -0.0102422354   0.0452713374  -0.0921433574  -0.0007225039   0.0000948563
17  5  -0.0002743916   0.0005245459  -0.0007255803  -0.0017614029  -0.0002788587
17  6  -0.0000448098   0.0003180786
18  1  -0.0030730861   0.0035329371   0.0041893319   0.0043329972   0.0001813340
18  2  -0.0194089545   0.0482672408   0.0924246241  -0.4650254496   0.0024836195
18  3  -0.0024409045   0.0021594180  -0.0003488257  -0.0006699120  -0.0003215359
18  4  -0.0529680692  -0.0921433574   0.4779527810   0.0010470797  -0.0003375926
18  5  -0.0004129947   0.0004403793  -0.0006547586   0.0004868573  -0.0001813355
18  6   0.0001076297   0.0003805466
19  1   0.0009284668  -0.0022735078  -0.0010869281  -0.0079951924   0.0234492367
19  2  -0.0083819498  -0.0047858307   0.0022701911   0.0032279438  -0.0697563284
19  3   0.0821366895  -0.0255842378   0.0050414661  -0.0217189209   0.0081772482
19  4   0.0005852852  -0.0007225039   0.0010470797   0.0832656088  -0.0879105371
19  5   0.0255926230  -0.0025382985   0.0094183198  -0.0021502994  -0.0047451770
19  6  -0.0046489676  -0.0008414796
20  1  -0.0015486829   0.0021815193   0.0001115138   0.0043320461  -0.0099830779
20  2   0.0056367027   0.0012217358   0.0003371757  -0.0014475615   0.0870340841
20  3  -0.2758063418   0.0710569044   0.0006633060  -0.0139426288   0.0049031419
20  4  -0.0002616026   0.0000948563  -0.0003375926  -0.0879105371   0.2934611354
20  5  -0.0780362562  -0.0008577793   0.0047628741  -0.0008996728  -0.0026725700
20  6  -0.0011055122  -0.0009871798
21  1  -0.0000901120   0.0009753034   0.0006844653   0.0058382956  -0.0208710695
21  2   0.0070543351   0.0046391775  -0.0013338741  -0.0014676581  -0.0282168029
21  3   0.0745874016  -0.0737212722   0.0004217832  -0.0009126394   0.0006878129
21  4   0.0000906258  -0.0002743916  -0.0004129947   0.0255926230  -0.0780362562
21  5   0.0732235377  -0.0083846516   0.0265076697  -0.0063443375   0.0001090615
21  6  -0.0006421438   0.0002961116
22  1  -0.0049507751  -0.0005785138   0.0051943276   0.0122634716   0.0009821099
22  2   0.0197590125  -0.0003466740  -0.0006990064  -0.0010554522  -0.0738100024
22  3   0.0053454606  -0.0902996183  -0.0144578668  -0.0065799945  -0.0167594142
22  4  -0.0001082237   0.0005245459   0.0004403793  -0.0025382985  -0.0008577793
22  5  -0.0083846516   0.0823332417   0.0007435429   0.0899901695   0.0016151272
22  6   0.0011196347   0.0011152474
23  1   0.0011885107   0.0012842041  -0.0017928674  -0.0050485733  -0.0000697966
23  2  -0.0085722099   0.0000013713  -0.0001815426   0.0008527900   0.0055326979
23  3  -0.0474809088  -0.0128989553  -0.0139740346  -0.0056582953  -0.0122935960
23  4   0.0011867245  -0.0007255803  -0.0006547586   0.0094183198   0.0047628741
23  5   0.0265076697   0.0007435429   0.0470300322   0.0091715547   0.0009514408
23  6   0.0010390131  -0.0003196272
24  1   0.0053319046  -0.0020326901  -0.0027239621  -0.0125987918   0.0056466585
24  2  -0.0186893083   0.0013406087  -0.0003208283   0.0026741643  -0.0838601899
24  3  -0.0099102569  -0.2905910043   0.0009756012   0.0004535380   0.0045917747
24  4   0.0008240365  -0.0017614029   0.0004868573  -0.0021502994  -0.0008996728
24  5  -0.0063443375   0.0899901695   0.0091715547   0.3100834573   0.0001469606
24  6  -0.0003469001   0.0005123587
25  1  -0.0005145445   0.0004696131   0.0002361758   0.0019585177  -0.0013675605
25  2   0.0006609350  -0.0001632132   0.0004575608  -0.0002562881   0.0073478450
25  3  -0.0181471255   0.0102162580  -0.0673114089   0.0862443324  -0.0646724328
25  4  -0.0004505026  -0.0002788587  -0.0001813355  -0.0047451770  -0.0026725700
25  5   0.0001090615   0.0016151272   0.0009514408   0.0001469606   0.0622633563
25  6  -0.0656568323   0.0537406655
26  1  -0.0002309089   0.0003266595  -0.0001262427   0.0009988993  -0.0001700038
26  2  -0.0001000058  -0.0002388547   0.0007424272  -0.0000721705   0.0064116670
26  3  -0.0139883211   0.0076556988   0.0625825050  -0.1501708788   0.0921153289
26  4  -0.0003371426  -0.0000448098   0.0001076297  -0.0046489676  -0.0011055122
26  5  -0.0006421438   0.0011196347   0.0010390131  -0.0003469001  -0.0656568323
26  6   0.1633714259  -0.0985911944
27  1   0.0006406666  -0.0003093230   0.0005764214  -0.0010607390   0.0018337786
27  2  -0.0019853887  -0.0001584576  -0.0008925614   0.0005305629   0.0006084546
27  3  -0.0032708243   0.0015315027  -0.0544479253   0.1022188530  -0.0678594928
27  4   0.0004035673   0.0003180786   0.0003805466  -0.0008414796  -0.0009871798
27  5   0.0002961116   0.0011152474  -0.0003196272   0.0005123587   0.0537406655
27  6  -0.0985911944   0.0660173776
$end
