$jbas
*
o def-TZVP 
*
 3  s
     957.843253            .562496240D+00
     281.967425            .149108985D+01
     90.199832             .386547733D+01
    1  s
     31.138299             .360577725D+01
    1  s
     11.493732             .230058581D+00
    1  s
     4.484049             -.501576910D-01
    1  s
     1.823504              .105070463D+01
    1  s
     0.760903              .585654881D+00
    1  s
     0.320292              .749912950D-01
    1  p
     .61470886294797      -.855784393D-01
    1  p
     1.4753012710751445   .417999594D-01
    1  p
     3.69562968404323697  -.585510786D-01
    1  d
     7.652672              .910687268D-01
    1  d
     2.217868              .111631339D+00
    1  d
     0.682337              .460066568D-01
    1  f
     2.1917808219178       1.00 
*
n def-TZVP 
*
 3  s
     791.076935            .415675056D+00
     229.450184            .114750694D+01
     72.886960             .301935767D+01
    1  s
     25.181596              .303233041D+01
    1  s
     9.371697              .387849486D+00
    1  s
     3.710655               -.182929310D+00
    1  s
     1.539463               .652389391D+00
    1  s
     0.657553              .499910671D+00
    1  s
     0.283654              .738687880D-01
    1  p
     .47073919406936       .674057471D-01
    1  p
     1.129774065766        -.225055506D-01
    1  p
    2.8300840347           .355455721D-01
    1  d
     5.8329865             .416040403D-01
    1  d
     1.7326865             .110596980D-01
    1  d
     .5452425              .484079619D-01
    1  f
     1.82648              1.0000000 
*
h def-TZVP 
*
 2  s
     9.308130            .344661830D-01
     2.306718            .122533796D+00
   1  s
     0.752012            .182500211D+00
    1  s
     0.273978            .221505479D-01
    1  p
     2.032704             .295136591D-01
    1  p
     0.790252             .327558728D-01 
*
f def-TZVP 
*
 3  s
     1156.702314           .714311861D+00
     345.040302            .184554195D+01
     111.332058            .471095270D+01
    1  s
     38.590234             .421329515D+01
    1  s
     14.241466             .117722220D+00
    1  s
     5.534132              .158947018D+00
    1  s
     2.235096              .149637682D+01
    1  s
     0.924514              .680567498D+00
    1  s
     0.385516              .112978975D+00
    1  p
     3.12693419327049993      1.00
    1  p
     1.26740199143583809      1.00
    1  p
     0.528084163098265891      1.00
    1  d
     23.185570             -.410642118D-01
    1  d
     6.682483              -.133270131D+00
    1  d
     2.167677              -.123502519D+00
    1  d
     0.733849              -.319503914D-01
    1  f
     2.557077625           1.00 
*
c def-TZVP 
*
 3  s
     591.553927            .315820195D+00
     172.117940            .875038628D+00
     54.799259             .230760524D+01
    1  s
     18.959094             .241797215D+01
    1  s
     7.059930              .413457616D+00
    1  s
     2.794849             -.190009544D+00
    1  s
     1.158634              .377071048D+00
    1  s
     0.494324              .347917878D+00
    1  s
     0.212969              .547407724D-01
    1  p
     .327847357953757     .531909851D-01
    1  p
     .7868336590892       .134419688D-02
    1  p
     1.9710183160         .221986005D-01
    1  d
     4.013301             .524684127D-01
    1  d
     1.247505             .802678252D-01
    1  d
     0.408148             .296361673D-01
    1  f
     0.9                  1.0 
*
$end
