$dipgrad          cartesian dipole gradients
  -.16655234605745D+01  -.46277509162778D+00  0.14464897849813D+00
  -.25744396420958D+00  -.33619369558244D+00  -.95571391511514D-01
  0.11459400383651D+00  -.92604781047575D-01  -.48296827911898D+00
  0.21908296831204D+01  0.47701014446445D+00  -.12234692258410D+00
  0.10128450167510D+00  0.88241148448631D+00  -.26970748947078D+00
  0.28036381580694D-01  -.23637147454314D+00  0.39400727800269D+00
  -.11832254172960D+01  -.54876607669634D+00  0.19963885514368D+00
  -.43034934845053D+00  -.96364057962709D+00  0.27019359198499D+00
  0.17766585360600D+00  0.25255837891100D+00  -.41698732779008D+00
  0.13984215497994D+01  0.39521195101561D+00  -.11100840092990D+00
  0.19561811149531D+00  0.17502554499217D+01  -.64291940982276D+00
  0.30520981151530D-01  -.58533029022120D+00  0.56444423779440D+00
  -.68609312013174D+00  -.27058017147620D+00  0.98500240313997D-01
  -.21339725232407D+00  -.12843867806475D+01  0.40710979692256D+00
  0.11991218496938D+00  0.38426294795200D+00  -.55164058278702D+00
  -.11589622947661D+01  0.28688968205241D+00  -.17638463045109D+00
  -.67419063556910D+00  -.82468450389119D+00  0.22979069205686D+00
  0.29806391267662D+00  0.26126250751830D+00  -.23459963643293D+00
  0.65085183877927D+00  0.73437989922628D-01  0.21986490850470D-02
  0.87346263314195D+00  0.33495756271946D+00  -.63717516770146D-01
  -.39597631247155D+00  -.10833361299138D+00  0.70488041225754D-01
  -.68550065361589D+00  0.24807126981388D+00  -.16164236841931D+00
  0.71507184779469D+00  0.87404401418842D+00  -.33248583787004D+00
  -.31046081002920D+00  -.34210974939364D+00  0.13946689879953D+00
  -.33314463112161D+00  -.23953095489759D+00  0.91182834051576D-01
  -.46998529715876D+00  -.96664115713405D+00  0.34824863920773D+00
  0.20121007052744D+00  0.35552863072470D+00  -.24047327527917D+00
  0.14559840501822D+01  -.11214381119749D+00  -.13333658216156D-02
  -.25141370041054D+00  0.45580697870470D+00  0.77694369957452D-01
  -.26305909536858D+00  0.85319402849676D-01  0.20621209076591D+00
  -.12792023165149D+01  0.22939980109107D+00  -.15767704723323D+00
  0.53177785571599D+00  -.57241162865046D+00  -.20924874591723D-01
  -.11086273444015D+00  -.53318976782875D-01  -.43986314290960D+00
  0.73389420447390D+00  -.13417345017622D+00  0.13133158441320D+00
  -.14798087444056D+00  0.27094108942801D+00  -.17722631259431D-01
  0.37829744661005D+00  -.12857861696295D+00  0.33972335881799D+00
  0.68257197767878D+00  -.14816067377927D+00  0.21753139325147D+00
  -.11333226341723D+00  0.35585241048511D+00  -.52057245581067D-01
  0.20356857784033D+00  -.72034295257214D-01  0.32358529965123D+00
  -.88472955945668D+00  0.12950657707233D+00  -.23098054862283D+00
  0.15923223868490D+00  -.58640488239751D+00  0.75265264945426D-01
  -.33282990100938D+00  0.82238670685256D-01  -.44838766872028D+00
  0.36052355635184D+00  0.27901280934528D+00  0.68961417032915D-02
  0.19926156427054D+00  0.32650573503373D+00  -.21255665735808D+00
  -.31333305525486D+00  -.18700336972956D+00  0.27877589917142D+00
  -.73220490732777D+00  -.17840638092114D+00  0.60605391324521D-01
  -.22959640773435D+00  -.64232333131546D+00  0.18874541404203D+00
  0.12731981867063D+00  0.20478887912163D+00  -.39660140089511D+00
  0.67592667217344D+00  -.74403203167565D-01  -.22623383749027D+00
  0.17346429310524D+00  0.11527921525361D+01  0.37834847399178D-01
  -.41992012976224D-01  0.76077580405347D-01  0.90321359963692D+00
  -.46165156537539D+00  -.96589492262366D-01  0.20707791801603D+00
  -.14094106085210D+00  -.35270180850553D+00  0.10312492350817D+00
  0.15678228538077D+00  0.12297849705539D+00  -.67634129123103D+00
  -.31327877288964D+00  0.10495498100703D+00  0.52481896159395D-01
  0.18886942063883D-01  -.89086211791265D+00  -.16388959107722D+00
  0.12835315107192D-01  -.16522351515572D+00  -.28934802188100D+00
  0.23685204276038D+00  0.42684474745816D-01  -.21169239922317D-01
  0.90206840703751D-01  0.24388873495625D+00  0.38207178442604D-01
  -.42509151924568D-01  0.34325560862133D-01  0.30471538156427D+00
  0.28633659044107D+00  -.30432999567919D-01  0.13195752793859D-01
  -.74915523359222D-01  0.18178395038172D+00  0.56758618153439D-01
  0.31700123951494D-01  0.58511477592939D-01  0.29512731132173D+00
  0.14105486310717D+00  0.50210842892921D-01  -.26508483145547D-01
  0.39323603046515D-01  0.69706301845652D-01  0.31725286575667D-01
  -.24793511925940D-01  0.32006743266200D-01  0.11669692056838D+00
  0.47387623301944D-01  0.42495400720383D-03  -.62574182624036D-02
  -.59196156680201D-01  0.32093271554805D-01  -.19537520051930D-01
  0.71457026619196D-02  0.26040676339924D-03  0.56627015508193D-01
  -.15604423169419D-01  -.33164729718545D-01  0.39991595898714D-01
  -.69705345631739D-02  -.37396275577908D-01  0.64027403398857D-01
  -.30053669515319D-01  0.61638237863633D-01  -.63883163551697D-01
  -.41756503522910D-01  -.15749710895564D-01  -.59215142945075D-01
  -.28092193210114D-01  -.98842853442383D-01  -.10719616492387D+00
  -.61276315783053D-01  -.61870180841911D-01  -.23285360005202D-01
  -.31513465807897D-01  0.21891397587685D-03  0.14737155114994D-01
  -.15996166893450D-01  -.27288080766823D-02  0.10774663043039D+00
  -.23952192370028D-01  0.72620740322708D-01  -.31926588830094D-01
  0.27025676403987D+00  0.17910786554291D-01  0.37399363225326D-01
  0.18711838202628D-01  0.32908103512407D+00  -.91133416035485D-02
  0.64359285571602D-01  -.24485490033181D-01  0.17533893069830D+00
  -.41558744061109D-01  -.39032004078975D-01  -.49713201172627D-01
  -.28104696186530D-01  0.32877928053337D-01  0.18512564891979D-01
  -.22883314334057D-01  0.40565617713816D-01  -.74092138578470D-01
  0.38305841942548D+00  0.48963572502701D-01  0.33052858006745D-01
  0.25603805558902D-01  0.26622032334715D+00  -.47585550024974D-01
  0.21970133260788D-01  -.67679926647593D-01  0.20197561448995D+00
$end
