$coord
-5.48141777881029 -2.72340312834989 -0.03719665993708 n
-5.06836952105515 -0.00928996974556 0.05166758797 c
-2.4250825776027 0.6820231797949 -0.95747482473269 c
-0.28958118326487 -0.42263401047702 0.63585856248311 c
2.29558621136295 0.25448346744187 -0.43921464101147 c
4.28230094962775 -0.93679221753331 1.05084065964188 n
6.7855417465723 -0.4798672875135899 0.54043522914132 c
7.46012021293002 1.33567115094511 -0.94465026895466 n
8.42148267344744 -2.17025739278449 1.70875112118955 n
-7.02420150278186 1.49285934964533 -1.46165119671465 c
-8.22670626389361 0.64508797245264 -3.20947005861542 o
-7.3422107355122 3.93666125304164 -0.80914518607354 o
-5.49242360522553 -3.32308632694461 -1.86165704318458 h
-7.20363242258338 -3.1589518867164 0.68745801084766 h
-5.20022088138018 0.59661191206847 2.02437200303865 h
-2.27903515954723 0.00317594466708 -2.90698327729252 h
-2.23790700169578 2.73841288308053 -1.02796472250286 h
-0.43329827271518 0.28087924036773 2.57512248199883 h
-0.49189686503748 -2.4758789726886 0.71675660754512 h
2.41449257091762 -0.32930069794465 -2.42623937678584 h
2.58493590929068 2.29471728418489 -0.39567351052283 h
3.8881477301305205 -2.71389406462156 1.62799249754211 h
9.37798954892304 1.47030528271961 -0.99216295186298 h
10.23290343681452 -1.5799389864282 1.82873247638039 h
7.80845223599807 -2.93430176693596 3.35004976866911 h
-6.35596945491205 4.37814364970657 0.67144671171483 h
$user-defined bonds 
 
$end
