$dipgrad          cartesian dipole gradients
  -.43026998916182D+00  0.52315181714362D-01  -.72328950082126D-01
  0.48716443745945D-02  -.68325254967753D+00  0.85911957583745D-01
  -.10225508879203D+00  0.97867421970759D-01  -.27896302071588D+00
  0.24686676988737D-01  0.17954102453260D+00  -.10146593222837D+00
  0.10770670889093D+00  0.46170144113174D+00  -.46539070857270D-01
  -.79375017706910D-01  0.56271980963659D-01  0.18719086724282D+00
  0.83015093007336D-01  -.23981209105707D-01  0.21789018819384D-01
  0.38108353518582D-01  0.78040628926850D-01  0.39033669548232D-01
  -.15870450024029D-01  0.62110098350638D-01  0.73140261654135D-01
  -.15243974804964D-01  0.20406505252146D-01  -.24605068695136D-01
  -.56024078504583D-01  0.12889129120326D+00  0.20490582098078D-01
  0.42375395152725D-01  0.48736301377687D-01  0.13210335336191D+00
  0.61134959177702D+00  -.59633041155228D-01  0.12967209915140D+00
  -.23770664662698D+00  0.20797537523152D+00  0.19765378701467D-02
  0.12785542229651D+00  0.20670549672396D-01  0.36184451836626D+00
  -.15110747249667D+01  -.66451740539942D-01  0.49091753118160D-01
  -.10653164246807D-01  -.23705308799104D+00  0.46952875817182D-01
  0.25553244202233D+00  0.11530977607848D+00  -.57677446174299D+00
  0.18934607757459D+01  -.67581095587787D-01  -.11362343329253D-01
  0.18468895161042D+00  0.10095102105205D+01  -.65733806215864D+00
  -.21483919498609D+00  -.69132552910699D+00  0.66137577242723D+00
  -.59253118245144D+00  -.14679793111582D+00  0.99802160513605D-01
  -.35220580801169D+00  -.87924144773048D+00  0.31300125681743D+00
  0.30972356107222D+00  0.32352068679843D+00  -.73094408595533D+00
  -.74257212303408D+00  0.37918089909799D+00  -.28281099731150D+00
  0.42924139469373D+00  -.89987974922415D+00  0.26046658332196D+00
  -.16206501949271D+00  0.78177810588282D-01  -.41109556471428D+00
  0.82352613657758D+00  -.15679819063930D+00  0.43188909998042D+00
  -.25831376157709D+00  0.14175984064741D+01  0.46877561115823D+00
  0.63752976683147D+00  0.41643188423324D+00  0.88184321934666D+00
  -.72061675052050D+00  -.71924716461171D-01  -.34149612377797D+00
  0.62748183143047D-01  -.64098400538010D+00  -.11952464791385D+00
  -.42405334061469D+00  -.23708292063453D+00  -.77800869302220D+00
  -.43307107214461D+00  0.20837963750363D+00  0.52442065972192D-01
  0.14108070916030D+00  -.12599741205592D+01  -.36554015413417D+00
  0.76981275134623D-01  -.20353964021554D+00  -.36459025635078D+00
  0.23789428998258D+00  -.95457704379305D-01  0.46116085525759D-02
  -.45019963579704D-01  0.21729303906682D+00  0.36111761430583D-01
  0.27008086385278D-01  -.46032366982877D-01  0.50665533827209D-01
  0.25938027901816D-01  -.80887930269193D-01  0.81857258328115D-01
  0.80350955680250D-02  0.19266321717633D+00  -.62473656639730D-01
  0.83718567509508D-02  -.91221288122672D-01  0.21053615770416D+00
  0.41987731398686D-01  0.10712235911955D-01  0.95711755738082D-02
  0.91183265223212D-02  -.44103590249611D-01  -.60571302527665D-01
  0.27271890102097D-01  -.73282836303385D-01  -.11383026705339D+00
  0.76593117163627D-02  -.28165838250827D-02  0.95275671284833D-03
  0.20038312212606D-01  0.38929584235232D-01  -.62179593063087D-01
  -.14408523489633D-02  -.41065291893459D-01  -.96050744048466D-01
  0.28310056966229D-01  -.18423217094979D-01  0.62709578081894D-02
  0.23138887091139D-02  -.14230376956007D+00  0.25134326052863D-01
  -.10768408490838D-01  -.95816886258123D-02  0.47945002739165D-01
  0.62009009182943D-02  0.13309649113478D-01  0.18156647792799D-01
  0.12892568235678D-01  0.25089689744190D-01  -.67706494902204D-01
  0.21884651451452D-01  -.40666912227448D-01  -.13937639492654D+00
  0.53986219201920D-01  0.22700610796833D-01  -.66534257879143D-02
  0.24832376628705D-01  -.11777217795943D+00  0.30728578058965D-01
  -.19363164559291D-02  0.15731086628558D-02  0.36775427475914D-01
  -.64535337281913D-01  0.14765990412481D-01  -.96399387715107D-02
  0.44329104148119D-01  0.18422592056545D-01  -.55291055484116D-01
  -.99058249776504D-01  -.28807164686972D-01  -.16368367464980D+00
  0.26512447464365D-01  -.21907855119306D-02  -.28900333340321D-02
  0.27474573903138D-01  -.81417548330433D-01  0.10520827064966D-01
  -.34407591873302D-01  -.10271961959896D-01  0.35403783269037D-01
  0.15155463892974D+00  -.90732730491039D-02  -.13782142955889D-01
  -.31381568746092D-01  0.70361208280369D-01  0.76008131235765D-01
  -.12793872457765D+00  -.70551750802942D-02  0.25684704379054D+00
  -.11302805391832D+00  -.18311762129103D-02  -.11797159403292D-01
  0.89686115072240D-01  0.24147999410287D+00  -.33587638325209D-02
  -.10784116979232D+00  -.79959804551584D-02  0.23272713231100D+00
  0.16416162515618D+00  -.50524081963859D-01  0.73428606521194D-03
  -.13728388978474D+00  0.22067385247453D+00  0.40810685483826D-01
  -.60343177971611D-01  0.99049769167322D-01  0.18563476108873D+00
  0.15774779268942D+00  -.12301777357026D-01  0.61123872901680D-01
  -.39849638413847D-01  0.29999629965696D+00  0.53150849295758D-02
  0.10815353879521D-01  0.14356233559728D+00  0.92453255717164D-01
  0.28495189187330D+00  -.34637280066767D-01  -.89132645613665D-01
  -.38727786899863D-01  0.35735521639371D+00  0.39284333041737D-01
  -.10315709817566D+00  0.24647032834073D-01  0.20683107287129D+00
$end
