$hessian (projected)
 1  1   0.4680004996   0.1360887533  -0.1575457615  -0.0769190792  -0.0443068602
 1  2   0.0170687337  -0.0069658684  -0.0376805767   0.0010134078  -0.0004447467
 1  3   0.0009144131  -0.0003668982   0.0008538504  -0.0014911485   0.0000662493
 1  4  -0.0004250292   0.0000325523   0.0000307626   0.0008349873   0.0002124948
 1  5  -0.0000149169  -0.0002797561  -0.0003349870   0.0000618668  -0.0002661794
 1  6   0.0001402596  -0.0000825665   0.0042348313   0.0170417225  -0.0029646131
 1  7   0.0004153228   0.0053228825   0.0017391154  -0.0035915245   0.0063732798
 1  8  -0.0010458734  -0.0355314290  -0.0177291410   0.0247626924  -0.3450938073
 1  9  -0.0633633697   0.1167546373   0.0010460931   0.0029851543  -0.0000934713
 1 10   0.0018480834   0.0006791313  -0.0010890398  -0.0063374850  -0.0020084862
 1 11   0.0020641960  -0.0001481799  -0.0003984816  -0.0003230563  -0.0005462097
 1 12  -0.0019872257   0.0001349655  -0.0000144064   0.0000682561   0.0000176835
 1 13  -0.0003331947   0.0001682109   0.0001076226   0.0001308487   0.0000125995
 1 14  -0.0000100273  -0.0000719765   0.0000503446  -0.0000430761   0.0000251381
 1 15  -0.0000398566  -0.0000281422   0.0000472712  -0.0000234003   0.0000280570
 1 16  -0.0004680537  -0.0007265211  -0.0002425475
 2  1   0.1360887533   0.4155378378   0.1046776962  -0.0051143450  -0.2022457680
 2  2   0.0026411409  -0.0096657054  -0.0169277894   0.0006874865   0.0007013325
 2  3  -0.0004989533   0.0004053234   0.0004579021   0.0002706376  -0.0000582035
 2  4  -0.0005795380   0.0002064439   0.0000598901   0.0004809133  -0.0003632954
 2  5  -0.0002688084  -0.0001652923   0.0002247718   0.0000907963  -0.0002564906
 2  6   0.0003342101   0.0000914503  -0.0010934016  -0.0415272480   0.0040616371
 2  7   0.0008578308   0.0027126242  -0.0024315449   0.0063502107  -0.0060252066
 2  8   0.0030341781  -0.0305057202  -0.0743777075  -0.1209304352  -0.0945195944
 2  9  -0.0610842796   0.0105936808  -0.0021654974  -0.0199526641  -0.0030484877
 2 10   0.0016477465   0.0009652030  -0.0000660190  -0.0011607877   0.0006398878
 2 11   0.0003736230  -0.0000512461  -0.0000325822  -0.0000051807  -0.0007724478
 2 12   0.0006253637  -0.0000739308  -0.0000077247  -0.0000694162  -0.0000099448
 2 13   0.0001406418   0.0001478639  -0.0000500423  -0.0000528874  -0.0000994800
 2 14  -0.0000155718  -0.0000201479  -0.0000188925  -0.0000456165  -0.0000087263
 2 15  -0.0000064201  -0.0000075741   0.0000105318  -0.0000890282  -0.0000410383
 2 16  -0.0005963098   0.0016538874   0.0003354952
 3  1  -0.1575457615   0.1046776962   0.5657266860   0.0143909287  -0.0310430090
 3  2  -0.0948519579   0.0041157472   0.0172876977   0.0008208887  -0.0008825883
 3  3   0.0004103581   0.0004035940   0.0000459533   0.0000261827   0.0001986264
 3  4   0.0001899227   0.0001543943   0.0003664273  -0.0001236918  -0.0008051456
 3  5  -0.0011768273   0.0000681047   0.0004489488   0.0006730254   0.0001188749
 3  6   0.0003293593   0.0003789570  -0.0002406246   0.0126110743   0.0001767131
 3  7   0.0017018927   0.0054245316   0.0020747516  -0.0024074929   0.0051430116
 3  8   0.0006136787  -0.0146251388  -0.0885859480  -0.3844526104   0.1571939336
 3  9   0.0069547643  -0.0921344291  -0.0045156448  -0.0359623271   0.0012720859
 3 10  -0.0010803208   0.0009981883   0.0013471823   0.0036926764   0.0013977608
 3 11  -0.0004333907   0.0005608114   0.0005067533   0.0002836712  -0.0003269000
 3 12  -0.0003705278  -0.0004634417  -0.0001229777  -0.0000286518  -0.0000078192
 3 13  -0.0000759630  -0.0001622900  -0.0000390966   0.0000236269  -0.0001381562
 3 14  -0.0001376909  -0.0000009580  -0.0000773011  -0.0000788863  -0.0000228220
 3 15  -0.0000297737   0.0000820441   0.0000109548   0.0000062029  -0.0000792255
 3 16  -0.0001425428   0.0008262058  -0.0005629561
 4  1  -0.0769190792  -0.0051143450   0.0143909287   0.4172689986   0.0110342261
 4  2  -0.0073001414  -0.1398069359  -0.0025863439   0.0246719203  -0.0333758655
 4  3  -0.0045559419   0.0094261363  -0.0011479066   0.0031984874  -0.0040577655
 4  4  -0.0014117511  -0.0009010522   0.0009526850   0.0000542433   0.0005795163
 4  5  -0.0003816238  -0.0000126483  -0.0001342079   0.0001750373  -0.0002069640
 4  6  -0.0000825622   0.0001135118  -0.1114639465   0.0228249673  -0.0123099964
 4  7  -0.0066054688   0.0044639146  -0.0313334076   0.0111738437   0.0046637358
 4  8  -0.0070135166  -0.0014581339   0.0004751270  -0.0022952982  -0.0057823803
 4  9  -0.0363661716  -0.0036176766  -0.0440487679   0.0045216075   0.0129272340
 4 10  -0.0066744831  -0.0014816687   0.0035225388  -0.0017978905  -0.0001193960
 4 11   0.0004509930   0.0018412684  -0.0005541870   0.0009702850   0.0007700164
 4 12  -0.0006389127   0.0004922526   0.0000378187   0.0001065002   0.0001204141
 4 13   0.0001279650  -0.0003706823  -0.0001045588   0.0000021318  -0.0000109058
 4 14   0.0000134386  -0.0000103342   0.0000100814  -0.0000003290  -0.0000289703
 4 15   0.0000362869  -0.0000144748   0.0000113291   0.0000014995   0.0000244616
 4 16  -0.0005360887   0.0010004271   0.0001769515
 5  1  -0.0443068602  -0.2022457680  -0.0310430090   0.0110342261   0.4967851155
 5  2   0.0645086983  -0.0190108227  -0.0807575499   0.0089762471   0.0117228972
 5  3   0.0059057302  -0.0078811688   0.0009791994  -0.0031125058   0.0022628905
 5  4   0.0022775254   0.0007710978  -0.0002572025  -0.0004975214  -0.0006551979
 5  5   0.0001060274   0.0001075966   0.0003116009   0.0000637736   0.0003860299
 5  6  -0.0001955060   0.0000095271   0.0265696869  -0.0943155580   0.0216430668
 5  7  -0.0118263761   0.0080843139  -0.0135036106   0.0229017653  -0.0244107304
 5  8   0.0069949162   0.0033618812  -0.0190306160   0.0016627966   0.0053937754
 5  9  -0.0132861982   0.0022531266   0.0065718326  -0.0669135452  -0.0654490897
 5 10   0.0109385233   0.0019629904  -0.0046473346  -0.0298281009  -0.0067658137
 5 11   0.0121052244  -0.0005775550   0.0003461973  -0.0003157320   0.0014034795
 5 12  -0.0012242226  -0.0003375393  -0.0000739966  -0.0000112229   0.0002254487
 5 13  -0.0001199065   0.0002245435   0.0001613615   0.0000188900   0.0001131104
 5 14  -0.0000201311   0.0000475571  -0.0000073613   0.0000275524   0.0000114323
 5 15  -0.0000032051   0.0000534112  -0.0000089095   0.0000791939  -0.0000187438
 5 16   0.0025237502  -0.0016488927   0.0024194929
 6  1   0.0170687337   0.0026411409  -0.0948519579  -0.0073001414   0.0645086983
 6  2   0.5808727609   0.0329852248   0.0015626291  -0.0881772213  -0.0153120107
 6  3  -0.0062977786   0.0078475161  -0.0012821656   0.0017868693  -0.0036171292
 6  4  -0.0020101012  -0.0002623203   0.0007482468   0.0003180441   0.0003614749
 6  5  -0.0005500195  -0.0001254346  -0.0001298984   0.0001785601  -0.0002909686
 6  6   0.0001266141   0.0000443001  -0.0195359451   0.0248287048  -0.1047193101
 6  7  -0.0391396313   0.0036390337  -0.0175704147   0.0026047473  -0.0145266269
 6  8   0.0098118606  -0.0070133087  -0.0411946889  -0.0019316406  -0.0018956442
 6  9   0.0172045537   0.0003093865   0.0135098780  -0.0599528498  -0.2784729178
 6 10   0.0301179745   0.0076014937  -0.0124520550  -0.0021544216  -0.0010480237
 6 11  -0.0014529297  -0.0014939939  -0.0001800008   0.0002695693   0.0003145221
 6 12   0.0003555721   0.0004951123   0.0000163025   0.0002261147   0.0004364883
 6 13   0.0002068680   0.0001401517  -0.0001326422   0.0000279736  -0.0000383555
 6 14   0.0000583018  -0.0000462382   0.0000020608  -0.0000305756  -0.0000383986
 6 15   0.0000112640  -0.0000132015   0.0000221741  -0.0000109822   0.0000126678
 6 16   0.0004459609  -0.0013548508   0.0028872443
 7  1  -0.0069658684  -0.0096657054   0.0041157472  -0.1398069359  -0.0190108227
 7  2   0.0329852248   0.4400343254   0.0008611720   0.0004928523  -0.1274856335
 7  3   0.0283207338  -0.0426073792  -0.0280145303   0.0125460025  -0.0166751371
 7  4  -0.0058072303  -0.0016206692   0.0014547338   0.0003578126   0.0015378713
 7  5  -0.0011137172   0.0001669136  -0.0001081689   0.0001330764  -0.0005770769
 7  6  -0.0001058359   0.0000335141  -0.0355504636   0.0038791941   0.0008610288
 7  7   0.0030491313   0.0011052758   0.0011693677  -0.0003226818  -0.0018536159
 7  8  -0.0003778635   0.0009222928   0.0008158660  -0.0003941083   0.0002134907
 7  9   0.0009640199  -0.0004848099  -0.0046531922  -0.0010066039   0.0033546997
 7 10  -0.0486496027   0.0059776900   0.0163210460  -0.0504959778  -0.0247505326
 7 11   0.0016473448  -0.0006739816  -0.0003374661  -0.0001366013   0.0014572181
 7 12   0.0010581702   0.0008225132   0.0013782857   0.0002482572  -0.0009335014
 7 13   0.0015900356   0.0005058188  -0.0006424256  -0.0004127534  -0.0001033328
 7 14   0.0002201256   0.0000483451  -0.0000670188   0.0000255581  -0.0000883065
 7 15   0.0000914074  -0.0000680869  -0.0000112671  -0.0000523157   0.0000255863
 7 16   0.0002976511   0.0007706090  -0.0002287883
 8  1  -0.0376805767  -0.0169277894   0.0172876977  -0.0025863439  -0.0807575499
 8  2   0.0015626291   0.0008611720   0.5775241190   0.0337932725   0.0298441201
 8  3  -0.0967472009   0.0250786237  -0.0023960199   0.0026398462  -0.0057786390
 8  4  -0.0033492984  -0.0007796310   0.0011821327   0.0004137517   0.0012819438
 8  5  -0.0001520969  -0.0001428161  -0.0003677015   0.0000173717  -0.0005014590
 8  6  -0.0000092997   0.0000203356   0.0105365778   0.0124872775  -0.0109511286
 8  7   0.0007759445  -0.0016239195   0.0035497911  -0.0021433472  -0.0053468677
 8  8   0.0019242421  -0.0006475291   0.0013103295   0.0001856221  -0.0022178168
 8  9  -0.0073705620  -0.0009352700   0.0080911847   0.0027396118  -0.0025300372
 8 10   0.0051750919  -0.0799705198  -0.0802159830  -0.0219669620  -0.3000638998
 8 11   0.0038163608  -0.0089391129   0.0044030880  -0.0060770903   0.0267817000
 8 12  -0.0134464897   0.0199584481   0.0000381635   0.0002206028  -0.0001334156
 8 13  -0.0012942494   0.0003231226  -0.0002471250  -0.0003795966   0.0001075098
 8 14  -0.0003384004  -0.0000109389   0.0000016362  -0.0000681380  -0.0000558705
 8 15   0.0000448585  -0.0000693793   0.0000152102  -0.0000600889   0.0000235823
 8 16   0.0017790210   0.0003875742  -0.0009034062
 9  1   0.0010134078   0.0006874865   0.0008208887   0.0246719203   0.0089762471
 9  2  -0.0881772213   0.0004928523   0.0337932725   0.5389779488  -0.0424451544
 9  3   0.0242180551  -0.1156472742   0.0041962318  -0.0062202202   0.0080263190
 9  4   0.0042415495   0.0013954727  -0.0007617467   0.0000844322  -0.0006259321
 9  5   0.0010919766   0.0002202745   0.0000638533  -0.0003003470   0.0006578406
 9  6   0.0000050725  -0.0000540034  -0.0140551122  -0.0089089381   0.0124922609
 9  7  -0.0008384495   0.0011762375  -0.0069191241   0.0003879198   0.0030344622
 9  8  -0.0008718081  -0.0023459428  -0.0006550176   0.0013806981  -0.0008980998
 9  9  -0.0010220018   0.0002633039   0.0307110830   0.0073912562  -0.0118375197
 9 10   0.0157415159  -0.0809692695  -0.2688636666   0.0022442341   0.0038443562
 9 11  -0.0495878585  -0.0248474180   0.0135142707  -0.0186084749  -0.0009836539
 9 12   0.0009480591  -0.0012275494   0.0015455982  -0.0001647010   0.0000926122
 9 13   0.0002287733  -0.0002276284   0.0001143287  -0.0000878329   0.0000070110
 9 14  -0.0003181510   0.0000692027  -0.0000643201   0.0000062039   0.0000900658
 9 15  -0.0000573801   0.0000669721  -0.0000400713   0.0000477206  -0.0000293082
 9 16  -0.0000551671  -0.0001874241  -0.0001294599
10  1  -0.0004447467   0.0007013325  -0.0008825883  -0.0333758655   0.0117228972
10  2  -0.0153120107  -0.1274856335   0.0298441201  -0.0424451544   0.4610039020
10  3   0.0069939229  -0.0080368799  -0.1568255697  -0.0228903378   0.0376075698
10  4  -0.0371456794  -0.0045305720   0.0057882875  -0.0007808350   0.0026367702
10  5  -0.0011288046   0.0001940428  -0.0001370235   0.0000897081  -0.0005651016
10  6  -0.0006928896   0.0002134072  -0.0030377213  -0.0048777315   0.0039455457
10  7  -0.0004050904   0.0008576037  -0.0022813476   0.0005223530   0.0015513302
10  8  -0.0004761915  -0.0005578189  -0.0000571763  -0.0001175720   0.0003100095
10  9   0.0006214924  -0.0000868208   0.0021079290   0.0003088673  -0.0013431910
10 10   0.0007026191  -0.0007371777  -0.0003341392   0.0007543821   0.0003226577
10 11   0.0006912963  -0.0481355906   0.0062908123   0.0162125967  -0.0492244039
10 12  -0.0228719238   0.0012679410  -0.0037881845  -0.0017412285   0.0028649133
10 13  -0.0055211218  -0.0023684286   0.0029043656   0.0020401948  -0.0009200158
10 14   0.0006275676   0.0000651173  -0.0000750773   0.0001931761  -0.0001682622
10 15   0.0001162198  -0.0001410802   0.0000146822   0.0000406025   0.0000462110
10 16  -0.0002536068  -0.0001090467   0.0001331941
11  1   0.0009144131  -0.0004989533   0.0004103581  -0.0045559419   0.0059057302
11  2  -0.0062977786   0.0283207338  -0.0967472009   0.0242180551   0.0069939229
11  3   0.5784419585   0.0287763856  -0.0312773302  -0.0900395248   0.0111416521
11  4   0.0203897489   0.0019410035  -0.0049880878  -0.0001794515  -0.0042488222
11  5   0.0024031206  -0.0011329168   0.0006158879  -0.0002078989   0.0013858357
11  6   0.0004495529  -0.0000006039  -0.0012950922  -0.0035828059   0.0021556638
11  7  -0.0005138141   0.0006417582  -0.0010683768   0.0007491795   0.0019666693
11  8  -0.0006042077  -0.0003285091   0.0002503439  -0.0003095442  -0.0000433392
11  9  -0.0001536516  -0.0001640901   0.0006465062  -0.0000214804   0.0001057023
11 10  -0.0090944035   0.0048057343  -0.0059838613   0.0263478379  -0.0137448825
11 11   0.0200754833   0.0058916913  -0.0835743468  -0.0833119365  -0.0253335710
11 12  -0.3019165587   0.0037335838   0.0102694630   0.0027451593  -0.0042616706
11 13  -0.0305013860  -0.0052584414   0.0135447421   0.0028500996   0.0017757824
11 14  -0.0000100586  -0.0002529503   0.0005068224  -0.0000098286   0.0002310712
11 15  -0.0001711618   0.0002811761   0.0000396889   0.0001805950  -0.0000746673
11 16  -0.0005214864  -0.0002691674   0.0004466877
12  1  -0.0003668982   0.0004053234   0.0004035940   0.0094261363  -0.0078811688
12  2   0.0078475161  -0.0426073792   0.0250786237  -0.1156472742  -0.0080368799
12  3   0.0287763856   0.5522866427   0.0459625404   0.0123798222  -0.1012668138
12  4  -0.0248408379  -0.0058672346   0.0071882061  -0.0000977119   0.0043114030
12  5  -0.0035522539   0.0000321964  -0.0005623167   0.0010456240  -0.0019367240
12  6  -0.0003979416   0.0003614899   0.0015787434   0.0032288175  -0.0049066629
12  7   0.0005691761  -0.0002619500   0.0028889355   0.0003982338  -0.0016864324
12  8   0.0003189117   0.0000876353   0.0000210289  -0.0001767502   0.0002850593
12  9   0.0000772349   0.0003533023   0.0012290012  -0.0003461189   0.0006944960
12 10  -0.0238766698   0.0134246181  -0.0187398155  -0.0010642753   0.0009460580
12 11  -0.0010699685   0.0150058948  -0.0852439787  -0.2654938163   0.0011618920
12 12   0.0053606606  -0.0517722146   0.0286922805   0.0082793379  -0.0118973859
12 13  -0.0011283620   0.0000825908  -0.0002412652  -0.0002191175  -0.0005237238
12 14   0.0009609657  -0.0000144033  -0.0001089367   0.0001566717  -0.0002945381
12 15   0.0002565708  -0.0002136485   0.0000806231  -0.0000690263   0.0001202958
12 16  -0.0000256155   0.0003203530   0.0003512183
13  1   0.0008538504   0.0004579021   0.0000459533  -0.0011479066   0.0009791994
13  2  -0.0012821656  -0.0280145303  -0.0023960199   0.0041962318  -0.1568255697
13  3  -0.0312773302   0.0459625404   0.4703575499   0.0238720428  -0.0097885969
13  4  -0.1435061604   0.0317915676  -0.0441843607  -0.0402076991   0.0096532826
13  5  -0.0162983630   0.0022914476   0.0054806841  -0.0040049592  -0.0000965384
13  6  -0.0032949080   0.0008318084  -0.0006534302   0.0002774523  -0.0001514021
13  7   0.0003638880  -0.0001013767   0.0002966199   0.0003653277  -0.0003163598
13  8  -0.0000413179  -0.0001702652  -0.0001016340  -0.0000342406   0.0000979302
13  9  -0.0001088872   0.0001110552  -0.0000525942   0.0000192629  -0.0000508091
13 10   0.0010808156  -0.0004356498   0.0011354499   0.0013317534  -0.0008509867
13 11   0.0006252133  -0.0041124152  -0.0012686931   0.0015506239  -0.0061728659
13 12  -0.0015001525   0.0018663395  -0.0492950362   0.0046751869   0.0197725111
13 13  -0.0530054666  -0.0357961673  -0.0034802662   0.0067177307  -0.0028379834
13 14   0.0035552287   0.0003395809   0.0011980226   0.0001836764  -0.0001807760
13 15   0.0011605687  -0.0003535952  -0.0001740055   0.0005118240  -0.0005850462
13 16  -0.0001846149   0.0002091527   0.0001218707
14  1  -0.0014911485   0.0002706376   0.0000261827   0.0031984874  -0.0031125058
14  2   0.0017868693   0.0125460025   0.0026398462  -0.0062202202  -0.0228903378
14  3  -0.0900395248   0.0123798222   0.0238720428   0.5956874920   0.0184909902
14  4   0.0134721901  -0.1135421644   0.0443066332   0.0108954165   0.0106664214
14  5  -0.0115427768  -0.0033766818  -0.0048478077   0.0012431986  -0.0042383413
14  6   0.0019696792   0.0018223082   0.0006248524   0.0014271683  -0.0010571936
14  7   0.0001563795  -0.0001527549   0.0006125379  -0.0002311344  -0.0006612910
14  8   0.0002330970   0.0001196150   0.0000256983   0.0000455517  -0.0001941141
14  9   0.0001656809  -0.0001258663  -0.0002613314  -0.0000275993   0.0002430869
14 10  -0.0004848061   0.0001859335  -0.0001506707   0.0014673827   0.0000218194
14 11   0.0000320190   0.0112443477   0.0028799617  -0.0040996413  -0.0323435496
14 12  -0.0084236014   0.0145977935   0.0049030194  -0.0778771273  -0.0730428145
14 13  -0.0426792719  -0.3035312308  -0.0167807806   0.0257928477  -0.0130828671
14 14   0.0165322395   0.0004260405  -0.0008093505   0.0001743653  -0.0003272704
14 15   0.0012594879   0.0003603827  -0.0003618086  -0.0012755416   0.0002008737
14 16   0.0001611717   0.0001835402  -0.0000679875
15  1   0.0000662493  -0.0000582035   0.0001986264  -0.0040577655   0.0022628905
15  2  -0.0036171292  -0.0166751371  -0.0057786390   0.0080263190   0.0376075698
15  3   0.0111416521  -0.1012668138  -0.0097885969   0.0184909902   0.5429100902
15  4  -0.0590319772   0.0587795487  -0.1149440084   0.0004469262  -0.0129439007
15  5   0.0038050720   0.0046457187   0.0010071768  -0.0023887898   0.0045178515
15  6   0.0034758873   0.0007349777  -0.0003644634  -0.0013071525   0.0020084487
15  7  -0.0002777340   0.0000680687  -0.0011067381  -0.0000293102   0.0006162421
15  8  -0.0001986082  -0.0000895221   0.0000446382   0.0000831234  -0.0000362094
15  9  -0.0000071820  -0.0001040471   0.0002803484   0.0002553617   0.0002509889
15 10  -0.0019860149  -0.0001293714  -0.0002196969  -0.0001145298  -0.0000772025
15 11   0.0003699136   0.0314311402   0.0088816215  -0.0141535607   0.0005493770
15 12   0.0008445049  -0.0006533453   0.0204389209  -0.0733083078  -0.2628598134
15 13  -0.0024462388  -0.0117654944  -0.0515431356  -0.0061937089   0.0000300471
15 14  -0.0065442908   0.0002253221  -0.0001022107  -0.0001212110   0.0010602832
15 15   0.0002998080   0.0015295516  -0.0001538556  -0.0006342206  -0.0001395283
15 16  -0.0000246437  -0.0000865527  -0.0000563949
16  1  -0.0004250292  -0.0005795380   0.0001899227  -0.0014117511   0.0022775254
16  2  -0.0020101012  -0.0058072303  -0.0033492984   0.0042415495  -0.0371456794
16  3   0.0203897489  -0.0248408379  -0.1435061604   0.0134721901  -0.0590319772
16  4   0.6545148300   0.0742688649   0.0299822745  -0.2930340584  -0.0101007405
16  5   0.0308645644  -0.0301430617  -0.0337289884   0.0298225201  -0.0568109226
16  6   0.0111832646   0.0001011262   0.0009390025  -0.0022297466   0.0021939204
16  7  -0.0010029227   0.0003084761  -0.0013365746  -0.0005743005   0.0012092712
16  8  -0.0001299835   0.0002139036   0.0001393615   0.0000880808  -0.0001357380
16  9   0.0000622675  -0.0001758344   0.0001393293   0.0000441011   0.0001659288
16 10  -0.0001376847  -0.0001078652   0.0000523389  -0.0000419352   0.0003062465
16 11   0.0002230429   0.0026850792   0.0004514314  -0.0007628482   0.0030239618
16 12   0.0013318953  -0.0012252631  -0.0103811106   0.0043220666  -0.0138533963
16 13  -0.0000019814   0.0038792235   0.0014804468  -0.0829428349  -0.0814677022
16 14   0.0067609535   0.0031559711  -0.0008116270  -0.0017474232  -0.0001558022
16 15   0.0021860923  -0.0013770105  -0.0012905623  -0.0029682658   0.0005203923
16 16   0.0002766880  -0.0004882549  -0.0001958117
17  1   0.0000325523   0.0002064439   0.0001543943  -0.0009010522   0.0007710978
17  2  -0.0002623203  -0.0016206692  -0.0007796310   0.0013954727  -0.0045305720
17  3   0.0019410035  -0.0058672346   0.0317915676  -0.1135421644   0.0587795487
17  4   0.0742688649   0.6142513615  -0.2618947707  -0.0477672484  -0.1134301082
17  5   0.0459778216  -0.0432491516  -0.0087719868   0.0158626497   0.0359005546
17  6   0.0074726299  -0.0006538128   0.0000352582  -0.0008475212   0.0004737406
17  7  -0.0001144842   0.0002585857  -0.0002351133   0.0000080608   0.0005161009
17  8  -0.0004001078   0.0000187446  -0.0000185943   0.0000293912  -0.0000026881
17  9   0.0000595303   0.0000111284   0.0000558110   0.0000717163   0.0000087375
17 10   0.0001192058  -0.0001939480   0.0001127758  -0.0002105266   0.0005836165
17 11  -0.0001346396  -0.0004277364   0.0001917875   0.0000423160  -0.0014217466
17 12   0.0014529488  -0.0005408393  -0.0024073170   0.0058068830   0.0041018856
17 13   0.0290837764  -0.0151342627   0.0242528992  -0.0693554686  -0.3789268520
17 14   0.1089487053  -0.0034934144   0.0000106890   0.0078674014   0.0032964682
17 15  -0.0031553670   0.0030803169   0.0009265618   0.0013119252  -0.0011242919
17 16  -0.0000353509  -0.0001058841   0.0000139453
18  1   0.0000307626   0.0000598901   0.0003664273   0.0009526850  -0.0002572025
18  2   0.0007482468   0.0014547338   0.0011821327  -0.0007617467   0.0057882875
18  3  -0.0049880878   0.0071882061  -0.0441843607   0.0443066332  -0.1149440084
18  4   0.0299822745  -0.2618947707   0.2438229496   0.0103234087   0.0358053458
18  5  -0.0773541829   0.0385023488   0.0200138548  -0.0119692375  -0.0211566959
18  6  -0.0047642244   0.0100497700  -0.0000066202   0.0002572819  -0.0006002692
18  7   0.0000726052  -0.0000953424   0.0006202622   0.0000356805  -0.0001489426
18  8  -0.0001177188   0.0000474151  -0.0000311400  -0.0000214122  -0.0000106245
18  9   0.0000012106   0.0000201957  -0.0003286068   0.0000207926   0.0000896370
18 10   0.0007125747   0.0000246145   0.0007579148   0.0000094054  -0.0001628365
18 11  -0.0001842939  -0.0007809200   0.0000553567   0.0018068681   0.0007107059
18 12  -0.0003766840   0.0000863919  -0.0295841650   0.0201015805  -0.0193611472
18 13  -0.0038157631   0.0067250219  -0.0025020156   0.0137981011   0.1345232159
18 14  -0.0434623506   0.0007312162   0.0073529445   0.0037129970  -0.0041234734
18 15   0.0044600489   0.0004335911   0.0008398232  -0.0022427061   0.0016197835
18 16  -0.0000007986   0.0000720124  -0.0000448579
19  1   0.0008349873   0.0004809133  -0.0001236918   0.0000542433  -0.0004975214
19  2   0.0003180441   0.0003578126   0.0004137517   0.0000844322  -0.0007808350
19  3  -0.0001794515  -0.0000977119  -0.0402076991   0.0108954165   0.0004469262
19  4  -0.2930340584  -0.0477672484   0.0103234087   0.7073955015   0.0624510029
19  5  -0.0476544926  -0.1572724937  -0.0552609621   0.0422842646  -0.1932166432
19  6   0.0484744543  -0.0528521376  -0.0012968240   0.0016035023  -0.0014983294
19  7   0.0010736865  -0.0000535948   0.0008145098   0.0007520069  -0.0007090456
19  8  -0.0001489561  -0.0003313867  -0.0000866704  -0.0001064948   0.0001352490
19  9  -0.0000846025   0.0001276096  -0.0000903254   0.0000334515  -0.0000996346
19 10   0.0001372886  -0.0000561304   0.0000245840   0.0000532443  -0.0001633051
19 11  -0.0000213521  -0.0006689688   0.0001324071   0.0001119133  -0.0005589021
19 12  -0.0006428684   0.0000696580   0.0065986686  -0.0017036902   0.0055445116
19 13   0.0031498358  -0.0024271290   0.0003279096  -0.0021023712   0.0024535348
19 14   0.0106738171  -0.0223806287  -0.0396393868   0.0327218784  -0.0241143534
19 15   0.0302255449  -0.0127089478   0.0158439449  -0.0083284598   0.0112725525
19 16  -0.0003309795   0.0004360873   0.0001657288
20  1   0.0002124948  -0.0003632954  -0.0008051456   0.0005795163  -0.0006551979
20  2   0.0003614749   0.0015378713   0.0012819438  -0.0006259321   0.0026367702
20  3  -0.0042488222   0.0043114030   0.0096532826   0.0106664214  -0.0129439007
20  4  -0.0101007405  -0.1134301082   0.0358053458   0.0624510029   0.5838158925
20  5  -0.3139447437  -0.1075416853  -0.2959707054   0.1834168480   0.0697085553
20  6  -0.1498803419   0.0997870623  -0.0001263698   0.0006453604  -0.0003674207
20  7   0.0002391929   0.0003453334   0.0002573776  -0.0001905686  -0.0007204987
20  8   0.0009381478  -0.0000703134   0.0000256171  -0.0001093333   0.0000075558
20  9  -0.0000121124  -0.0000786723  -0.0000546917  -0.0000699105  -0.0000228685
20 10   0.0000836625   0.0000608120   0.0000513547   0.0000153584  -0.0001216613
20 11  -0.0001035789  -0.0007064547  -0.0000447581   0.0002034743  -0.0004896925
20 12   0.0000297334   0.0000454477   0.0021255403   0.0005568062   0.0026960778
20 13   0.0032381537  -0.0018364498   0.0002554025  -0.0381798865  -0.0061449263
20 14   0.0077901930   0.0097338535  -0.0118422528   0.0081423915  -0.0107561617
20 15   0.0057008842  -0.0147876657   0.0059879424  -0.0179300662  -0.0003395514
20 16   0.0000058118   0.0001423024   0.0000668124
21  1  -0.0000149169  -0.0002688084  -0.0011768273  -0.0003816238   0.0001060274
21  2  -0.0005500195  -0.0011137172  -0.0001520969   0.0010919766  -0.0011288046
21  3   0.0024031206  -0.0035522539  -0.0162983630  -0.0115427768   0.0038050720
21  4   0.0308645644   0.0459778216  -0.0773541829  -0.0476544926  -0.3139447437
21  5   0.4461719532   0.0877391594   0.1827261507  -0.2196750084  -0.0289739212
21  6   0.0648464377  -0.1173808986   0.0004542492  -0.0003825811   0.0003937010
21  7  -0.0002057180   0.0007770558  -0.0004283850  -0.0003209261   0.0001799184
21  8   0.0009714210   0.0000696579   0.0000214737  -0.0000691342   0.0000177856
21  9  -0.0000468688  -0.0000760691   0.0000014986  -0.0000667783   0.0000197246
21 10   0.0000488367  -0.0000657657   0.0000429981  -0.0000438095   0.0001054659
21 11   0.0001104561   0.0002302116  -0.0000124743   0.0001259954   0.0005026789
21 12   0.0001731791  -0.0003187496  -0.0048998858   0.0004719083  -0.0016043970
21 13  -0.0018944107   0.0015710425   0.0009690011   0.0120481180  -0.0019537572
21 14  -0.0086915562  -0.0083814887   0.0067834586  -0.0093346305   0.0001329256
21 15  -0.0009121153   0.0013254753  -0.0208416058   0.0233665803  -0.0148780222
21 16   0.0000439981  -0.0001608741   0.0000623601
22  1  -0.0002797561  -0.0001652923   0.0000681047  -0.0000126483   0.0001075966
22  2  -0.0001254346   0.0001669136  -0.0001428161   0.0002202745   0.0001940428
22  3  -0.0011329168   0.0000321964   0.0022914476  -0.0033766818   0.0046457187
22  4  -0.0301430617  -0.0432491516   0.0385023488  -0.1572724937  -0.1075416853
22  5   0.0877391594   0.5894840511   0.1298456766  -0.0955064237   0.0167741473
22  6   0.0207788680  -0.0186997439   0.0004197671  -0.0006141457   0.0005591931
22  7  -0.0003910654  -0.0000282698  -0.0002237589  -0.0002701491   0.0002214763
22  8   0.0000844337   0.0001101515   0.0000250764   0.0000402572  -0.0000450457
22  9   0.0000193134  -0.0000416865   0.0000424581  -0.0000131151   0.0000381056
22 10  -0.0000498958   0.0000110961  -0.0000664542  -0.0000188984   0.0000926838
22 11  -0.0000269420  -0.0000100319  -0.0000106599  -0.0000557427  -0.0002209790
22 12   0.0002522203   0.0001437133   0.0001878784   0.0007498730  -0.0011951161
22 13  -0.0013097757  -0.0006587932  -0.0002214463  -0.0066798096  -0.0002511547
22 14   0.0001566804  -0.4134596173   0.0005621216  -0.0135587313   0.0033283890
22 15   0.0001274045   0.0005507649  -0.0029448325   0.0045531312  -0.0030058006
22 16   0.0001088138  -0.0001618555  -0.0000536699
23  1  -0.0003349870   0.0002247718   0.0004489488  -0.0001342079   0.0003116009
23  2  -0.0001298984  -0.0001081689  -0.0003677015   0.0000638533  -0.0001370235
23  3   0.0006158879  -0.0005623167   0.0054806841  -0.0048478077   0.0010071768
23  4  -0.0337289884  -0.0087719868   0.0200138548  -0.0552609621  -0.2959707054
23  5   0.1827261507   0.1298456766   0.3673387910  -0.2506109218   0.0005685319
23  6  -0.0328093420   0.0431748201   0.0005594519  -0.0003184372  -0.0000664309
23  7  -0.0003286269  -0.0002111422  -0.0000923678  -0.0002180816   0.0004195507
23  8  -0.0002417073   0.0001162914  -0.0000351782   0.0001107015  -0.0000080147
23  9   0.0000852633   0.0000362219   0.0000403275   0.0000060168   0.0000163540
23 10  -0.0000311445  -0.0000529211   0.0000032527  -0.0000828869   0.0001872903
23 11  -0.0000111704   0.0001661848  -0.0000999465   0.0000012641   0.0002318480
23 12   0.0003471022  -0.0000036574  -0.0015257305   0.0004906117  -0.0012870865
23 13  -0.0009902391   0.0009425874  -0.0005447767  -0.0005094635   0.0007694604
23 14  -0.0013656418  -0.0478116314  -0.0283067032   0.0036077194  -0.0004702103
23 15   0.0001704849   0.0000900123   0.0045903821  -0.0000292755   0.0037272586
23 16   0.0000809890  -0.0000882719  -0.0001116132
24  1   0.0000618668   0.0000907963   0.0006730254   0.0001750373   0.0000637736
24  2   0.0001785601   0.0001330764   0.0000173717  -0.0003003470   0.0000897081
24  3  -0.0002078989   0.0010456240  -0.0040049592   0.0012431986  -0.0023887898
24  4   0.0298225201   0.0158626497  -0.0119692375   0.0422842646   0.1834168480
24  5  -0.2196750084  -0.0955064237  -0.2506109218   0.2612860821  -0.0047371303
24  6   0.0457258485  -0.0090780735   0.0000815535   0.0008139325  -0.0009508856
24  7  -0.0001094947  -0.0007834089   0.0006868231   0.0000071886  -0.0003687365
24  8  -0.0000540838  -0.0000204438  -0.0000142844   0.0000382513   0.0000225528
24  9   0.0000614469   0.0000669440  -0.0000945707  -0.0000077816  -0.0000011699
24 10   0.0001060532   0.0000020098   0.0000824226   0.0000333682  -0.0000487216
24 11  -0.0000559747  -0.0004052422   0.0000523472   0.0001761013  -0.0001666544
24 12  -0.0001877224  -0.0000498603   0.0015372459  -0.0000034769   0.0016684259
24 13   0.0013505981  -0.0001264981  -0.0002997184  -0.0003073482  -0.0011779453
24 14   0.0027417535   0.0272870739   0.0059681180  -0.0247667448   0.0038413840
24 15  -0.0030409841  -0.0024143363  -0.0015062906   0.0030509312   0.0034795400
24 16   0.0000250661   0.0002091084  -0.0001193232
25  1  -0.0002661794  -0.0002564906   0.0001188749  -0.0002069640   0.0003860299
25  2  -0.0002909686  -0.0005770769  -0.0005014590   0.0006578406  -0.0005651016
25  3   0.0013858357  -0.0019367240  -0.0000965384  -0.0042383413   0.0045178515
25  4  -0.0568109226   0.0359005546  -0.0211566959  -0.1932166432   0.0697085553
25  5  -0.0289739212   0.0167741473   0.0005685319  -0.0047371303   0.7419676330
25  6   0.0800890428  -0.0071775859   0.0004127456  -0.0006568921   0.0007086370
25  7  -0.0003980265   0.0000108116  -0.0003318355  -0.0003044788   0.0002324023
25  8   0.0000909588   0.0001001214   0.0000442048   0.0000389025  -0.0000702017
25  9   0.0000448294  -0.0000772692   0.0000562153  -0.0000006961   0.0000366331
25 10   0.0000311221  -0.0000053423   0.0000018394   0.0000614328   0.0000271543
25 11   0.0000202631   0.0000588372   0.0000634711   0.0001502798   0.0001306786
25 12  -0.0000524775   0.0000174043  -0.0012906110   0.0000717681  -0.0008996287
25 13  -0.0005790322   0.0004477668  -0.0002029683   0.0003661873   0.0021627627
25 14  -0.0029418652   0.0028394015   0.0002443151   0.0013153255  -0.3964805846
25 15  -0.1430325507  -0.0456343005  -0.1120710520  -0.0424956123   0.1067680467
25 16   0.0001348912  -0.0001481746  -0.0000819637
26  1   0.0001402596   0.0003342101   0.0003293593  -0.0000825622  -0.0001955060
26  2   0.0001266141  -0.0001058359  -0.0000092997   0.0000050725  -0.0006928896
26  3   0.0004495529  -0.0003979416  -0.0032949080   0.0019696792   0.0034758873
26  4   0.0111832646   0.0074726299  -0.0047642244   0.0484744543  -0.1498803419
26  5   0.0648464377   0.0207788680  -0.0328093420   0.0457258485   0.0800890428
26  6   0.3173734314  -0.2893977371  -0.0001488236  -0.0004003678  -0.0002008633
26  7   0.0001507230   0.0000264946   0.0001902501   0.0000267348   0.0001176451
26  8  -0.0005718927  -0.0000612408  -0.0000764409   0.0000177506   0.0000546399
26  9  -0.0000186513   0.0000956666   0.0000114206   0.0000724750  -0.0000056208
26 10  -0.0000381873  -0.0000626423  -0.0000245578  -0.0000478851   0.0000402444
26 11   0.0000009765   0.0000704781   0.0000489399  -0.0001057316   0.0001585307
26 12   0.0001067296  -0.0000172877   0.0011451821  -0.0007581303   0.0001096179
26 13  -0.0006359612   0.0004636422  -0.0000130548   0.0014474863   0.0004011653
26 14   0.0000211818   0.0028465710  -0.0016896822  -0.0044881862  -0.1119642660
26 15  -0.0736480760   0.0199627809  -0.0494126771  -0.0693222358   0.1650191437
26 16  -0.0000924190  -0.0000061233   0.0000605104
27  1  -0.0000825665   0.0000914503   0.0003789570   0.0001135118   0.0000095271
27  2   0.0000443001   0.0000335141   0.0000203356  -0.0000540034   0.0002134072
27  3  -0.0000006039   0.0003614899   0.0008318084   0.0018223082   0.0007349777
27  4   0.0001011262  -0.0006538128   0.0100497700  -0.0528521376   0.0997870623
27  5  -0.1173808986  -0.0186997439   0.0431748201  -0.0090780735  -0.0071775859
27  6  -0.2893977371   0.4925767007   0.0002656617  -0.0004074069  -0.0000702649
27  7  -0.0002015960  -0.0000133307   0.0000797292  -0.0000415105   0.0001833822
27  8  -0.0006357360  -0.0000121213   0.0000172227  -0.0000132066  -0.0000027017
27  9  -0.0000014901   0.0000409702  -0.0000507606   0.0000574560   0.0000371632
27 10  -0.0000073293   0.0000102131  -0.0000258949   0.0000490710  -0.0000473537
27 11  -0.0000254222  -0.0000439594   0.0000565846   0.0000439155  -0.0000548349
27 12  -0.0000076307   0.0000046381   0.0005174304  -0.0002685015   0.0001696403
27 13   0.0001535792  -0.0002629480  -0.0002401766   0.0006587399  -0.0006836274
27 14  -0.0007421124  -0.0018973103  -0.0047669578  -0.0024163360  -0.0215505693
27 15   0.0234248616  -0.0466732612   0.0996809612   0.1278926875  -0.3271452352
27 16   0.0000559161  -0.0000365109  -0.0000216305
28  1   0.0042348313  -0.0010934016  -0.0002406246  -0.1114639465   0.0265696869
28  2  -0.0195359451  -0.0355504636   0.0105365778  -0.0140551122  -0.0030377213
28  3  -0.0012950922   0.0015787434  -0.0006534302   0.0006248524  -0.0003644634
28  4   0.0009390025   0.0000352582  -0.0000066202  -0.0012968240  -0.0001263698
28  5   0.0004542492   0.0004197671   0.0005594519   0.0000815535   0.0004127456
28  6  -0.0001488236   0.0002656617   0.5004634434   0.0258200494   0.3196070111
28  7  -0.2737099231  -0.1052303686  -0.2682156834  -0.0861475096   0.0785845911
28  8  -0.0161588479   0.0011579098  -0.0009078727  -0.0001329255   0.0021794770
28  9  -0.0022605257   0.0016301536   0.0023969680  -0.0029449141   0.0020054717
28 10   0.0018304430   0.0003908411  -0.0011705346  -0.0003140641   0.0001150799
28 11  -0.0004046013   0.0001249450  -0.0001933503  -0.0000196625   0.0002243600
28 12  -0.0001619826   0.0002005363   0.0000763803   0.0000110286   0.0001222423
28 13  -0.0000312391  -0.0000302797   0.0000393344  -0.0001181140   0.0000579207
28 14   0.0000970682   0.0000903809  -0.0000403539   0.0001050085  -0.0000335837
28 15   0.0000596629   0.0000558030  -0.0000741641   0.0000585112  -0.0000067705
28 16  -0.0021196705  -0.0289901773  -0.0059310456
29  1   0.0170417225  -0.0415272480   0.0126110743   0.0228249673  -0.0943155580
29  2   0.0248287048   0.0038791941   0.0124872775  -0.0089089381  -0.0048777315
29  3  -0.0035828059   0.0032288175   0.0002774523   0.0014271683  -0.0013071525
29  4  -0.0022297466  -0.0008475212   0.0002572819   0.0016035023   0.0006453604
29  5  -0.0003825811  -0.0006141457  -0.0003184372   0.0008139325  -0.0006568921
29  6  -0.0004003678  -0.0004074069   0.0258200494   0.5678583411   0.1700780803
29  7  -0.0948174735  -0.1682177223  -0.1470468201   0.0390880326  -0.2632767393
29  8  -0.0456979016   0.0020339593  -0.0025375903   0.0017813336   0.0014618775
29  9  -0.0011794546   0.0015787370  -0.0061732375   0.0040706422  -0.0101325761
29 10   0.0005670629  -0.0005340406  -0.0000031687  -0.0034267484  -0.0027960586
29 11  -0.0003371419   0.0000654681   0.0000703507  -0.0000641034   0.0005819583
29 12  -0.0002864568   0.0003714729  -0.0000156422   0.0000636633  -0.0000852672
29 13  -0.0001325803  -0.0001592704  -0.0000259156   0.0001869989  -0.0001130011
29 14  -0.0000601652  -0.0000832298   0.0001329392  -0.0000007618  -0.0000122588
29 15   0.0000026722  -0.0000403686   0.0000921689  -0.0000869924   0.0000358704
29 16  -0.0024847279  -0.0065791503  -0.0010850364
30  1  -0.0029646131   0.0040616371   0.0001767131  -0.0123099964   0.0216430668
30  2  -0.1047193101   0.0008610288  -0.0109511286   0.0124922609   0.0039455457
30  3   0.0021556638  -0.0049066629  -0.0001514021  -0.0010571936   0.0020084487
30  4   0.0021939204   0.0004737406  -0.0006002692  -0.0014983294  -0.0003674207
30  5   0.0003937010   0.0005591931  -0.0000664309  -0.0009508856   0.0007086370
30  6  -0.0002008633  -0.0000702649   0.3196070111   0.1700780803   0.6652331801
30  7  -0.2639953163  -0.1589277763  -0.4504467747  -0.0337544985   0.0020143728
30  8  -0.0848072464   0.0032727117  -0.0046795629   0.0011226179  -0.0001617023
30  9  -0.0005131406   0.0013514619  -0.0247687024   0.0134941517  -0.0201115110
30 10   0.0035893809  -0.0012371478  -0.0012434024  -0.0006925542  -0.0000686690
30 11   0.0006180560  -0.0003428419   0.0003375366   0.0001421307   0.0001130705
30 12  -0.0003774480   0.0001484718   0.0000154534  -0.0001654406  -0.0000366929
30 13  -0.0001019233  -0.0000435446   0.0000149521  -0.0001405523   0.0001506659
30 14   0.0001160650   0.0000790230  -0.0000525036   0.0000664454  -0.0000132288
30 15   0.0000536245   0.0000696464  -0.0000716517   0.0001289088   0.0000041622
30 16   0.0060223370  -0.0358831785  -0.0160652931
31  1   0.0004153228   0.0008578308   0.0017018927  -0.0066054688  -0.0118263761
31  2  -0.0391396313   0.0030491313   0.0007759445  -0.0008384495  -0.0004050904
31  3  -0.0005138141   0.0005691761   0.0003638880   0.0001563795  -0.0002777340
31  4  -0.0010029227  -0.0001144842   0.0000726052   0.0010736865   0.0002391929
31  5  -0.0002057180  -0.0003910654  -0.0003286269  -0.0001094947  -0.0003980265
31  6   0.0001507230  -0.0002015960  -0.2737099231  -0.0948174735  -0.2639953163
31  7   0.2634877208   0.1267618044   0.3168712347   0.0141723372  -0.0287795063
31  8  -0.0103828035  -0.0003960994  -0.0000804250   0.0003123724  -0.0003534668
31  9   0.0008758681  -0.0010844953  -0.0054998699   0.0040815034  -0.0034422256
31 10  -0.0001392262   0.0001680761   0.0004450292  -0.0000900782  -0.0001117625
31 11  -0.0000757747   0.0000545240   0.0000188899   0.0002455433   0.0000414358
31 12   0.0001098333  -0.0000202083  -0.0000978538   0.0000063061   0.0000004569
31 13   0.0000361860   0.0000111138  -0.0000332594   0.0001079099  -0.0000502339
31 14  -0.0000588467  -0.0000572985   0.0000374878  -0.0000724157   0.0000297166
31 15  -0.0000304130  -0.0000664436   0.0000610841  -0.0000520467   0.0000145958
31 16   0.0062534468   0.0024542083  -0.0002284937
32  1   0.0053228825   0.0027126242   0.0054245316   0.0044639146   0.0080843139
32  2   0.0036390337   0.0011052758  -0.0016239195   0.0011762375   0.0008576037
32  3   0.0006417582  -0.0002619500  -0.0001013767  -0.0001527549   0.0000680687
32  4   0.0003084761   0.0002585857  -0.0000953424  -0.0000535948   0.0003453334
32  5   0.0007770558  -0.0000282698  -0.0002111422  -0.0007834089   0.0000108116
32  6   0.0000264946  -0.0000133307  -0.1052303686  -0.1682177223  -0.1589277763
32  7   0.1267618044   0.2108247058   0.2189705204  -0.0368641273  -0.0482050068
32  8  -0.0699266957  -0.0014451025   0.0021797801   0.0010829596   0.0000787162
32  9   0.0010725530  -0.0013459994   0.0016464228   0.0002825245   0.0028816514
32 10  -0.0004635736  -0.0000455311   0.0003272397   0.0007629356   0.0007658271
32 11   0.0000562453   0.0000015592  -0.0000530383   0.0000371422  -0.0003378855
32 12   0.0002413055  -0.0000912468   0.0000176056  -0.0000511354   0.0000688434
32 13   0.0000822462   0.0000508446  -0.0000321911  -0.0000332641   0.0001051692
32 14   0.0000648398   0.0000296861   0.0000215814   0.0000299158   0.0000038602
32 15   0.0000673323  -0.0000300934  -0.0000033141   0.0000176233   0.0000468017
32 16   0.0031070766  -0.0091381063  -0.0031430520
33  1   0.0017391154  -0.0024315449   0.0020747516  -0.0313334076  -0.0135036106
33  2  -0.0175704147   0.0011693677   0.0035497911  -0.0069191241  -0.0022813476
33  3  -0.0010683768   0.0028889355   0.0002966199   0.0006125379  -0.0011067381
33  4  -0.0013365746  -0.0002351133   0.0006202622   0.0008145098   0.0002573776
33  5  -0.0004283850  -0.0002237589  -0.0000923678   0.0006868231  -0.0003318355
33  6   0.0001902501   0.0000797292  -0.2682156834  -0.1470468201  -0.4504467747
33  7   0.3168712347   0.2189705204   0.4925997829  -0.0136889326  -0.0597565795
33  8  -0.0279844110  -0.0005191033   0.0018462962  -0.0005531195   0.0002070623
33  9   0.0004688169  -0.0002307335  -0.0022170036   0.0017708915  -0.0005706185
33 10  -0.0013498585   0.0006823101   0.0012351670   0.0002547055   0.0000357101
33 11  -0.0000920420   0.0004425626  -0.0001823269   0.0003112950   0.0000218431
33 12   0.0001657628  -0.0000486847  -0.0001274598   0.0000795186   0.0000992815
33 13   0.0000462574   0.0000089755  -0.0000668210   0.0000650320  -0.0000982733
33 14  -0.0000979842  -0.0000869390   0.0000300431  -0.0000471026  -0.0000103690
33 15  -0.0000323410   0.0000033384   0.0000458482  -0.0000765412  -0.0000145530
33 16  -0.0002518851  -0.0041449066   0.0055781402
34  1  -0.0035915245   0.0063502107  -0.0024074929   0.0111738437   0.0229017653
34  2   0.0026047473  -0.0003226818  -0.0021433472   0.0003879198   0.0005223530
34  3   0.0007491795   0.0003982338   0.0003653277  -0.0002311344  -0.0000293102
34  4  -0.0005743005   0.0000080608   0.0000356805   0.0007520069  -0.0001905686
34  5  -0.0003209261  -0.0002701491  -0.0002180816   0.0000071886  -0.0003044788
34  6   0.0000267348  -0.0000415105  -0.0861475096   0.0390880326  -0.0337544985
34  7   0.0141723372  -0.0368641273  -0.0136889326   0.2226198149  -0.0034972644
34  8   0.2534973722  -0.0000104179  -0.0000026559  -0.0005401817  -0.0003169086
34  9  -0.0000354223   0.0003124265  -0.0006511569   0.0000634146  -0.0004998046
34 10  -0.0002701666   0.0004561974   0.0001801158   0.0000282979   0.0018153346
34 11  -0.0001036207   0.0000285976  -0.0000721521  -0.0000364119  -0.0001167156
34 12   0.0001506461  -0.0001484415  -0.0000210546  -0.0000047353  -0.0000461618
34 13  -0.0000003775   0.0000019805  -0.0000014358   0.0000731389  -0.0000398950
34 14  -0.0000131438  -0.0000324917   0.0000102753  -0.0000544406   0.0000081720
34 15  -0.0000167546  -0.0000129801   0.0000433712  -0.0000322353   0.0000051321
34 16  -0.1571573271  -0.0282734582  -0.2057295234
35  1   0.0063732798  -0.0060252066   0.0051430116   0.0046637358  -0.0244107304
35  2  -0.0145266269  -0.0018536159  -0.0053468677   0.0030344622   0.0015513302
35  3   0.0019666693  -0.0016864324  -0.0003163598  -0.0006612910   0.0006162421
35  4   0.0012092712   0.0005161009  -0.0001489426  -0.0007090456  -0.0007204987
35  5   0.0001799184   0.0002214763   0.0004195507  -0.0003687365   0.0002324023
35  6   0.0001176451   0.0001833822   0.0785845911  -0.2632767393   0.0020143728
35  7  -0.0287795063  -0.0482050068  -0.0597565795  -0.0034972644   0.4037227222
35  8   0.1638571987  -0.0013389572   0.0014884511  -0.0002339073  -0.0000870337
35  9   0.0010673668  -0.0014544246  -0.0006521946  -0.0000403192   0.0016355461
35 10   0.0000051315   0.0001469516   0.0001303379   0.0016933028   0.0016310184
35 11   0.0001459160   0.0000385928  -0.0000869455   0.0002045473  -0.0006576125
35 12   0.0002271335  -0.0002305412   0.0000023792  -0.0000575848   0.0000905362
35 13   0.0001387927   0.0000630363   0.0000043522  -0.0001336928   0.0000329450
35 14   0.0000220469   0.0000717425  -0.0000811780   0.0000018761  -0.0000084141
35 15   0.0000203098   0.0000209589  -0.0000429980  -0.0000052880  -0.0000490618
35 16  -0.0567093331  -0.0625022445  -0.0988294531
36  1  -0.0010458734   0.0030341781   0.0006136787  -0.0070135166   0.0069949162
36  2   0.0098118606  -0.0003778635   0.0019242421  -0.0008718081  -0.0004761915
36  3  -0.0006042077   0.0003189117  -0.0000413179   0.0002330970  -0.0001986082
36  4  -0.0001299835  -0.0004001078  -0.0001177188  -0.0001489561   0.0009381478
36  5   0.0009714210   0.0000844337  -0.0002417073  -0.0000540838   0.0000909588
36  6  -0.0005718927  -0.0006357360  -0.0161588479  -0.0456979016  -0.0848072464
36  7  -0.0103828035  -0.0699266957  -0.0279844110   0.2534973722   0.1638571987
36  8   0.4212465195  -0.0006555111   0.0010604098  -0.0005267837  -0.0000132610
36  9   0.0000079600  -0.0005674860   0.0016359776   0.0004732613   0.0031611955
36 10  -0.0005201869   0.0001695206   0.0002642931  -0.0001529256  -0.0002700367
36 11  -0.0001106352   0.0000691431  -0.0000657438   0.0000528210   0.0000331683
36 12  -0.0000415939  -0.0000049394  -0.0000117507   0.0000567938   0.0000823117
36 13  -0.0000030064   0.0000564481  -0.0000233825  -0.0000067478   0.0000925782
36 14  -0.0000046440  -0.0000252388   0.0000972384   0.0001135600  -0.0000001424
36 15   0.0000204140  -0.0000461437  -0.0000085820  -0.0000368230   0.0000237342
36 16  -0.2182383473  -0.0611596940  -0.3207066803
37  1  -0.0355314290  -0.0305057202  -0.0146251388  -0.0014581339   0.0033618812
37  2  -0.0070133087   0.0009222928  -0.0006475291  -0.0023459428  -0.0005578189
37  3  -0.0003285091   0.0000876353  -0.0001702652   0.0001196150  -0.0000895221
37  4   0.0002139036   0.0000187446   0.0000474151  -0.0003313867  -0.0000703134
37  5   0.0000696579   0.0001101515   0.0001162914  -0.0000204438   0.0001001214
37  6  -0.0000612408  -0.0000121213   0.0011579098   0.0020339593   0.0032727117
37  7  -0.0003960994  -0.0014451025  -0.0005191033  -0.0000104179  -0.0013389572
37  8  -0.0006555111   0.0381641484   0.0177786246  -0.0156049854  -0.0021743781
37  9   0.0128445981   0.0370626453   0.0003322509  -0.0024667348  -0.0006768942
37 10  -0.0001507273  -0.0002811220   0.0009094029   0.0000240582   0.0004715590
37 11   0.0004987843   0.0002067473   0.0002863394   0.0002469175  -0.0004010622
37 12   0.0000870763  -0.0004446066  -0.0000673892  -0.0000356035   0.0001122169
37 13   0.0000685896   0.0000137541   0.0000248745  -0.0000430901  -0.0000156954
37 14  -0.0000559378   0.0000184988  -0.0000203653   0.0000124946  -0.0000076675
37 15   0.0000033746  -0.0000012562  -0.0000207262  -0.0000072289  -0.0000224919
37 16   0.0000019194   0.0000883049  -0.0002574918
38  1  -0.0177291410  -0.0743777075  -0.0885859480   0.0004751270  -0.0190306160
38  2  -0.0411946889   0.0008158660   0.0013103295  -0.0006550176  -0.0000571763
38  3   0.0002503439   0.0000210289  -0.0001016340   0.0000256983   0.0000446382
38  4   0.0001393615  -0.0000185943  -0.0000311400  -0.0000866704   0.0000256171
38  5   0.0000214737   0.0000250764  -0.0000351782  -0.0000142844   0.0000442048
38  6  -0.0000764409   0.0000172227  -0.0009078727  -0.0025375903  -0.0046795629
38  7  -0.0000804250   0.0021797801   0.0018462962  -0.0000026559   0.0014884511
38  8   0.0010604098   0.0177786246   0.0935000825   0.1205091127   0.0013769683
38  9   0.0030980173   0.0094814401  -0.0011799135  -0.0064839898   0.0006038044
38 10  -0.0009743576   0.0001458221   0.0008653987   0.0002519480   0.0002576788
38 11   0.0004111510   0.0001130065  -0.0001757748   0.0000959842   0.0000889174
38 12  -0.0000766477   0.0001084666  -0.0000020053   0.0000187948  -0.0000042120
38 13  -0.0000224675  -0.0000180543  -0.0000089698   0.0000041419   0.0000308870
38 14   0.0000411905   0.0000090600   0.0000046056   0.0000107071  -0.0000020135
38 15   0.0000092301   0.0000096509  -0.0000014524   0.0000249719   0.0000151231
38 16   0.0000254828   0.0004602838   0.0000107247
39  1   0.0247626924  -0.1209304352  -0.3844526104  -0.0022952982   0.0016627966
39  2  -0.0019316406  -0.0003941083   0.0001856221   0.0013806981  -0.0001175720
39  3  -0.0003095442  -0.0001767502  -0.0000342406   0.0000455517   0.0000831234
39  4   0.0000880808   0.0000293912  -0.0000214122  -0.0001064948  -0.0001093333
39  5  -0.0000691342   0.0000402572   0.0001107015   0.0000382513   0.0000389025
39  6   0.0000177506  -0.0000132066  -0.0001329255   0.0017813336   0.0011226179
39  7   0.0003123724   0.0010829596  -0.0005531195  -0.0005401817  -0.0002339073
39  8  -0.0005267837  -0.0156049854   0.1205091127   0.3990729728  -0.0052426796
39  9  -0.0036039615  -0.0154252378  -0.0004244199  -0.0000835834   0.0016262759
39 10  -0.0003631270  -0.0002620231  -0.0001116472   0.0000976812   0.0001325371
39 11   0.0000709346   0.0000402368   0.0001526993   0.0000245253  -0.0002922903
39 12   0.0000200935  -0.0001868635   0.0000006791  -0.0000126227  -0.0000067291
39 13   0.0000269512   0.0000010568  -0.0000024381  -0.0000298680  -0.0000169545
39 14  -0.0000170376   0.0000047541  -0.0000098110   0.0000000759  -0.0000030736
39 15  -0.0000010720   0.0000063074  -0.0000064673  -0.0000077400  -0.0000170992
39 16   0.0001751244  -0.0001506180   0.0000859272
40  1  -0.3450938073  -0.0945195944   0.1571939336  -0.0057823803   0.0053937754
40  2  -0.0018956442   0.0002134907  -0.0022178168  -0.0008980998   0.0003100095
40  3  -0.0000433392   0.0002850593   0.0000979302  -0.0001941141  -0.0000362094
40  4  -0.0001357380  -0.0000026881  -0.0000106245   0.0001352490   0.0000075558
40  5   0.0000177856  -0.0000450457  -0.0000080147   0.0000225528  -0.0000702017
40  6   0.0000546399  -0.0000027017   0.0021794770   0.0014618775  -0.0001617023
40  7  -0.0003534668   0.0000787162   0.0002070623  -0.0003169086  -0.0000870337
40  8  -0.0000132610  -0.0021743781   0.0013769683  -0.0052426796   0.3509632511
40  9   0.0889880294  -0.1494962041   0.0000856722  -0.0001104372  -0.0002000551
40 10   0.0002722245   0.0001306609  -0.0001616522  -0.0004704564  -0.0000130573
40 11   0.0002424356  -0.0000671804  -0.0001587767  -0.0001077821   0.0003133763
40 12  -0.0001238248   0.0001684868   0.0000143477   0.0000117840  -0.0000157027
40 13  -0.0000724182   0.0000553896   0.0000098162   0.0000050525  -0.0000028632
40 14   0.0000226452  -0.0000135795   0.0000071753  -0.0000031251   0.0000007068
40 15  -0.0000042403  -0.0000034689   0.0000009582  -0.0000157686   0.0000022958
40 16   0.0000038153  -0.0000650033   0.0000768395
41  1  -0.0633633697  -0.0610842796   0.0069547643  -0.0363661716  -0.0132861982
41  2   0.0172045537   0.0009640199  -0.0073705620  -0.0010220018   0.0006214924
41  3  -0.0001536516   0.0000772349  -0.0001088872   0.0001656809  -0.0000071820
41  4   0.0000622675   0.0000595303   0.0000012106  -0.0000846025  -0.0000121124
41  5  -0.0000468688   0.0000193134   0.0000852633   0.0000614469   0.0000448294
41  6  -0.0000186513  -0.0000014901  -0.0022605257  -0.0011794546  -0.0005131406
41  7   0.0008758681   0.0010725530   0.0004688169  -0.0000354223   0.0010673668
41  8   0.0000079600   0.0128445981   0.0030980173  -0.0036039615   0.0889880294
41  9   0.0765495759  -0.0194207794  -0.0000166051   0.0008937689  -0.0006213003
41 10   0.0002868931   0.0000942531   0.0000866004  -0.0019505359  -0.0002967493
41 11   0.0005933623  -0.0000202478   0.0001200239   0.0000314896  -0.0003193682
41 12   0.0002791619  -0.0002260872   0.0000027619  -0.0000075727   0.0000166524
41 13   0.0001102042   0.0000454801  -0.0000159714  -0.0000309484   0.0000039625
41 14  -0.0000222867   0.0000076663  -0.0000003729   0.0000031527  -0.0000035278
41 15   0.0000061017   0.0000047399  -0.0000013849   0.0000107225  -0.0000055845
41 16  -0.0002663467  -0.0001418577  -0.0000053303
42  1   0.1167546373   0.0105936808  -0.0921344291  -0.0036176766   0.0022531266
42  2   0.0003093865  -0.0004848099  -0.0009352700   0.0002633039  -0.0000868208
42  3  -0.0001640901   0.0003533023   0.0001110552  -0.0001258663  -0.0001040471
42  4  -0.0001758344   0.0000111284   0.0000201957   0.0001276096  -0.0000786723
42  5  -0.0000760691  -0.0000416865   0.0000362219   0.0000669440  -0.0000772692
42  6   0.0000956666   0.0000409702   0.0016301536   0.0015787370   0.0013514619
42  7  -0.0010844953  -0.0013459994  -0.0002307335   0.0003124265  -0.0014544246
42  8  -0.0005674860   0.0370626453   0.0094814401  -0.0154252378  -0.1494962041
42  9  -0.0194207794   0.1048700591  -0.0005567385   0.0000093070   0.0001708992
42 10  -0.0002685529  -0.0000550605   0.0003740068  -0.0002714076  -0.0002196856
42 11   0.0005759722  -0.0000216913  -0.0001242177  -0.0001047325   0.0002355145
42 12  -0.0001027451   0.0000597851   0.0000065255  -0.0000027297  -0.0000105300
42 13  -0.0000554589   0.0000348195   0.0000210924   0.0000007395  -0.0000143173
42 14   0.0000187375  -0.0000143245  -0.0000001171  -0.0000078260  -0.0000029004
42 15  -0.0000048350   0.0000055595   0.0000010498  -0.0000172311  -0.0000020923
42 16   0.0000135140  -0.0000280866   0.0001615070
43  1   0.0010460931  -0.0021654974  -0.0045156448  -0.0440487679   0.0065718326
43  2   0.0135098780  -0.0046531922   0.0080911847   0.0307110830   0.0021079290
43  3   0.0006465062   0.0012290012  -0.0000525942  -0.0002613314   0.0002803484
43  4   0.0001393293   0.0000558110  -0.0003286068  -0.0000903254  -0.0000546917
43  5   0.0000014986   0.0000424581   0.0000403275  -0.0000945707   0.0000562153
43  6   0.0000114206  -0.0000507606   0.0023969680  -0.0061732375  -0.0247687024
43  7  -0.0054998699   0.0016464228  -0.0022170036  -0.0006511569  -0.0006521946
43  8   0.0016359776   0.0003322509  -0.0011799135  -0.0004244199   0.0000856722
43  9  -0.0000166051  -0.0005567385   0.0527748584  -0.0053069851  -0.0142529103
43 10  -0.0052725860  -0.0015233319   0.0018058835   0.0010666845  -0.0001699118
43 11  -0.0007225592  -0.0003774062  -0.0002492394  -0.0008605482  -0.0001300591
43 12   0.0000180162  -0.0000794594   0.0001278410  -0.0000521518  -0.0003296252
43 13   0.0000110186   0.0000034618   0.0000156439  -0.0000333956   0.0000197660
43 14   0.0000373804   0.0000057807  -0.0000022539   0.0000038929   0.0000006780
43 15   0.0000049913   0.0000046026  -0.0000067886   0.0000089286  -0.0000022160
43 16   0.0006223649   0.0006886757  -0.0000314246
44  1   0.0029851543  -0.0199526641  -0.0359623271   0.0045216075  -0.0669135452
44  2  -0.0599528498  -0.0010066039   0.0027396118   0.0073912562   0.0003088673
44  3  -0.0000214804  -0.0003461189   0.0000192629  -0.0000275993   0.0002553617
44  4   0.0000441011   0.0000717163   0.0000207926   0.0000334515  -0.0000699105
44  5  -0.0000667783  -0.0000131151   0.0000060168  -0.0000077816  -0.0000006961
44  6   0.0000724750   0.0000574560  -0.0029449141   0.0040706422   0.0134941517
44  7   0.0040815034   0.0002825245   0.0017708915   0.0000634146  -0.0000403192
44  8   0.0004732613  -0.0024667348  -0.0064839898  -0.0000835834  -0.0001104372
44  9   0.0008937689   0.0000093070  -0.0053069851   0.0854375596   0.0725012687
44 10  -0.0015715740   0.0004431527   0.0003965056   0.0006198787   0.0003399991
44 11  -0.0001360863   0.0001808477   0.0001101425   0.0000056627  -0.0000982389
44 12  -0.0000046524  -0.0000970896  -0.0000412194  -0.0000408814  -0.0000263919
44 13  -0.0000098252  -0.0000280779  -0.0000088164   0.0000026578  -0.0000160433
44 14  -0.0000326311   0.0000003125  -0.0000078296  -0.0000118702   0.0000006625
44 15  -0.0000021433   0.0000038510   0.0000026373  -0.0000004949  -0.0000054180
44 16   0.0007059848  -0.0008579780   0.0003579767
45  1  -0.0000934713  -0.0030484877   0.0012720859   0.0129272340  -0.0654490897
45  2  -0.2784729178   0.0033546997  -0.0025300372  -0.0118375197  -0.0013431910
45  3   0.0001057023   0.0006944960  -0.0000508091   0.0002430869   0.0002509889
45  4   0.0001659288   0.0000087375   0.0000896370  -0.0000996346  -0.0000228685
45  5   0.0000197246   0.0000381056   0.0000163540  -0.0000011699   0.0000366331
45  6  -0.0000056208   0.0000371632   0.0020054717  -0.0101325761  -0.0201115110
45  7  -0.0034422256   0.0028816514  -0.0005706185  -0.0004998046   0.0016355461
45  8   0.0031611955  -0.0006768942   0.0006038044   0.0016262759  -0.0002000551
45  9  -0.0006213003   0.0001708992  -0.0142529103   0.0725012687   0.3026676108
45 10   0.0017550999   0.0011850893   0.0004481159   0.0000827010   0.0004930339
45 11   0.0002258307   0.0006346881  -0.0002082708   0.0007523553   0.0000069548
45 12   0.0000364921   0.0000620831  -0.0002345539  -0.0000118848   0.0000874793
45 13   0.0000284251   0.0000059281  -0.0000364384  -0.0000164461  -0.0000026089
45 14  -0.0000117515   0.0000060349  -0.0000056265   0.0000005532   0.0000000764
45 15  -0.0000002244   0.0000003979  -0.0000044967  -0.0000005814  -0.0000054201
45 16  -0.0001275607   0.0023224823  -0.0005195452
46  1   0.0018480834   0.0016477465  -0.0010803208  -0.0066744831   0.0109385233
46  2   0.0301179745  -0.0486496027   0.0051750919   0.0157415159   0.0007026191
46  3  -0.0090944035  -0.0238766698   0.0010808156  -0.0004848061  -0.0019860149
46  4  -0.0001376847   0.0001192058   0.0007125747   0.0001372886   0.0000836625
46  5   0.0000488367  -0.0000498958  -0.0000311445   0.0001060532   0.0000311221
46  6  -0.0000381873  -0.0000073293   0.0018304430   0.0005670629   0.0035893809
46  7  -0.0001392262  -0.0004635736  -0.0013498585  -0.0002701666   0.0000051315
46  8  -0.0005201869  -0.0001507273  -0.0009743576  -0.0003631270   0.0002722245
46  9   0.0002868931  -0.0002685529  -0.0052725860  -0.0015715740   0.0017550999
46 10   0.0585015458  -0.0072511010  -0.0181531715   0.0000053525  -0.0009939941
46 11  -0.0034875386  -0.0035486922   0.0022177041  -0.0025036619   0.0008927908
46 12   0.0000227738   0.0008319750  -0.0004455214   0.0003004470   0.0006605604
46 13  -0.0000728331   0.0000193330   0.0001107292   0.0001170283  -0.0000881907
46 14  -0.0001199514   0.0000072606  -0.0000237081  -0.0000081344   0.0000043486
46 15  -0.0000121656  -0.0000098808   0.0000059276  -0.0000028750  -0.0000070205
46 16  -0.0000254312  -0.0003534943   0.0000667185
47  1   0.0006791313   0.0009652030   0.0009981883  -0.0014816687   0.0019629904
47  2   0.0076014937   0.0059776900  -0.0799705198  -0.0809692695  -0.0007371777
47  3   0.0048057343   0.0134246181  -0.0004356498   0.0001859335  -0.0001293714
47  4  -0.0001078652  -0.0001939480   0.0000246145  -0.0000561304   0.0000608120
47  5  -0.0000657657   0.0000110961  -0.0000529211   0.0000020098  -0.0000053423
47  6  -0.0000626423   0.0000102131   0.0003908411  -0.0005340406  -0.0012371478
47  7   0.0001680761  -0.0000455311   0.0006823101   0.0004561974   0.0001469516
47  8   0.0001695206  -0.0002811220   0.0001458221  -0.0002620231   0.0001306609
47  9   0.0000942531  -0.0000550605  -0.0015233319   0.0004431527   0.0011850893
47 10  -0.0072511010   0.0815916822   0.0869604045   0.0030305287  -0.0106574566
47 11  -0.0304127293   0.0021986823   0.0000580610   0.0019456867  -0.0007031292
47 12   0.0007030654   0.0000654067  -0.0000917968   0.0002031002  -0.0001178595
47 13   0.0000363223  -0.0000021207  -0.0001575252   0.0000276604   0.0000463258
47 14   0.0001068549   0.0000023136   0.0000035210   0.0000046536  -0.0000041948
47 15   0.0000069245  -0.0000037415   0.0000006985   0.0000103033   0.0000106699
47 16  -0.0004313887   0.0000853441   0.0002187596
48  1  -0.0010890398  -0.0000660190   0.0013471823   0.0035225388  -0.0046473346
48  2  -0.0124520550   0.0163210460  -0.0802159830  -0.2688636666  -0.0003341392
48  3  -0.0059838613  -0.0187398155   0.0011354499  -0.0001506707  -0.0002196969
48  4   0.0000523389   0.0001127758   0.0007579148   0.0000245840   0.0000513547
48  5   0.0000429981  -0.0000664542   0.0000032527   0.0000824226   0.0000018394
48  6  -0.0000245578  -0.0000258949  -0.0011705346  -0.0000031687  -0.0012434024
48  7   0.0004450292   0.0003272397   0.0012351670   0.0001801158   0.0001303379
48  8   0.0002642931   0.0009094029   0.0008653987  -0.0001116472  -0.0001616522
48  9   0.0000866004   0.0003740068   0.0018058835   0.0003965056   0.0004481159
48 10  -0.0181531715   0.0869604045   0.2950815380  -0.0004100905  -0.0001348736
48 11   0.0016082249  -0.0027267016   0.0019623979  -0.0008177945   0.0003186677
48 12   0.0002191818   0.0005918921  -0.0006920433  -0.0000000346   0.0008760425
48 13   0.0000210832   0.0000630292   0.0000300728   0.0001275774  -0.0000963169
48 14  -0.0001647900  -0.0000086922  -0.0000059725  -0.0000157822  -0.0000024009
48 15  -0.0000132429  -0.0000160028   0.0000124284  -0.0000072808  -0.0000124752
48 16  -0.0000630652   0.0001708374  -0.0000568473
49  1  -0.0063374850  -0.0011607877   0.0036926764  -0.0017978905  -0.0298281009
49  2  -0.0021544216  -0.0504959778  -0.0219669620   0.0022442341   0.0007543821
49  3   0.0263478379  -0.0010642753   0.0013317534   0.0014673827  -0.0001145298
49  4  -0.0000419352  -0.0002105266   0.0000094054   0.0000532443   0.0000153584
49  5  -0.0000438095  -0.0000188984  -0.0000828869   0.0000333682   0.0000614328
49  6  -0.0000478851   0.0000490710  -0.0003140641  -0.0034267484  -0.0006925542
49  7  -0.0000900782   0.0007629356   0.0002547055   0.0000282979   0.0016933028
49  8  -0.0001529256   0.0000240582   0.0002519480   0.0000976812  -0.0004704564
49  9  -0.0019505359  -0.0002714076   0.0010666845   0.0006198787   0.0000827010
49 10   0.0000053525   0.0030305287  -0.0004100905   0.0607531585   0.0243184647
49 11   0.0000532763   0.0008563380  -0.0007653040   0.0003913209  -0.0039315955
49 12   0.0015987005  -0.0029461123  -0.0000603879  -0.0000612456   0.0000691954
49 13  -0.0004168774  -0.0006281402  -0.0001231899   0.0002329231  -0.0002130737
49 14   0.0000913231   0.0000166183  -0.0000146657   0.0000265445   0.0000039857
49 15   0.0000032847   0.0000048840   0.0000110146   0.0000184576   0.0000148410
49 16  -0.0012235974   0.0002287826   0.0008580882
50  1  -0.0020084862   0.0006398878   0.0013977608  -0.0001193960  -0.0067658137
50  2  -0.0010480237  -0.0247505326  -0.3000638998   0.0038443562   0.0003226577
50  3  -0.0137448825   0.0009460580  -0.0008509867   0.0000218194  -0.0000772025
50  4   0.0003062465   0.0005836165  -0.0001628365  -0.0001633051  -0.0001216613
50  5   0.0001054659   0.0000926838   0.0001872903  -0.0000487216   0.0000271543
50  6   0.0000402444  -0.0000473537   0.0001150799  -0.0027960586  -0.0000686690
50  7  -0.0001117625   0.0007658271   0.0000357101   0.0018153346   0.0016310184
50  8  -0.0002700367   0.0004715590   0.0002576788   0.0001325371  -0.0000130573
50  9  -0.0002967493  -0.0002196856  -0.0001699118   0.0003399991   0.0004930339
50 10  -0.0009939941  -0.0106574566  -0.0001348736   0.0243184647   0.3280134081
50 11  -0.0075720102  -0.0001166334   0.0007935759   0.0003704457   0.0019234333
50 12   0.0004843269   0.0018379732   0.0000579974  -0.0000350406   0.0000374303
50 13   0.0007622882   0.0004893135  -0.0001146616  -0.0003739059   0.0000801852
50 14  -0.0000138600   0.0000079835  -0.0000075853  -0.0000017118   0.0000024615
50 15  -0.0000046921  -0.0000020631  -0.0000187338  -0.0000142282  -0.0000190350
50 16  -0.0005326389   0.0001798764   0.0005999732
51  1   0.0020641960   0.0003736230  -0.0004333907   0.0004509930   0.0121052244
51  2  -0.0014529297   0.0016473448   0.0038163608  -0.0495878585   0.0006912963
51  3   0.0200754833  -0.0010699685   0.0006252133   0.0000320190   0.0003699136
51  4   0.0002230429  -0.0001346396  -0.0001842939  -0.0000213521  -0.0001035789
51  5   0.0001104561  -0.0000269420  -0.0000111704  -0.0000559747   0.0000202631
51  6   0.0000009765  -0.0000254222  -0.0004046013  -0.0003371419   0.0006180560
51  7  -0.0000757747   0.0000562453  -0.0000920420  -0.0001036207   0.0001459160
51  8  -0.0001106352   0.0004987843   0.0004111510   0.0000709346   0.0002424356
51  9   0.0005933623   0.0005759722  -0.0007225592  -0.0001360863   0.0002258307
51 10  -0.0034875386  -0.0304127293   0.0016082249   0.0000532763  -0.0075720102
51 11   0.0498240081   0.0008976234   0.0000002498   0.0005486536  -0.0030311396
51 12   0.0017709960  -0.0012944939  -0.0000413175  -0.0001683974   0.0000070535
51 13  -0.0001747660  -0.0003091798   0.0003107268   0.0001565123  -0.0000531231
51 14   0.0000223623  -0.0000080015   0.0000127185   0.0000183287   0.0000054291
51 15  -0.0000011766   0.0000065464   0.0000078822   0.0000091527   0.0000075616
51 16   0.0005133205  -0.0001642454  -0.0000176199
52  1  -0.0001481799  -0.0000512461   0.0005608114   0.0018412684  -0.0005775550
52  2  -0.0014939939  -0.0006739816  -0.0089391129  -0.0248474180  -0.0481355906
52  3   0.0058916913   0.0150058948  -0.0041124152   0.0112443477   0.0314311402
52  4   0.0026850792  -0.0004277364  -0.0007809200  -0.0006689688  -0.0007064547
52  5   0.0002302116  -0.0000100319   0.0001661848  -0.0004052422   0.0000588372
52  6   0.0000704781  -0.0000439594   0.0001249450   0.0000654681  -0.0003428419
52  7   0.0000545240   0.0000015592   0.0004425626   0.0000285976   0.0000385928
52  8   0.0000691431   0.0002067473   0.0001130065   0.0000402368  -0.0000671804
52  9  -0.0000202478  -0.0000216913  -0.0003774062   0.0001808477   0.0006346881
52 10  -0.0035486922   0.0021986823  -0.0027267016   0.0008563380  -0.0001166334
52 11   0.0008976234   0.0561539290  -0.0076125311  -0.0171697281  -0.0000673103
52 12  -0.0008259293  -0.0026099374  -0.0052500312  -0.0013647552   0.0015770736
52 13   0.0013852723   0.0000285379  -0.0007334447  -0.0002520882   0.0004659775
52 14   0.0003670303  -0.0000575627   0.0000611388  -0.0000610330   0.0000039144
52 15   0.0000178954   0.0000332199  -0.0000131283   0.0000389694   0.0000046439
52 16  -0.0000168848   0.0000588244  -0.0000573682
53  1  -0.0003984816  -0.0000325822   0.0005067533  -0.0005541870   0.0003461973
53  2  -0.0001800008  -0.0003374661   0.0044030880   0.0135142707   0.0062908123
53  3  -0.0835743468  -0.0852439787  -0.0012686931   0.0028799617   0.0088816215
53  4   0.0004514314   0.0001917875   0.0000553567   0.0001324071  -0.0000447581
53  5  -0.0000124743  -0.0000106599  -0.0000999465   0.0000523472   0.0000634711
53  6   0.0000489399   0.0000565846  -0.0001933503   0.0000703507   0.0003375366
53  7   0.0000188899  -0.0000530383  -0.0001823269  -0.0000721521  -0.0000869455
53  8  -0.0000657438   0.0002863394  -0.0001757748   0.0001526993  -0.0001587767
53  9   0.0001200239  -0.0001242177  -0.0002492394   0.0001101425  -0.0002082708
53 10   0.0022177041   0.0000580610   0.0019623979  -0.0007653040   0.0007935759
53 11   0.0000002498  -0.0076125311   0.0845577041   0.0900860542   0.0028266336
53 12  -0.0105400742  -0.0305557311  -0.0016078668   0.0007521975   0.0011152209
53 13   0.0007097903   0.0006309234   0.0005236257   0.0000924826  -0.0003048018
53 14  -0.0005985429  -0.0000024504  -0.0000390826  -0.0000330103   0.0000035295
53 15  -0.0000113306   0.0000126605   0.0000305109  -0.0000096702  -0.0000157938
53 16   0.0001071561   0.0000093982  -0.0000372880
54  1  -0.0003230563  -0.0000051807   0.0002836712   0.0009702850  -0.0003157320
54  2   0.0002695693  -0.0001366013  -0.0060770903  -0.0186084749   0.0162125967
54  3  -0.0833119365  -0.2654938163   0.0015506239  -0.0040996413  -0.0141535607
54  4  -0.0007628482   0.0000423160   0.0018068681   0.0001119133   0.0002034743
54  5   0.0001259954  -0.0000557427   0.0000012641   0.0001761013   0.0001502798
54  6  -0.0001057316   0.0000439155  -0.0000196625  -0.0000641034   0.0001421307
54  7   0.0002455433   0.0000371422   0.0003112950  -0.0000364119   0.0002045473
54  8   0.0000528210   0.0002469175   0.0000959842   0.0000245253  -0.0001077821
54  9   0.0000314896  -0.0001047325  -0.0008605482   0.0000056627   0.0007523553
54 10  -0.0025036619   0.0019456867  -0.0008177945   0.0003913209   0.0003704457
54 11   0.0005486536  -0.0171697281   0.0900860542   0.2930186388  -0.0000394191
54 12  -0.0003515575   0.0013140677   0.0022304446   0.0011314190   0.0002212790
54 13  -0.0003248144   0.0004563312   0.0004926175   0.0002311600  -0.0002104456
54 14  -0.0002641954   0.0000545728  -0.0000665838   0.0000058768   0.0000083099
54 15  -0.0000213272  -0.0000069456   0.0000012846  -0.0000037026  -0.0000202297
54 16  -0.0000649757   0.0000212152  -0.0001206318
55  1  -0.0005462097  -0.0007724478  -0.0003269000   0.0007700164   0.0014034795
55  2   0.0003145221   0.0014572181   0.0267817000  -0.0009836539  -0.0492244039
55  3  -0.0253335710   0.0011618920  -0.0061728659  -0.0323435496   0.0005493770
55  4   0.0030239618  -0.0014217466   0.0007107059  -0.0005589021  -0.0004896925
55  5   0.0005026789  -0.0002209790   0.0002318480  -0.0001666544   0.0001306786
55  6   0.0001585307  -0.0000548349   0.0002243600   0.0005819583   0.0001130705
55  7   0.0000414358  -0.0003378855   0.0000218431  -0.0001167156  -0.0006576125
55  8   0.0000331683  -0.0004010622   0.0000889174  -0.0002922903   0.0003133763
55  9  -0.0003193682   0.0002355145  -0.0001300591  -0.0000982389   0.0000069548
55 10   0.0008927908  -0.0007031292   0.0003186677  -0.0039315955   0.0019234333
55 11  -0.0030311396  -0.0000673103   0.0028266336  -0.0000394191   0.0586748600
55 12   0.0269429228  -0.0000204262   0.0012486345   0.0007695838  -0.0003663375
55 13  -0.0048924735  -0.0003568024   0.0021561642  -0.0005926379   0.0009228301
55 14  -0.0005764097  -0.0001240070   0.0001813374  -0.0000791307   0.0000215778
55 15   0.0000017290   0.0000200940  -0.0000367415  -0.0000148281  -0.0000744995
55 16   0.0002170534   0.0000339686  -0.0001329572
56  1  -0.0019872257   0.0006253637  -0.0003705278  -0.0006389127  -0.0012242226
56  2   0.0003555721   0.0010581702  -0.0134464897   0.0009480591  -0.0228719238
56  3  -0.3019165587   0.0053606606  -0.0015001525  -0.0084236014   0.0008445049
56  4   0.0013318953   0.0014529488  -0.0003766840  -0.0006428684   0.0000297334
56  5   0.0001731791   0.0002522203   0.0003471022  -0.0001877224  -0.0000524775
56  6   0.0001067296  -0.0000076307  -0.0001619826  -0.0002864568  -0.0003774480
56  7   0.0001098333   0.0002413055   0.0001657628   0.0001506461   0.0002271335
56  8  -0.0000415939   0.0000870763  -0.0000766477   0.0000200935  -0.0001238248
56  9   0.0002791619  -0.0001027451   0.0000180162  -0.0000046524   0.0000364921
56 10   0.0000227738   0.0007030654   0.0002191818   0.0015987005   0.0004843269
56 11   0.0017709960  -0.0008259293  -0.0105400742  -0.0003515575   0.0269429228
56 12   0.3293096779  -0.0091142315  -0.0001996315   0.0006037170   0.0003793572
56 13  -0.0007507873   0.0012934115   0.0010505313  -0.0016426921   0.0002227526
56 14  -0.0003412019   0.0000135077  -0.0000009021  -0.0001033316  -0.0000078861
56 15   0.0000087510  -0.0000162962  -0.0000474038  -0.0000439032  -0.0000451091
56 16  -0.0001320644   0.0000283280   0.0001116894
57  1   0.0001349655  -0.0000739308  -0.0004634417   0.0004922526  -0.0003375393
57  2   0.0004951123   0.0008225132   0.0199584481  -0.0012275494   0.0012679410
57  3   0.0037335838  -0.0517722146   0.0018663395   0.0145977935  -0.0006533453
57  4  -0.0012252631  -0.0005408393   0.0000863919   0.0000696580   0.0000454477
57  5  -0.0003187496   0.0001437133  -0.0000036574  -0.0000498603   0.0000174043
57  6  -0.0000172877   0.0000046381   0.0002005363   0.0003714729   0.0001484718
57  7  -0.0000202083  -0.0000912468  -0.0000486847  -0.0001484415  -0.0002305412
57  8  -0.0000049394  -0.0004446066   0.0001084666  -0.0001868635   0.0001684868
57  9  -0.0002260872   0.0000597851  -0.0000794594  -0.0000970896   0.0000620831
57 10   0.0008319750   0.0000654067   0.0005918921  -0.0029461123   0.0018379732
57 11  -0.0012944939  -0.0026099374  -0.0305557311   0.0013140677  -0.0000204262
57 12  -0.0091142315   0.0526126953  -0.0006940074   0.0002874341   0.0003285184
57 13   0.0022526661   0.0005944206  -0.0001262329  -0.0002108353  -0.0002343527
57 14   0.0005262699   0.0000545735  -0.0000457875   0.0000404596  -0.0000020353
57 15   0.0000122497  -0.0000048354  -0.0000239384  -0.0000193304   0.0000036700
57 16   0.0001022459  -0.0000250444  -0.0001228446
58  1  -0.0000144064  -0.0000077247  -0.0001229777   0.0000378187  -0.0000739966
58  2   0.0000163025   0.0013782857   0.0000381635   0.0015455982  -0.0037881845
58  3   0.0102694630   0.0286922805  -0.0492950362   0.0049030194   0.0204389209
58  4  -0.0103811106  -0.0024073170  -0.0295841650   0.0065986686   0.0021255403
58  5  -0.0048998858   0.0001878784  -0.0015257305   0.0015372459  -0.0012906110
58  6   0.0011451821   0.0005174304   0.0000763803  -0.0000156422   0.0000154534
58  7  -0.0000978538   0.0000176056  -0.0001274598  -0.0000210546   0.0000023792
58  8  -0.0000117507  -0.0000673892  -0.0000020053   0.0000006791   0.0000143477
58  9   0.0000027619   0.0000065255   0.0001278410  -0.0000412194  -0.0002345539
58 10  -0.0004455214  -0.0000917968  -0.0006920433  -0.0000603879   0.0000579974
58 11  -0.0000413175  -0.0052500312  -0.0016078668   0.0022304446   0.0012486345
58 12  -0.0001996315  -0.0006940074   0.0594576676  -0.0092142412  -0.0142544328
58 13   0.0015146466  -0.0025385980  -0.0045453853  -0.0002509316  -0.0005955949
58 14  -0.0004705841   0.0001746910   0.0001234245   0.0004451916   0.0000513346
58 15   0.0000855070   0.0000597981   0.0000696099  -0.0004223447   0.0001535143
58 16   0.0000247140  -0.0000273343   0.0000191781
59  1   0.0000682561  -0.0000694162  -0.0000286518   0.0001065002  -0.0000112229
59  2   0.0002261147   0.0002482572   0.0002206028  -0.0001647010  -0.0017412285
59  3   0.0027451593   0.0082793379   0.0046751869  -0.0778771273  -0.0733083078
59  4   0.0043220666   0.0058068830   0.0201015805  -0.0017036902   0.0005568062
59  5   0.0004719083   0.0007498730   0.0004906117  -0.0000034769   0.0000717681
59  6  -0.0007581303  -0.0002685015   0.0000110286   0.0000636633  -0.0001654406
59  7   0.0000063061  -0.0000511354   0.0000795186  -0.0000047353  -0.0000575848
59  8   0.0000567938  -0.0000356035   0.0000187948  -0.0000126227   0.0000117840
59  9  -0.0000075727  -0.0000027297  -0.0000521518  -0.0000408814  -0.0000118848
59 10   0.0003004470   0.0002031002  -0.0000000346  -0.0000612456  -0.0000350406
59 11  -0.0001683974  -0.0013647552   0.0007521975   0.0011314190   0.0007695838
59 12   0.0006037170   0.0002874341  -0.0092142412   0.0767785825   0.0736044427
59 13   0.0030000437  -0.0098573195  -0.0309463092  -0.0001220801   0.0004951363
59 14   0.0009015140   0.0000646063  -0.0000880378   0.0000981572  -0.0000521866
59 15  -0.0000531176  -0.0001359151  -0.0000373273   0.0001700560  -0.0000088940
59 16  -0.0000164624   0.0000012757  -0.0000123537
60  1   0.0000176835  -0.0000099448  -0.0000078192   0.0001204141   0.0002254487
60  2   0.0004364883  -0.0009335014  -0.0001334156   0.0000926122   0.0028649133
60  3  -0.0042616706  -0.0118973859   0.0197725111  -0.0730428145  -0.2628598134
60  4  -0.0138533963   0.0041018856  -0.0193611472   0.0055445116   0.0026960778
60  5  -0.0016043970  -0.0011951161  -0.0012870865   0.0016684259  -0.0008996287
60  6   0.0001096179   0.0001696403   0.0001222423  -0.0000852672  -0.0000366929
60  7   0.0000004569   0.0000688434   0.0000992815  -0.0000461618   0.0000905362
60  8   0.0000823117   0.0001122169  -0.0000042120  -0.0000067291  -0.0000157027
60  9   0.0000166524  -0.0000105300  -0.0003296252  -0.0000263919   0.0000874793
60 10   0.0006605604  -0.0001178595   0.0008760425   0.0000691954   0.0000374303
60 11   0.0000070535   0.0015770736   0.0011152209   0.0002212790  -0.0003663375
60 12   0.0003793572   0.0003285184  -0.0142544328   0.0736044427   0.2945381133
60 13   0.0011846756  -0.0022028713  -0.0016433043  -0.0003990330  -0.0005841012
60 14  -0.0011703886   0.0001274843  -0.0003361656  -0.0001154295  -0.0000254816
60 15   0.0000110389   0.0000523841   0.0001409284  -0.0003369408   0.0000849639
60 16   0.0000035495  -0.0000278105  -0.0000309569
61  1  -0.0003331947   0.0001406418  -0.0000759630   0.0001279650  -0.0001199065
61  2   0.0002068680   0.0015900356  -0.0012942494   0.0002287733  -0.0055211218
61  3  -0.0305013860  -0.0011283620  -0.0530054666  -0.0426792719  -0.0024462388
61  4  -0.0000019814   0.0290837764  -0.0038157631   0.0031498358   0.0032381537
61  5  -0.0018944107  -0.0013097757  -0.0009902391   0.0013505981  -0.0005790322
61  6  -0.0006359612   0.0001535792  -0.0000312391  -0.0001325803  -0.0001019233
61  7   0.0000361860   0.0000822462   0.0000462574  -0.0000003775   0.0001387927
61  8  -0.0000030064   0.0000685896  -0.0000224675   0.0000269512  -0.0000724182
61  9   0.0001102042  -0.0000554589   0.0000110186  -0.0000098252   0.0000284251
61 10  -0.0000728331   0.0000363223   0.0000210832  -0.0004168774   0.0007622882
61 11  -0.0001747660   0.0013852723   0.0007097903  -0.0003248144  -0.0048924735
61 12  -0.0007507873   0.0022526661   0.0015146466   0.0030000437   0.0011846756
61 13   0.0621516688   0.0382767516   0.0057898486  -0.0040223925   0.0022638131
61 14  -0.0010143896   0.0002068469  -0.0005735161  -0.0003682233  -0.0001817762
61 15  -0.0002015999  -0.0001281905   0.0002570975   0.0000839116   0.0002148659
61 16  -0.0000582031  -0.0000149451   0.0000269181
62  1   0.0001682109   0.0001478639  -0.0001622900  -0.0003706823   0.0002245435
62  2   0.0001401517   0.0005058188   0.0003231226  -0.0002276284  -0.0023684286
62  3  -0.0052584414   0.0000825908  -0.0357961673  -0.3035312308  -0.0117654944
62  4   0.0038792235  -0.0151342627   0.0067250219  -0.0024271290  -0.0018364498
62  5   0.0015710425  -0.0006587932   0.0009425874  -0.0001264981   0.0004477668
62  6   0.0004636422  -0.0002629480  -0.0000302797  -0.0001592704  -0.0000435446
62  7   0.0000111138   0.0000508446   0.0000089755   0.0000019805   0.0000630363
62  8   0.0000564481   0.0000137541  -0.0000180543   0.0000010568   0.0000553896
62  9   0.0000454801   0.0000348195   0.0000034618  -0.0000280779   0.0000059281
62 10   0.0000193330  -0.0000021207   0.0000630292  -0.0006281402   0.0004893135
62 11  -0.0003091798   0.0000285379   0.0006309234   0.0004563312  -0.0003568024
62 12   0.0012934115   0.0005944206  -0.0025385980  -0.0098573195  -0.0022028713
62 13   0.0382767516   0.3311569782   0.0067188570   0.0022997722  -0.0003445282
62 14  -0.0007626846  -0.0004389204   0.0003372394  -0.0004529510   0.0000524242
62 15   0.0000301188   0.0000998045  -0.0001024913  -0.0000132621  -0.0002667591
62 16  -0.0000471063  -0.0000160876   0.0000243718
63  1   0.0001076226  -0.0000500423  -0.0000390966  -0.0001045588   0.0001613615
63  2  -0.0001326422  -0.0006424256  -0.0002471250   0.0001143287   0.0029043656
63  3   0.0135447421  -0.0002412652  -0.0034802662  -0.0167807806  -0.0515431356
63  4   0.0014804468   0.0242528992  -0.0025020156   0.0003279096   0.0002554025
63  5   0.0009690011  -0.0002214463  -0.0005447767  -0.0002997184  -0.0002029683
63  6  -0.0000130548  -0.0002401766   0.0000393344  -0.0000259156   0.0000149521
63  7  -0.0000332594  -0.0000321911  -0.0000668210  -0.0000014358   0.0000043522
63  8  -0.0000233825   0.0000248745  -0.0000089698  -0.0000024381   0.0000098162
63  9  -0.0000159714   0.0000210924   0.0000156439  -0.0000088164  -0.0000364384
63 10   0.0001107292  -0.0001575252   0.0000300728  -0.0001231899  -0.0001146616
63 11   0.0003107268  -0.0007334447   0.0005236257   0.0004926175   0.0021561642
63 12   0.0010505313  -0.0001262329  -0.0045453853  -0.0309463092  -0.0016433043
63 13   0.0057898486   0.0067188570   0.0559323025  -0.0028643989   0.0023209494
63 14  -0.0009185297  -0.0001477940   0.0001491146  -0.0001135402  -0.0000291837
63 15  -0.0001782441  -0.0000640282   0.0001354678   0.0001443438   0.0000967422
63 16   0.0000275334  -0.0000017955   0.0000109294
64  1   0.0001308487  -0.0000528874   0.0000236269   0.0000021318   0.0000188900
64  2   0.0000279736  -0.0004127534  -0.0003795966  -0.0000878329   0.0020401948
64  3   0.0028500996  -0.0002191175   0.0067177307   0.0257928477  -0.0061937089
64  4  -0.0829428349  -0.0693554686   0.0137981011  -0.0021023712  -0.0381798865
64  5   0.0120481180  -0.0066798096  -0.0005094635  -0.0003073482   0.0003661873
64  6   0.0014474863   0.0006587399  -0.0001181140   0.0001869989  -0.0001405523
64  7   0.0001079099  -0.0000332641   0.0000650320   0.0000731389  -0.0001336928
64  8  -0.0000067478  -0.0000430901   0.0000041419  -0.0000298680   0.0000050525
64  9  -0.0000309484   0.0000007395  -0.0000333956   0.0000026578  -0.0000164461
64 10   0.0001170283   0.0000276604   0.0001275774   0.0002329231  -0.0003739059
64 11   0.0001565123  -0.0002520882   0.0000924826   0.0002311600  -0.0005926379
64 12  -0.0016426921  -0.0002108353  -0.0002509316  -0.0001220801  -0.0003990330
64 13  -0.0040223925   0.0022997722  -0.0028643989   0.0897223551   0.0784168568
64 14  -0.0166989615  -0.0009116256  -0.0002974884   0.0018309648   0.0004874694
64 15   0.0005340382   0.0001511292  -0.0016263564  -0.0006215991  -0.0019528798
64 16  -0.0000145693   0.0000590411   0.0000080554
65  1   0.0000125995  -0.0000994800  -0.0001381562  -0.0000109058   0.0001131104
65  2  -0.0000383555  -0.0001033328   0.0001075098   0.0000070110  -0.0009200158
65  3   0.0017757824  -0.0005237238  -0.0028379834  -0.0130828671   0.0000300471
65  4  -0.0814677022  -0.3789268520   0.1345232159   0.0024535348  -0.0061449263
65  5  -0.0019537572  -0.0002511547   0.0007694604  -0.0011779453   0.0021627627
65  6   0.0004011653  -0.0006836274   0.0000579207  -0.0001130011   0.0001506659
65  7  -0.0000502339   0.0001051692  -0.0000982733  -0.0000398950   0.0000329450
65  8   0.0000925782  -0.0000156954   0.0000308870  -0.0000169545  -0.0000028632
65  9   0.0000039625  -0.0000143173   0.0000197660  -0.0000160433  -0.0000026089
65 10  -0.0000881907   0.0000463258  -0.0000963169  -0.0002130737   0.0000801852
65 11  -0.0000531231   0.0004659775  -0.0003048018  -0.0002104456   0.0009228301
65 12   0.0002227526  -0.0002343527  -0.0005955949   0.0004951363  -0.0005841012
65 13   0.0022638131  -0.0003445282   0.0023209494   0.0784168568   0.3923564319
65 14  -0.1323524171   0.0002280432   0.0013365355   0.0014204330   0.0000590576
65 15   0.0000294383  -0.0000274122  -0.0004762503   0.0011593915  -0.0003529965
65 16   0.0000097296  -0.0000336890   0.0000139842
66  1  -0.0000100273  -0.0000155718  -0.0001376909   0.0000134386  -0.0000201311
66  2   0.0000583018   0.0002201256  -0.0003384004  -0.0003181510   0.0006275676
66  3  -0.0000100586   0.0009609657   0.0035552287   0.0165322395  -0.0065442908
66  4   0.0067609535   0.1089487053  -0.0434623506   0.0106738171   0.0077901930
66  5  -0.0086915562   0.0001566804  -0.0013656418   0.0027417535  -0.0029418652
66  6   0.0000211818  -0.0007421124   0.0000970682  -0.0000601652   0.0001160650
66  7  -0.0000588467   0.0000648398  -0.0000979842  -0.0000131438   0.0000220469
66  8  -0.0000046440  -0.0000559378   0.0000411905  -0.0000170376   0.0000226452
66  9  -0.0000222867   0.0000187375   0.0000373804  -0.0000326311  -0.0000117515
66 10  -0.0001199514   0.0001068549  -0.0001647900   0.0000913231  -0.0000138600
66 11   0.0000223623   0.0003670303  -0.0005985429  -0.0002641954  -0.0005764097
66 12  -0.0003412019   0.0005262699  -0.0004705841   0.0009015140  -0.0011703886
66 13  -0.0010143896  -0.0007626846  -0.0009185297  -0.0166989615  -0.1323524171
66 14   0.0579441992   0.0008095126   0.0015777947   0.0014897050   0.0002154427
66 15  -0.0007045785  -0.0012064702  -0.0016954003   0.0006599518  -0.0001516427
66 16   0.0000073036  -0.0000283404   0.0000252261
67  1  -0.0000719765  -0.0000201479  -0.0000009580  -0.0000103342   0.0000475571
67  2  -0.0000462382   0.0000483451  -0.0000109389   0.0000692027   0.0000651173
67  3  -0.0002529503  -0.0000144033   0.0003395809   0.0004260405   0.0002253221
67  4   0.0031559711  -0.0034934144   0.0007312162  -0.0223806287   0.0097338535
67  5  -0.0083814887  -0.4134596173  -0.0478116314   0.0272870739   0.0028394015
67  6   0.0028465710  -0.0018973103   0.0000903809  -0.0000832298   0.0000790230
67  7  -0.0000572985   0.0000296861  -0.0000869390  -0.0000324917   0.0000717425
67  8  -0.0000252388   0.0000184988   0.0000090600   0.0000047541  -0.0000135795
67  9   0.0000076663  -0.0000143245   0.0000057807   0.0000003125   0.0000060349
67 10   0.0000072606   0.0000023136  -0.0000086922   0.0000166183   0.0000079835
67 11  -0.0000080015  -0.0000575627  -0.0000024504   0.0000545728  -0.0001240070
67 12   0.0000135077   0.0000545735   0.0001746910   0.0000646063   0.0001274843
67 13   0.0002068469  -0.0004389204  -0.0001477940  -0.0009116256   0.0002280432
67 14   0.0008095126   0.4284939774   0.0390293397  -0.0191228348   0.0012189189
67 15  -0.0009439125   0.0006553382   0.0004119533   0.0005644894  -0.0003331363
67 16   0.0000257790  -0.0000251768  -0.0000167485
68  1   0.0000503446  -0.0000188925  -0.0000773011   0.0000100814  -0.0000073613
68  2   0.0000020608  -0.0000670188   0.0000016362  -0.0000643201  -0.0000750773
68  3   0.0005068224  -0.0001089367   0.0011980226  -0.0008093505  -0.0001022107
68  4  -0.0008116270   0.0000106890   0.0073529445  -0.0396393868  -0.0118422528
68  5   0.0067834586   0.0005621216  -0.0283067032   0.0059681180   0.0002443151
68  6  -0.0016896822  -0.0047669578  -0.0000403539   0.0001329392  -0.0000525036
68  7   0.0000374878   0.0000215814   0.0000300431   0.0000102753  -0.0000811780
68  8   0.0000972384  -0.0000203653   0.0000046056  -0.0000098110   0.0000071753
68  9  -0.0000003729  -0.0000001171  -0.0000022539  -0.0000078296  -0.0000056265
68 10  -0.0000237081   0.0000035210  -0.0000059725  -0.0000146657  -0.0000075853
68 11   0.0000127185   0.0000611388  -0.0000390826  -0.0000665838   0.0001813374
68 12  -0.0000009021  -0.0000457875   0.0001234245  -0.0000880378  -0.0003361656
68 13  -0.0005735161   0.0003372394   0.0001491146  -0.0002974884   0.0013365355
68 14   0.0015777947   0.0390293397   0.0401609664  -0.0167860461   0.0002125639
68 15  -0.0001359312   0.0018801586  -0.0001526864   0.0004865071  -0.0014364619
68 16  -0.0000094800   0.0000321189   0.0000111520
69  1  -0.0000430761  -0.0000456165  -0.0000788863  -0.0000003290   0.0000275524
69  2  -0.0000305756   0.0000255581  -0.0000681380   0.0000062039   0.0001931761
69  3  -0.0000098286   0.0001566717   0.0001836764   0.0001743653  -0.0001212110
69  4  -0.0017474232   0.0078674014   0.0037129970   0.0327218784   0.0081423915
69  5  -0.0093346305  -0.0135587313   0.0036077194  -0.0247667448   0.0013153255
69  6  -0.0044881862  -0.0024163360   0.0001050085  -0.0000007618   0.0000664454
69  7  -0.0000724157   0.0000299158  -0.0000471026  -0.0000544406   0.0000018761
69  8   0.0001135600   0.0000124946   0.0000107071   0.0000000759  -0.0000031251
69  9   0.0000031527  -0.0000078260   0.0000038929  -0.0000118702   0.0000005532
69 10  -0.0000081344   0.0000046536  -0.0000157822   0.0000265445  -0.0000017118
69 11   0.0000183287  -0.0000610330  -0.0000330103   0.0000058768  -0.0000791307
69 12  -0.0001033316   0.0000404596   0.0004451916   0.0000981572  -0.0001154295
69 13  -0.0003682233  -0.0004529510  -0.0001135402   0.0018309648   0.0014204330
69 14   0.0014897050  -0.0191228348  -0.0167860461   0.0324224224  -0.0016762975
69 15   0.0014455813   0.0000089073  -0.0000923858  -0.0008217072  -0.0009901401
69 16   0.0000238692  -0.0000107475  -0.0000040021
70  1   0.0000251381  -0.0000087263  -0.0000228220  -0.0000289703   0.0000114323
70  2  -0.0000383986  -0.0000883065  -0.0000558705   0.0000900658  -0.0001682622
70  3   0.0002310712  -0.0002945381  -0.0001807760  -0.0003272704   0.0010602832
70  4  -0.0001558022   0.0032964682  -0.0041234734  -0.0241143534  -0.0107561617
70  5   0.0001329256   0.0033283890  -0.0004702103   0.0038413840  -0.3964805846
70  6  -0.1119642660  -0.0215505693  -0.0000335837  -0.0000122588  -0.0000132288
70  7   0.0000297166   0.0000038602  -0.0000103690   0.0000081720  -0.0000084141
70  8  -0.0000001424  -0.0000076675  -0.0000020135  -0.0000030736   0.0000007068
70  9  -0.0000035278  -0.0000029004   0.0000006780   0.0000006625   0.0000000764
70 10   0.0000043486  -0.0000041948  -0.0000024009   0.0000039857   0.0000024615
70 11   0.0000054291   0.0000039144   0.0000035295   0.0000083099   0.0000215778
70 12  -0.0000078861  -0.0000020353   0.0000513346  -0.0000521866  -0.0000254816
70 13  -0.0001817762   0.0000524242  -0.0000291837   0.0004874694   0.0000590576
70 14   0.0002154427   0.0012189189   0.0002125639  -0.0016762975   0.4225194942
70 15   0.1218561938   0.0264219620  -0.0062521307  -0.0020575786  -0.0039849358
70 16  -0.0000116308   0.0000008406   0.0000039720
71  1  -0.0000398566  -0.0000064201  -0.0000297737   0.0000362869  -0.0000032051
71  2   0.0000112640   0.0000914074   0.0000448585  -0.0000573801   0.0001162198
71  3  -0.0001711618   0.0002565708   0.0011605687   0.0012594879   0.0002998080
71  4   0.0021860923  -0.0031553670   0.0044600489   0.0302255449   0.0057008842
71  5  -0.0009121153   0.0001274045   0.0001704849  -0.0030409841  -0.1430325507
71  6  -0.0736480760   0.0234248616   0.0000596629   0.0000026722   0.0000536245
71  7  -0.0000304130   0.0000673323  -0.0000323410  -0.0000167546   0.0000203098
71  8   0.0000204140   0.0000033746   0.0000092301  -0.0000010720  -0.0000042403
71  9   0.0000061017  -0.0000048350   0.0000049913  -0.0000021433  -0.0000002244
71 10  -0.0000121656   0.0000069245  -0.0000132429   0.0000032847  -0.0000046921
71 11  -0.0000011766   0.0000178954  -0.0000113306  -0.0000213272   0.0000017290
71 12   0.0000087510   0.0000122497   0.0000855070  -0.0000531176   0.0000110389
71 13  -0.0002015999   0.0000301188  -0.0001782441   0.0005340382   0.0000294383
71 14  -0.0007045785  -0.0009439125  -0.0001359312   0.0014455813   0.1218561938
71 15   0.0751527504  -0.0190366133  -0.0122465818  -0.0053147607  -0.0059622905
71 16   0.0000178737  -0.0000031390   0.0000007369
72  1  -0.0000281422  -0.0000075741   0.0000820441  -0.0000144748   0.0000534112
72  2  -0.0000132015  -0.0000680869  -0.0000693793   0.0000669721  -0.0001410802
72  3   0.0002811761  -0.0002136485  -0.0003535952   0.0003603827   0.0015295516
72  4  -0.0013770105   0.0030803169   0.0004335911  -0.0127089478  -0.0147876657
72  5   0.0013254753   0.0005507649   0.0000900123  -0.0024143363  -0.0456343005
72  6   0.0199627809  -0.0466732612   0.0000558030  -0.0000403686   0.0000696464
72  7  -0.0000664436  -0.0000300934   0.0000033384  -0.0000129801   0.0000209589
72  8  -0.0000461437  -0.0000012562   0.0000096509   0.0000063074  -0.0000034689
72  9   0.0000047399   0.0000055595   0.0000046026   0.0000038510   0.0000003979
72 10  -0.0000098808  -0.0000037415  -0.0000160028   0.0000048840  -0.0000020631
72 11   0.0000065464   0.0000332199   0.0000126605  -0.0000069456   0.0000200940
72 12  -0.0000162962  -0.0000048354   0.0000597981  -0.0001359151   0.0000523841
72 13  -0.0001281905   0.0000998045  -0.0000640282   0.0001511292  -0.0000274122
72 14  -0.0012064702   0.0006553382   0.0018801586   0.0000089073   0.0264219620
72 15  -0.0190366133   0.0433238171   0.0325757978   0.0083016122   0.0037479960
72 16   0.0000144644  -0.0000043942  -0.0000036614
73  1   0.0000472712   0.0000105318   0.0000109548   0.0000113291  -0.0000089095
73  2   0.0000221741  -0.0000112671   0.0000152102  -0.0000400713   0.0000146822
73  3   0.0000396889   0.0000806231  -0.0001740055  -0.0003618086  -0.0001538556
73  4  -0.0012905623   0.0009265618   0.0008398232   0.0158439449   0.0059879424
73  5  -0.0208416058  -0.0029448325   0.0045903821  -0.0015062906  -0.1120710520
73  6  -0.0494126771   0.0996809612  -0.0000741641   0.0000921689  -0.0000716517
73  7   0.0000610841  -0.0000033141   0.0000458482   0.0000433712  -0.0000429980
73  8  -0.0000085820  -0.0000207262  -0.0000014524  -0.0000064673   0.0000009582
73  9  -0.0000013849   0.0000010498  -0.0000067886   0.0000026373  -0.0000044967
73 10   0.0000059276   0.0000006985   0.0000124284   0.0000110146  -0.0000187338
73 11   0.0000078822  -0.0000131283   0.0000305109   0.0000012846  -0.0000367415
73 12  -0.0000474038  -0.0000239384   0.0000696099  -0.0000373273   0.0001409284
73 13   0.0002570975  -0.0001024913   0.0001354678  -0.0016263564  -0.0004762503
73 14  -0.0016954003   0.0004119533  -0.0001526864  -0.0000923858  -0.0062521307
73 15  -0.0122465818   0.0325757978   0.1077605151   0.0511913317  -0.1091188699
73 16  -0.0000170036   0.0000263547   0.0000083918
74  1  -0.0000234003  -0.0000890282   0.0000062029   0.0000014995   0.0000791939
74  2  -0.0000109822  -0.0000523157  -0.0000600889   0.0000477206   0.0000406025
74  3   0.0001805950  -0.0000690263   0.0005118240  -0.0012755416  -0.0006342206
74  4  -0.0029682658   0.0013119252  -0.0022427061  -0.0083284598  -0.0179300662
74  5   0.0233665803   0.0045531312  -0.0000292755   0.0030509312  -0.0424956123
74  6  -0.0693222358   0.1278926875   0.0000585112  -0.0000869924   0.0001289088
74  7  -0.0000520467   0.0000176233  -0.0000765412  -0.0000322353  -0.0000052880
74  8  -0.0000368230  -0.0000072289   0.0000249719  -0.0000077400  -0.0000157686
74  9   0.0000107225  -0.0000172311   0.0000089286  -0.0000004949  -0.0000005814
74 10  -0.0000028750   0.0000103033  -0.0000072808   0.0000184576  -0.0000142282
74 11   0.0000091527   0.0000389694  -0.0000096702  -0.0000037026  -0.0000148281
74 12  -0.0000439032  -0.0000193304  -0.0004223447   0.0001700560  -0.0003369408
74 13   0.0000839116  -0.0000132621   0.0001443438  -0.0006215991   0.0011593915
74 14   0.0006599518   0.0005644894   0.0004865071  -0.0008217072  -0.0020575786
74 15  -0.0053147607   0.0083016122   0.0511913317   0.0907558209  -0.1593240144
74 16   0.0000229021  -0.0000122748   0.0000007364
75  1   0.0000280570  -0.0000410383  -0.0000792255   0.0000244616  -0.0000187438
75  2   0.0000126678   0.0000255863   0.0000235823  -0.0000293082   0.0000462110
75  3  -0.0000746673   0.0001202958  -0.0005850462   0.0002008737  -0.0001395283
75  4   0.0005203923  -0.0011242919   0.0016197835   0.0112725525  -0.0003395514
75  5  -0.0148780222  -0.0030058006   0.0037272586   0.0034795400   0.1067680467
75  6   0.1650191437  -0.3271452352  -0.0000067705   0.0000358704   0.0000041622
75  7   0.0000145958   0.0000468017  -0.0000145530   0.0000051321  -0.0000490618
75  8   0.0000237342  -0.0000224919   0.0000151231  -0.0000170992   0.0000022958
75  9  -0.0000055845  -0.0000020923  -0.0000022160  -0.0000054180  -0.0000054201
75 10  -0.0000070205   0.0000106699  -0.0000124752   0.0000148410  -0.0000190350
75 11   0.0000075616   0.0000046439  -0.0000157938  -0.0000202297  -0.0000744995
75 12  -0.0000451091   0.0000036700   0.0001535143  -0.0000088940   0.0000849639
75 13   0.0002148659  -0.0002667591   0.0000967422  -0.0019528798  -0.0003529965
75 14  -0.0001516427  -0.0003331363  -0.0014364619  -0.0009901401  -0.0039849358
75 15  -0.0059622905   0.0037479960  -0.1091188699  -0.1593240144   0.3342677989
75 16  -0.0000015291   0.0000103880   0.0000160557
76  1  -0.0004680537  -0.0005963098  -0.0001425428  -0.0005360887   0.0025237502
76  2   0.0004459609   0.0002976511   0.0017790210  -0.0000551671  -0.0002536068
76  3  -0.0005214864  -0.0000256155  -0.0001846149   0.0001611717  -0.0000246437
76  4   0.0002766880  -0.0000353509  -0.0000007986  -0.0003309795   0.0000058118
76  5   0.0000439981   0.0001088138   0.0000809890   0.0000250661   0.0001348912
76  6  -0.0000924190   0.0000559161  -0.0021196705  -0.0024847279   0.0060223370
76  7   0.0062534468   0.0031070766  -0.0002518851  -0.1571573271  -0.0567093331
76  8  -0.2182383473   0.0000019194   0.0000254828   0.0001751244   0.0000038153
76  9  -0.0002663467   0.0000135140   0.0006223649   0.0007059848  -0.0001275607
76 10  -0.0000254312  -0.0004313887  -0.0000630652  -0.0012235974  -0.0005326389
76 11   0.0005133205  -0.0000168848   0.0001071561  -0.0000649757   0.0002170534
76 12  -0.0001320644   0.0001022459   0.0000247140  -0.0000164624   0.0000035495
76 13  -0.0000582031  -0.0000471063   0.0000275334  -0.0000145693   0.0000097296
76 14   0.0000073036   0.0000257790  -0.0000094800   0.0000238692  -0.0000116308
76 15   0.0000178737   0.0000144644  -0.0000170036   0.0000229021  -0.0000015291
76 16   0.1544505242   0.0533281651   0.2115219275
77  1  -0.0007265211   0.0016538874   0.0008262058   0.0010004271  -0.0016488927
77  2  -0.0013548508   0.0007706090   0.0003875742  -0.0001874241  -0.0001090467
77  3  -0.0002691674   0.0003203530   0.0002091527   0.0001835402  -0.0000865527
77  4  -0.0004882549  -0.0001058841   0.0000720124   0.0004360873   0.0001423024
77  5  -0.0001608741  -0.0001618555  -0.0000882719   0.0002091084  -0.0001481746
77  6  -0.0000061233  -0.0000365109  -0.0289901773  -0.0065791503  -0.0358831785
77  7   0.0024542083  -0.0091381063  -0.0041449066  -0.0282734582  -0.0625022445
77  8  -0.0611596940   0.0000883049   0.0004602838  -0.0001506180  -0.0000650033
77  9  -0.0001418577  -0.0000280866   0.0006886757  -0.0008579780   0.0023224823
77 10  -0.0003534943   0.0000853441   0.0001708374   0.0002287826   0.0001798764
77 11  -0.0001642454   0.0000588244   0.0000093982   0.0000212152   0.0000339686
77 12   0.0000283280  -0.0000250444  -0.0000273343   0.0000012757  -0.0000278105
77 13  -0.0000149451  -0.0000160876  -0.0000017955   0.0000590411  -0.0000336890
77 14  -0.0000283404  -0.0000251768   0.0000321189  -0.0000107475   0.0000008406
77 15  -0.0000031390  -0.0000043942   0.0000263547  -0.0000122748   0.0000103880
77 16   0.0533281651   0.0782389371   0.0995024716
78  1  -0.0002425475   0.0003354952  -0.0005629561   0.0001769515   0.0024194929
78  2   0.0028872443  -0.0002287883  -0.0009034062  -0.0001294599   0.0001331941
78  3   0.0004466877   0.0003512183   0.0001218707  -0.0000679875  -0.0000563949
78  4  -0.0001958117   0.0000139453  -0.0000448579   0.0001657288   0.0000668124
78  5   0.0000623601  -0.0000536699  -0.0001116132  -0.0001193232  -0.0000819637
78  6   0.0000605104  -0.0000216305  -0.0059310456  -0.0010850364  -0.0160652931
78  7  -0.0002284937  -0.0031430520   0.0055781402  -0.2057295234  -0.0988294531
78  8  -0.3207066803  -0.0002574918   0.0000107247   0.0000859272   0.0000768395
78  9  -0.0000053303   0.0001615070  -0.0000314246   0.0003579767  -0.0005195452
78 10   0.0000667185   0.0002187596  -0.0000568473   0.0008580882   0.0005999732
78 11  -0.0000176199  -0.0000573682  -0.0000372880  -0.0001206318  -0.0001329572
78 12   0.0001116894  -0.0001228446   0.0000191781  -0.0000123537  -0.0000309569
78 13   0.0000269181   0.0000243718   0.0000109294   0.0000080554   0.0000139842
78 14   0.0000252261  -0.0000167485   0.0000111520  -0.0000040021   0.0000039720
78 15   0.0000007369  -0.0000036614   0.0000083918   0.0000007364   0.0000160557
78 16   0.2115219275   0.0995024716   0.3294040968
$end
