$coord
-4.37368209421665 5.59558682492251 0.26842649170022 c
-5.89908318681838 3.30242151099774 1.11069360931872 c
-4.94149767960599 0.9217627521626 0.06555479073131 n
-6.78022474313279 -1.13421375836857 0.32449114829044 c
-6.1527483064517 -3.42205984191517 -1.30783647877938 c
-2.43283677171788 0.24884946226988996 1.05459024701123 c
-0.44187076369507 0.18892217480358 -1.03261123141692 c
2.07045964741455 -0.41335610537628 -0.07341964228212 n
4.04021568345061 -0.09932283601071 -1.98499647657746 c
6.3190780184221 -1.5335273250627 -0.90555075672788 c
8.71658637708712 0.56434009836459 0.38116030514155 s
7.596017426492321 2.54838715207233 1.9873005433849698 o
10.81758181605382 -0.96594257507039 1.37630324327647 o
9.84401159402343 1.9245511394494201 -2.17801291311149 o
5.2418236202245 -3.25000672297403 1.1992130510529 c
2.38337730810667 -3.01195655087831 0.83494202297635 c
-4.35659608470616 5.73935930710635 -1.79074523493155 h
-2.41910819344267 5.50691508435242 0.92353622474195 h
-5.20960563654709 7.32011661016128 1.03678392291605 h
-5.9647794041481 3.23748209645847 3.19580225534901 h
-7.845900442273359 3.52208870227527 0.4617167339468 h
-6.96544091631673 -1.73170716320154 2.31599480322753 h
-8.61941677795004 -0.39308836134523 -0.24754038574142997 h
-7.625145320237491 -4.85547138958079 -1.10726683760932 h
-4.36153528266379 -4.29248351287897 -0.76758166986623 h
-6.03010837010304 -2.88408781753821 -3.29692733268424 h
-2.52476397701038 -1.58864770742761 1.9953938493769503 h
-1.83619057453328 1.60418553113787 2.4973689923903 h
-0.36287224510418 2.05087575912218 -1.9181377135722397 h
-1.02454770896017 -1.16349227972227 -2.50734160138123 h
3.52424185180608 -1.00062911544668 -3.78865314454244 h
4.39216070388248 1.89503983711449 -2.36610636000217 h
7.3473251864085 -2.57339646791516 -2.34939296820472 h
9.12214848424557 3.60700461749165 -2.3537369433648 h
5.92132734912238 -5.18044294432308 1.01358577001221 h
5.76627498328605 -2.56568003408417 3.06998921815931 h
1.71263488156357 -4.39150800105766 -0.5762162107975 h
1.35268954804194 -3.32686815008584 2.58694743053828 h
$user-defined bonds 
 
$end
