$dipgrad          cartesian dipole gradients
  0.81326444317104D-01  -.79340968173461D-01  -.20986575954531D-02
  -.40646052584544D-01  -.45557889201619D-01  0.23989106892693D-01
  0.26012205166595D-01  0.39448240494882D-01  0.65813515835118D-01
  0.19185805042216D+00  -.14954833121669D+00  -.68621302511222D-01
  -.19067045298229D+00  0.58195246377617D+00  0.13449042933111D+00
  -.90292318142682D-01  0.11788665237458D+00  0.42892357032351D+00
  -.75933354078423D+00  -.10964297045680D-01  0.11997805461213D+00
  0.21443645791996D-01  -.76415628947107D+00  -.64998465468486D-01
  -.78743144303814D-03  -.43084946061811D-01  -.53060785940333D+00
  0.36933301385034D+00  0.26414243257145D+00  -.33924856408562D-01
  0.31293944025312D+00  0.44140409879101D+00  -.69458605617737D-01
  -.92952961517934D-02  -.59738223820139D-01  0.38924649936852D+00
  0.11137840610628D+00  0.26161771949149D-01  -.10636669642337D-02
  -.29945514824212D-01  -.31928593262532D-01  -.71011987776431D-01
  0.50232452846794D-01  -.94176816248043D-01  0.64956389736194D-01
  0.50787549310749D+00  -.88495411023683D-01  0.22019743960157D-02
  -.10155775795781D+00  0.16141600099856D+00  -.23129744405544D-01
  0.98122979174022D-02  -.11988483119694D-01  0.21229376350179D+00
  0.63850640470233D+00  -.81257231641748D-01  0.12631892621099D+00
  -.13918133645720D+00  0.28240938540613D+00  0.10647488103680D+00
  0.22266469661862D+00  0.90325300870977D-01  0.23642169698928D+00
  -.88853523556233D+00  0.71774654465558D-01  0.25868087595337D-01
  0.97628513155397D-01  -.53501405505687D+00  -.62928783745895D-01
  -.58467388576603D-01  -.44421467132089D-01  -.53712282702587D+00
  0.37172957899460D+00  0.92092438066875D-01  -.10498494444133D+00
  0.44812169681668D-01  0.16132615015838D+00  0.43469900860765D-01
  -.21649121108135D+00  0.69859560113912D-01  0.43071370038151D+00
  -.37211125702334D-01  0.46769883680537D-01  -.97575558476500D-02
  0.35043927739983D-01  -.26717272723429D-01  0.36067653716041D-01
  -.33180918437747D-01  0.43707917720167D-01  -.57863213010442D-01
  0.22816459463901D+01  0.16599465599050D-01  -.59297935516518D-01
  0.15117402801163D+00  0.19040612756945D+01  -.13182876008340D+00
  -.99424083456436D-02  -.13225453521575D+00  0.18538194429825D+01
  -.73145371747244D+00  0.42378323731439D-01  0.80530710787138D-01
  0.23640722754791D-01  -.89440007811180D+00  -.27491077498327D+00
  -.19156721148040D-01  -.17471119781490D+00  -.72344505149987D+00
  -.11392805746137D+01  0.16402325710184D+00  -.20862822694270D+00
  0.16579430725280D+00  -.68124170766749D+00  0.97506328256267D-01
  -.25766964183451D+00  0.50562208848310D-01  -.57094291022461D+00
  -.72714711635222D+00  -.24640305887384D+00  0.16242590467725D+00
  -.40763343649840D+00  -.73090064582836D+00  0.38158572519055D+00
  0.26003804180420D+00  0.40791999517844D+00  -.97038252362530D+00
  -.73203036857382D-02  -.33655601821778D-01  0.48690502625334D-02
  -.24064503585122D-01  0.14096368997423D+00  0.36048485905124D-01
  -.81793413130382D-01  -.76165983133314D-01  0.74570211765764D-01
  0.14121435528827D+00  0.36607350501771D-01  0.42866254834968D-01
  -.16699671600450D-01  0.44473820860069D+00  0.46388890074689D-01
  0.14309468455938D+00  0.34880971656913D-01  0.31493387427916D+00
  0.51996114992449D-01  -.27333178287386D-01  0.60891677240133D-02
  -.21679548418870D-01  0.57384674599571D-01  -.19548300147409D-01
  0.19933922406940D-01  0.55082680754834D-01  -.13456608335996D+00
  -.12916257430204D+00  -.13703734385150D-01  -.38495690648624D-01
  0.15362206977086D-01  0.65728278265882D-01  0.29676442904183D-01
  -.72472605484822D-01  0.36716801672189D-01  0.23609032517428D-01
  0.14206766771609D-01  0.93959837418829D-01  0.44550720231698D-01
  0.58197905924945D-01  -.13339956898739D+00  -.50520501899944D-01
  0.46342537212838D-01  -.78193003835675D-01  0.39093245921803D-01
  0.24229044703982D-01  0.50104801900290D-02  -.31561756648495D-02
  0.10819154646499D-01  -.85525264691754D-01  0.53598674224764D-01
  0.93732052485505D-01  -.84056031792621D-01  -.27081738820250D+00
  -.17174345719817D+00  0.30513396798880D-01  -.36790849271318D-01
  0.69718741463924D-02  0.13144616554353D-01  -.36648252602931D-02
  -.74704648281207D-01  0.67800698584790D-03  0.24372058119568D-01
  -.39736230886516D-02  -.37773746599056D-01  -.19492342095185D-01
  -.81027394815945D-01  -.83261172863049D-01  0.15439664075114D-01
  0.11727716063086D+00  0.10390390061229D+00  -.24569841523192D+00
  -.15001828968702D+00  0.49801232012068D-01  -.30298689981548D-01
  0.88069507993454D-01  -.10047857507172D-01  0.11095312078001D-01
  -.56047354780252D-01  0.19334337480459D-01  0.31779877507142D-01
  -.74849166108795D-01  -.13793582060726D+00  0.56561827334400D-02
  -.10341444173093D+00  -.71192351035016D-01  -.17720640657109D-01
  0.37597357566354D-01  0.44794921985463D-02  0.63721273981046D-01
  -.10500907644626D+00  0.99431473395197D-01  -.28191307251370D-01
  0.90782249335043D-01  0.31933178509388D-01  0.49719097953629D-03
  -.71723273063627D-01  0.57355645740147D-02  0.97366249914541D-02
  0.68375421408162D-01  0.15959032864697D-01  0.36789263978225D-01
  0.92875134987976D-02  0.35601440421521D-01  0.69836044488230D-01
  0.22293048235595D-01  -.24067565760024D-02  -.11784598154592D+00
  0.10559987273199D-01  0.13757572942892D-03  0.42021900960963D-01
  0.56700017051809D-01  -.12923561869196D+00  0.95674129993477D-01
  0.13041623713797D-01  0.72630487770055D-01  0.41172086063761D-02
  -.23712313503002D-01  -.34456057093282D-01  -.14696135685276D-01
  -.50354179134464D-01  -.17168488433885D-01  -.11163636872808D+00
  -.21361702526113D-01  -.83526465067117D-01  -.46998617151348D-01
  0.45647519524338D-02  -.18242155466627D-01  0.61793449079122D-02
  0.10404211868927D-02  -.89826779104768D-01  0.74564322340102D-01
  -.31352265660151D-01  0.64946509720005D-01  0.12425337910219D-01
  -.88213923582175D-01  0.41739525143274D-01  -.55526504014076D-02
  -.62980793978864D-01  -.75153392585981D-01  -.14193003102164D+00
  -.99946425104510D-01  -.74831667510799D-01  -.10112446252647D+00
  -.83170630813646D-01  -.52997982663608D-01  -.88445637104394D-01
  0.11890912785256D-01  -.64338363913935D-02  -.12648437311127D+00
  0.45815777807408D-01  -.45129880487542D-01  -.17770512328386D+00
  0.44184387564963D-01  -.32114174037566D-01  0.12027933859828D-01
  -.45545795748035D-01  -.96026164921575D-01  0.63013383103295D-01
  0.49834988721243D-01  0.23962905408425D-01  0.30666648240280D-01
  -.51565054408298D-01  -.34020194381694D-01  0.26389659364853D-02
  0.31461836929524D-03  0.16518119595432D-01  -.44081936148532D-01
  0.24728121131763D-01  -.35126878065277D-01  0.65124051367945D-02
  0.28253125732958D+00  0.81631155074865D-01  0.31633343556161D-01
  0.12776632339124D+00  0.32229717369270D+00  -.66188636740614D-01
  0.15508971730430D-01  -.25934166284377D-01  0.27374860018837D+00
  -.86518842461839D-02  0.35966604593585D-01  -.18498226419383D-02
  0.46547973011688D-01  -.95848115300809D-01  0.23200161943206D-01
  0.25711291136929D-01  -.18481488077996D-01  0.64213463795376D-01
  0.37277468466474D-01  0.95261293005017D-03  -.20648795437827D-01
  -.18863595861985D-01  0.44740525571583D-01  -.54532998246893D-01
  -.32780882903613D-01  -.13779268897147D-01  -.18280624699309D-01
  -.37390009185081D-01  -.72477539628760D-01  -.50117931303230D-01
  -.24073916630453D-01  -.13079745966130D+00  -.22339148757189D-01
  -.91510998633194D-01  -.16647643040340D+00  -.94272344145884D-01
  -.15051276875711D-01  -.64933020871107D-01  0.73467386449744D-01
  -.17889040149552D-01  0.28213320912508D-01  0.14298155405705D-01
  0.10530567303657D+00  0.22422155108852D-01  -.58015017118916D-01
$end
