$dipgrad          cartesian dipole gradients
  -.41467188165698D+00  -.41682139154257D-01  0.19830325418171D+00
  -.11196939723800D+00  -.79282888053590D+00  0.29112434654529D+00
  0.21509168658861D+00  0.71422741929686D-01  -.92319272923093D+00
  0.34204266541726D+00  0.88113531679686D-01  -.32657620912035D+00
  0.14510816879577D+00  0.12482031188346D+01  0.20637556765623D+00
  -.35986164816323D+00  0.20186288091770D+00  0.14634495727942D+01
  -.34819849800512D+00  0.58225110826948D-01  0.11626678345201D+00
  0.97097276486854D-01  -.71911733440785D+00  -.54187457167317D+00
  0.14045447055785D+00  -.41494203006750D+00  -.91259445384157D+00
  0.42394528482264D+00  -.85893747916575D-01  0.68038287498222D-01
  -.10036065480502D+00  0.24314771295083D+00  -.73070381020406D-01
  -.12067267149196D-01  -.13249347104865D+00  0.64746065133390D+00
  -.48328643109917D+00  0.57336483583929D-01  -.60851973381533D-01
  0.36262762005426D-01  -.54278850670236D+00  0.82909188523276D-01
  -.65418041314899D-01  0.10125449143322D+00  -.82807524990310D+00
  -.88481032102685D-01  -.86899259191142D-01  -.11081183049818D-04
  -.11720891196478D+00  -.20547647958127D+00  0.40084616443327D-01
  0.83660005579245D-01  0.11915662010290D+00  0.49898073484418D-01
  0.12564121903290D+01  0.34895287452209D-01  -.69097698066627D+00
  0.12672573788395D+00  0.13209868949056D+01  0.20794561452802D+00
  -.85377954202021D+00  0.62975722441435D-01  0.90697059158730D+00
  -.69306645493282D+00  -.24273799522457D-01  0.18653036885356D+00
  0.13975334095791D+00  -.10069183198508D+01  -.28531410913541D+00
  0.21071919700187D+00  -.10789207079186D+00  -.54707772730819D+00
  -.10416762000050D+01  -.28198766193863D-01  0.46545125060015D+00
  -.16050167905773D+00  -.34696231426522D+00  0.86776142805110D-01
  0.54047331936308D+00  0.24477437386903D-01  -.70253635145201D+00
  -.25158162477602D+00  -.60548343632178D-01  0.22742336521470D-01
  -.13928424530756D+00  -.44502990397774D-01  -.51294567449819D-01
  -.61519429952127D-01  0.28898003593729D-02  -.68564406607987D-01
  0.14446480888169D+01  -.52438348846430D-01  -.22821378905163D+00
  0.65997667475950D-02  0.49714156486350D+00  0.47971870262448D+00
  -.16363690083414D+00  0.50677460483037D+00  0.14342920769567D+01
  -.10456882390893D+01  0.16559528038955D+00  0.39787840253877D+00
  0.57911152141590D-01  -.43062446351067D+00  -.15425002272552D+00
  0.25099941910397D+00  -.18432721281116D+00  -.80310475057742D+00
  -.55932252182538D+00  -.71696016731541D-01  -.21498101938593D+00
  -.45867979009266D-01  -.49860747942517D+00  -.32400418944460D+00
  -.56440660646564D-01  -.31329270273661D+00  -.10877128892015D+01
  0.32649286704580D+00  -.29345895953139D-01  0.21670732340779D-01
  -.28726920509044D-01  0.28185082206151D+00  0.69759571934707D-01
  0.31050547353896D-01  0.10524335306042D+00  0.26979353481068D+00
  0.31861769629762D+00  -.49532655206783D-01  -.32649980074626D-01
  -.38438986584259D-01  0.29994790225859D+00  -.56369839258672D-02
  -.27139588299347D-01  0.16106202452789D-01  0.33381619930921D+00
  -.36459458380461D-04  0.40161616944973D-01  0.20243468031643D-01
  0.21429651802823D-01  -.29359592414044D-02  -.27418488293797D-01
  0.42394125500972D-01  -.47577814505152D-01  0.58293352687534D-01
  0.87561395649777D-01  -.11928548389929D-01  0.18053327393174D-01
  -.26995921091934D-01  0.48678707325369D-01  0.20189780527926D-02
  -.16933778556825D-01  0.10199527060399D-01  -.22575858794525D-01
  0.36373019128841D+00  0.42361138419507D-01  0.10975336202677D-03
  0.15136613230119D-01  0.18706478735804D+00  -.26460011435826D-01
  -.17456353923146D-02  -.37365555015259D-01  0.33588182562996D+00
  0.20935118433011D-01  0.15894477935282D-01  -.40044777826442D-02
  0.39809147583885D-01  0.10220198246033D+00  0.28283828147589D-01
  -.51435528564839D-02  0.85918708526462D-02  -.67706346728461D-03
  0.10113945233179D+00  0.32923985563708D-01  -.85228130666291D-03
  0.60960614519302D-01  0.32158439124038D-01  0.59235248907884D-02
  0.77621643966980D-02  0.17685382206049D-01  0.92831027609968D-01
  0.24048439247939D+00  0.69306079423104D-02  0.43829827179174D-01
  0.22560463412049D-01  0.32938079573700D+00  -.11596757047163D-01
  0.10108110973921D+00  -.10749778057807D-01  0.30342457414201D+00
$end
