$hessian (projected)
 1  1   0.0981020041   0.0906981271  -0.1965291141  -0.1278496080  -0.0840079521
 1  2   0.1511245756   0.0205041231   0.0025733960   0.0327446115   0.0138710661
 1  3  -0.0054436291   0.0133125457   0.0009161689  -0.0052322508   0.0018894857
 1  4   0.0008052649   0.0021917415  -0.0001252684   0.0006515452   0.0012359520
 1  5   0.0007618768   0.0002543245  -0.0007121178  -0.0002656341  -0.0000581688
 1  6  -0.0001627807  -0.0000196665  -0.0004774197   0.0000038349  -0.0000294565
 1  7  -0.0010891711  -0.0030694154   0.0006040207   0.0009227475   0.0009906377
 1  8  -0.0009214840  -0.0000283189   0.0021031835  -0.0009921960  -0.0059682598
 1  9  -0.0008004923  -0.0008419208  -0.0014325995   0.0002016062   0.0001520868
 1 10   0.0002150042   0.0001679373  -0.0001860169  -0.0000001433   0.0001070957
 1 11   0.0003337392   0.0000946490  -0.0000266005   0.0000124019  -0.0002936071
 1 12  -0.0003833873  -0.0006436277   0.0004525519  -0.0002140992  -0.0007003216
 1 13   0.0004078469  -0.0002207865   0.0003193624
 2  1   0.0906981271   0.2238399965  -0.2480941108  -0.0796299727  -0.2423959798
 2  2   0.2166543516   0.0057498986   0.0379036148  -0.0182377161  -0.0120046783
 2  3  -0.0067591918   0.0317269816  -0.0013202797  -0.0107084604   0.0083515555
 2  4   0.0013296047  -0.0035404359   0.0011707124   0.0000555460   0.0027373375
 2  5  -0.0017131299  -0.0003097449  -0.0010825917   0.0004629915  -0.0011317490
 2  6  -0.0007783274   0.0009306559  -0.0015029927  -0.0012199374   0.0008121866
 2  7  -0.0039300170  -0.0010515272  -0.0002412577   0.0022028283   0.0000462681
 2  8  -0.0004350566   0.0015916978   0.0010352011   0.0004320199  -0.0007121452
 2  9   0.0046195606   0.0071155512  -0.0018213353   0.0000788164  -0.0007637424
 2 10  -0.0004933257  -0.0001264693   0.0003911404  -0.0000856870  -0.0005138103
 2 11  -0.0002319664   0.0002402035   0.0000900975   0.0001383921   0.0007579839
 2 12  -0.0016107542   0.0011402611   0.0003448847  -0.0000365249   0.0004715276
 2 13  -0.0000288472  -0.0005268822  -0.0000813475
 3  1  -0.1965291141  -0.2480941108   0.6368495155   0.1515994672   0.2297635989
 3  2  -0.5278712191   0.0344130485  -0.0070604733  -0.1005986082   0.0119747749
 3  3   0.0124983946  -0.0097297637  -0.0008923037   0.0056577784   0.0002816701
 3  4  -0.0019686164   0.0018998245  -0.0018076263   0.0011974691  -0.0018897867
 3  5   0.0005441504  -0.0005314283   0.0009432674   0.0006444409  -0.0000349953
 3  6   0.0002780816   0.0003285941   0.0009926363  -0.0031019490  -0.0020755855
 3  7  -0.0006220466   0.0012711446  -0.0038864093  -0.0011844499  -0.0006701665
 3  8   0.0019474282   0.0001729418  -0.0000621744   0.0023537485  -0.0006014581
 3  9   0.0083196203   0.0001512102   0.0016526144  -0.0016073551  -0.0003890316
 3 10  -0.0004218784  -0.0001579318  -0.0004409990   0.0009874925   0.0007360663
 3 11   0.0011224859  -0.0001890532   0.0000312173  -0.0001297265  -0.0000293558
 3 12   0.0012227102   0.0019563742   0.0000326289  -0.0003214443   0.0010959868
 3 13  -0.0000183741   0.0003436877  -0.0003466355
 4  1  -0.1278496080  -0.0796299727   0.1515994672   0.2923459738   0.0868861129
 4  2  -0.1800852041  -0.0670211376   0.0080445822   0.0361797466  -0.0858320949
 4  3  -0.0093158481  -0.0005882425   0.0013948153   0.0045199234  -0.0014764296
 4  4  -0.0145836109  -0.0353435837  -0.0017194301  -0.0059535205   0.0009306882
 4  5  -0.0031541571   0.0012330378   0.0001756508   0.0005178404  -0.0003803616
 4  6  -0.0007619481   0.0005565145   0.0047249802   0.0211923034  -0.0009131453
 4  7   0.0022955201   0.0072098063   0.0037174308  -0.0010866940  -0.0013106659
 4  8  -0.0001281397  -0.0014269126  -0.0022581986  -0.0007415044   0.0047260863
 4  9  -0.0039671918  -0.0081297958   0.0019734092   0.0021849995  -0.0008549862
 4 10  -0.0015925723  -0.0013645965   0.0007458420   0.0006643063   0.0003019634
 4 11   0.0003367405  -0.0000949360  -0.0001250341   0.0003806760   0.0000514063
 4 12   0.0008203987   0.0009789942  -0.0030888946   0.0019480747   0.0032434975
 4 13  -0.0004991924  -0.0001374640  -0.0004657146
 5  1  -0.0840079521  -0.2423959798   0.2297635989   0.0868861129   0.6460638742
 5  2  -0.1093512520   0.0022871176  -0.1869699839  -0.0695468034  -0.0054521733
 5  3  -0.1468380170   0.0047251816  -0.0018300904  -0.0086614699   0.0059983849
 5  4  -0.0158254132  -0.0021344969  -0.0059531406   0.0006197352  -0.0072419883
 5  5   0.0048556278   0.0001658545   0.0034242336  -0.0009136790   0.0027830282
 5  6   0.0021338000  -0.0027654308   0.0027624644  -0.0250620673  -0.0104725163
 5  7   0.0072111451   0.0025735329   0.0012555522  -0.0048718153  -0.0006058612
 5  8   0.0006882683  -0.0022149260  -0.0035775679  -0.0018276466   0.0082583204
 5  9  -0.0363367711  -0.0503061077   0.0011570974   0.0015008541   0.0018812246
 5 10   0.0020893749   0.0009740009  -0.0001807270   0.0005841169   0.0004489103
 5 11   0.0006988553  -0.0004165928  -0.0000349845  -0.0002513460  -0.0002430432
 5 12   0.0009404692   0.0008257870   0.0002199714   0.0004261690   0.0003679913
 5 13  -0.0001623330   0.0013733435   0.0005081774
 6  1   0.1511245756   0.2166543516  -0.5278712191  -0.1800852041  -0.1093512520
 6  2   0.8370759515   0.0332318790  -0.0941041759  -0.2269594919  -0.0082818011
 6  3  -0.0157881646  -0.0634459439   0.0065022521   0.0344430256  -0.0278219395
 6  4  -0.0009382163  -0.0083778496   0.0034684528  -0.0031733541   0.0019642269
 6  5  -0.0014764810   0.0011275018  -0.0012649302  -0.0003667866   0.0004957298
 6  6  -0.0005162957  -0.0004600201  -0.0023314648  -0.0182279024   0.0035035634
 6  7   0.0019839300  -0.0019081999   0.0063307998   0.0012626308   0.0004065018
 6  8  -0.0028150528  -0.0010727174  -0.0010003806  -0.0041474617  -0.0023784231
 6  9  -0.0044968392   0.0086680923  -0.0003326143   0.0057619463   0.0014153128
 6 10   0.0019258265   0.0007590774   0.0011523026  -0.0016920182  -0.0018532014
 6 11  -0.0016951428   0.0001115491   0.0000538020   0.0003135986  -0.0003570243
 6 12  -0.0020548015  -0.0022721719   0.0027224640  -0.0010255388  -0.0033528914
 6 13   0.0001544989  -0.0000733998   0.0007565288
 7  1   0.0205041231   0.0057498986   0.0344130485  -0.0670211376   0.0022871176
 7  2   0.0332318790   0.0706192258   0.0650457789  -0.0894734135   0.0100473132
 7  3  -0.0037619576  -0.0027786996   0.0005844853  -0.0011083845   0.0004064891
 7  4  -0.0010344757   0.0017743510   0.0005073809  -0.0000756098   0.0000347709
 7  5   0.0000974613   0.0000896859  -0.0003324127   0.0000189108   0.0002789656
 7  6   0.0002834626   0.0000719444  -0.0007475105  -0.0006420585   0.0006963586
 7  7  -0.0014854747  -0.0010526824  -0.0019227619   0.0002470383   0.0002774018
 7  8   0.0003702900   0.0005970579   0.0010850278   0.0008628845  -0.0334736952
 7  9  -0.0678620584   0.0247260019  -0.0003843529  -0.0004781822  -0.0001147359
 7 10   0.0007451293  -0.0002231604  -0.0003065364  -0.0000428661  -0.0003536206
 7 11  -0.0001952313   0.0000362685  -0.0000312461  -0.0000464061   0.0001064984
 7 12  -0.0004264008  -0.0002598232   0.0002547420  -0.0000855161  -0.0003114930
 7 13   0.0001545891  -0.0001801288   0.0000064520
 8  1   0.0025733960   0.0379036148  -0.0070604733   0.0080445822  -0.1869699839
 8  2  -0.0941041759   0.0650457789   0.6296870070   0.0303720023   0.0052580300
 8  3  -0.0238792293  -0.0361137564   0.0003086643  -0.0049189292   0.0006689586
 8  4   0.0018679476  -0.0038640717   0.0001608960   0.0006948343   0.0022340324
 8  5  -0.0019189706  -0.0005190444  -0.0007263293   0.0005234100  -0.0014667946
 8  6  -0.0005968009   0.0014645368  -0.0026840875  -0.0057741659   0.0023753013
 8  7  -0.0037248227  -0.0014314977  -0.0018834083   0.0018093853   0.0002639558
 8  8   0.0003299144   0.0014310280   0.0015934970   0.0017389708  -0.0797478991
 8  9  -0.4409745179   0.1054732075  -0.0005919142  -0.0008637508  -0.0005651808
 8 10  -0.0005030517  -0.0001707757   0.0001119433   0.0000821509  -0.0001600092
 8 11  -0.0000013795   0.0001816191  -0.0000016711   0.0000100018   0.0001233390
 8 12   0.0001371417   0.0000361906   0.0018179294  -0.0010006719  -0.0012612670
 8 13  -0.0000010707  -0.0004868443  -0.0003567214
 9  1   0.0327446115  -0.0182377161  -0.1005986082   0.0361797466  -0.0695468034
 9  2  -0.2269594919  -0.0894734135   0.0303720023   0.3884766654   0.0016816415
 9  3  -0.0044838515  -0.0062864507  -0.0000162348   0.0013678983   0.0062633339
 9  4   0.0011494019  -0.0015592584   0.0003357271   0.0007831555   0.0013944028
 9  5  -0.0019467379  -0.0004815602  -0.0003038666   0.0005652447  -0.0009548414
 9  6  -0.0006841344   0.0011010265  -0.0008992482   0.0000100752   0.0008509928
 9  7  -0.0027427225   0.0008437738  -0.0044497364   0.0004941480  -0.0003020687
 9  8   0.0014662221   0.0010972240   0.0007502075   0.0029681049   0.0195535271
 9  9   0.0613426255  -0.0615754718   0.0003768385  -0.0016887872  -0.0007703795
 9 10  -0.0004943323  -0.0000560143  -0.0001186934   0.0004325326   0.0003442249
 9 11   0.0003784078   0.0000222122   0.0000535039  -0.0000379752   0.0002652952
 9 12   0.0007277631   0.0007383563   0.0003444049  -0.0002677126   0.0001614893
 9 13  -0.0000623865  -0.0000762642  -0.0005620256
10  1   0.0138710661  -0.0120046783   0.0119747749  -0.0858320949  -0.0054521733
10  2  -0.0082818011   0.0100473132   0.0052580300   0.0016816415   0.4652548812
10  3  -0.0072373060  -0.0055212236  -0.0935919830  -0.0088319309   0.0157612319
10  4  -0.1448543140  -0.0124641589  -0.0078795359  -0.0182357846  -0.0204001618
10  5  -0.0011877930  -0.0013525125   0.0068889223   0.0017424460   0.0010677497
10  6   0.0010575096  -0.0020254239  -0.1103900578   0.0302784016   0.0214108807
10  7  -0.0241236719   0.0176336033   0.0208630880  -0.0049340389  -0.0015690999
10  8  -0.0010839216   0.0004277847   0.0002714583   0.0005488249   0.0053724488
10  9   0.0010863537   0.0027142352  -0.0007695347   0.0130011633  -0.0403206405
10 10  -0.0208968972  -0.0035385867  -0.0059724724  -0.0003994880   0.0012829200
10 11   0.0001899151   0.0004199842  -0.0001186291   0.0004836490   0.0047288733
10 12  -0.0046890448  -0.0040295325   0.0035498193  -0.0004090551  -0.0012402120
10 13   0.0006404572  -0.0000435374   0.0001718693
11  1  -0.0054436291  -0.0067591918   0.0124983946  -0.0093158481  -0.1468380170
11  2  -0.0157881646  -0.0037619576  -0.0238792293  -0.0044838515  -0.0072373060
11  3   0.4599728031   0.0027617345   0.0020034404  -0.0792308396   0.0441943321
11  4  -0.0073773907  -0.0820137705  -0.0023329192  -0.0374453485   0.0019014822
11  5  -0.0143075524   0.0050159421  -0.0027344841   0.0027117903  -0.0009825344
11  6  -0.0043791859   0.0029703866   0.0283226056  -0.1060321457  -0.0223820810
11  7   0.0034708575   0.0035498758   0.0062242319  -0.0054814037   0.0005933951
11  8   0.0003080614  -0.0017665825  -0.0015739618  -0.0001631248  -0.0002883110
11  9   0.0010280472  -0.0015717449   0.0001191933  -0.0011800519  -0.0035697852
11 10   0.0194604313   0.0036200521   0.0075527745   0.0052765015  -0.0005881160
11 11   0.0010795678  -0.0001626404  -0.0004302139   0.0015245907  -0.0066287145
11 12   0.0032267657   0.0049553267   0.0222334055  -0.0183901495  -0.0223040436
11 13  -0.0000107107   0.0001369358   0.0001220760
12  1   0.0133125457   0.0317269816  -0.0097297637  -0.0005882425   0.0047251816
12  2  -0.0634459439  -0.0027786996  -0.0361137564  -0.0062864507  -0.0055212236
12  3   0.0027617345   0.4766366198  -0.0219923073   0.0339499272  -0.1912471266
12  4  -0.0182114983  -0.0063196788  -0.0697892457   0.0062552040  -0.0068193808
12  5   0.0069275887   0.0000586648   0.0016996457  -0.0015845670   0.0019570705
12  6   0.0035486956  -0.0042758292   0.0239456551  -0.0272618934  -0.0987828088
12  7   0.0111453319   0.0134262411   0.0142796707  -0.0075373809  -0.0036965481
12  8  -0.0003395396  -0.0010012084  -0.0019117166  -0.0078902890   0.0014049918
12  9  -0.0031112503  -0.0055350405  -0.0014488232   0.0057068890  -0.0181556085
12 10   0.0161453066   0.0031059027   0.0043390672  -0.0289919667  -0.0033703010
12 11  -0.0083129196   0.0003978528   0.0006098613  -0.0006283579   0.0166043057
12 12  -0.0142439016  -0.0155098625  -0.0033408388   0.0016741501   0.0004134000
12 13   0.0001852602  -0.0000867834  -0.0010829933
13  1   0.0009161689  -0.0013202797  -0.0008923037   0.0013948153  -0.0018300904
13  2   0.0065022521   0.0005844853   0.0003086643  -0.0000162348  -0.0935919830
13  3   0.0020034404  -0.0219923073   0.5462452521   0.0662805671   0.1434655927
13  4  -0.0072331633   0.0118179518  -0.0436505033   0.0028719200   0.0034172962
13  5   0.0010196569   0.0000147296  -0.0022852226  -0.0010052822  -0.0006607902
13  6  -0.0005647144  -0.0009410298   0.0061346591  -0.0065745093   0.0217267003
13  7  -0.0005143553  -0.0031963505  -0.0074823017  -0.0000370257   0.0012933227
13  8   0.0026800769  -0.0083307236  -0.0013179301   0.0044752495  -0.0001985020
13  9   0.0000410996  -0.0000162688  -0.4405174969  -0.0684860839  -0.1051655228
13 10   0.0022815865   0.0001551218   0.0003018288  -0.0078675703  -0.0008166437
13 11  -0.0024028591   0.0000106717   0.0002294140  -0.0004295514  -0.0024070150
13 12   0.0018367462   0.0024873793   0.0005012313  -0.0012315368  -0.0010233695
13 13   0.0004031052   0.0002397373   0.0023587977
14  1  -0.0052322508  -0.0107084604   0.0056577784   0.0045199234  -0.0086614699
14  2   0.0344430256  -0.0011083845  -0.0049189292   0.0013678983  -0.0088319309
14  3  -0.0792308396   0.0339499272   0.0662805671   0.1074369430  -0.0627257255
14  4   0.0014423169   0.0051254429  -0.0006290025   0.0018627653  -0.0046839410
14  5   0.0000485151  -0.0019551418   0.0022444665  -0.0011374992  -0.0003513754
14  6   0.0010037734  -0.0004217972  -0.0019693065   0.0077109350  -0.0126771762
14  7  -0.0018211755  -0.0015603847   0.0008781020   0.0005849671   0.0003006525
14  8  -0.0000170328  -0.0007767106   0.0026112732   0.0000758849  -0.0000773575
14  9   0.0015435548   0.0022907429  -0.0523869214  -0.0200852532   0.0006450308
14 10  -0.0009645457  -0.0000769215  -0.0002614585  -0.0008613814   0.0002367521
14 11  -0.0004180475   0.0004452726   0.0000883384  -0.0000921158   0.0023588743
14 12  -0.0005489348  -0.0022482363  -0.0010730479   0.0023504933   0.0009242489
14 13  -0.0000851569  -0.0001774908   0.0003469372
15  1   0.0018894857   0.0083515555   0.0002816701  -0.0014764296   0.0059983849
15  2  -0.0278219395   0.0004064891   0.0006689586   0.0062633339   0.0157612319
15  3   0.0441943321  -0.1912471266   0.1434655927  -0.0627257255   0.3659617876
15  4  -0.0118955383   0.0054422883  -0.0276458218   0.0034765390   0.0033920769
15  5  -0.0032359054  -0.0010930809  -0.0012860844   0.0007106631  -0.0012781786
15  6  -0.0009474887   0.0021921240   0.0020859350   0.0101958663  -0.0438305740
15  7  -0.0066919993  -0.0028200537  -0.0063655325   0.0023865925   0.0009380612
15  8   0.0023652329   0.0037715967   0.0018042448   0.0052517975   0.0003514643
15  9  -0.0004876353   0.0007416785  -0.1527186069  -0.0109805873  -0.0826219742
15 10   0.0005405454   0.0003288817   0.0007165744  -0.0036339000  -0.0002471642
15 11  -0.0000997036  -0.0003271052  -0.0000534550  -0.0004733915   0.0062486195
15 12  -0.0036916521  -0.0028978797  -0.0016411894   0.0014247827   0.0019650963
15 13   0.0003719364   0.0005004132  -0.0002101093
16  1   0.0008052649   0.0013296047  -0.0019686164  -0.0145836109  -0.0158254132
16  2  -0.0009382163  -0.0010344757   0.0018679476   0.0011494019  -0.1448543140
16  3  -0.0073773907  -0.0182114983  -0.0072331633   0.0014423169  -0.0118955383
16  4   0.4644396981  -0.0529494180  -0.0516924815  -0.0951434519  -0.0188845471
16  5   0.0031208572   0.0183415026   0.0144424124   0.0021399678  -0.0127938716
16  6  -0.0301261100   0.0193227018  -0.0281755576   0.0005570540  -0.0015138005
16  7   0.0013259820   0.0027527427   0.0019255975  -0.0017669136  -0.0003797588
16  8   0.0004370035   0.0000283560  -0.0003911194  -0.0003436128   0.0005034997
16  9   0.0001430493   0.0002930610   0.0009494356  -0.0001424959   0.0003424057
16 10  -0.1352617437   0.1007122523   0.0750748267  -0.0466477189   0.0042448094
16 11  -0.0217025749  -0.0001308233  -0.0003613121   0.0061138439   0.0005022032
16 12  -0.0005637341  -0.0010820644   0.0006693806  -0.0004703373  -0.0006286983
16 13   0.0000603215  -0.0000205528   0.0000574348
17  1   0.0021917415  -0.0035404359   0.0018998245  -0.0353435837  -0.0021344969
17  2  -0.0083778496   0.0017743510  -0.0038640717  -0.0015592584  -0.0124641589
17  3  -0.0820137705  -0.0063196788   0.0118179518   0.0051254429   0.0054422883
17  4  -0.0529494180   0.5191977874   0.0259454759  -0.0367286033  -0.1592799762
17  5   0.0257553462  -0.0002959119  -0.0454003245  -0.0035560718  -0.0080303598
17  6  -0.0070618500   0.0063857822   0.0188665174   0.0042973631   0.0055701045
17  7   0.0002581390  -0.0036674847  -0.0034011104   0.0019366158   0.0006929847
17  8   0.0000006403  -0.0000801451   0.0006734380   0.0006572700   0.0012351708
17  9  -0.0001968343   0.0002775829   0.0001999604  -0.0004807868   0.0020332476
17 10   0.1043173747  -0.1703078278  -0.0889705261   0.0030239342  -0.0551263633
17 11   0.0383554785   0.0014233025   0.0020399022  -0.0014026396  -0.0006165733
17 12   0.0007984296   0.0004422658  -0.0006363925   0.0001910301   0.0007324773
17 13   0.0001000874   0.0000578445   0.0000893507
18  1  -0.0001252684   0.0011707124  -0.0018076263  -0.0017194301  -0.0059531406
18  2   0.0034684528   0.0005073809   0.0001608960   0.0003357271  -0.0078795359
18  3  -0.0023329192  -0.0697892457  -0.0436505033  -0.0006290025  -0.0276458218
18  4  -0.0516924815   0.0259454759   0.5950677248   0.0028614037   0.0185785235
18  5  -0.0896374215   0.0010850752  -0.0183655710   0.0150888740   0.0202959605
18  6   0.0237260609  -0.0039004241   0.0153315707   0.0033646257   0.0064803918
18  7  -0.0003109968  -0.0033628631  -0.0029360682   0.0022686649   0.0006162944
18  8  -0.0001547271   0.0004326979   0.0001738591   0.0010935608  -0.0003022964
18  9  -0.0000080304  -0.0000384238  -0.0003722575   0.0019783784  -0.0065181523
18 10   0.0730532064  -0.0841078037  -0.1141224297  -0.0165393420   0.0389079572
18 11  -0.3075778380   0.0064199039  -0.0001015965   0.0018881118   0.0008113835
18 12   0.0002354432   0.0002692066  -0.0003504189  -0.0000107233   0.0004795820
18 13  -0.0001247168   0.0000134237  -0.0000434532
19  1   0.0006515452   0.0000555460   0.0011974691  -0.0059535205   0.0006197352
19  2  -0.0031733541  -0.0000756098   0.0006948343   0.0007831555  -0.0182357846
19  3  -0.0374453485   0.0062552040   0.0028719200   0.0018627653   0.0034765390
19  4  -0.0951434519  -0.0367286033   0.0028614037   0.4798415063  -0.0827869679
19  5  -0.2237914842  -0.1683413837   0.1609460678   0.0922623767  -0.1867634688
19  6  -0.0272191478   0.1084656337   0.0017454995  -0.0003422334   0.0006008918
19  7  -0.0034542300   0.0000655931  -0.0011246952   0.0020971270   0.0001682202
19  8  -0.0000044116   0.0011894115   0.0009976091   0.0012541718   0.0003640333
19  9  -0.0003564176  -0.0002259320  -0.0003134646  -0.0001388419   0.0000356392
19 10   0.0067408115   0.0221932091  -0.0055757170   0.0005190878   0.0048629448
19 11   0.0011685879  -0.0139418837  -0.0073395586   0.0146915244  -0.0003359219
19 12  -0.0002418296   0.0002827307  -0.0033642728   0.0002417190   0.0006714771
19 13  -0.0000979498  -0.0001092952  -0.0001112104
20  1   0.0012359520   0.0027373375  -0.0018897867   0.0009306882  -0.0072419883
20  2   0.0019642269   0.0000347709   0.0022340324   0.0013944028  -0.0204001618
20  3   0.0019014822  -0.0068193808   0.0034172962  -0.0046839410   0.0033920769
20  4  -0.0188845471  -0.1592799762   0.0185785235  -0.0827869679   0.8585378219
20  5   0.1346644218   0.1688191833  -0.5456145500  -0.1908885072  -0.0061146896
20  6  -0.1271955812  -0.0027039916  -0.0011302163   0.0009526317   0.0010032655
20  7   0.0001181477  -0.0008314964   0.0011353731   0.0016060800   0.0000110531
20  8  -0.0010441946   0.0003842331  -0.0007518652  -0.0011213210  -0.0005255128
20  9  -0.0002422963  -0.0003041544  -0.0003647909   0.0007360696   0.0007376610
20 10  -0.0058269163  -0.0188851640   0.0046721488  -0.0017728569  -0.0038777968
20 11   0.0009006918  -0.0428512408  -0.0000998075   0.0366475962   0.0002439935
20 12   0.0004515525   0.0001272833   0.0041030278   0.0008755260  -0.0000852371
20 13  -0.0002354721   0.0002669561  -0.0003610983
21  1   0.0007618768  -0.0017131299   0.0005441504  -0.0031541571   0.0048556278
21  2  -0.0014764810   0.0000974613  -0.0019189706  -0.0019467379  -0.0011877930
21  3  -0.0143075524   0.0069275887   0.0010196569   0.0000485151  -0.0032359054
21  4   0.0031208572   0.0257553462  -0.0896374215  -0.2237914842   0.1346644218
21  5   0.4305833726   0.0950068436  -0.1854200232  -0.1776918818   0.1084589820
21  6   0.0167225023  -0.1537642678  -0.0005445020   0.0003663588  -0.0006286892
21  7   0.0027292700  -0.0002809017   0.0017595684  -0.0010255139  -0.0001771879
21  8   0.0002752696  -0.0007616930  -0.0001346033  -0.0016017064   0.0001629003
21  9   0.0001072564   0.0000882705  -0.0000570423   0.0006091580  -0.0003915120
21 10  -0.0065563883  -0.0189411330   0.0025305555   0.0124933271   0.0331965750
21 11  -0.0068433485   0.0105092352   0.0058991824  -0.0058913913   0.0005226146
21 12   0.0004829431  -0.0003429067   0.0021858004   0.0001306224   0.0006427301
21 13   0.0000097484   0.0000549929   0.0001007436
22  1   0.0002543245  -0.0003097449  -0.0005314283   0.0012330378   0.0001658545
22  2   0.0011275018   0.0000896859  -0.0005190444  -0.0004815602  -0.0013525125
22  3   0.0050159421   0.0000586648   0.0000147296  -0.0019551418  -0.0010930809
22  4   0.0183415026  -0.0002959119   0.0010850752  -0.1683413837   0.1688191833
22  5   0.0950068436   0.1801403662  -0.2177293048  -0.1438355423  -0.0298699346
22  6   0.0504005138   0.0549908360  -0.0046699288  -0.0005124288  -0.0004570633
22  7   0.0035185274  -0.0008769464   0.0010588173  -0.0014553854  -0.0001017935
22  8  -0.0000915805  -0.0011593191  -0.0005029038  -0.0012186992  -0.0000968347
22  9   0.0000786241   0.0000646158   0.0000592121   0.0001905499   0.0003461938
22 10   0.0001002389  -0.0033916564   0.0008932474  -0.0003190919  -0.0016496135
22 11   0.0001169122   0.0025573383   0.0047094135  -0.0070321734   0.0001414343
22 12   0.0003310628  -0.0000783658   0.0007215110  -0.0019519281   0.0001140300
22 13   0.0000924821   0.0000852743  -0.0000432439
23  1  -0.0007121178  -0.0010825917   0.0009432674   0.0001756508   0.0034242336
23  2  -0.0012649302  -0.0003324127  -0.0007263293  -0.0003038666   0.0068889223
23  3  -0.0027344841   0.0016996457  -0.0022852226   0.0022444665  -0.0012860844
23  4   0.0144424124  -0.0454003245  -0.0183655710   0.1609460678  -0.5456145500
23  5  -0.1854200232  -0.2177293048   0.5941814883   0.2429650560   0.0416745125
23  6   0.0083213286  -0.0373418185  -0.0006818069  -0.0000687170  -0.0006863889
23  7   0.0001822424  -0.0000510453  -0.0009607506  -0.0008735228   0.0001866412
23  8   0.0007049093  -0.0002020286   0.0002178589   0.0006300052   0.0002762632
23  9   0.0002751095   0.0001540494   0.0003629643  -0.0002161006  -0.0002717338
23 10  -0.0042527778  -0.0082129308   0.0025824671   0.0010758334   0.0007257616
23 11  -0.0010362388   0.0037483651  -0.0036972850  -0.0030287775  -0.0000128625
23 12  -0.0000873877  -0.0001104698  -0.0027608537  -0.0016128650   0.0002702908
23 13   0.0000696761  -0.0000722773   0.0001269625
24  1  -0.0002656341   0.0004629915   0.0006444409   0.0005178404  -0.0009136790
24  2  -0.0003667866   0.0000189108   0.0005234100   0.0005652447   0.0017424460
24  3   0.0027117903  -0.0015845670  -0.0010052822  -0.0011374992   0.0007106631
24  4   0.0021399678  -0.0035560718   0.0150888740   0.0922623767  -0.1908885072
24  5  -0.1776918818  -0.1438355423   0.2429650560   0.1817958760   0.0550605209
24  6  -0.0453932709  -0.0216999680   0.0007363599   0.0003492358   0.0003720197
24  7  -0.0012246279  -0.0005925913  -0.0005817454   0.0002239937   0.0005403275
24  8   0.0000425729   0.0006024659   0.0006668046   0.0004924249   0.0000366992
24  9  -0.0001073059   0.0001365227   0.0002749894  -0.0000838903   0.0000153256
24 10   0.0009209954   0.0021024670   0.0015590660  -0.0005080552  -0.0033850397
24 11   0.0013430781  -0.0069726821  -0.0037532021  -0.0002646384  -0.0003623137
24 12  -0.0006778037   0.0002623369  -0.0003461725   0.0003230777  -0.0009399365
24 13  -0.0000172562  -0.0001562992   0.0001010783
25  1  -0.0000581688  -0.0011317490  -0.0000349953  -0.0003803616   0.0027830282
25  2   0.0004957298   0.0002789656  -0.0014667946  -0.0009548414   0.0010677497
25  3  -0.0009825344   0.0019570705  -0.0006607902  -0.0003513754  -0.0012781786
25  4  -0.0127938716  -0.0080303598   0.0202959605  -0.1867634688  -0.0061146896
25  5   0.1084589820  -0.0298699346   0.0416745125   0.0550605209   0.2993350773
25  6   0.1056267463  -0.2133895659  -0.0007863031  -0.0001568878  -0.0003200050
25  7   0.0020622457   0.0002241155   0.0003370129  -0.0011778869  -0.0001067309
25  8   0.0000674908  -0.0007292241  -0.0003079709  -0.0008590748  -0.0000164635
25  9   0.0001495525   0.0001421812   0.0002060631   0.0001255297   0.0003560849
25 10  -0.0009099591  -0.0010309179   0.0003071205  -0.0015401649  -0.0023161722
25 11  -0.0001874696  -0.0686127091  -0.1290992740   0.0294500155   0.0000897775
25 12   0.0002779187  -0.0002332396   0.0011722110   0.0001729481   0.0002077473
25 13   0.0000872162   0.0000611052   0.0001214536
26  1  -0.0001627807  -0.0007783274   0.0002780816  -0.0007619481   0.0021338000
26  2  -0.0005162957   0.0002834626  -0.0005968009  -0.0006841344   0.0010575096
26  3  -0.0043791859   0.0035486956  -0.0005647144   0.0010037734  -0.0009474887
26  4  -0.0301261100  -0.0070618500   0.0237260609  -0.0272191478  -0.1271955812
26  5   0.0167225023   0.0504005138   0.0083213286  -0.0453932709   0.1056267463
26  6   0.5616320229  -0.0389546901   0.0003417745  -0.0002550216  -0.0003017087
26  7   0.0001911995  -0.0002163851  -0.0001098741  -0.0004883776   0.0000756512
26  8   0.0002686494  -0.0000975127   0.0000449198   0.0001049700   0.0000681214
26  9   0.0000446692   0.0001167345   0.0001970018  -0.0000689920  -0.0000048469
26 10  -0.0018819702   0.0016444183   0.0013530515  -0.0022629413  -0.0031955300
26 11   0.0014421861  -0.0939054645  -0.4309001713   0.0394192709  -0.0000222844
26 12  -0.0001837915  -0.0000736806  -0.0007152384  -0.0000425414  -0.0001090411
26 13   0.0000421608  -0.0000264050   0.0001148283
27  1  -0.0000196665   0.0009306559   0.0003285941   0.0005565145  -0.0027654308
27  2  -0.0004600201   0.0000719444   0.0014645368   0.0011010265  -0.0020254239
27  3   0.0029703866  -0.0042758292  -0.0009410298  -0.0004217972   0.0021921240
27  4   0.0193227018   0.0063857822  -0.0039004241   0.1084656337  -0.0027039916
27  5  -0.1537642678   0.0549908360  -0.0373418185  -0.0216999680  -0.2133895659
27  6  -0.0389546901   0.2207901148   0.0013700962  -0.0001165912   0.0003957645
27  7  -0.0027663235  -0.0003017222  -0.0013605060   0.0012321221   0.0001779645
27  8  -0.0000042290   0.0010996492   0.0005117959   0.0006321820  -0.0000676677
27  9  -0.0001045465  -0.0000465311  -0.0000660616  -0.0003047232   0.0001402305
27 10   0.0004859545   0.0007478875  -0.0001270928   0.0002005460   0.0001578411
27 11   0.0001177183   0.0332049285   0.0700672210  -0.0400438722  -0.0002375655
27 12  -0.0002096393   0.0001537544  -0.0013069832  -0.0000808249  -0.0001695110
27 13  -0.0001806393  -0.0001082958   0.0000007422
28  1  -0.0004774197  -0.0015029927   0.0009926363   0.0047249802   0.0027624644
28  2  -0.0023314648  -0.0007475105  -0.0026840875  -0.0008992482  -0.1103900578
28  3   0.0283226056   0.0239456551   0.0061346591  -0.0019693065   0.0020859350
28  4  -0.0281755576   0.0188665174   0.0153315707   0.0017454995  -0.0011302163
28  5  -0.0005445020  -0.0046699288  -0.0006818069   0.0007363599  -0.0007863031
28  6   0.0003417745   0.0013700962   0.4662396083   0.0095804799   0.0233187689
28  7  -0.1727953369  -0.0175518761  -0.0233377779  -0.0397568220  -0.0019372729
28  8   0.0109627715  -0.0113990972  -0.0062466520  -0.0100651691  -0.0003345834
28  9  -0.0004412396  -0.0004024843   0.0010603345  -0.0008816380  -0.0003116128
28 10  -0.0048603097  -0.0017242846  -0.0010700434   0.0012205899   0.0003606214
28 11   0.0015208702   0.0002138367   0.0000062564  -0.0002614001  -0.0573699581
28 12   0.0149892127  -0.0475666127  -0.0527561279  -0.0393153046   0.0055412049
28 13   0.0031795045   0.0008367454   0.0009844466
29  1   0.0000038349  -0.0012199374  -0.0031019490   0.0211923034  -0.0250620673
29  2  -0.0182279024  -0.0006420585  -0.0057741659   0.0000100752   0.0302784016
29  3  -0.1060321457  -0.0272618934  -0.0065745093   0.0077109350   0.0101958663
29  4   0.0005570540   0.0042973631   0.0033646257  -0.0003422334   0.0009526317
29  5   0.0003663588  -0.0005124288  -0.0000687170   0.0003492358  -0.0001568878
29  6  -0.0002550216  -0.0001165912   0.0095804799   0.5404341540  -0.0350889723
29  7  -0.0105460405  -0.0906260621   0.0001064816   0.0084884503   0.0207116629
29  8  -0.0022917083  -0.0152015006   0.0042689551  -0.0115737676  -0.0005172068
29  9  -0.0005607136  -0.0012198276  -0.0010745833   0.0001926429  -0.0009125888
29 10  -0.0020108863   0.0003209743  -0.0003150841   0.0003081450   0.0001494552
29 11  -0.0001854641   0.0000247920   0.0000407674  -0.0000041561   0.0140043626
29 12  -0.0545131043   0.0532126026  -0.0467526013  -0.2992471835   0.0364650199
29 13  -0.0001068873   0.0042795766  -0.0037703611
30  1  -0.0000294565   0.0008121866  -0.0020755855  -0.0009131453  -0.0104725163
30  2   0.0035035634   0.0006963586   0.0023753013   0.0008509928   0.0214108807
30  3  -0.0223820810  -0.0987828088   0.0217267003  -0.0126771762  -0.0438305740
30  4  -0.0015138005   0.0055701045   0.0064803918   0.0006008918   0.0010032655
30  5  -0.0006286892  -0.0004570633  -0.0006863889   0.0003720197  -0.0003200050
30  6  -0.0003017087   0.0003957645   0.0233187689  -0.0350889723   0.5749983568
30  7  -0.0183140341  -0.0018340461  -0.0874782843   0.0326066835   0.0000840096
30  8   0.0064988326  -0.0367719183  -0.0137761412  -0.0104979187   0.0001478903
30  9   0.0001707275   0.0004238868   0.0015842045   0.0002611344   0.0006060735
30 10  -0.0032074987  -0.0005808736  -0.0006177077  -0.0007892301   0.0002536721
30 11   0.0001169551   0.0000559845  -0.0000381614  -0.0000062081  -0.0462689635
30 12   0.0566173377  -0.2995413523   0.0072005011   0.0358779566  -0.0468127166
30 13  -0.0007637488  -0.0051876302  -0.0039749918
31  1  -0.0010891711  -0.0039300170  -0.0006220466   0.0022955201   0.0072111451
31  2   0.0019839300  -0.0014854747  -0.0037248227  -0.0027427225  -0.0241236719
31  3   0.0034708575   0.0111453319  -0.0005143553  -0.0018211755  -0.0066919993
31  4   0.0013259820   0.0002581390  -0.0003109968  -0.0034542300   0.0001181477
31  5   0.0027292700   0.0035185274   0.0001822424  -0.0012246279   0.0020622457
31  6   0.0001911995  -0.0027663235  -0.1727953369  -0.0105460405  -0.0183140341
31  7   0.8045138244  -0.0316244343  -0.1897058950  -0.4480603989   0.0910411486
31  8   0.2838077577  -0.1411658993  -0.0180952144  -0.0221355527   0.0002450342
31  9  -0.0000166779   0.0000051139   0.0041199318   0.0023079990   0.0020501760
31 10   0.0008304509  -0.0001198218  -0.0002166561  -0.0004044919   0.0002085110
31 11  -0.0003090786  -0.0003955122  -0.0002270395   0.0002386908  -0.0062280111
31 12  -0.0050239455  -0.0023190626  -0.0068331719  -0.0057885090  -0.0020166432
31 13  -0.0123617913  -0.0240716919  -0.0525846314
32  1  -0.0030694154  -0.0010515272   0.0012711446   0.0072098063   0.0025735329
32  2  -0.0019081999  -0.0010526824  -0.0014314977   0.0008437738   0.0176336033
32  3   0.0035498758   0.0134262411  -0.0031963505  -0.0015603847  -0.0028200537
32  4   0.0027527427  -0.0036674847  -0.0033628631   0.0000655931  -0.0008314964
32  5  -0.0002809017  -0.0008769464  -0.0000510453  -0.0005925913   0.0002241155
32  6  -0.0002163851  -0.0003017222  -0.0175518761  -0.0906260621  -0.0018340461
32  7  -0.0316244343   0.2970270171   0.1721247527   0.0855653060  -0.1110557389
32  8  -0.0893220024  -0.0286337096  -0.0887856717  -0.0697075615   0.0004960054
32  9  -0.0005154874  -0.0001230469   0.0041887963   0.0021160841  -0.0013223842
32 10   0.0017455513   0.0005238724   0.0001836817  -0.0005649283   0.0001580402
32 11  -0.0002748608   0.0000011747   0.0000790477  -0.0000076364   0.0087821484
32 12   0.0003288830  -0.0001587223  -0.0358359292  -0.0051494881  -0.0087224182
32 13  -0.0062585706  -0.0014140837  -0.0071105831
33  1   0.0006040207  -0.0002412577  -0.0038864093   0.0037174308   0.0012555522
33  2   0.0063307998  -0.0019227619  -0.0018834083  -0.0044497364   0.0208630880
33  3   0.0062242319   0.0142796707  -0.0074823017   0.0008781020  -0.0063655325
33  4   0.0019255975  -0.0034011104  -0.0029360682  -0.0011246952   0.0011353731
33  5   0.0017595684   0.0010588173  -0.0009607506  -0.0005817454   0.0003370129
33  6  -0.0001098741  -0.0013605060  -0.0233377779   0.0001064816  -0.0874782843
33  7  -0.1897058950   0.1721247527   0.6591577095   0.2710493572  -0.0893535001
33  8  -0.3445571668  -0.0489470055  -0.0735013726  -0.2159743576   0.0008219899
33  9  -0.0006120601   0.0000926185   0.0096849467   0.0008109128  -0.0052738595
33 10   0.0015816859   0.0001085795   0.0005497320  -0.0004711574   0.0000123864
33 11   0.0000484406   0.0000660304  -0.0000079766   0.0002470436  -0.0339387743
33 12  -0.0084329278  -0.0067776361   0.0072158140  -0.0004014474   0.0001585038
33 13  -0.0119954223  -0.0037506866  -0.0029827848
34  1   0.0009227475   0.0022028283  -0.0011844499  -0.0010866940  -0.0048718153
34  2   0.0012626308   0.0002470383   0.0018093853   0.0004941480  -0.0049340389
34  3  -0.0054814037  -0.0075373809  -0.0000370257   0.0005849671   0.0023865925
34  4  -0.0017669136   0.0019366158   0.0022686649   0.0020971270   0.0016060800
34  5  -0.0010255139  -0.0014553854  -0.0008735228   0.0002239937  -0.0011778869
34  6  -0.0004883776   0.0012321221  -0.0397568220   0.0084884503   0.0326066835
34  7  -0.4480603989   0.0855653060   0.2710493572   0.4673343895  -0.1099923548
34  8  -0.3417282951   0.0286013658   0.0132044684   0.0311425824   0.0000618171
34  9  -0.0001500663   0.0000241851   0.0003553259  -0.0003692190  -0.0009823453
34 10  -0.0012847608  -0.0002869723  -0.0001769102   0.0003045695  -0.0000983792
34 11   0.0000715045   0.0002647672   0.0001125157  -0.0000327474   0.0014653243
34 12   0.0020227065   0.0020798576  -0.0010589357   0.0018113952   0.0012702863
34 13  -0.0010356103   0.0032673923   0.0065550341
35  1   0.0009906377   0.0000462681  -0.0006701665  -0.0013106659  -0.0006058612
35  2   0.0004065018   0.0002774018   0.0002639558  -0.0003020687  -0.0015690999
35  3   0.0005933951  -0.0036965481   0.0012933227   0.0003006525   0.0009380612
35  4  -0.0003797588   0.0006929847   0.0006162944   0.0001682202   0.0000110531
35  5  -0.0001771879  -0.0001017935   0.0001866412   0.0005403275  -0.0001067309
35  6   0.0000756512   0.0001779645  -0.0019372729   0.0207116629   0.0000840096
35  7   0.0910411486  -0.1110557389  -0.0893535001  -0.1099923548   0.0823296671
35  8   0.1321278075   0.0178894575   0.0102252869  -0.0454108845  -0.0000512601
35  9   0.0002120506  -0.0000202923  -0.0017936749  -0.0005543536   0.0006601028
35 10  -0.0002884638  -0.0000957519  -0.0000609459   0.0001031878  -0.0000263926
35 11   0.0000553507  -0.0000652719   0.0001077503   0.0000239385  -0.0018527682
35 12  -0.0004760075  -0.0003032954   0.0045332303   0.0004554550   0.0000537337
35 13   0.0031525090  -0.0033983690   0.0043107974
36  1  -0.0009214840  -0.0004350566   0.0019474282  -0.0001281397   0.0006882683
36  2  -0.0028150528   0.0003702900   0.0003299144   0.0014662221  -0.0010839216
36  3   0.0003080614  -0.0003395396   0.0026800769  -0.0000170328   0.0023652329
36  4   0.0004370035   0.0000006403  -0.0001547271  -0.0000044116  -0.0010441946
36  5   0.0002752696  -0.0000915805   0.0007049093   0.0000425729   0.0000674908
36  6   0.0002686494  -0.0000042290   0.0109627715  -0.0022917083   0.0064988326
36  7   0.2838077577  -0.0893220024  -0.3445571668  -0.3417282951   0.1321278075
36  8   0.4131882681   0.0425462522  -0.0433488794  -0.0836542059  -0.0001845815
36  9   0.0001942239   0.0000318365  -0.0037223152  -0.0009095917   0.0012329085
36 10   0.0000767622   0.0001167514   0.0000200070   0.0000404450  -0.0000194752
36 11   0.0000081866  -0.0000257059  -0.0000645184   0.0000314030   0.0020997386
36 12  -0.0004798641   0.0014208863  -0.0016917452  -0.0010926208  -0.0001158318
36 13   0.0064935919   0.0042857185   0.0031116987
37  1  -0.0000283189   0.0015916978   0.0001729418  -0.0014269126  -0.0022149260
37  2  -0.0010727174   0.0005970579   0.0014310280   0.0010972240   0.0004277847
37  3  -0.0017665825  -0.0010012084  -0.0083307236  -0.0007767106   0.0037715967
37  4   0.0000283560  -0.0000801451   0.0004326979   0.0011894115   0.0003842331
37  5  -0.0007616930  -0.0011593191  -0.0002020286   0.0006024659  -0.0007292241
37  6  -0.0000975127   0.0010996492  -0.0113990972  -0.0152015006  -0.0367719183
37  7  -0.1411658993  -0.0286337096  -0.0489470055   0.0286013658   0.0178894575
37  8   0.0425462522   0.6106428929   0.0766386020   0.0580325617  -0.0002895561
37  9  -0.0000830075  -0.0001878268  -0.0053777293  -0.0008634047  -0.0024304801
37 10  -0.0002035320  -0.0000922253   0.0001185181   0.0002497058  -0.0000853692
37 11   0.0000841331   0.0001440076   0.0000837617  -0.0000965348  -0.0060394035
37 12  -0.0021446195  -0.0011190838  -0.0018861928  -0.0002002089  -0.0013820235
37 13  -0.4638446737  -0.0455768294  -0.0141875491
38  1   0.0021031835   0.0010352011  -0.0000621744  -0.0022581986  -0.0035775679
38  2  -0.0010003806   0.0010850278   0.0015934970   0.0007502075   0.0002714583
38  3  -0.0015739618  -0.0019117166  -0.0013179301   0.0026112732   0.0018042448
38  4  -0.0003911194   0.0006734380   0.0001738591   0.0009976091  -0.0007518652
38  5  -0.0001346033  -0.0005029038   0.0002178589   0.0006668046  -0.0003079709
38  6   0.0000449198   0.0005117959  -0.0062466520   0.0042689551  -0.0137761412
38  7  -0.0180952144  -0.0887856717  -0.0735013726   0.0132044684   0.0102252869
38  8  -0.0433488794   0.0766386020   0.1046838734   0.1438514569  -0.0005880404
38  9   0.0005576181   0.0000552740  -0.0014565770  -0.0025470653  -0.0006998340
38 10  -0.0003778064  -0.0000788340   0.0000293361   0.0001991719  -0.0001265564
38 11   0.0000608973   0.0000318955   0.0000514415  -0.0000618946  -0.0018894754
38 12  -0.0004133868   0.0005475454   0.0012525291   0.0004229662   0.0004820882
38 13  -0.0623520570  -0.0285314204  -0.0144365131
39  1  -0.0009921960   0.0004320199   0.0023537485  -0.0007415044  -0.0018276466
39  2  -0.0041474617   0.0008628845   0.0017389708   0.0029681049   0.0005488249
39  3  -0.0001631248  -0.0078902890   0.0044752495   0.0000758849   0.0052517975
39  4  -0.0003436128   0.0006572700   0.0010935608   0.0012541718  -0.0011213210
39  5  -0.0016017064  -0.0012186992   0.0006300052   0.0004924249  -0.0008590748
39  6   0.0001049700   0.0006321820  -0.0100651691  -0.0115737676  -0.0104979187
39  7  -0.0221355527  -0.0697075615  -0.2159743576   0.0311425824  -0.0454108845
39  8  -0.0836542059   0.0580325617   0.1438514569   0.3617149761  -0.0003849824
39  9   0.0002748629  -0.0001185728  -0.0036941205  -0.0006262659  -0.0013532353
39 10  -0.0006119013  -0.0000073930  -0.0000331816   0.0005412873  -0.0000840245
39 11   0.0002160759   0.0000557914   0.0000088692  -0.0001294687  -0.0010558309
39 12  -0.0003945706   0.0008374033  -0.0014929801   0.0011033273  -0.0011360645
39 13  -0.0533177294  -0.0179610772  -0.0490238118
40  1  -0.0059682598  -0.0007121452  -0.0006014581   0.0047260863   0.0082583204
40  2  -0.0023784231  -0.0334736952  -0.0797478991   0.0195535271   0.0053724488
40  3  -0.0002883110   0.0014049918  -0.0001985020  -0.0000773575   0.0003514643
40  4   0.0005034997   0.0012351708  -0.0003022964   0.0003640333  -0.0005255128
40  5   0.0001629003  -0.0000968347   0.0002762632   0.0000366992  -0.0000164635
40  6   0.0000681214  -0.0000676677  -0.0003345834  -0.0005172068   0.0001478903
40  7   0.0002450342   0.0004960054   0.0008219899   0.0000618171  -0.0000512601
40  8  -0.0001845815  -0.0002895561  -0.0005880404  -0.0003849824   0.0288935896
40  9   0.0721629696  -0.0185408403   0.0001935037  -0.0001110343  -0.0000132126
40 10  -0.0000174518  -0.0000346789   0.0001692658  -0.0000033368  -0.0001296224
40 11  -0.0000350280   0.0000132890  -0.0000178285  -0.0000223995   0.0000096098
40 12  -0.0000065766  -0.0000264831   0.0001191524   0.0000062569  -0.0001379628
40 13  -0.0001033808   0.0003043659   0.0000466069
41  1  -0.0008004923   0.0046195606   0.0083196203  -0.0039671918  -0.0363367711
41  2  -0.0044968392  -0.0678620584  -0.4409745179   0.0613426255   0.0010863537
41  3   0.0010280472  -0.0031112503   0.0000410996   0.0015435548  -0.0004876353
41  4   0.0001430493  -0.0001968343  -0.0000080304  -0.0003564176  -0.0002422963
41  5   0.0001072564   0.0000786241   0.0002751095  -0.0001073059   0.0001495525
41  6   0.0000446692  -0.0001045465  -0.0004412396  -0.0005607136   0.0001707275
41  7  -0.0000166779  -0.0005154874  -0.0006120601  -0.0001500663   0.0002120506
41  8   0.0001942239  -0.0000830075   0.0005576181   0.0002748629   0.0721629696
41  9   0.4708884331  -0.0613340725   0.0000634021  -0.0002474974   0.0001106259
41 10  -0.0002920318   0.0000483259   0.0000534380  -0.0000300955   0.0000196207
41 11  -0.0000227938  -0.0000348614  -0.0000141795   0.0000230815  -0.0000010709
41 12  -0.0001055231  -0.0001137881   0.0001808273   0.0000027659  -0.0002853909
41 13   0.0001293330  -0.0000459350   0.0000872514
42  1  -0.0008419208   0.0071155512   0.0001512102  -0.0081297958  -0.0503061077
42  2   0.0086680923   0.0247260019   0.1054732075  -0.0615754718   0.0027142352
42  3  -0.0015717449  -0.0055350405  -0.0000162688   0.0022907429   0.0007416785
42  4   0.0002930610   0.0002775829  -0.0000384238  -0.0002259320  -0.0003041544
42  5   0.0000882705   0.0000646158   0.0001540494   0.0001365227   0.0001421812
42  6   0.0001167345  -0.0000465311  -0.0004024843  -0.0012198276   0.0004238868
42  7   0.0000051139  -0.0001230469   0.0000926185   0.0000241851  -0.0000202923
42  8   0.0000318365  -0.0001878268   0.0000552740  -0.0001185728  -0.0185408403
42  9  -0.0613340725   0.0569456573   0.0003420551  -0.0003862488   0.0001709328
42 10  -0.0001634311  -0.0000108027   0.0000203448  -0.0000239804  -0.0000687572
42 11  -0.0000334867  -0.0000257299   0.0000004131   0.0000358969  -0.0000644050
42 12  -0.0000442681  -0.0000531095   0.0002786857  -0.0001702017  -0.0002578044
42 13   0.0000324805   0.0000759693   0.0001514928
43  1  -0.0014325995  -0.0018213353   0.0016526144   0.0019734092   0.0011570974
43  2  -0.0003326143  -0.0003843529  -0.0005919142   0.0003768385  -0.0007695347
43  3   0.0001191933  -0.0014488232  -0.4405174969  -0.0523869214  -0.1527186069
43  4   0.0009494356   0.0001999604  -0.0003722575  -0.0003134646  -0.0003647909
43  5  -0.0000570423   0.0000592121   0.0003629643   0.0002749894   0.0002060631
43  6   0.0001970018  -0.0000660616   0.0010603345  -0.0010745833   0.0015842045
43  7   0.0041199318   0.0041887963   0.0096849467   0.0003553259  -0.0017936749
43  8  -0.0037223152  -0.0053777293  -0.0014565770  -0.0036941205   0.0001935037
43  9   0.0000634021   0.0003420551   0.4416540862   0.0535525159   0.1491820579
43 10   0.0000330164  -0.0000373475   0.0000916908   0.0002296464  -0.0000522793
43 11   0.0003230179  -0.0000797113  -0.0000232126  -0.0000479170  -0.0008719242
43 12   0.0002572771   0.0004576648   0.0000227285   0.0000592906  -0.0002081166
43 13  -0.0011098798  -0.0005548628  -0.0013022049
44  1   0.0002016062   0.0000788164  -0.0016073551   0.0021849995   0.0015008541
44  2   0.0057619463  -0.0004781822  -0.0008637508  -0.0016887872   0.0130011633
44  3  -0.0011800519   0.0057068890  -0.0684860839  -0.0200852532  -0.0109805873
44  4  -0.0001424959  -0.0004807868   0.0019783784  -0.0001388419   0.0007360696
44  5   0.0006091580   0.0001905499  -0.0002161006  -0.0000838903   0.0001255297
44  6  -0.0000689920  -0.0003047232  -0.0008816380   0.0001926429   0.0002611344
44  7   0.0023079990   0.0021160841   0.0008109128  -0.0003692190  -0.0005543536
44  8  -0.0009095917  -0.0008634047  -0.0025470653  -0.0006262659  -0.0001110343
44  9  -0.0002474974  -0.0003862488   0.0535525159   0.0215557784   0.0019416329
44 10  -0.0002069163   0.0000696078  -0.0000625755   0.0004792270   0.0005879695
44 11   0.0002086379  -0.0000367779   0.0000407144  -0.0000266631  -0.0001140635
44 12  -0.0000677104   0.0002507319  -0.0001988299  -0.0004104131  -0.0005353992
44 13  -0.0000161033  -0.0001565621  -0.0003173343
45  1   0.0001520868  -0.0007637424  -0.0003890316  -0.0008549862   0.0018812246
45  2   0.0014153128  -0.0001147359  -0.0005651808  -0.0007703795  -0.0403206405
45  3  -0.0035697852  -0.0181556085  -0.1051655228   0.0006450308  -0.0826219742
45  4   0.0003424057   0.0020332476  -0.0065181523   0.0000356392   0.0007376610
45  5  -0.0003915120   0.0003461938  -0.0002717338   0.0000153256   0.0003560849
45  6  -0.0000048469   0.0001402305  -0.0003116128  -0.0009125888   0.0006060735
45  7   0.0020501760  -0.0013223842  -0.0052738595  -0.0009823453   0.0006601028
45  8   0.0012329085  -0.0024304801  -0.0006998340  -0.0013532353  -0.0000132126
45  9   0.0001106259   0.0001709328   0.1491820579   0.0019416329   0.1093381569
45 10  -0.0000023934   0.0001582219   0.0000729733  -0.0018004739  -0.0000679602
45 11  -0.0001833387  -0.0000986351  -0.0000537541   0.0001105109  -0.0001641883
45 12   0.0002304616   0.0004966895   0.0000450823  -0.0003468443  -0.0002322400
45 13  -0.0002504998   0.0001804456   0.0022902172
46  1   0.0002150042  -0.0004933257  -0.0004218784  -0.0015925723   0.0020893749
46  2   0.0019258265   0.0007451293  -0.0005030517  -0.0004943323  -0.0208968972
46  3   0.0194604313   0.0161453066   0.0022815865  -0.0009645457   0.0005405454
46  4  -0.1352617437   0.1043173747   0.0730532064   0.0067408115  -0.0058269163
46  5  -0.0065563883   0.0001002389  -0.0042527778   0.0009209954  -0.0009099591
46  6  -0.0018819702   0.0004859545  -0.0048603097  -0.0020108863  -0.0032074987
46  7   0.0008304509   0.0017455513   0.0015816859  -0.0012847608  -0.0002884638
46  8   0.0000767622  -0.0002035320  -0.0003778064  -0.0006119013  -0.0000174518
46  9  -0.0002920318  -0.0001634311   0.0000330164  -0.0002069163  -0.0000023934
46 10   0.1511503421  -0.1070197723  -0.0813429303   0.0024582665  -0.0035019511
46 11  -0.0015142826   0.0002294795   0.0002091382  -0.0001548079   0.0001287302
46 12  -0.0001465794  -0.0001120328   0.0001110257  -0.0000883968  -0.0001576192
46 13   0.0000031449   0.0000335215   0.0000092133
47  1   0.0001679373  -0.0001264693  -0.0001579318  -0.0013645965   0.0009740009
47  2   0.0007590774  -0.0002231604  -0.0001707757  -0.0000560143  -0.0035385867
47  3   0.0036200521   0.0031059027   0.0001551218  -0.0000769215   0.0003288817
47  4   0.1007122523  -0.1703078278  -0.0841078037   0.0221932091  -0.0188851640
47  5  -0.0189411330  -0.0033916564  -0.0082129308   0.0021024670  -0.0010309179
47  6   0.0016444183   0.0007478875  -0.0017242846   0.0003209743  -0.0005808736
47  7  -0.0001198218   0.0005238724   0.0001085795  -0.0002869723  -0.0000957519
47  8   0.0001167514  -0.0000922253  -0.0000788340  -0.0000073930  -0.0000346789
47  9   0.0000483259  -0.0000108027  -0.0000373475   0.0000696078   0.0001582219
47 10  -0.1070197723   0.1856366532   0.0944727841  -0.0043422853   0.0045833900
47 11   0.0022458833   0.0002280630   0.0006886664  -0.0001501473   0.0000104414
47 12  -0.0001396228  -0.0001508664  -0.0002696912  -0.0000219084   0.0000017484
47 13   0.0000089723   0.0000062449   0.0000147807
48  1  -0.0001860169   0.0003911404  -0.0004409990   0.0007458420  -0.0001807270
48  2   0.0011523026  -0.0003065364   0.0001119433  -0.0001186934  -0.0059724724
48  3   0.0075527745   0.0043390672   0.0003018288  -0.0002614585   0.0007165744
48  4   0.0750748267  -0.0889705261  -0.1141224297  -0.0055757170   0.0046721488
48  5   0.0025305555   0.0008932474   0.0025824671   0.0015590660   0.0003071205
48  6   0.0013530515  -0.0001270928  -0.0010700434  -0.0003150841  -0.0006177077
48  7  -0.0002166561   0.0001836817   0.0005497320  -0.0001769102  -0.0000609459
48  8   0.0000200070   0.0001185181   0.0000293361  -0.0000331816   0.0001692658
48  9   0.0000534380   0.0000203448   0.0000916908  -0.0000625755   0.0000729733
48 10  -0.0813429303   0.0944727841   0.1167479273   0.0175589549  -0.0214117041
48 11  -0.0125259541  -0.0002194807  -0.0001337396   0.0000647422  -0.0002163696
48 12  -0.0000026778   0.0003054838   0.0000121234  -0.0000276862  -0.0001097795
48 13   0.0000097147   0.0000243593   0.0000170619
49  1  -0.0000001433  -0.0000856870   0.0009874925   0.0006643063   0.0005841169
49  2  -0.0016920182  -0.0000428661   0.0000821509   0.0004325326  -0.0003994880
49  3   0.0052765015  -0.0289919667  -0.0078675703  -0.0008613814  -0.0036339000
49  4  -0.0466477189   0.0030239342  -0.0165393420   0.0005190878  -0.0017728569
49  5   0.0124933271  -0.0003190919   0.0010758334  -0.0005080552  -0.0015401649
49  6  -0.0022629413   0.0002005460   0.0012205899   0.0003081450  -0.0007892301
49  7  -0.0004044919  -0.0005649283  -0.0004711574   0.0003045695   0.0001031878
49  8   0.0000404450   0.0002497058   0.0001991719   0.0005412873  -0.0000033368
49  9  -0.0000300955  -0.0000239804   0.0002296464   0.0004792270  -0.0018004739
49 10   0.0024582665  -0.0043422853   0.0175589549   0.0534493292  -0.0013195320
49 11   0.0219179833  -0.0009011570  -0.0003658463  -0.0003225242  -0.0009379898
49 12   0.0002731768   0.0005907637  -0.0000315670   0.0001521600   0.0000050393
49 13   0.0000000843   0.0000479486   0.0000042764
50  1   0.0001070957  -0.0005138103   0.0007360663   0.0003019634   0.0004489103
50  2  -0.0018532014  -0.0003536206  -0.0001600092   0.0003442249   0.0012829200
50  3  -0.0005881160  -0.0033703010  -0.0008166437   0.0002367521  -0.0002471642
50  4   0.0042448094  -0.0551263633   0.0389079572   0.0048629448  -0.0038777968
50  5   0.0331965750  -0.0016496135   0.0007257616  -0.0033850397  -0.0023161722
50  6  -0.0031955300   0.0001578411   0.0003606214   0.0001494552   0.0002536721
50  7   0.0002085110   0.0001580402   0.0000123864  -0.0000983792  -0.0000263926
50  8  -0.0000194752  -0.0000853692  -0.0001265564  -0.0000840245  -0.0001296224
50  9   0.0000196207  -0.0000687572  -0.0000522793   0.0005879695  -0.0000679602
50 10  -0.0035019511   0.0045833900  -0.0214117041  -0.0013195320   0.0565597935
50 11  -0.0430240724  -0.0012657069  -0.0000998015  -0.0001417298   0.0002893551
50 12   0.0002269724  -0.0000750617  -0.0000574168   0.0000030406   0.0001359040
50 13  -0.0000119138   0.0000146700   0.0000038644
51  1   0.0003337392  -0.0002319664   0.0011224859   0.0003367405   0.0006988553
51  2  -0.0016951428  -0.0001952313  -0.0000013795   0.0003784078   0.0001899151
51  3   0.0010795678  -0.0083129196  -0.0024028591  -0.0004180475  -0.0000997036
51  4  -0.0217025749   0.0383554785  -0.3075778380   0.0011685879   0.0009006918
51  5  -0.0068433485   0.0001169122  -0.0010362388   0.0013430781  -0.0001874696
51  6   0.0014421861   0.0001177183   0.0015208702  -0.0001854641   0.0001169551
51  7  -0.0003090786  -0.0002748608   0.0000484406   0.0000715045   0.0000553507
51  8   0.0000081866   0.0000841331   0.0000608973   0.0002160759  -0.0000350280
51  9  -0.0000227938  -0.0000334867   0.0003230179   0.0002086379  -0.0001833387
51 10  -0.0015142826   0.0022458833  -0.0125259541   0.0219179833  -0.0430240724
51 11   0.3331546536   0.0002150547   0.0001462931  -0.0000602205   0.0001423461
51 12  -0.0000179570   0.0008044396  -0.0000743741  -0.0000106528  -0.0000279447
51 13   0.0000000936   0.0000295913   0.0000494557
52  1   0.0000946490   0.0002402035  -0.0001890532  -0.0000949360  -0.0004165928
52  2   0.0001115491   0.0000362685   0.0001816191   0.0000222122   0.0004199842
52  3  -0.0001626404   0.0003978528   0.0000106717   0.0004452726  -0.0003271052
52  4  -0.0001308233   0.0014233025   0.0064199039  -0.0139418837  -0.0428512408
52  5   0.0105092352   0.0025573383   0.0037483651  -0.0069726821  -0.0686127091
52  6  -0.0939054645   0.0332049285   0.0002138367   0.0000247920   0.0000559845
52  7  -0.0003955122   0.0000011747   0.0000660304   0.0002647672  -0.0000652719
52  8  -0.0000257059   0.0001440076   0.0000318955   0.0000557914   0.0000132890
52  9  -0.0000348614  -0.0000257299  -0.0000797113  -0.0000367779  -0.0000986351
52 10   0.0002294795   0.0002280630  -0.0002194807  -0.0009011570  -0.0012657069
52 11   0.0002150547   0.0803776594   0.1325158822  -0.0431837114   0.0000143198
52 12  -0.0000367094  -0.0000324834  -0.0001897215  -0.0000206926   0.0000296367
52 13  -0.0000298172  -0.0000446116  -0.0000135924
53  1  -0.0000266005   0.0000900975   0.0000312173  -0.0001250341  -0.0000349845
53  2   0.0000538020  -0.0000312461  -0.0000016711   0.0000535039  -0.0001186291
53  3  -0.0004302139   0.0006098613   0.0002294140   0.0000883384  -0.0000534550
53  4  -0.0003613121   0.0020399022  -0.0001015965  -0.0073395586  -0.0000998075
53  5   0.0058991824   0.0047094135  -0.0036972850  -0.0037532021  -0.1290992740
53  6  -0.4309001713   0.0700672210   0.0000062564   0.0000407674  -0.0000381614
53  7  -0.0002270395   0.0000790477  -0.0000079766   0.0001125157   0.0001077503
53  8  -0.0000645184   0.0000837617   0.0000514415   0.0000088692  -0.0000178285
53  9  -0.0000141795   0.0000004131  -0.0000232126   0.0000407144  -0.0000537541
53 10   0.0002091382   0.0006886664  -0.0001337396  -0.0003658463  -0.0000998015
53 11   0.0001462931   0.1325158822   0.4320528674  -0.0726426836   0.0000031080
53 12  -0.0000090105  -0.0000142510  -0.0001208674   0.0000041115   0.0000063636
53 13  -0.0000130409   0.0000034200  -0.0000133885
54  1   0.0000124019   0.0001383921  -0.0001297265   0.0003806760  -0.0002513460
54  2   0.0003135986  -0.0000464061   0.0000100018  -0.0000379752   0.0004836490
54  3   0.0015245907  -0.0006283579  -0.0004295514  -0.0000921158  -0.0004733915
54  4   0.0061138439  -0.0014026396   0.0018881118   0.0146915244   0.0366475962
54  5  -0.0058913913  -0.0070321734  -0.0030287775  -0.0002646384   0.0294500155
54  6   0.0394192709  -0.0400438722  -0.0002614001  -0.0000041561  -0.0000062081
54  7   0.0002386908  -0.0000076364   0.0002470436  -0.0000327474   0.0000239385
54  8   0.0000314030  -0.0000965348  -0.0000618946  -0.0001294687  -0.0000223995
54  9   0.0000230815   0.0000358969  -0.0000479170  -0.0000266631   0.0001105109
54 10  -0.0001548079  -0.0001501473   0.0000647422  -0.0003225242  -0.0001417298
54 11  -0.0000602205  -0.0431837114  -0.0726426836   0.0449428990   0.0000673257
54 12   0.0000275664  -0.0000386411   0.0001988939   0.0000071018   0.0000384212
54 13  -0.0000068477  -0.0000117502   0.0000312643
55  1  -0.0002936071   0.0007579839  -0.0000293558   0.0000514063  -0.0002430432
55  2  -0.0003570243   0.0001064984   0.0001233390   0.0002652952   0.0047288733
55  3  -0.0066287145   0.0166043057  -0.0024070150   0.0023588743   0.0062486195
55  4   0.0005022032  -0.0006165733   0.0008113835  -0.0003359219   0.0002439935
55  5   0.0005226146   0.0001414343  -0.0000128625  -0.0003623137   0.0000897775
55  6  -0.0000222844  -0.0002375655  -0.0573699581   0.0140043626  -0.0462689635
55  7  -0.0062280111   0.0087821484  -0.0339387743   0.0014653243  -0.0018527682
55  8   0.0020997386  -0.0060394035  -0.0018894754  -0.0010558309   0.0000096098
55  9  -0.0000010709  -0.0000644050  -0.0008719242  -0.0001140635  -0.0001641883
55 10   0.0001287302   0.0000104414  -0.0002163696  -0.0009379898   0.0002893551
55 11   0.0001423461   0.0000143198   0.0000031080   0.0000673257   0.0666589198
55 12  -0.0131844403   0.0513082169   0.0008940586  -0.0007518256   0.0054650520
55 13  -0.0003073247  -0.0012564843  -0.0008401070
56  1  -0.0003833873  -0.0016107542   0.0012227102   0.0008203987   0.0009404692
56  2  -0.0020548015  -0.0004264008   0.0001371417   0.0007277631  -0.0046890448
56  3   0.0032267657  -0.0142439016   0.0018367462  -0.0005489348  -0.0036916521
56  4  -0.0005637341   0.0007984296   0.0002354432  -0.0002418296   0.0004515525
56  5   0.0004829431   0.0003310628  -0.0000873877  -0.0006778037   0.0002779187
56  6  -0.0001837915  -0.0002096393   0.0149892127  -0.0545131043   0.0566173377
56  7  -0.0050239455   0.0003288830  -0.0084329278   0.0020227065  -0.0004760075
56  8  -0.0004798641  -0.0021446195  -0.0004133868  -0.0003945706  -0.0000065766
56  9  -0.0001055231  -0.0000442681   0.0002572771  -0.0000677104   0.0002304616
56 10  -0.0001465794  -0.0001396228  -0.0000026778   0.0002731768   0.0002269724
56 11  -0.0000179570  -0.0000367094  -0.0000090105   0.0000275664  -0.0131844403
56 12   0.0576258350  -0.0592334484   0.0065275022  -0.0053651180   0.0304129919
56 13  -0.0004887343  -0.0002156975  -0.0004737051
57  1  -0.0006436277   0.0011402611   0.0019563742   0.0009789942   0.0008257870
57  2  -0.0022721719  -0.0002598232   0.0000361906   0.0007383563  -0.0040295325
57  3   0.0049553267  -0.0155098625   0.0024873793  -0.0022482363  -0.0028978797
57  4  -0.0010820644   0.0004422658   0.0002692066   0.0002827307   0.0001272833
57  5  -0.0003429067  -0.0000783658  -0.0001104698   0.0002623369  -0.0002332396
57  6  -0.0000736806   0.0001537544  -0.0475666127   0.0532126026  -0.2995413523
57  7  -0.0023190626  -0.0001587223  -0.0067776361   0.0020798576  -0.0003032954
57  8   0.0014208863  -0.0011190838   0.0005475454   0.0008374033  -0.0000264831
57  9  -0.0001137881  -0.0000531095   0.0004576648   0.0002507319   0.0004966895
57 10  -0.0001120328  -0.0001508664   0.0003054838   0.0005907637  -0.0000750617
57 11   0.0008044396  -0.0000324834  -0.0000142510  -0.0000386411   0.0513082169
57 12  -0.0592334484   0.3232960368  -0.0006278394   0.0009474707  -0.0029420207
57 13  -0.0000553559  -0.0000036451  -0.0001653871
58  1   0.0004525519   0.0003448847   0.0000326289  -0.0030888946   0.0002199714
58  2   0.0027224640   0.0002547420   0.0018179294   0.0003444049   0.0035498193
58  3   0.0222334055  -0.0033408388   0.0005012313  -0.0010730479  -0.0016411894
58  4   0.0006693806  -0.0006363925  -0.0003504189  -0.0033642728   0.0041030278
58  5   0.0021858004   0.0007215110  -0.0027608537  -0.0003461725   0.0011722110
58  6  -0.0007152384  -0.0013069832  -0.0527561279  -0.0467526013   0.0072005011
58  7  -0.0068331719  -0.0358359292   0.0072158140  -0.0010589357   0.0045332303
58  8  -0.0016917452  -0.0018861928   0.0012525291  -0.0014929801   0.0001191524
58  9   0.0001808273   0.0002786857   0.0000227285  -0.0001988299   0.0000450823
58 10   0.0001110257  -0.0002696912   0.0000121234  -0.0000315670  -0.0000574168
58 11  -0.0000743741  -0.0001897215  -0.0001208674   0.0001988939   0.0008940586
58 12   0.0065275022  -0.0006278394   0.0611517212   0.0463769528  -0.0085371812
58 13  -0.0004112495   0.0008306079  -0.0008266759
59  1  -0.0002140992  -0.0000365249  -0.0003214443   0.0019480747   0.0004261690
59  2  -0.0010255388  -0.0000855161  -0.0010006719  -0.0002677126  -0.0004090551
59  3  -0.0183901495   0.0016741501  -0.0012315368   0.0023504933   0.0014247827
59  4  -0.0004703373   0.0001910301  -0.0000107233   0.0002417190   0.0008755260
59  5   0.0001306224  -0.0019519281  -0.0016128650   0.0003230777   0.0001729481
59  6  -0.0000425414  -0.0000808249  -0.0393153046  -0.2992471835   0.0358779566
59  7  -0.0057885090  -0.0051494881  -0.0004014474   0.0018113952   0.0004554550
59  8  -0.0010926208  -0.0002002089   0.0004229662   0.0011033273   0.0000062569
59  9   0.0000027659  -0.0001702017   0.0000592906  -0.0004104131  -0.0003468443
59 10  -0.0000883968  -0.0000219084  -0.0000276862   0.0001521600   0.0000030406
59 11  -0.0000106528  -0.0000206926   0.0000041115   0.0000071018  -0.0007518256
59 12  -0.0053651180   0.0009474707   0.0463769528   0.3266589496  -0.0375196347
59 13  -0.0002413873  -0.0001136436  -0.0002131577
60  1  -0.0007003216   0.0004715276   0.0010959868   0.0032434975   0.0003679913
60  2  -0.0033528914  -0.0003114930  -0.0012612670   0.0001614893  -0.0012402120
60  3  -0.0223040436   0.0004134000  -0.0010233695   0.0009242489   0.0019650963
60  4  -0.0006286983   0.0007324773   0.0004795820   0.0006714771  -0.0000852371
60  5   0.0006427301   0.0001140300   0.0002702908  -0.0009399365   0.0002077473
60  6  -0.0001090411  -0.0001695110   0.0055412049   0.0364650199  -0.0468127166
60  7  -0.0020166432  -0.0087224182   0.0001585038   0.0012702863   0.0000537337
60  8  -0.0001158318  -0.0013820235   0.0004820882  -0.0011360645  -0.0001379628
60  9  -0.0002853909  -0.0002578044  -0.0002081166  -0.0005353992  -0.0002322400
60 10  -0.0001576192   0.0000017484  -0.0001097795   0.0000050393   0.0001359040
60 11  -0.0000279447   0.0000296367   0.0000063636   0.0000384212   0.0054650520
60 12   0.0304129919  -0.0029420207  -0.0085371812  -0.0375196347   0.0516823799
60 13  -0.0002043302   0.0004980462  -0.0005408483
61  1   0.0004078469  -0.0000288472  -0.0000183741  -0.0004991924  -0.0001623330
61  2   0.0001544989   0.0001545891  -0.0000010707  -0.0000623865   0.0006404572
61  3  -0.0000107107   0.0001852602   0.0004031052  -0.0000851569   0.0003719364
61  4   0.0000603215   0.0001000874  -0.0001247168  -0.0000979498  -0.0002354721
61  5   0.0000097484   0.0000924821   0.0000696761  -0.0000172562   0.0000872162
61  6   0.0000421608  -0.0001806393   0.0031795045  -0.0001068873  -0.0007637488
61  7  -0.0123617913  -0.0062585706  -0.0119954223  -0.0010356103   0.0031525090
61  8   0.0064935919  -0.4638446737  -0.0623520570  -0.0533177294  -0.0001033808
61  9   0.0001293330   0.0000324805  -0.0011098798  -0.0000161033  -0.0002504998
61 10   0.0000031449   0.0000089723   0.0000097147   0.0000000843  -0.0000119138
61 11   0.0000000936  -0.0000298172  -0.0000130409  -0.0000068477  -0.0003073247
61 12  -0.0004887343  -0.0000553559  -0.0004112495  -0.0002413873  -0.0002043302
61 13   0.4747721177   0.0665095464   0.0597399825
62  1  -0.0002207865  -0.0005268822   0.0003436877  -0.0001374640   0.0013733435
62  2  -0.0000733998  -0.0001801288  -0.0004868443  -0.0000762642  -0.0000435374
62  3   0.0001369358  -0.0000867834   0.0002397373  -0.0001774908   0.0005004132
62  4  -0.0000205528   0.0000578445   0.0000134237  -0.0001092952   0.0002669561
62  5   0.0000549929   0.0000852743  -0.0000722773  -0.0001562992   0.0000611052
62  6  -0.0000264050  -0.0001082958   0.0008367454   0.0042795766  -0.0051876302
62  7  -0.0240716919  -0.0014140837  -0.0037506866   0.0032673923  -0.0033983690
62  8   0.0042857185  -0.0455768294  -0.0285314204  -0.0179610772   0.0003043659
62  9  -0.0000459350   0.0000759693  -0.0005548628  -0.0001565621   0.0001804456
62 10   0.0000335215   0.0000062449   0.0000243593   0.0000479486   0.0000146700
62 11   0.0000295913  -0.0000446116   0.0000034200  -0.0000117502  -0.0012564843
62 12  -0.0002156975  -0.0000036451   0.0008306079  -0.0001136436   0.0004980462
62 13   0.0665095464   0.0290266194   0.0214091842
63  1   0.0003193624  -0.0000813475  -0.0003466355  -0.0004657146   0.0005081774
63  2   0.0007565288   0.0000064520  -0.0003567214  -0.0005620256   0.0001718693
63  3   0.0001220760  -0.0010829933   0.0023587977   0.0003469372  -0.0002101093
63  4   0.0000574348   0.0000893507  -0.0000434532  -0.0001112104  -0.0003610983
63  5   0.0001007436  -0.0000432439   0.0001269625   0.0001010783   0.0001214536
63  6   0.0001148283   0.0000007422   0.0009844466  -0.0037703611  -0.0039749918
63  7  -0.0525846314  -0.0071105831  -0.0029827848   0.0065550341   0.0043107974
63  8   0.0031116987  -0.0141875491  -0.0144365131  -0.0490238118   0.0000466069
63  9   0.0000872514   0.0001514928  -0.0013022049  -0.0003173343   0.0022902172
63 10   0.0000092133   0.0000147807   0.0000170619   0.0000042764   0.0000038644
63 11   0.0000494557  -0.0000135924  -0.0000133885   0.0000312643  -0.0008401070
63 12  -0.0004737051  -0.0001653871  -0.0008266759  -0.0002131577  -0.0005408483
63 13   0.0597399825   0.0214091842   0.0523227573
$end
