$vibrational normal modes
 1  1   0.1084799637   0.0272540074   0.2461880090   0.0328054988  -0.1009148765
 1  2  -0.1221171608   0.4088418569  -0.0112266597   0.2154531073  -0.0990787527
 1  3   0.1171589787  -0.3141685255  -0.0632514225   0.1715765999  -0.0110307847
 1  4  -0.0356160307   0.0445478288  -0.0092638096   0.0082188004   0.0005910951
 1  5   0.0019851639  -0.0075956231  -0.0440292497   0.0249052429  -0.0134466234
 1  6   0.0308442906   0.0164024749  -0.0080508404   0.0188177076  -0.0330818410
 1  7   0.1273135555   0.0009507646  -0.0057522552   0.0140424125   0.0201814036
 1  8  -0.0034145647  -0.0107085937   0.0230433514   0.0120230337   0.0206314098
 1  9  -0.0187799633  -0.0098093443   0.0038367614   0.0053733986  -0.0009543425
 1 10   0.0019155820   0.0011098500  -0.0109434781   0.0023454928   0.0007721108
 1 11  -0.0014900031  -0.0007844733   0.1045899719  -0.0731271129  -0.0297033194
 1 12   0.0000731059  -0.0000113577   0.0001075314  -0.0000675840  -0.0000805128
 1 13   0.0001846339   0.0000245176   0.0001785526
 2  1  -0.0933602123   0.1512598827  -0.0228294136   0.1834936050   0.0142614654
 2  2   0.0089896528  -0.0265737940   0.0409079952  -0.0038981170   0.1464722640
 2  3  -0.1413138688  -0.0019022499   0.0367413578   0.1393214478  -0.2285125681
 2  4  -0.0509112961  -0.1051636489  -0.1551687267   0.0743971226  -0.1379065256
 2  5   0.0106422899   0.0294344498  -0.1681024709   0.0379179736   0.0446358004
 2  6  -0.0340419417  -0.0120672123   0.0432914109  -0.0058640534  -0.0211274464
 2  7  -0.0281104231   0.0021168126   0.0022847929  -0.0119436061  -0.0004210256
 2  8   0.0036976799   0.0205016946   0.0204031091   0.0192414343   0.0283277110
 2  9  -0.0268337757  -0.0161172271  -0.0008349958   0.0163578758  -0.0060858341
 2 10  -0.0059061281  -0.0028154829   0.0274571364   0.0013600236  -0.0047902011
 2 11  -0.0013866591  -0.0009428335   0.1597641463  -0.1128537387  -0.0461526537
 2 12  -0.0001739299   0.0001053990  -0.0001285184   0.0000993090   0.0000846263
 2 13  -0.0001256966  -0.0000333602   0.0002556497
 3  1   0.1251058986   0.1537671932  -0.0009302839   0.1473893187  -0.1205537231
 3  2   0.2288249102   0.1110351093  -0.0086619804   0.1533835228   0.0645649158
 3  3   0.0122026935  -0.0707803473   0.0609671939   0.0616428073  -0.0137455645
 3  4   0.0226364886  -0.0480074467   0.0043640061  -0.0449495538   0.0513438674
 3  5  -0.0181659605   0.0355037250   0.0310808683   0.0324960511   0.1020113687
 3  6  -0.0727615387  -0.0313283419   0.0692745715  -0.0291653008  -0.0986325871
 3  7  -0.0625740768  -0.1006522489  -0.0250794262   0.0358984546  -0.0002319959
 3  8   0.0050555944  -0.0333127958  -0.0434335561  -0.0093463250  -0.0597911637
 3  9   0.0638164108   0.0276043944  -0.0101118346  -0.0111386099  -0.0013679008
 3 10  -0.0039458898   0.0000901604   0.0516697114   0.0037909576  -0.0081968158
 3 11   0.0070087291   0.0015787212  -0.3082752377   0.2157519743   0.0866828155
 3 12   0.0000182162  -0.0003115727  -0.0003044452   0.0003075913   0.0003617781
 3 13  -0.0008063394   0.0000662323  -0.0001830493
 4  1   0.1412448750   0.0345873548   0.1866556086   0.0528467988  -0.0041406414
 4  2  -0.1050934886   0.0187961193  -0.0280032415   0.0321137116  -0.0582048280
 4  3   0.0718752110  -0.1037524273  -0.0334502526   0.0101768141  -0.0269928242
 4  4   0.0247874677  -0.0402298213  -0.0124826757   0.0366864984  -0.1112325917
 4  5   0.0109918357  -0.0019011126   0.0237793889  -0.1146322682  -0.0425152893
 4  6  -0.0760535697   0.0573444139  -0.0227784297   0.0015874719   0.1792567167
 4  7  -0.3616405162   0.1033500084   0.0571798743  -0.1126409149  -0.0951980936
 4  8   0.0127446920   0.1043031601  -0.0313157083  -0.0164424427   0.0024887153
 4  9  -0.0134783540  -0.0029838805  -0.0066587192   0.0007605559   0.0037153140
 4 10  -0.0073046081  -0.0082357964   0.0111798262  -0.0168612220   0.0002589223
 4 11   0.0001858510  -0.0003367483  -0.1693050973   0.1132598894   0.0461683418
 4 12  -0.0000541092   0.0001930192  -0.0001663764   0.0004892761  -0.0001262615
 4 13   0.0002024738  -0.0000765563  -0.0003179873
 5  1  -0.1050560003   0.0422556117  -0.0234804553   0.1632349936   0.0004531615
 5  2  -0.0719532137   0.0101035111   0.0236295776  -0.0201654887   0.0241170758
 5  3  -0.1302470393  -0.0126453085   0.0156842826   0.1198464946  -0.0236626179
 5  4   0.0227678637  -0.1037373636  -0.1056214360   0.0101397720  -0.0142782047
 5  5   0.0020646205  -0.0123816084  -0.0120397387  -0.0030574422  -0.0767127474
 5  6   0.0708539025   0.0215623183  -0.0748006198   0.0290113719   0.0728759695
 5  7   0.1524473574   0.0825022675   0.0079443969  -0.0053441001   0.0092539991
 5  8  -0.0064357528  -0.0175038271  -0.0511407800  -0.0010577774  -0.0876874828
 5  9   0.0742951328   0.0360607664   0.0119255311  -0.0391604796   0.0263834346
 5 10   0.0341007404   0.0224140775  -0.2905258251  -0.0152177328   0.0493612622
 5 11  -0.0131034182   0.0007416455  -0.2602252825   0.1904007934   0.0781772870
 5 12  -0.0003951210  -0.0007251239  -0.0000006164  -0.0000154625  -0.0012262950
 5 13   0.0025673501  -0.0001317249  -0.0003488700
 6  1   0.1303295248   0.1030138157  -0.0211106576   0.1441886573  -0.0950047932
 6  2   0.1950001669  -0.0015146742  -0.0229309426   0.0828725997   0.0183775588
 6  3   0.0023339400  -0.0062620652   0.0584385556  -0.0005841621   0.0832927839
 6  4   0.0793218185  -0.0768258429   0.0220715788  -0.0616142036   0.0629980294
 6  5  -0.0126997163   0.0164951202   0.1110351249  -0.0324846719   0.0264270238
 6  6  -0.0496005774   0.0029040050   0.0043977194  -0.0144068564   0.0307069232
 6  7  -0.1235793821  -0.0062197758   0.0057773771  -0.0098997766  -0.0319654024
 6  8   0.0025596411   0.0006185691  -0.0644587078  -0.0181240930  -0.0639491737
 6  9   0.0474863013   0.0236495699   0.0032712842  -0.0253692869   0.0170737211
 6 10   0.0247072481   0.0063253517  -0.1813170975  -0.0146263834   0.0302818310
 6 11  -0.0162724785  -0.0010713041   0.4825658387  -0.3369242872  -0.1350787068
 6 12  -0.0002614843   0.0004384407   0.0006387721  -0.0006207875  -0.0002158185
 6 13   0.0005032586   0.0000359442  -0.0001030617
 7  1   0.1821431185   0.0050998031   0.2220501592   0.1056000553   0.0993924889
 7  2  -0.0668343430  -0.5117515167  -0.0528209483  -0.2493456970  -0.0774852258
 7  3   0.0778554651  -0.1912363764  -0.0433219025   0.1189778096   0.0246081321
 7  4   0.0048233085  -0.0100817649  -0.0241517883  -0.0059423470   0.0018081730
 7  5   0.0018822164   0.0086463882  -0.0120076594   0.0072087486   0.0272986412
 7  6  -0.0350406887   0.0477610129   0.0302303368   0.0169050352  -0.0823982713
 7  7   0.0830321576  -0.0420058408  -0.0151283526   0.0259522079   0.0104973372
 7  8   0.0000925991  -0.0183599204  -0.0126315420   0.0060195457  -0.0311034929
 7  9   0.0338143864   0.0127980279  -0.0068460442  -0.0017111580  -0.0018442935
 7 10   0.0008650507   0.0010544408   0.0066252898   0.0020850197  -0.0005052558
 7 11   0.0003037339   0.0001703383   0.0165527793  -0.0111871618  -0.0042648743
 7 12   0.0000216831  -0.0000541217  -0.0000107078  -0.0001370888  -0.0040331002
 7 13   0.0088401914  -0.0006848907   0.0001160038
 8  1  -0.1184072272  -0.0706186615  -0.0371737621   0.1372987814  -0.0143319879
 8  2  -0.1619778647   0.0664612032   0.0040847137  -0.0286446206  -0.1027228569
 8  3  -0.1321179898   0.0098547567  -0.0044160099   0.1066161066   0.1915442871
 8  4   0.1425814736  -0.2617476668  -0.1463030917  -0.0650897127   0.0518497212
 8  5  -0.0404521849   0.0427250993   0.0673987042   0.0150012397   0.0609637811
 8  6  -0.0390105947  -0.0166419892  -0.0103119540  -0.0081643796   0.0401060401
 8  7   0.0410272609   0.0530315816   0.0237017552  -0.0361153856   0.0102427964
 8  8  -0.0106964017   0.0278075577   0.0541777796   0.0002779853   0.0286918008
 8  9  -0.0109462948   0.0016763051  -0.0167981099   0.0075135531  -0.0150479461
 8 10  -0.0119087103  -0.0052147159   0.1155599412   0.0071043309  -0.0153870555
 8 11   0.0045700646  -0.0002754671   0.0110188132  -0.0095895452  -0.0040295241
 8 12  -0.0000601218   0.0001230164   0.0001549154   0.0001193771  -0.0247872186
 8 13   0.0544195417  -0.0042983021   0.0004417109
 9  1   0.1462236975   0.1656002072  -0.0060625854   0.1699577891  -0.0662616415
 9  2   0.2567351257  -0.1358407779  -0.0158176872   0.0356241378   0.0921168566
 9  3   0.0031258406  -0.0362646039   0.0733350051   0.0326172329  -0.0447009836
 9  4   0.0065367392   0.0044870288   0.0402989146  -0.0373206782   0.0650145232
 9  5  -0.0061329753  -0.0096422930   0.1031873385  -0.0275963973  -0.0459802134
 9  6   0.0316808757   0.0334157530  -0.0675682002   0.0234731856   0.0758710163
 9  7   0.1316294622   0.0948113711   0.0273164235  -0.0392283328   0.0209194228
 9  8  -0.0132344929   0.0260071795   0.0973009235  -0.0125251723   0.1279251251
 9  9  -0.1289377800  -0.0426371802   0.0185273434   0.0109571383  -0.0023836731
 9 10  -0.0035090349   0.0002205527   0.0300174238   0.0019891002  -0.0072813585
 9 11   0.0022680191  -0.0004758540  -0.0555058382   0.0375560753   0.0153206975
 9 12   0.0000193080  -0.0000227021  -0.0000971913   0.0001365488   0.0037630623
 9 13  -0.0082197798   0.0006067950  -0.0000108368
10  1   0.1392883892   0.0793920242   0.0617641598   0.0191745707   0.0102935978
10  2  -0.1260254996   0.0149184101  -0.0281309851   0.0358725772   0.0094046406
10  3   0.0111886463   0.1238174686  -0.0173926361  -0.0448026896  -0.0447764188
10  4   0.0843171749  -0.0546305251   0.0151474354   0.0209527297  -0.1090794637
10  5  -0.0082960676  -0.0282876525   0.0713281344  -0.0825617658   0.0241922012
10  6  -0.0201669792  -0.0140517842  -0.0377882361  -0.0404027093   0.0891185803
10  7   0.0005619289  -0.0950346417   0.0052460209   0.0602207840  -0.0042978316
10  8  -0.0292889011  -0.3068876393   0.1316365340   0.0408383706   0.0406817130
10  9   0.0506224110   0.0167759566  -0.0051894650  -0.0163092789  -0.0347549093
10 10   0.0684043292   0.0302204175  -0.0203280589   0.1389834144  -0.0587655622
10 11   0.0253069256  -0.0067506943   0.0107941000   0.0051859348  -0.0187723897
10 12   0.0003295424  -0.0000504413   0.0004517704   0.0002036197   0.0000540517
10 13  -0.0002052779   0.0000010802   0.0013946722
11  1  -0.1055995173   0.0201257529  -0.0043921078   0.1664422774  -0.0016317867
11  2  -0.0792209812   0.0071408814   0.0225445218  -0.0264559721  -0.0001718158
11  3  -0.1164118253  -0.0456958804   0.0214281677   0.0812162275  -0.0044386040
11  4   0.0051380304  -0.0061510195  -0.0202075934  -0.0014703792   0.0400905182
11  5   0.0094662732  -0.0475421696   0.0637764050  -0.0362406176  -0.1285521801
11  6   0.0816111513   0.0324142069  -0.0388419587   0.0210839833  -0.0323052832
11  7  -0.1136840175  -0.0751568978  -0.0648841799   0.1299557494  -0.0420140313
11  8   0.0201093769  -0.1473532782  -0.2232212190  -0.1041659408  -0.0088866386
11  9  -0.0715541398  -0.0552383860   0.0864204082  -0.0154285659   0.0652825532
11 10   0.0015745786  -0.0324958990   0.1166983359  -0.0110106232  -0.0778831672
11 11   0.0219692608   0.0076481260   0.0209630748  -0.0310240161  -0.0120858952
11 12   0.0005199640   0.0000452348  -0.0009327873   0.0004049492   0.0001495302
11 13  -0.0005125430   0.0000393155   0.0003033985
12  1   0.1206883281  -0.0417909223  -0.0678771451   0.1110762883  -0.0883185693
12  2   0.0764900868  -0.0159620510  -0.0505893512   0.0351643839  -0.1248361678
12  3  -0.0183285676   0.0758347729   0.0501491440  -0.0167751336   0.0939178677
12  4   0.1220909243  -0.0296098509   0.0610966138  -0.0188555302  -0.0541666265
12  5   0.0155302333   0.0018495400  -0.1375444601  -0.0050129814  -0.0501715128
12  6   0.0343693180   0.0076388252   0.0078678067   0.0195463795  -0.0028108413
12  7  -0.0138805109  -0.0138048694  -0.0380278410  -0.0509847949   0.0434367697
12  8   0.0723161577  -0.0322033528  -0.0618978188   0.2727240486  -0.0167853943
12  9   0.0093846516  -0.1199643679   0.0468732169   0.1620936233   0.0006252314
12 10  -0.0717213300   0.0058485301  -0.0375180821   0.0186768943  -0.0221167732
12 11   0.0131916294  -0.0075991943  -0.0193256519   0.0250555749   0.0061430144
12 12  -0.0004257059   0.0002751892   0.0000402292  -0.0013933919   0.0001029514
12 13   0.0000087649  -0.0000052897   0.0003077432
13  1   0.1826719441   0.0820508050   0.0029569240   0.0507723850   0.1352807450
13  2  -0.1003808044   0.0273961891  -0.0594780081   0.0901097152  -0.0092578868
13  3  -0.0661733932   0.2145798023  -0.1766286182   0.0076594255  -0.1176831368
13  4   0.2237732311   0.1950621034  -0.1238174827  -0.1455302211   0.0723686361
13  5  -0.0058526644   0.0168681383  -0.0484624891  -0.0059671696  -0.0005630130
13  6   0.0176710259   0.0056687731   0.0177521886   0.0250319112  -0.0088228489
13  7  -0.0207669125   0.0142895711   0.0273884963   0.0050593019   0.0087933294
13  8  -0.0212127891  -0.0155884744   0.0010856834   0.0019701258   0.0042533336
13  9  -0.0018200077  -0.0015162434  -0.0143616533  -0.0155702658   0.0282727000
13 10  -0.0393673989   0.0055151366   0.0118442208  -0.0550942492   0.0300636192
13 11  -0.0087997310   0.0019621004   0.0012563756  -0.0032697158   0.0034124256
13 12   0.0001260362  -0.0002118588   0.0000439083   0.0001991849  -0.0001721407
13 13  -0.0007629006  -0.0039988040   0.0574116872
14  1  -0.1230270343  -0.1052345933  -0.0468875191   0.1272446046  -0.0190723565
14  2  -0.1922158015   0.0130858937  -0.0023356249  -0.0665371756  -0.1116412946
14  3  -0.1257021804  -0.0112698629   0.0931679636   0.1796284279  -0.2023454045
14  4  -0.0147751041   0.0956755261   0.2674366898  -0.0449239739   0.0573994943
14  5   0.0540763961   0.0400092221   0.1331107463  -0.0032709812   0.0561621166
14  6  -0.0492027051  -0.0128638642  -0.0025052572  -0.0227761556   0.0168780038
14  7  -0.0101922653  -0.0187421201  -0.0021989309  -0.0419060772   0.0092136588
14  8   0.0229916110  -0.0011024131   0.0265701473   0.0484225857   0.0020334672
14  9   0.0142471413  -0.0032673935  -0.0166965664   0.0049541999   0.0050543361
14 10  -0.0190404541   0.0082511983  -0.0087951543  -0.0158278370   0.0171852268
14 11  -0.0051829515  -0.0008300921   0.0085398867  -0.0019297454  -0.0012345916
14 12  -0.0001888279  -0.0000149052   0.0001672635  -0.0000897011   0.0000728261
14 13  -0.0002382370  -0.0004471920   0.0063159280
15  1   0.1130217572  -0.0822279847  -0.0787459898   0.0969696802  -0.0998690634
15  2   0.0389364290  -0.0121169701  -0.0570188418   0.0253818479  -0.1602442581
15  3  -0.0167023110   0.0772866184   0.0837913172   0.0071233299   0.0348914518
15  4   0.1062932466  -0.0158005239   0.1601679815  -0.0126190102  -0.0779382879
15  5   0.0338433251   0.0258807305  -0.1915404975   0.0114403797   0.0011127313
15  6  -0.0013165175  -0.0050056774   0.0352446448   0.0139635268   0.0233537256
15  7   0.0499583434   0.1412643705   0.0228617518   0.1778421375  -0.0756062522
15  8  -0.0911082843   0.0333542551  -0.0026175349  -0.1314988891   0.0007850014
15  9  -0.0123187199   0.0324843568   0.0019062653  -0.0254067946  -0.0134218792
15 10   0.0330983518  -0.0041979305   0.0115600508   0.0203416190  -0.0151751158
15 11   0.0017498641   0.0016786922  -0.0068695690   0.0032116601  -0.0005783875
15 12  -0.0000204827  -0.0003313332  -0.0003067985   0.0005747088  -0.0001058040
15 13  -0.0002443195  -0.0015891121   0.0220739284
16  1   0.1238419021   0.0885531054   0.0540057392   0.0006689211  -0.0296916178
16  2  -0.1396055134   0.0066718051  -0.0203132060   0.0167097365   0.0256542239
16  3   0.0278007189   0.1047787011   0.0536983328  -0.0234624968  -0.0157281317
16  4   0.1853905266  -0.0359973167   0.0320614049   0.0322178221  -0.1409753850
16  5  -0.0072640969  -0.0678661980   0.0951514647  -0.0250677287  -0.0267275883
16  6  -0.0118011412  -0.0514853336  -0.0424801430  -0.0870064969   0.0032909523
16  7   0.1482912208  -0.1804138418  -0.1338069850  -0.0318217614   0.0245253819
16  8  -0.0502137612   0.1582314509  -0.0818596496  -0.0768025960  -0.0245587893
16  9  -0.0229829216  -0.0147392293   0.0535482038  -0.0015322846  -0.0465362913
16 10  -0.0775491270  -0.0004855057   0.0359362030   0.0175151982   0.1232388540
16 11  -0.0130098846  -0.0246068228  -0.0017126125  -0.0163342906   0.0036255431
16 12  -0.0140578667   0.0289740010   0.0168087792   0.0301239406   0.0001533482
16 13   0.0000039214   0.0000303925  -0.0003309206
17  1  -0.0934963451   0.0163951109   0.1268420915   0.2157380768   0.0028014952
17  2  -0.0194028861   0.0083638053   0.0156498870   0.0157030880  -0.0393553067
17  3  -0.0533877060  -0.0212039343  -0.0238450763  -0.1951981209   0.0028995481
17  4  -0.0813138257  -0.0037113377  -0.0049250126   0.0177988809   0.0345502729
17  5   0.0035429470   0.0226962327   0.0046736404  -0.1616602159  -0.0725605304
17  6   0.0142348626  -0.0335865137   0.0479321492   0.0251776871  -0.0164671546
17  7  -0.0955547139   0.0388371893  -0.0590117816   0.1695133613   0.2586318548
17  8   0.0347286028   0.0430970123   0.0866783560  -0.0242569722  -0.0141546432
17  9   0.0083888653   0.0243581258   0.0209579870   0.0104367885  -0.0498635811
17 10  -0.0396331978   0.0101921976   0.0047440053   0.0289495859   0.0959079541
17 11  -0.0106576303   0.0759841970   0.0371160003   0.0481242926   0.0012070456
17 12   0.0189015983  -0.0382196869  -0.0190061404  -0.0338041857   0.0005877125
17 13   0.0002946493   0.0000045439   0.0000191574
18  1   0.1677256187  -0.0711948531  -0.0989523902   0.1522212968   0.0451994065
18  2   0.0963498653   0.0066479153  -0.0974768115   0.0876502722  -0.1766220082
18  3  -0.1059349284   0.1010958868  -0.1811373327  -0.0437214986  -0.0354784084
18  4  -0.0413542179  -0.0599482423   0.0358552551   0.1688649099   0.0201988381
18  5  -0.0105371091  -0.0205215261   0.0136937675   0.0594586179   0.0046537643
18  6   0.0083023694   0.0034237050  -0.0321986406  -0.0282844919  -0.0477609746
18  7   0.0266914473   0.0103903105  -0.0767809043  -0.0696909776  -0.0338909938
18  8   0.2252268126   0.0059975072   0.0216744207  -0.0856149717   0.0182965884
18  9  -0.0059044640   0.0703204037   0.0035171798  -0.0224532402  -0.0232237727
18 10   0.0189580472  -0.0018029972   0.0042163309  -0.0041176981  -0.0067036360
18 11   0.0003243762  -0.0395098128   0.0121252229   0.0099355539  -0.0016959735
18 12  -0.0202371841   0.0382323135  -0.0334816272  -0.0705921462  -0.0001133879
18 13  -0.0000083673  -0.0000338744   0.0000019994
19  1   0.1281138474   0.1285213937  -0.0645139931  -0.0247213224   0.0003553316
19  2  -0.1545588314   0.0111699687   0.0171876052  -0.0196658501   0.0180201704
19  3  -0.0952273323  -0.0822550694   0.0587187422  -0.0908331195  -0.0027604995
19  4   0.1269457025  -0.0047121063   0.0165830960   0.1021483093  -0.0087729940
19  5  -0.0073020219  -0.0510763294   0.1076536725   0.0688630659  -0.0794727142
19  6   0.0062712509  -0.0167298770   0.0003423150  -0.0215427814  -0.1663188442
19  7  -0.0784292074   0.1357637312   0.0582178204   0.0521428802   0.0827808292
19  8  -0.0801669690   0.0327327054  -0.0504361513   0.1106701043   0.0760609346
19  9   0.0078285523   0.0762804661  -0.0217195953  -0.0328457286  -0.0837196877
19 10  -0.0184617207   0.0347691995  -0.0406030272  -0.0863953046  -0.1214606417
19 11   0.0055960722  -0.0358463519   0.1323928175   0.1860262594  -0.0008025309
19 12  -0.0002599394   0.0007405395   0.0005777338   0.0012919929  -0.0012398469
19 13  -0.0005058883  -0.0000117010   0.0000802256
20  1  -0.0952585983  -0.0281762842   0.1582797936   0.2195288763  -0.0016596917
20  2  -0.0373823959   0.0157392605   0.0127937344   0.0089016489   0.0151204111
20  3   0.0158957545   0.0280538308   0.0023612372  -0.2164538843   0.0070087939
20  4  -0.0670451968   0.0206967632   0.0119372219  -0.0581272833  -0.0338289189
20  5  -0.0001452298   0.0000524619   0.0098438288  -0.0678861890  -0.0264115108
20  6   0.0042348549  -0.0508392986   0.0362781352  -0.0080176288  -0.0675580649
20  7   0.0814565267   0.0278062545   0.0349980269  -0.0707556001  -0.0901648930
20  8  -0.0031790744  -0.0113889576  -0.0417387609   0.0294999438   0.0418026666
20  9   0.0022349391   0.0592610211   0.0032513030  -0.0086104296  -0.0622350573
20 10  -0.0227918036   0.0238736519  -0.0261382042  -0.0579572913  -0.0749488135
20 11   0.0071642128  -0.0189065557  -0.3691703225  -0.5093541118  -0.0068771031
20 12  -0.0006242220   0.0002267837   0.0000080504  -0.0004909950  -0.0021094587
20 13  -0.0008799846   0.0000053141   0.0000259732
21  1   0.1666237974  -0.2067430201  -0.1462189098   0.1289665592   0.0728300744
21  2  -0.0074814393   0.0511492529  -0.0598537761  -0.0020592117   0.0577219757
21  3   0.0006181860  -0.0225367016  -0.0735747608   0.0058502653  -0.0147999484
21  4  -0.0862727814  -0.0451329484   0.0053665611  -0.0166800075  -0.0998912032
21  5  -0.0093599207  -0.0767704406   0.1317649820   0.1289966777  -0.0503330788
21  6  -0.0027355476   0.0062919150  -0.0322014463  -0.0348598044  -0.1458678934
21  7  -0.0928407264   0.1221081776   0.0665485574   0.0462743895   0.0656563771
21  8  -0.0774051437   0.0177704137   0.0468060653   0.0252724619  -0.0498989273
21  9   0.0018367323  -0.1007533649  -0.0338649646   0.0160706767   0.0919586913
21 10   0.0526027759  -0.0365091096   0.0180287567   0.0694482360   0.0856227009
21 11  -0.0056024354   0.0148907136  -0.1576222327  -0.2077690047   0.0010850658
21 12  -0.0000071980  -0.0002327239  -0.0006790509  -0.0016239882   0.0008409513
21 13   0.0003447287  -0.0000078258   0.0000252419
22  1   0.1073485469   0.1632881023  -0.1386839770  -0.0657147791  -0.0433678873
22  2  -0.1826977954  -0.0180264785  -0.2057867912  -0.0033266338   0.0241420611
22  3  -0.2298666894  -0.2559381121   0.0538693348  -0.2656558041   0.0187159870
22  4  -0.0356049559   0.0419617428   0.0067508793  -0.0230680903   0.0256866186
22  5  -0.0046509883   0.0167296818  -0.0538062235   0.1095510401   0.0693100914
22  6  -0.0087813901   0.0469609050  -0.0220225969   0.0218845714   0.1136398361
22  7  -0.0098957001  -0.0713497579  -0.0421206888   0.0211256735   0.0291792037
22  8   0.0090653210   0.0036083432   0.0019267587  -0.0118941167   0.0089943979
22  9   0.0024452400   0.0363222372   0.0073760397   0.0230983576   0.0258751276
22 10   0.0032145913  -0.0084406684   0.0045018949   0.0131102633   0.0198817133
22 11  -0.0004564757   0.0051374664  -0.0909210621  -0.1255538212   0.0002310289
22 12   0.0002795563  -0.0000191061  -0.0002154921  -0.0001665906   0.0005475341
22 13   0.0002411622   0.0000070688  -0.0000223819
23  1  -0.0911172678   0.0308336642   0.1356399785   0.2217393440   0.0049561322
23  2  -0.0045272434   0.0064460872   0.0491970737   0.0196852498  -0.0686510123
23  3  -0.0501688017   0.0056480397  -0.0395262997  -0.2879392779   0.0063039414
23  4  -0.1704086254   0.0258217910   0.0184773012  -0.1214892619  -0.0741979619
23  5  -0.0073632471  -0.0210359826   0.0085905689   0.0807448377   0.0339478706
23  6  -0.0052830901   0.0011264509  -0.0122711932  -0.0157224890  -0.0209380554
23  7   0.0556135389  -0.0015364060   0.0370524854  -0.0675371439  -0.1004163728
23  8  -0.0228999045  -0.0117274107  -0.0238746263   0.0035478493  -0.0254066868
23  9  -0.0077706845  -0.0843340397  -0.0093634366  -0.0360087053  -0.0159557406
23 10   0.0011633614   0.0024406638   0.0071008713   0.0084418876   0.0059786397
23 11  -0.0022406180   0.0028168485   0.2215999994   0.3045707963   0.0037620367
23 12   0.0002328005   0.0004268943   0.0000453351   0.0004919158  -0.0003215228
23 13  -0.0001937982   0.0000294661  -0.0000495819
24  1   0.1387407609  -0.2995493187  -0.1666327927   0.0865396025   0.0185706493
24  2  -0.1028930268   0.0439064962  -0.3465157497  -0.0076984163   0.2426546654
24  3   0.0187801771  -0.1315616343   0.0079075627  -0.0085317734   0.0086764219
24  4  -0.0253916992  -0.0102384348  -0.0174727171  -0.0046222166   0.0142371470
24  5   0.0051984878   0.0247779285  -0.0148004932  -0.1398648460  -0.0319668168
24  6   0.0047835576  -0.0481055709   0.0539100509   0.0160386429  -0.0056168701
24  7   0.0659997758  -0.0060951257   0.0093267387  -0.0483600765  -0.0643099714
24  8   0.0204546389  -0.0088805114  -0.0061160621  -0.0115205242  -0.0125875202
24  9  -0.0041012935  -0.0330886976   0.0016214668  -0.0222584524  -0.0264589713
24 10  -0.0091622422   0.0088670908  -0.0006994641  -0.0107915395  -0.0152814393
24 11   0.0009705965  -0.0013049449   0.1009688498   0.1370941549   0.0007713960
24 12  -0.0000817530   0.0000555312   0.0001295072   0.0003320499  -0.0004995015
24 13  -0.0002096607   0.0000086314  -0.0000418942
25  1   0.1576686113   0.1213394699  -0.0790438138   0.0032598802   0.0814841420
25  2  -0.1331298021   0.0584372590   0.4003591196  -0.0935201200   0.0049741326
25  3  -0.0226434498  -0.0935448478   0.0979393661  -0.1052127019   0.0113648836
25  4   0.1239859351   0.0255512131   0.0099676484   0.0821003315   0.0604295929
25  5   0.0011166805   0.0149213952  -0.0006569380  -0.0298657180  -0.0439017471
25  6   0.0033207639  -0.0378092033   0.0768827125   0.0408413912  -0.0313682466
25  7   0.0423134600   0.0560539282   0.0326478848  -0.0684943101  -0.0844936407
25  8   0.0630216899  -0.0324547585   0.0653753615  -0.0591400224  -0.0718330808
25  9  -0.0014876415  -0.1050520460  -0.0015668612  -0.0063114319   0.0175605719
25 10   0.0071833785  -0.0081490820   0.0074928522   0.0235901262   0.0286903199
25 11  -0.0019558390   0.0072766149  -0.0195521034  -0.0260937115   0.0012076626
25 12  -0.0000680039   0.0000478820  -0.0001010674  -0.0003580948  -0.0177103252
25 13  -0.0080547711   0.0005510517  -0.0001789616
26  1  -0.1018788439  -0.1418974986   0.2161946382   0.2207092120  -0.0138754997
26  2  -0.0938879122   0.0351993638  -0.0463221405  -0.0058834235   0.1785985671
26  3   0.1707977854   0.1175951081   0.0875544740  -0.1111652599   0.0153838188
26  4   0.1848220846   0.0552458143   0.0280791197   0.1170314989   0.0904658345
26  5  -0.0055021552   0.0110368791  -0.0366708343   0.1237622490   0.0435393178
26  6  -0.0022476308   0.0374982374  -0.0223351287   0.0064335067   0.0120253093
26  7  -0.0221481781   0.0129120741   0.0063623270  -0.0049914843  -0.0095350798
26  8   0.0098924907  -0.0082527363  -0.0080291528   0.0109433489   0.0281146856
26  9   0.0030404017   0.0655640058   0.0022113846   0.0330580357   0.0517090087
26 10   0.0185553318  -0.0161631031   0.0096998286   0.0253704634   0.0310296183
26 11  -0.0014574586   0.0068334888   0.0307347565   0.0431178452   0.0006170475
26 12   0.0000710137  -0.0000002603   0.0000307510   0.0001134419  -0.0519620065
26 13  -0.0235631308   0.0015471813  -0.0004054441
27  1   0.2008554025  -0.2136356538  -0.1637237193   0.1612835195   0.1667233254
27  2   0.0179778034   0.1046047071   0.3788024455  -0.0850768066   0.0403793380
27  3   0.0835245183  -0.0293700948  -0.0363617168   0.0015978843   0.0004069050
27  4  -0.1049183581  -0.0169286753  -0.0046746785  -0.0487645017  -0.0282203753
27  5  -0.0006945463  -0.0072787823   0.0042880463   0.0397484215   0.0279224173
27  6  -0.0066005987   0.0174452613   0.0175025377   0.0382851560   0.1364181890
27  7   0.0114177805  -0.1067267013  -0.0503204045   0.0422116201   0.0491499044
27  8  -0.0310885569   0.0236304375  -0.0591825115   0.0368747882   0.0634982323
27  9   0.0002147229   0.1014946848   0.0064928254   0.0089619499  -0.0131758690
27 10  -0.0077246042   0.0062304603  -0.0036428119  -0.0186982105  -0.0199143455
27 11   0.0014557439  -0.0049206449   0.0209182085   0.0275355895  -0.0011312747
27 12   0.0000084791   0.0000746630   0.0000674384   0.0002261917   0.0100555363
27 13   0.0045816869  -0.0003326701   0.0000778070
28  1   0.1051393524   0.1102199976   0.0145897098  -0.0293282547  -0.0733811432
28  2  -0.1607030525  -0.0038929365  -0.0063698827  -0.0053581381   0.0510692858
28  3   0.0663093972   0.1412364300   0.0081649905   0.0203225423   0.0053110205
28  4  -0.1000719174  -0.0638687726   0.0229034994   0.0005488209  -0.0258560937
28  5  -0.0019802919  -0.0375848405   0.0539916896  -0.0399191302   0.1776529749
28  6   0.0453164753  -0.0104515561  -0.0045662876   0.0137451327   0.0329733168
28  7   0.0603734651   0.0016597950   0.2264980969   0.1439949518   0.0122517862
28  8   0.1078449041   0.0017714345  -0.0579226551   0.0402578508  -0.0584573020
28  9  -0.0563797048  -0.0023627074   0.0130142958   0.0584401500  -0.0575745466
28 10   0.1059803043  -0.1004135426   0.0196408982  -0.1151464531   0.0504440305
28 11   0.0052092334   0.0083327910  -0.0182910846   0.0207185724  -0.0752040278
28 12   0.0166898040   0.0074665545   0.0071161032  -0.0041391799   0.0000031333
28 13   0.0001235364   0.0008321068  -0.0000047122
29  1  -0.0983182922   0.1355625697  -0.0572903805   0.1674874524   0.0109884657
29  2  -0.0190543006   0.0058267101   0.0308977648  -0.0158135140   0.1065933806
29  3  -0.1301246553  -0.0095395238  -0.0892818307   0.1561225723   0.2089684065
29  4   0.0069490089   0.1332276511   0.0976526517   0.0213717706  -0.0067412098
29  5   0.0230315870  -0.0973233222  -0.0396924396  -0.0302141158  -0.0160461223
29  6   0.0814296209   0.0433384462   0.0234741065  -0.0133246648  -0.0353454856
29  7  -0.0839741834  -0.1811182119   0.0522267426   0.0586983129  -0.1328686713
29  8  -0.0034645584   0.1153895422   0.1448090462   0.0556485781   0.0026749000
29  9   0.0053760248   0.0308998403  -0.0202802602  -0.0143928997  -0.0091202123
29 10   0.0070377292   0.0478842447  -0.0054015534   0.0124015725   0.0211452514
29 11   0.0456762916  -0.0024430983  -0.0022770190   0.0004856880   0.0053861849
29 12   0.0555889810   0.0305493464  -0.0447213591   0.0217334901   0.0000000838
29 13   0.0000806092   0.0002943712   0.0002371215
30  1   0.0783699881  -0.1078816512  -0.0725217510   0.0589170239  -0.1875476872
30  2  -0.0115931205  -0.0291744291  -0.0309969819  -0.0046986740  -0.1686244362
30  3   0.0479063775   0.0603318094   0.1712787102  -0.0182818540  -0.0334817422
30  4  -0.0258851234   0.0125206207  -0.1213474007   0.0008635546  -0.0038102249
30  5   0.0236172802  -0.0267363571  -0.0483869253  -0.0066905211  -0.0137572623
30  6   0.0909829013   0.0197223315  -0.0094731603   0.0565448179  -0.0693818557
30  7  -0.0774665109  -0.1937731089   0.1704123438  -0.1929092719   0.1220714930
30  8  -0.0363967862  -0.0172671846   0.0225771074  -0.0787281707  -0.0203092293
30  9  -0.0359113111   0.0491719373  -0.0245782818  -0.0368143427   0.0039435047
30 10   0.0195982938   0.0594976307   0.0151443107   0.0007041677   0.0208513597
30 11   0.0501332349  -0.0013734084   0.0124736435  -0.0090793700   0.0234721566
30 12   0.0253212149   0.0091043997   0.0675189291  -0.0342385213   0.0000141001
30 13  -0.0000231046   0.0001033155  -0.0001749160
31  1   0.1141963313   0.1007994338   0.0306341869  -0.0155711388  -0.0517449534
31  2  -0.1509581267  -0.0002617012  -0.0068042958   0.0047187004   0.0506097552
31  3   0.0349550384   0.1621798917   0.0150657231   0.0443695013   0.0285924138
31  4  -0.1565756983  -0.1056598232   0.0569687307  -0.0118324566   0.0191644427
31  5   0.0062573855   0.0070829951   0.0013237218  -0.0124752230   0.0983261835
31  6   0.0836225066   0.0064331731   0.0020722710   0.0687897295  -0.0530056828
31  7  -0.0456722040   0.0446513404  -0.0737717557  -0.0290424790  -0.0064946594
31  8  -0.0111600748   0.0193334256   0.0037650262  -0.0318310614   0.0686786571
31  9   0.0613812695  -0.0214254640  -0.0142033252  -0.0297511698   0.0135805275
31 10  -0.1103172563  -0.1063284052  -0.0488786276   0.0431721524  -0.0286526786
31 11   0.0249750150   0.0006242875   0.1016739920  -0.0792302238   0.5452043658
31 12   0.0006323837   0.0003742800  -0.0009441457   0.0002452184  -0.0000442524
31 13  -0.0002517670  -0.0023733801  -0.0010269645
32  1  -0.1078972071   0.1579364835  -0.1829135554   0.1237510898   0.0091224093
32  2  -0.0624060705   0.0013545378  -0.0456680779  -0.0239329799  -0.0187122252
32  3   0.1377299675  -0.0197073871  -0.0393219607   0.0460304925   0.0723055860
32  4  -0.0352870908   0.0812596155  -0.0054599819   0.0124963344   0.0553754047
32  5   0.0426002576  -0.1751537751  -0.0715026095  -0.0261759750   0.0508525621
32  6  -0.0558270972   0.0271021191   0.0890338759  -0.1136622940   0.0682016486
32  7   0.0479492379   0.1011477722   0.0204790032  -0.1029703070   0.1205754040
32  8  -0.0128033702  -0.0773562470  -0.0808822304  -0.1087537977   0.0522505477
32  9   0.0239420234  -0.0296590146  -0.0569495719   0.0308606853  -0.0054100586
32 10  -0.0663006838  -0.0553941728  -0.0391044967   0.0238025838  -0.0127885853
32 11   0.0179717155  -0.0021933744  -0.0268243477   0.0230749008  -0.1283123296
32 12   0.0004194991   0.0002386276  -0.0003112191   0.0001062103  -0.0000012214
32 13   0.0000113977  -0.0007014349  -0.0007558131
33  1   0.0321428739  -0.0728860852  -0.0398334742   0.0194784658  -0.3201426997
33  2  -0.0264840686  -0.0552167919   0.0701178201  -0.0556141135  -0.0138718948
33  3  -0.0078779236   0.0238316657  -0.0164587694   0.0033227127   0.0070358760
33  4  -0.0285249274   0.1575067608  -0.1149335038   0.0338949831  -0.0503949813
33  5  -0.0187222763   0.0788537476   0.0733495982   0.0027854829   0.0173623819
33  6   0.0015534649  -0.0181376847  -0.0366913457   0.0396003302  -0.0169524394
33  7   0.0019387150  -0.0276568537   0.0421733629   0.0791456106  -0.0441519597
33  8   0.0338607087   0.0532315195   0.0178642963  -0.0065653316   0.0804154179
33  9   0.0799743524  -0.0282129472  -0.0027465766  -0.0461495560   0.0268347001
33 10  -0.1412113107  -0.1158236822  -0.0557654004   0.0572009204  -0.0343943857
33 11   0.0268116640  -0.0006097780  -0.0775399075   0.0539150876  -0.4155503047
33 12   0.0003619680   0.0000613218   0.0009188414  -0.0004780763  -0.0000228118
33 13  -0.0000090949  -0.0012056103  -0.0015182328
34  1   0.0863388960   0.1150698160   0.0230340196  -0.0473296049  -0.1248633754
34  2  -0.1744583418  -0.0275807884   0.0342002898   0.0001020425   0.1028298755
34  3   0.0649209493   0.1295854612  -0.0934465809   0.0041149964  -0.0272172670
34  4  -0.1188795683  -0.2703708724   0.1609464083  -0.0568828637   0.0891468238
34  5   0.0042632443   0.0273518594  -0.0843589866   0.0342337531  -0.1015040336
34  6   0.0218104246   0.0144269613   0.0064689564   0.0167903019  -0.0365339291
34  7  -0.0385976261  -0.0126405212  -0.0594469106  -0.0604817587   0.0052178791
34  8  -0.0299307208  -0.0013719879   0.0088533609  -0.0007044762  -0.0345840721
34  9  -0.0440328097   0.0263938399  -0.0225556264  -0.0075728275   0.0065002716
34 10  -0.0186795834   0.0285249016   0.0005415235   0.0140715877  -0.0015703243
34 11  -0.0039697246  -0.0018422268  -0.0594066047   0.0438364348  -0.3202606060
34 12  -0.0002832793  -0.0001277196   0.0002677458  -0.0000815582   0.0000197250
34 13   0.0000362044  -0.0001813466  -0.0000240676
35  1  -0.1017181169   0.2593936064  -0.2317189652   0.1237886869   0.0201278562
35  2  -0.0106287807   0.1744436107  -0.1678793624  -0.3446464272  -0.0864098439
35  3   0.2985253313  -0.0145979971  -0.0593377752  -0.0293150317  -0.0329767325
35  4   0.0161984540  -0.0027061450   0.0013165262  -0.0012893333  -0.0149635929
35  5  -0.0184102683   0.0808578440   0.0077447530   0.0233884771  -0.0854136023
35  6  -0.0331488101  -0.0202159574  -0.0416976909   0.0273486497  -0.0115813524
35  7  -0.0023761132  -0.0525554543   0.0306559328   0.0355754957  -0.0245709119
35  8   0.0101467056   0.0185797645   0.0152465072   0.0130686298   0.0095242576
35  9   0.0167265653  -0.0050480580   0.0170790940  -0.0033791761  -0.0006385467
35 10   0.0194984458   0.0072463975   0.0077945880  -0.0088443650   0.0039168711
35 11  -0.0011689842   0.0007096678   0.0180986146  -0.0135916758   0.0908089299
35 12   0.0000801634   0.0000376682  -0.0000357879   0.0000167898   0.0000143852
35 13  -0.0000002272   0.0002865300   0.0002322036
36  1  -0.0005807098  -0.0911522645  -0.0318559539  -0.0154815955  -0.4042880681
36  2  -0.0696799316  -0.1419599867   0.1564729591   0.0456927997   0.0655983013
36  3  -0.0269889097  -0.0164040880  -0.1336311056  -0.0184636127  -0.0231704346
36  4   0.0081607900   0.0180971457  -0.0128163170  -0.0086253117   0.0438058742
36  5   0.0033339244   0.0123381787  -0.0364344259   0.0337384180  -0.1527011385
36  6  -0.0883263945   0.0026252839   0.0118024878  -0.0791108488   0.0436220744
36  7   0.0391036563  -0.0436312108   0.0874541823   0.0219380325   0.0156058124
36  8   0.0169128007  -0.0022756560  -0.0063499093  -0.0107154390   0.0322938319
36  9   0.0411446719  -0.0238124031   0.0250844608   0.0151367609  -0.0100570648
36 10   0.0520079059   0.0101384862   0.0144791092  -0.0256109165   0.0106663322
36 11  -0.0025041092   0.0015064948   0.0517882552  -0.0374021971   0.2768423129
36 12   0.0001163280   0.0000835652  -0.0003630910   0.0001825447  -0.0000092950
36 13   0.0000197909   0.0007069572   0.0005044698
37  1   0.1572985869   0.0749816562   0.0530059356   0.0362501412   0.0597170804
37  2  -0.1129521069   0.0470736064  -0.0658141007   0.0094102472  -0.0206072748
37  3  -0.0442707689   0.2278868591   0.1508282302   0.1233278978   0.1303468654
37  4  -0.2824990899   0.1694278601  -0.0987278814   0.0350297917   0.0301899719
37  5  -0.0066222763   0.0545312780   0.0036164908   0.0313835757  -0.0891632829
37  6  -0.0673672477  -0.0032731675   0.0066356372  -0.0340174162   0.0142172553
37  7   0.0106091123   0.0390410229  -0.0682308322  -0.0097869841  -0.0095370943
37  8  -0.0167554765  -0.0009370779   0.0022989884   0.0007932763   0.0199150686
37  9   0.0327472947  -0.0194112439   0.0278935953   0.0147690964  -0.0049530261
37 10   0.0596712321   0.0410373703   0.0209466779  -0.0250439875   0.0134184511
37 11  -0.0066443024   0.0006075706  -0.0074575945   0.0066462776  -0.0435519182
37 12  -0.0000228837  -0.0000125591  -0.0001537179   0.0001218123   0.0003216927
37 13  -0.0045371244  -0.0600147377  -0.0035013954
38  1  -0.1244174155   0.0513148603  -0.2368789904   0.0836250444  -0.0063772895
38  2  -0.1670088860  -0.2876172427   0.0685238026   0.4468115923  -0.0314053574
38  3   0.1989657662  -0.0551430007  -0.0078661439   0.0037219232   0.0254299397
38  4  -0.0168141253   0.0645331594  -0.0396530999   0.0178693687  -0.0206157133
38  5   0.0099868310   0.0078343261   0.0215424081  -0.0069577446   0.0353617686
38  6  -0.0347844571  -0.0364629755  -0.0518759482   0.0715021061  -0.0242208733
38  7  -0.0156805397   0.0280082932  -0.0867359832   0.0074028196  -0.0317147537
38  8  -0.0164720330  -0.0071539083   0.0173992831   0.0364885023  -0.0450572006
38  9  -0.0433424449   0.0227952586  -0.0005938690  -0.0019565319  -0.0026973815
38 10   0.0139424181   0.0141724447   0.0095896647  -0.0035021174   0.0022643544
38 11  -0.0040902719   0.0003061058   0.0040702553  -0.0021463907   0.0147339441
38 12  -0.0001348422  -0.0000573807  -0.0001914748   0.0001320909   0.0000724895
38 13  -0.0007108294  -0.0088483779  -0.0003710256
39  1   0.0304929115  -0.0200896585  -0.0205073107   0.0265049249  -0.3365132086
39  2   0.0120945946   0.0658670552   0.0308000110  -0.2677948341   0.0049312093
39  3  -0.0177694647   0.0235629796  -0.0676030879   0.0004112373   0.0021808666
39  4  -0.0013205768   0.1232849825  -0.0798342503   0.0225953280  -0.0210395998
39  5   0.0013149374  -0.0200993048   0.0485252091  -0.0267866387   0.1100999294
39  6   0.0356872550   0.0086614057   0.0262018217  -0.0047674158   0.0070702343
39  7  -0.0165829170   0.1183861396  -0.1837291650  -0.0341418369  -0.0222601988
39  8  -0.0448406929  -0.0439021188   0.0130190731   0.0549353986  -0.1090678628
39  9  -0.1138375931   0.0553785762  -0.0176362497   0.0018281472  -0.0088591572
39 10   0.0217592541   0.0233291984   0.0138561779  -0.0031887690   0.0025859372
39 11  -0.0062113795   0.0001721677   0.0080310695  -0.0040291868   0.0448539543
39 12  -0.0004007979  -0.0001973016  -0.0000870786   0.0001184315   0.0000577012
39 13  -0.0006504682  -0.0082959674  -0.0000070803
40  1   0.1807586071  -0.0223671448   0.3016662736   0.1242467727   0.0831703109
40  2  -0.0555993300  -0.4734679738  -0.0517425246  -0.2352631415  -0.1282012926
40  3   0.1177506190  -0.4008147637  -0.0698777385   0.2839129456   0.1039464521
40  4  -0.0521639826   0.0446795582  -0.0564086188  -0.0646097574   0.2125397136
40  5  -0.0334560992   0.0072808312  -0.2213278152   0.4064577815   0.1032683560
40  6   0.4309204286  -0.8383870173  -0.0660453253  -0.3170702565   0.3613559509
40  7  -0.5302506748   0.0032162667   0.0234476094  -0.0072352472  -0.0096518648
40  8  -0.0105260488  -0.0482029503   0.0471379038  -0.0324798662   0.1337671878
40  9  -0.1436418858  -0.0544618153   0.0576158378  -0.0103412014   0.0206237535
40 10   0.0184924730   0.0143562239  -0.1750652538   0.0045119816   0.0169146585
40 11  -0.0018711996   0.0034293906  -0.0775093222   0.0614585425   0.0169692367
40 12  -0.0000030438  -0.0002209451  -0.0000378173  -0.0001063559   0.0658603942
40 13  -0.1445553891   0.0112823272  -0.0012110742
41  1  -0.1169993716  -0.0499648521  -0.0455348707   0.1379060074  -0.0120327480
41  2  -0.1506867808   0.0636256066   0.0073099639  -0.0240028130  -0.0773841870
41  3  -0.1368739495   0.0344401597   0.0017045645   0.0848919341   0.1478569386
41  4   0.1297977544  -0.2379462556  -0.1341143997  -0.0425945846   0.0121376050
41  5  -0.0287973406   0.0261571376   0.0809039127  -0.0468719184   0.0016141142
41  6  -0.0583804953   0.1079840465  -0.0318393287   0.0477182382   0.0259662622
41  7   0.1601094584   0.0902587983   0.0265459686  -0.0450378447   0.0129525507
41  8  -0.0088782041   0.0429775766   0.0140825913   0.0291635236  -0.0965509590
41  9   0.1408769107   0.0553061802  -0.0669320914   0.0109574447  -0.0343777980
41 10  -0.0258733927  -0.0147009657   0.2441037840   0.0125311997  -0.0282190681
41 11   0.0068346328  -0.0007063773   0.0833625817  -0.0613758485  -0.0245772656
41 12   0.0007098529  -0.0003302642  -0.0009794740  -0.0005307970   0.4027640324
41 13  -0.8838374400   0.0694680714  -0.0055240838
42  1   0.1528662892   0.2561903576   0.0229255083   0.1912699499  -0.0687963281
42  2   0.3314230824  -0.1148617067   0.0033742767   0.0767016118   0.1847456949
42  3   0.0150922171  -0.0985944824   0.0823862248   0.0661814435  -0.2191761336
42  4  -0.1216622802   0.1983315367   0.0858947858   0.0341928370   0.0422340667
42  5   0.0274810591  -0.1061233934  -0.0198321705   0.0037091318  -0.3143777618
42  6   0.3734387852  -0.1092137803  -0.2855519585   0.0217104041   0.4253309120
42  7   0.2190467697   0.3526809425   0.0782110147  -0.1231006980   0.0175287507
42  8  -0.0100087634   0.0817277807  -0.0916291869   0.1348337882  -0.4947014997
42  9   0.6576144147   0.2248821908  -0.2417338527   0.0316909077  -0.1097110731
42 10  -0.0855347605  -0.0514306669   0.7713445915   0.0473670774  -0.0864225961
42 11   0.0228652963   0.0006642707   0.3352038390  -0.2353667071  -0.0943554976
42 12  -0.0001271873   0.0004758624   0.0006658911   0.0001518318  -0.0621788493
42 13   0.1363417156  -0.0104720981   0.0002787489
43  1   0.1937395068   0.0762446844   0.0063642275   0.0634878512   0.1642691511
43  2  -0.0909842049   0.0628393737  -0.0759113525   0.0818821046  -0.0258599786
43  3  -0.0944826261   0.2316094337  -0.2055025274   0.0049317597  -0.1219595235
43  4   0.2722959270   0.2010822685  -0.1518936668  -0.1886865838   0.1154675096
43  5   0.2311720177   0.0953696819  -0.0001547029   0.0488828381   0.0147430152
43  6   0.0129958579  -0.0053342832   0.0292014928   0.0355331996  -0.0337179938
43  7  -0.0004311329   0.0613131487   0.0453447111   0.0106800820   0.0063735844
43  8  -0.0585403098   0.1584349066  -0.0419768661  -0.0739338978  -0.0484689959
43  9  -0.0193542122   0.0194456320   0.0669829859   0.0505861938  -0.0910772973
43 10   0.1123107797  -0.0420039277  -0.0280581733   0.1602729276  -0.0946016389
43 11   0.0282650968   0.0001084589  -0.0062596200   0.0083977538  -0.0171094256
43 12   0.0001737787   0.0006896279   0.0000712673  -0.0021657652   0.0033279110
43 13   0.0124892778   0.0652224247  -0.9277967277
44  1  -0.1310989737  -0.1072606452  -0.1293536710   0.0954653627  -0.0224108285
44  2  -0.2330376700  -0.1128915944   0.0337521835   0.0099738293  -0.0916348478
44  3  -0.0833724665   0.0206323072   0.0792849552   0.2535164783  -0.3152547116
44  4  -0.0272906845   0.3617328841   0.3206214303  -0.1101921526   0.1113050636
44  5  -0.9012717124  -0.2052768530  -0.2653455405  -0.1375590551   0.0261919320
44  6  -0.0069490397   0.0401365521   0.0496608148   0.0665474332  -0.0350722982
44  7  -0.0933212937   0.0636182799   0.0249924942  -0.1347840294   0.0612795815
44  8  -0.0436967768   0.2226847583  -0.0818546365  -0.0659207769  -0.0677890675
44  9   0.0023041217   0.0088474705   0.1027932957   0.0817154260  -0.1358169002
44 10   0.1820622259  -0.0567568652  -0.0964453594   0.2489029920  -0.1336316099
44 11   0.0489401319  -0.0097317440   0.0165338231  -0.0169988982  -0.0123852095
44 12   0.0004931661   0.0006364072  -0.0008471895   0.0001996879   0.0002963235
44 13   0.0018021937   0.0076300878  -0.1065194115
45  1   0.0838270942  -0.0647194025  -0.0597197453   0.0713108482  -0.1825723190
45  2   0.0260474002  -0.0676145936  -0.0225843810   0.0206457995  -0.1208891730
45  3   0.0492767808   0.0189727536   0.1734777426  -0.0084347031   0.0907080536
45  4  -0.0308409047  -0.1234790283   0.2193789570   0.1316094532  -0.2192014744
45  5  -0.3097659392  -0.1095575684  -0.2006605449  -0.0956521388  -0.0376888942
45  6  -0.0059697394   0.0087826328  -0.0119607060  -0.0464537396   0.1083775772
45  7   0.0240747834  -0.0105058435  -0.0427207745   0.2050122659  -0.0917141369
45  8   0.0255409581  -0.5214447970   0.1535297000   0.1150566148   0.1631898161
45  9   0.0319690676  -0.0274926152  -0.2503379316  -0.2180850055   0.3468999169
45 10  -0.4167347460   0.1635306213   0.1549936142  -0.6361178361   0.3622292191
45 11  -0.1164435636   0.0088932189   0.0211160442  -0.0308691963   0.0684859704
45 12   0.0002155042   0.0006110789  -0.0006846967   0.0005383097   0.0011314152
45 13   0.0045214668   0.0255709104  -0.3445511782
46  1   0.1444736948   0.0624318709   0.1037884573   0.0353534697   0.0175131395
46  2  -0.1153547504   0.0196308630  -0.0332609370   0.0502684716  -0.0037047602
46  3   0.0427056810   0.1570961888  -0.0598972805  -0.1309848308  -0.0728750648
46  4   0.0252567464  -0.0778009710   0.0414182813   0.1334258940  -0.1142579202
46  5  -0.0235184941  -0.0411977611   0.1507474288  -0.0934797295   0.1106859064
46  6  -0.0556403754  -0.0863914243  -0.0488990377  -0.1226579884   0.0839508924
46  7   0.2673561056  -0.3160902374  -0.0201407150  -0.0633028514   0.0206583492
46  8  -0.3195472165   0.2581141227   0.3000383810  -0.2820645673  -0.2816442836
46  9   0.0408873983  -0.0532010605   0.0673215776   0.3435132541   0.4170102033
46 10  -0.0541414677  -0.0085257685  -0.1188101828  -0.3047005520  -0.5540987015
46 11   0.0427978610   0.0976881866   0.0948764471   0.1014431772  -0.0004144923
46 12   0.1402891905  -0.2936255095  -0.2228761166  -0.4099045303   0.0005686121
46 13   0.0013792822  -0.0001180444   0.0006414686
47  1  -0.0972757578  -0.0514160209   0.1631419008   0.2171143362  -0.0044167104
47  2  -0.0522548007   0.0220948480   0.0227575388  -0.0057827290   0.0468570155
47  3   0.0418976216  -0.0002716137   0.0255664763  -0.2025365391   0.0155977075
47  4  -0.1112041137   0.0205476680  -0.0043947665  -0.2063752418  -0.1466151954
47  5   0.0043610628  -0.0235161063   0.0265784077  -0.0926194517  -0.0830663547
47  6  -0.0059268040  -0.0450582477   0.0382613715  -0.0063868399  -0.0390483239
47  7  -0.0852875189   0.0674125149  -0.1254497922   0.1453175141   0.3349163333
47  8   0.2467376525   0.0909999286   0.5101583804  -0.3380378380  -0.2087660229
47  9   0.0608829870   0.1070557735   0.0514390587   0.2524834904   0.3140380358
47 10   0.0277804670  -0.0359133472  -0.0890108158  -0.2023457015  -0.3627661322
47 11   0.0273574681  -0.3117921574   0.1380083234   0.1867772844   0.0042209378
47 12  -0.1649191836   0.3436662201   0.2603412297   0.4802473373   0.0013525284
47 13  -0.0001338760   0.0000962757  -0.0004511125
48  1   0.1979481184  -0.0074931221  -0.0898220246   0.1921718818   0.1123402980
48  2   0.1717764903   0.0010710291  -0.1228612264   0.1568405502  -0.3330628814
48  3  -0.2208726163   0.1356983229  -0.3880142526  -0.1616419435  -0.1212156866
48  4  -0.1965069143  -0.1457931983   0.0453275670   0.6027693676   0.3073942540
48  5  -0.0300300531   0.0771833943   0.0503089773  -0.1255423344   0.1857442905
48  6  -0.0138507937  -0.0238972830  -0.0254750161  -0.0257359010   0.0807651801
48  7   0.1607439920  -0.1973146959   0.1541821282  -0.0656800541  -0.1377712260
48  8  -0.4025339799   0.0605643951  -0.1190994165   0.1116963199  -0.0245287774
48  9  -0.0036433971  -0.1026710604  -0.0181848429   0.0592965103   0.0315304060
48 10  -0.0467888600   0.0458677706  -0.0476670597  -0.0554150816  -0.1551477685
48 11   0.0115188353   0.6306523826  -0.0345745794  -0.0650382205  -0.0080435580
48 12  -0.1245012255   0.2569634234   0.1843430092   0.3404196828  -0.0004848007
48 13  -0.0008444445   0.0001184386  -0.0004490410
49  1   0.0884599146   0.0919446371   0.0861817219  -0.0290920300  -0.1291424140
49  2  -0.1629678034  -0.0100942826   0.0196280207  -0.0223214736   0.0769754034
49  3   0.1195076094   0.1159800950   0.2573395162   0.0030836063   0.0874456039
49  4   0.3896483316   0.0609543517   0.0433787382  -0.2887474926  -0.2955902347
49  5   0.0185636890  -0.0699022831  -0.1071622748  -0.0209501119  -0.1372111313
49  6   0.0115149082  -0.0514564567  -0.0147125215  -0.0730136256  -0.0059236862
49  7   0.1375517388  -0.1330851594  -0.4463022549  -0.0446297354   0.2423397257
49  8   0.5228428491   0.3432501408  -0.1476207055   0.1652154223   0.1912328657
49  9  -0.0512193380  -0.1177412569  -0.4368204555  -0.3390866874   0.1965122356
49 10   0.4783768048  -0.0727763489  -0.0211315829  -0.0113744752  -0.3185223335
49 11   0.0217211832   0.4083020240  -0.0443006298  -0.0366496345  -0.0089343402
49 12   0.0253196248  -0.0507181709   0.0181838847   0.0438200616  -0.0007775666
49 13  -0.0002903108   0.0000289677  -0.0004707724
50  1  -0.0794304158   0.1150786147   0.1639372047   0.2479817905   0.0166668427
50  2   0.0712835148  -0.0233846487  -0.0188067167   0.0900960968  -0.2215228910
50  3  -0.1514714274   0.0582529244  -0.1636121790  -0.3038670016  -0.0381478355
50  4  -0.1106237258  -0.0537484213   0.0125817668   0.3812592337   0.3208608912
50  5   0.0071787141   0.1584336367  -0.1102722434  -0.4175328258   0.0943163880
50  6   0.0120899819  -0.0761614057   0.0723177311   0.0374208852   0.2043418809
50  7   0.1328854253  -0.2905915609  -0.0414392099   0.1545233671   0.2233445540
50  8  -0.3807107470   0.2594546557  -0.2692738638   0.3699456616   0.0645373390
50  9  -0.0495034096  -0.3338191553  -0.2995600610  -0.2104063324   0.2547415440
50 10   0.3528495086  -0.1412201930   0.0588447085   0.0852462211   0.0201506787
50 11  -0.0033622927  -0.5351755982  -0.0813567865  -0.0494020366   0.0095910050
50 12  -0.0530701793   0.1031982537  -0.0363950369  -0.0837319406  -0.0005060641
50 13  -0.0002887696  -0.0000084091   0.0001018391
51  1   0.1728716953  -0.0563929331  -0.0960043597   0.1596709548   0.0557387153
51  2   0.1121939117   0.0026726601  -0.1031739079   0.1007555640  -0.2077153700
51  3  -0.1272972154   0.1114967665  -0.2171187688  -0.0646410943  -0.0484315579
51  4  -0.0620318796  -0.0760841618   0.0385361038   0.2509558156   0.0770740879
51  5  -0.0121275773   0.0004631981   0.0127709010   0.0185991898   0.0395641027
51  6   0.0055682599  -0.0035030790  -0.0308731015  -0.0286857066  -0.0143255288
51  7   0.0629139928  -0.0457948509  -0.0473847371  -0.0739139713  -0.0577242126
51  8   0.1099456977   0.0278878541  -0.0301912298  -0.0369998572   0.0121102358
51  9  -0.0123295606   0.0176306613  -0.0080942980  -0.0261695179   0.0061535228
51 10   0.0333481344  -0.0181926836   0.0150054051   0.0070493963   0.0139181381
51 11  -0.0009776730  -0.1555387945  -0.0020099031  -0.0167338138   0.0001022352
51 12   0.3673713335  -0.7145283194   0.2194253901   0.5162687620   0.0009366516
51 13   0.0005465718   0.0002032464  -0.0020198558
52  1   0.1589407519   0.1479293635  -0.1560371504  -0.0148440670   0.0969938194
52  2  -0.1440481971   0.0604311450   0.4290438407  -0.1229879845   0.0036455167
52  3  -0.1005937729  -0.2563443868   0.1093755813  -0.2134933255   0.0366700862
52  4  -0.0565304024   0.0516112366  -0.0259294631  -0.1267942945   0.0761053428
52  5   0.0243020261   0.1687155623  -0.3274922967  -0.5724747391   0.1209455074
52  6   0.0257357533  -0.0361894953  -0.3776511225  -0.4116982077  -0.5577135443
52  7   0.0700448789   0.2103413264   0.1160714177  -0.1781690020  -0.2285598916
52  8   0.0009871977  -0.0115012533  -0.1520859181   0.1006856264   0.2495399348
52  9   0.0079535831   0.5293357226   0.0278806315   0.2319437763   0.3594685327
52 10   0.1178423981  -0.1117985451   0.0807040173   0.1728349403   0.2215869097
52 11  -0.0122937064   0.0446626946   0.2015577930   0.2710218755   0.0003614743
52 12   0.0000634843   0.0001544327  -0.0006214819  -0.0012791930   0.2857757022
52 13   0.1296147022  -0.0085622330   0.0022995964
53  1  -0.1026013807  -0.1658637613   0.2354611846   0.2236472418  -0.0161860071
53  2  -0.1024291283   0.0392576050  -0.0525863701  -0.0064869802   0.2074867573
53  3   0.2088974331   0.1532383776   0.1033945827  -0.0826281530   0.0148777720
53  4   0.2590629068   0.0637131791   0.0372981121   0.1847017044   0.1267747380
53  5  -0.0097527930  -0.0009476877  -0.0213827827   0.2649836825   0.0591099067
53  6  -0.0085675473   0.0772579574   0.0042695932   0.0683041232   0.1260764634
53  7  -0.0754233712  -0.0233953465  -0.0290848332   0.0512059289   0.0666989329
53  8   0.0390141482  -0.0173861432   0.0978578056  -0.0696457589  -0.1322620614
53  9  -0.0018860925  -0.2544111001  -0.0106775554  -0.0921688509  -0.1320931078
53 10  -0.0429741640   0.0400994248  -0.0288540779  -0.0555782486  -0.0734436453
53 11   0.0039578022  -0.0149422307  -0.0861028371  -0.1157680557   0.0011978148
53 12  -0.0010233749   0.0012752273   0.0003153898   0.0001259387   0.8472999714
53 13   0.3841215627  -0.0251068917   0.0062898201
54  1   0.1990417328  -0.3023527864  -0.1941787764   0.1449957397   0.1818607826
54  2  -0.0509598935   0.1318910051   0.3939834496  -0.1421593890   0.2050603171
54  3   0.1611862385  -0.1212453001   0.0760477555  -0.0302920317   0.0430316356
54  4  -0.0075800656   0.0791788202  -0.0177218137  -0.0451457513   0.2054891943
54  5   0.0170865384   0.2045534360  -0.5020722031  -0.1473637386   0.4132857324
54  6  -0.0028109082   0.2444740058  -0.6559198113  -0.4337304327  -0.1755283703
54  7  -0.2402165568  -0.0320524890  -0.1001654123   0.1608669494   0.2209884101
54  8   0.0188829338   0.0150762055   0.1384613083  -0.1227580406  -0.2269141095
54  9  -0.0089708005  -0.4620011906  -0.0048539888  -0.2034318252  -0.3395124715
54 10  -0.1276283066   0.1055412016  -0.0667205258  -0.1548673320  -0.1892727353
54 11   0.0095093571  -0.0465105425  -0.1743891718  -0.2455033479  -0.0035868947
54 12  -0.0004803826   0.0008367822   0.0003307275   0.0003091420  -0.1618017428
54 13  -0.0733737039   0.0047946657  -0.0012378267
55  1   0.0709062921   0.1117034950   0.0508252263  -0.0568322541  -0.1704058087
55  2  -0.1825152944  -0.0210408335   0.0689272733  -0.0353390741   0.1500953354
55  3   0.0140500811   0.1252285057  -0.0696503131   0.0635799101   0.0471563049
55  4  -0.1611858722   0.1142943844  -0.0408329285   0.0332214485  -0.0940228841
55  5  -0.0455787680   0.1443046522   0.2178074131  -0.0248336818   0.2289729819
55  6   0.0690263285  -0.0436558844  -0.0680536210   0.1076621084  -0.0066352705
55  7   0.0709755588   0.0470194413   0.3640156690   0.3158492455   0.0243511177
55  8   0.2438262949   0.1212334706  -0.4463177086  -0.3476108322   0.0653106125
55  9  -0.1111800338  -0.1077397506  -0.3995574740   0.3232139023   0.0734477581
55 10  -0.2296380884   0.7385785333  -0.0620505960   0.3300078257  -0.0898864762
55 11  -0.1505711671  -0.0555689157   0.0315784245  -0.0315645049   0.2054169962
55 12  -0.0755193318  -0.0295627685  -0.1490577510   0.0755000021  -0.0000363768
55 13  -0.0000209672  -0.0005622707   0.0018467288
56  1  -0.0841136595   0.2284686986  -0.0122663236   0.2016903189   0.0244195976
56  2   0.0711393096  -0.0058013816   0.0998856767  -0.0007007084   0.3062435574
56  3  -0.3066529283  -0.0051052708  -0.3264025709   0.2841894643   0.5529917076
56  4   0.1319204232   0.3921752764   0.4917812949   0.1180609906  -0.3839397738
56  5  -0.0123237296   0.3052278228  -0.0645883135   0.0072388548   0.0511609913
56  6   0.0421989215  -0.0360936999  -0.0419390947   0.1342159359  -0.0504047939
56  7  -0.0363194708  -0.1075295208   0.2355740879  -0.4590958723   0.4014874296
56  8  -0.0811300127  -0.2155499018  -0.0796012274  -0.1378838897  -0.0264182942
56  9  -0.0394411620   0.0451191733   0.0797777663  -0.0796044786  -0.0156087647
56 10   0.0431570956  -0.1859604308   0.0800103393   0.0306418807  -0.1520345880
56 11  -0.6655315232   0.0107145885  -0.0641488225   0.0164943920   0.0151054724
56 12   0.0992512084   0.0406567338   0.1591974163  -0.0818513064  -0.0001069979
56 13   0.0000718123  -0.0008278073  -0.0005029809
57  1   0.0878220484  -0.0886381686  -0.0699055024   0.0713004081  -0.1663960940
57  2   0.0114811824  -0.0268478169  -0.0313124195   0.0016833110  -0.1466936019
57  3   0.0216026732   0.0643712743   0.1366896808  -0.0007630439   0.0323492447
57  4   0.0130470924   0.0334121248  -0.0287718237   0.0131180782  -0.0663264127
57  5   0.0256247034   0.0175792137  -0.0834775766  -0.0029252446  -0.0097146034
57  6   0.0791043856   0.0101296803  -0.0109112915   0.0680936769  -0.0650595291
57  7  -0.0708093320  -0.1927017214   0.1845891723  -0.3304067841   0.2273381330
57  8  -0.0765735395  -0.1067555105   0.0573551286  -0.0372766418  -0.0492754974
57  9  -0.0311575724   0.0721728504   0.0772841488  -0.1013187777  -0.0240371119
57 10   0.0887162955  -0.1544146209   0.0465941906  -0.0761858297   0.0092856697
57 11  -0.0842220668   0.0124567369  -0.0062818841   0.0008555847  -0.0416741149
57 12  -0.4043619732  -0.1622868628  -0.7627849038   0.3912445959  -0.0002317718
57 13   0.0004580251  -0.0000456610  -0.0017481256
58  1   0.1051345559   0.1415862635  -0.0744552940  -0.0518469369  -0.0593814052
58  2  -0.1745132411  -0.0028656066  -0.0537957111  -0.0056145916  -0.0208451672
58  3   0.2106779951   0.1570680036   0.0404599966  -0.0164693887  -0.0236120469
58  4  -0.1709446769  -0.0835847427  -0.0159756765  -0.0092236416   0.0928422734
58  5   0.0475972875  -0.2736948578  -0.0862579840  -0.0513794370   0.3108506594
58  6  -0.0531481313   0.0179206610   0.1295900695  -0.1237115286   0.1410891482
58  7   0.1693246995   0.2391926691   0.3670068895   0.1103698769   0.1189082290
58  8   0.2116023543   0.2925282811   0.0326267746   0.4363312150  -0.1404025314
58  9   0.0128635632   0.0755774022   0.5186341052  -0.5322605004   0.3592222051
58 10  -0.1839676852   0.3346968379   0.1930631382   0.2455112599  -0.1925694498
58 11  -0.1403891408   0.0008941001  -0.0004746469  -0.1071936060   0.0248527287
58 12  -0.1291064133  -0.0686849727   0.0704111213  -0.0338590760  -0.0003472100
58 13  -0.0004525340  -0.0008469844  -0.0000982897
59  1  -0.0993286142   0.1167489436  -0.0468178328   0.1680221849   0.0090008409
59  2  -0.0279773491   0.0072053944   0.0279599010  -0.0172207460   0.0909324584
59  3  -0.1330764181  -0.0158360030  -0.0660603911   0.1411992337   0.1680609563
59  4   0.0073143590   0.1037940733   0.0550315942   0.0104659746   0.0183366050
59  5   0.0155358378  -0.1030277698  -0.0116949218  -0.0326116325  -0.0557489868
59  6   0.1014664387   0.0482017702   0.0059868381  -0.0068949968  -0.0525602325
59  7  -0.1147257859  -0.2343201547  -0.0118928578   0.1229015240  -0.2146346748
59  8  -0.0186435929   0.0780004337   0.1508127462  -0.0020893022   0.0346079444
59  9   0.0071346206   0.0074901320  -0.1193937553   0.1093174081  -0.0953953693
59 10   0.0500362002  -0.0553672154  -0.0387499036  -0.0340562753   0.0385727907
59 11  -0.0414668863  -0.0019865493  -0.0130361678   0.0339459651  -0.0001836212
59 12  -0.7655994676  -0.4050715731   0.3926691310  -0.1851569483   0.0000881736
59 13  -0.0008297944  -0.0020990062  -0.0001968402
60  1   0.0707667541  -0.2101072510  -0.1051857612   0.0347625235  -0.1849773203
60  2  -0.0959703822  -0.0092110618  -0.1121173419  -0.0298973568  -0.3671854327
60  3   0.2142504641   0.0514308030   0.3948646410  -0.1521793201  -0.3845737799
60  4  -0.1102978714  -0.2599820370  -0.5041901931  -0.1012910459   0.3649409988
60  5   0.0445896366  -0.4100418690  -0.0143669044  -0.0506516971  -0.1338189643
60  6   0.1163827463   0.0897438747   0.0357495765  -0.0847546002  -0.0562305844
60  7  -0.1493587436  -0.2923740608  -0.1341126382   0.3036113312  -0.4223580794
60  8  -0.0014017315   0.1295150948   0.2353651418   0.0747374692   0.0803874150
60  9   0.0642640464  -0.0153977500  -0.1187002817   0.1422519459  -0.1185287828
60 10  -0.0053236555  -0.1376112624  -0.0491722690   0.0834084976  -0.1211960218
60 11  -0.6881359482  -0.0055309279  -0.0779616698   0.0451429411   0.0126947142
60 12   0.1110982397   0.0580392090  -0.0427831272   0.0194241090  -0.0001570318
60 13   0.0004404307  -0.0001491304   0.0006958430
61  1   0.1617400713   0.0700266904   0.0618256450   0.0432371389   0.0701775806
61  2  -0.1080257130   0.0474944598  -0.0656663228   0.0160063836  -0.0203889340
61  3  -0.0674287040   0.2365412324   0.1619805813   0.1394848180   0.1527822601
61  4  -0.3050621465   0.2117260210  -0.1141542221   0.0416129464   0.0484445794
61  5  -0.0035425011   0.0231233522  -0.0304756608   0.0386445668  -0.1448261563
61  6  -0.1694750977  -0.0423873850  -0.0424936784  -0.0090724859   0.0223549515
61  7   0.0309655549   0.0177948170  -0.0388247992   0.0212504936  -0.0160683214
61  8  -0.0057218851  -0.0235129297   0.0067717093   0.0476125440  -0.0902887599
61  9  -0.1037587337   0.0512990607  -0.0271892826  -0.0061637226  -0.0072966105
61 10  -0.0265522121  -0.0221782985  -0.0065578683   0.0219549445  -0.0129816630
61 11   0.0025004810  -0.0002699889   0.0105914330  -0.0071899074   0.0550850729
61 12  -0.0023035373  -0.0010751804   0.0007800979  -0.0004420973  -0.0050429374
61 13   0.0737054541   0.9731801964   0.0704302386
62  1  -0.1301563024   0.0696386811  -0.3176533632   0.0562258837  -0.0070792168
62  2  -0.1919708789  -0.2738629371   0.0209107917   0.4220587673  -0.1022110294
62  3   0.3800755765  -0.0798379411   0.0047895565  -0.0880209430  -0.1067614476
62  4   0.0544875494  -0.0619430192  -0.0517837159   0.0112724779  -0.1931708274
62  5  -0.0821668752   0.5032908072   0.3677759626   0.0355417699   0.1138995855
62  6   0.7204713240   0.3536477584   0.4642104793  -0.4665622027   0.0876011356
62  7  -0.0403797486   0.1370219163  -0.1575080337  -0.0721324220  -0.0201472217
62  8  -0.0447149577   0.0587072017   0.0125556626  -0.0564004690   0.1831605722
62  9   0.2421055900  -0.1209535656   0.1192145933   0.0341850580   0.0018070874
62 10   0.1791081096   0.1278392004   0.0536354113  -0.0824001644   0.0438614151
62 11  -0.0252717288   0.0019596339  -0.0421125967   0.0276534411  -0.1767972885
62 12   0.0002246563   0.0000778474  -0.0008523599   0.0004592450  -0.0007525308
62 13   0.0108462879   0.1434116044   0.0110925555
63  1   0.0000000000   0.0000000000   0.0000000000   0.0000000000  -0.4233011194
63  2   0.0000000000   0.0446373356   0.0879509124  -0.2973089159   0.0902840384
63  3  -0.0362776242  -0.0170324681  -0.1779071888  -0.0244797842  -0.0272319346
63  4   0.0945673914  -0.0825155527   0.0657750376  -0.0231445120   0.0294554829
63  5   0.0854009605  -0.3302147152  -0.0735283511  -0.1330493401   0.4746752117
63  6  -0.0020363486  -0.1229655567  -0.1669907560   0.4128924439  -0.1898815847
63  7  -0.1555511576   0.1710724301  -0.3391143319  -0.1949243206   0.0179716354
63  8  -0.0992715814   0.0634023124  -0.0189019672  -0.2076358734   0.4787053235
63  9   0.5927145039  -0.3103796048   0.2434693598   0.0991341795   0.0124527595
63 10   0.4067144137   0.3201992367   0.1413316240  -0.2214077685   0.1251407576
63 11  -0.0465943719   0.0032519259  -0.0729536994   0.0597197842  -0.4282977663
63 12  -0.0004274136  -0.0003412685   0.0002089830   0.0000640084  -0.0006788910
63 13   0.0099467796   0.1333902860   0.0106790445
$end
