$coord
2.35153966783682 -1.88229213746985 -2.10333708087164 n
2.09425891001028 0.6124659024672 -0.98545670558263 c
0.13672831352948 0.58517477105627 1.19123454057783 c
-2.41573402804984 -0.26055193414073 0.3762478765102 c
-3.79982094836046 -2.36998872872151 0.95534739269967 c
-6.08821606558088 -2.34528216158474 -0.30168888000035 n
-6.08396913512043 -0.24130743336379004 -1.63332761394972 c
-3.9097596098614598 1.07869720318858 -1.28432246897834 n
4.51329044423697 1.78823399835262 0.05928057397473 c
4.91955002496986 4.0443048413126 0.10934275157171 o
6.13314624925479 0.07550586631785 0.9891717202202999 o
2.96281595438232 -3.15409878432744 -0.80346459392869 h
3.6470027251277 -1.85892860835172 -3.51745037356462 h
1.44362832179501 1.9179010127366902 -2.44359389018982 h
0.80037030293642 -0.6912276158223 2.67104977948788 h
0.04333391128723 2.47728408463576 2.01412507425846 h
-3.27313645615762 -3.89679779269273 2.19868149317505 h
-7.57805747194393 0.41797278712956 -2.85256841816766 h
-3.4910428607653 2.75674838597797 -2.08944095127841 h
7.59407175047296 0.9461863432997901 1.68823454932892 h
$user-defined bonds 
 
$end
