$dipgrad          cartesian dipole gradients
  -.48756756242530D+00  -.88928343249629D-01  -.64773719280256D-01
  -.53742485807299D-01  -.52061665502091D+00  -.23541126327206D+00
  -.36798421822086D-01  -.24722590270178D+00  -.33360820480916D+00
  -.32459526892602D-01  -.17092048535061D+00  -.94218164887378D-01
  -.10960608025333D+00  0.40440695952973D+00  0.17723421107534D+00
  0.18680280763459D-01  0.15284036430603D+00  0.24008723909632D+00
  0.30119638885746D+00  0.58801327082347D-01  -.12934064768959D-01
  -.46148208852283D-01  0.10053790566934D+00  0.78112117279414D-02
  -.75443140202680D-01  -.28676834526120D-01  0.11605168975626D+00
  0.28149230377188D-01  -.79335295781774D-01  0.50399885141424D-01
  0.89802001807142D-01  0.18264651960866D+00  -.10567196349084D+00
  -.28160638607172D-01  -.18331983672304D+00  0.14634017570998D-01
  0.61854689117180D-01  0.46369850059888D-01  0.87939310240504D-01
  0.27912446964134D-01  0.72082072634903D-01  -.13164287423063D+00
  0.14025360709470D+00  -.93714913667795D-01  -.24858381797149D-03
  -.49375247495709D+00  -.12293361883045D+00  0.20616017587550D-01
  -.10986922350788D+00  -.44927101705361D+00  0.42148471526034D-01
  -.59962075101577D-01  0.30797317069206D-01  -.31245317350478D+00
  0.12968732549584D+00  0.19444845062023D+00  -.11529487472842D-01
  0.20266181204065D+00  0.38855843761002D+00  -.14266403233146D+00
  -.50367830862790D-01  -.13975402471692D+00  0.47123848883451D-01
  -.18466524606620D+00  -.94593487831992D-01  0.68486924116015D-01
  -.15915202425969D+00  -.49496225361246D+00  0.11349059191093D+00
  0.13783829074408D+00  0.16480813929639D+00  -.24879514122642D+00
  0.12894211257457D+01  -.31032757828672D-01  0.38029598808628D+00
  -.78376327539812D-02  0.15361247544722D+01  -.24462953925236D+00
  0.62576267218207D+00  -.17100999481641D+00  0.36083268007536D+00
  -.68628900465179D+00  -.27277497614924D+00  -.11588343864594D+00
  -.14824309835329D+00  -.12039475684348D+01  0.66145951971398D-01
  -.15971158369567D+00  -.21637395609059D-01  -.40806727573749D+00
  -.93061861954146D+00  0.40732254436040D+00  -.24651524968879D+00
  0.33188293058689D+00  -.73868704762038D+00  0.19906964478743D+00
  -.30594238445520D+00  0.23066817972993D+00  -.46145301548208D+00
  0.23798458909812D+00  0.11004535655574D+00  -.99298165267801D-02
  0.57248663773876D-01  0.18187719277140D+00  0.18766725405404D-01
  -.27740815525795D-01  0.68614348022946D-01  0.67686841844453D-01
  0.92657860609271D-01  0.50121051809770D-01  0.16579698410703D+00
  -.52458904253496D-02  0.14325330165125D+00  0.42272301165929D-01
  0.81373006986360D-01  0.42546439465955D-01  0.18906172981246D+00
  0.30824255185640D-01  0.30437878759478D-01  -.34755220594411D-01
  0.38016685859342D-01  -.51204623868255D-01  0.36756058201261D-01
  -.39761442637056D-01  0.42649338432609D-01  -.29852904008540D-01
  -.49334270205050D-02  0.20958674631475D-01  -.26414168443104D-01
  0.41868682169783D-01  0.37182128368924D-02  0.97763345901225D-01
  -.23384428493385D-01  0.47910967025927D-01  -.61413462776593D-02
  -.32158181284174D-01  -.96160419454776D-02  0.14661536300701D-02
  -.45947060271535D-01  -.84325129880084D-01  -.81075273580072D-01
  -.12419765493203D-01  -.44809957417665D-01  0.34046499722812D-01
  0.71364545828520D-01  0.29617066924250D-01  -.66102634879610D-01
  0.30523053386337D-01  0.42689093086537D-01  0.80751258017181D-01
  -.69634542420898D-01  0.73316489572445D-01  0.66662204453732D-01
  0.46566865162184D-01  0.15468756631686D-01  -.65728864035039D-01
  0.15277176508032D-01  0.72569896461641D-01  0.60895227291162D-01
  -.65981707903009D-01  0.61594513520903D-01  0.83376367128288D-01
  0.22607711713052D+00  -.54161948959797D-01  -.23263939469475D-01
  -.60516413505373D-01  0.20392435805441D+00  0.33219051738322D-01
  -.29833076075921D-01  0.34507685722944D-01  0.25103218256201D+00
  0.33666005024350D+00  -.39294001507792D-01  -.29524942163256D-02
  -.88885335106466D-01  0.21062559111599D+00  -.35229104562159D-01
  -.18766004474268D-01  -.20104921986512D-01  0.33002434397043D+00
$end
