$hessian (projected)
 1  1   0.3380371716  -0.1205243739  -0.1487263139  -0.0640284021   0.0376086889
 1  2   0.0207484133  -0.0026656771   0.0237142934   0.0132063504  -0.0000167192
 1  3   0.0015747151   0.0001303289  -0.0000439223   0.0006306972   0.0003436538
 1  4   0.0000440183   0.0001030967   0.0004916426   0.0003008576  -0.0000236571
 1  5  -0.0003239368   0.0003554481  -0.0000908883   0.0005861602   0.0079376111
 1  6  -0.0184906195  -0.0107547532  -0.0064165794  -0.0069074533  -0.0001087916
 1  7  -0.0026693240  -0.0028314642  -0.0019048032  -0.0667984061   0.0791638416
 1  8  -0.0585396944  -0.2037184985  -0.0005114600   0.1772100438   0.0003341287
 1  9   0.0085955776   0.0048218414   0.0007024310  -0.0005496966  -0.0011259214
 1 10  -0.0032083191  -0.0000441593   0.0037480015   0.0001242304  -0.0000433625
 1 11  -0.0002629409   0.0000143557   0.0000094107  -0.0000104529   0.0000496869
 1 12  -0.0002214379   0.0000541956   0.0016659086  -0.0011617487   0.0004169769
 2  1  -0.1205243739   0.5108438177  -0.1144744336  -0.0033961279  -0.1951392570
 2  2  -0.0430495701   0.0054861573  -0.0039860672  -0.0046031606  -0.0008441362
 2  3  -0.0002475907  -0.0000863572  -0.0002679941   0.0005350856   0.0007263021
 2  4   0.0006323218   0.0005860368   0.0005078249  -0.0001355308  -0.0004927711
 2  5  -0.0006279257   0.0003053801   0.0005309011   0.0000925255   0.0019731481
 2  6  -0.0268046617  -0.0145835179  -0.0074475216  -0.0037994376  -0.0016255376
 2  7  -0.0026507908   0.0018549822   0.0003793393   0.1168474202  -0.1980252456
 2  8   0.1746936890   0.0087223998  -0.0582316340   0.0130932066   0.0031994970
 2  9  -0.0298989160  -0.0122559218  -0.0011533593   0.0012559241   0.0004787771
 2 10  -0.0007700082   0.0010182721   0.0008040536   0.0000962555  -0.0000804506
 2 11  -0.0003145402   0.0000596783  -0.0000010586  -0.0000380962  -0.0005275885
 2 12  -0.0000351962  -0.0001346597   0.0003951731   0.0001172667   0.0010180024
 3  1  -0.1487263139  -0.1144744336   0.5978803879   0.0021219136  -0.0257280675
 3  2  -0.1160546817   0.0081235984  -0.0324378839  -0.0177575147  -0.0021953597
 3  3  -0.0000726408   0.0002516988   0.0001347286  -0.0006262390  -0.0002697380
 3  4   0.0004288563  -0.0001705027  -0.0001385807   0.0008058384   0.0004684327
 3  5   0.0007886377  -0.0003588395   0.0000700794  -0.0002207177   0.0014339026
 3  6  -0.0157853926  -0.0090082436  -0.0033826652  -0.0046020016   0.0011970629
 3  7  -0.0015408112  -0.0004510204   0.0005800514  -0.0860461988   0.1520467786
 3  8  -0.2327427798   0.2255972289   0.0241109366  -0.2356622667  -0.0008140755
 3  9   0.0193759624   0.0132879559  -0.0015262490  -0.0008226532   0.0021155601
 3 10   0.0046737311  -0.0000952125  -0.0043443050  -0.0001036602  -0.0000544302
 3 11   0.0001117604   0.0000518920  -0.0000028815   0.0000243396   0.0002249587
 3 12  -0.0001862098  -0.0003130412   0.0010975244  -0.0005626202   0.0002744144
 4  1  -0.0640284021  -0.0033961279   0.0021219136   0.4338426451  -0.0487684411
 4  2   0.0499296781  -0.0968222268  -0.0070338241   0.0273394004  -0.0360042794
 4  3  -0.0083210072   0.0222427126   0.0005653984   0.0044116116   0.0009324846
 4  4  -0.0011697757   0.0004323154  -0.0033778223  -0.0024095788  -0.0030313593
 4  5   0.0003050815   0.0033789190   0.0003567120   0.0018017473  -0.1394397728
 4  6  -0.0134427889  -0.0178887102   0.0065914475  -0.0111807692  -0.0098839949
 4  7  -0.0257839889  -0.0027002941  -0.0180062657  -0.0050298578   0.0131824092
 4  8   0.0036826783  -0.0054368373   0.0246352156   0.0095675393  -0.0731489058
 4  9   0.0521873754  -0.0638095569   0.0056895642  -0.0006708888  -0.0049398864
 4 10  -0.0017599165   0.0007032456   0.0024456870   0.0000531784  -0.0001379500
 4 11   0.0000449280   0.0002030866   0.0000545421  -0.0000926896  -0.0005530129
 4 12   0.0001789334  -0.0001932348   0.0012623156   0.0025410903  -0.0022216897
 5  1   0.0376086889  -0.1951392570  -0.0257280675  -0.0487684411   0.5482590730
 5  2  -0.0719894660   0.0011094978  -0.0758521693   0.0000234857  -0.0090936668
 5  3  -0.0010265478   0.0098204390  -0.0014241990   0.0003877471  -0.0009344648
 5  4  -0.0005839040  -0.0015995457  -0.0012054074   0.0004247412   0.0000856050
 5  5   0.0002464341  -0.0000360578  -0.0002714441   0.0002012381  -0.0254005244
 5  6  -0.0752844545  -0.0057838058  -0.0310891705  -0.0268672857  -0.0113004852
 5  7   0.0261345411   0.0063313977   0.0104726501  -0.0035934189  -0.0286655801
 5  8  -0.0142752764  -0.0069010058  -0.0013936750  -0.0015648077   0.0497415037
 5  9  -0.1444876442   0.1160722360  -0.0148887380  -0.0011506339   0.0168249707
 5 10   0.0203420899   0.0003164869  -0.0230663867  -0.0002256848   0.0002788629
 5 11   0.0006376705  -0.0000625994   0.0000615308   0.0000543457   0.0011037437
 5 12  -0.0001122025  -0.0002334790   0.0056026043  -0.0038702638   0.0017281766
 6  1   0.0207484133  -0.0430495701  -0.1160546817   0.0499296781  -0.0719894660
 6  2   0.5161656735   0.0336712449   0.0116613657  -0.1171237632   0.0036100026
 6  3   0.0027898686   0.0117504967  -0.0009981181  -0.0008186211  -0.0013060731
 6  4  -0.0013462913  -0.0001612872  -0.0010362239  -0.0015166749  -0.0010953146
 6  5  -0.0002639045  -0.0002697989  -0.0001295136  -0.0003920675  -0.0289386174
 6  6  -0.0070105471  -0.1015131898  -0.0050275114   0.0022590829   0.0181011357
 6  7  -0.0195234696  -0.0036964285   0.0007324962  -0.0059975004   0.0256049102
 6  8   0.0116730374  -0.0039386841  -0.0303006201  -0.0111587468  -0.0606678547
 6  9   0.1135088849  -0.1831923997   0.0175613240   0.0000185602  -0.0205508724
 6 10   0.0067030822   0.0006436977  -0.0101877527  -0.0000437579   0.0000089651
 6 11   0.0001346639  -0.0000321727  -0.0001528480  -0.0001442003  -0.0006666313
 6 12   0.0003511666   0.0006564280  -0.0032566623   0.0015577142   0.0037099442
 7  1  -0.0026656771   0.0054861573   0.0081235984  -0.0968222268   0.0011094978
 7  2   0.0336712449   0.4666085406  -0.0142194375   0.0627870423  -0.1940775724
 7  3  -0.0425831705  -0.0473312928  -0.0128213601  -0.0059016279  -0.0058978894
 7  4   0.0032180780  -0.0032493557  -0.0001351361   0.0028809585   0.0019288466
 7  5  -0.0007961607  -0.0191629946  -0.0033007324  -0.0065563605  -0.0338699531
 7  6  -0.0098000249   0.0195820695   0.0006421320   0.0024250829  -0.0011380806
 7  7   0.0007554406  -0.0008412664  -0.0002978985   0.0003531445  -0.0003935568
 7  8   0.0001598611  -0.0002582275  -0.0003535033  -0.0004759941   0.0062938388
 7  9  -0.0009977008  -0.0049025135  -0.0753180558   0.0533052133  -0.0616551578
 7 10  -0.0469549568   0.0162938919   0.0044707084   0.0004198595   0.0013263255
 7 11   0.0012551197   0.0000361875  -0.0005443204  -0.0004864791   0.0003991709
 7 12   0.0003431145   0.0006349385   0.0003436733  -0.0000334333  -0.0010116195
 8  1   0.0237142934  -0.0039860672  -0.0324378839  -0.0070338241  -0.0758521693
 8  2   0.0116613657  -0.0142194375   0.5929211325  -0.0157070317  -0.0493006809
 8  3  -0.0999320071  -0.0050273412  -0.0178378814   0.0013021125  -0.0114693881
 8  4  -0.0069929032  -0.0002538476   0.0021196461  -0.0003451118  -0.0059710443
 8  5   0.0054920321   0.0242750469   0.0103538538   0.0048164301  -0.0063184398
 8  6   0.0021345015   0.0095429986  -0.0001548839  -0.0025040970  -0.0026924972
 8  7  -0.0004260684  -0.0002091580   0.0006888713   0.0010241693   0.0015070640
 8  8  -0.0006077085   0.0021663896  -0.0065491294  -0.0030196590  -0.0142994939
 8  9   0.0010037615   0.0144823999   0.0519708527  -0.1505324978   0.1136195525
 8 10   0.0117839509  -0.2643332092  -0.0900475246   0.0009451809  -0.0005155524
 8 11  -0.0009923391   0.0007077640   0.0011231418   0.0003439343   0.0001022222
 8 12   0.0003563305  -0.0003543869   0.0002388550  -0.0000631185  -0.0004114703
 9  1   0.0132063504  -0.0046031606  -0.0177575147   0.0273394004   0.0000234857
 9  2  -0.1171237632   0.0627870423  -0.0157070317   0.4945111688  -0.0474651380
 9  3  -0.0021078827  -0.0843913889   0.0045130709  -0.0031589382   0.0038879125
 9  4   0.0011130213   0.0036460305   0.0064264075   0.0004968616   0.0061171346
 9  5  -0.0018594371  -0.0237869473  -0.0105924638  -0.0096597259   0.0049746174
 9  6   0.0081439786   0.0170071750  -0.0006841393  -0.0055910347  -0.0038640149
 9  7  -0.0034132830   0.0009760436  -0.0040216400  -0.0012078912   0.0006681767
 9  8   0.0024046886   0.0005192137  -0.0017702016   0.0001928962   0.0180348049
 9  9   0.0000651707  -0.0197714268  -0.0601075815   0.1159780934  -0.1782089120
 9 10   0.0031192135  -0.0914793026  -0.0868453020   0.0012243201  -0.0005847344
 9 11  -0.0014140260  -0.0012419225  -0.0001251567   0.0008992430   0.0005479844
 9 12  -0.0001096876   0.0001397868   0.0000310017   0.0002114809  -0.0005521271
10  1  -0.0000167192  -0.0008441362  -0.0021953597  -0.0360042794  -0.0090936668
10  2   0.0036100026  -0.1940775724  -0.0493006809  -0.0474651380   0.6739750044
10  3   0.1834005615   0.1611303548  -0.1633689735  -0.1283650688   0.0294545024
10  4  -0.0563955212  -0.0093341427  -0.0330875518  -0.0708109319  -0.0194694514
10  5  -0.0345629144  -0.1593347341   0.0366258122  -0.0823979108  -0.0010901819
10  6   0.0016100189   0.0054362187   0.0004737519  -0.0007022705  -0.0012760222
10  7  -0.0003563465   0.0002647225  -0.0010803929  -0.0004560170   0.0004644921
10  8   0.0000562122   0.0006709280  -0.0007263548  -0.0002823640   0.0017070452
10  9   0.0004164353  -0.0017613411  -0.0107667801  -0.0029441792  -0.0040654268
10 10  -0.0028812000  -0.0046571611  -0.0016792395   0.0082139514   0.0095815610
10 11  -0.0023136548  -0.0011921399  -0.0031117384  -0.0001236170   0.0117522684
10 12  -0.0038378174   0.0128872651  -0.0000415521   0.0000230648  -0.0002836228
11  1   0.0015747151  -0.0002475907  -0.0000726408  -0.0083210072  -0.0010265478
11  2   0.0027898686  -0.0425831705  -0.0999320071  -0.0021078827   0.1834005615
11  3   0.5404227595  -0.1507235592  -0.1108235736  -0.2790259689   0.0758181556
11  4  -0.0627472935   0.0044693179  -0.0279308345   0.0179821350   0.0022925657
11  5   0.0183632928   0.0295316837  -0.1451375247   0.0745485823  -0.0004325762
11  6  -0.0006224977   0.0009474534   0.0000062521   0.0004591594  -0.0000238542
11  7   0.0002635258   0.0004571265  -0.0002908695   0.0005886754   0.0001345326
11  8   0.0001327433   0.0000661787  -0.0001961316  -0.0000099667  -0.0005711358
11  9  -0.0005472320  -0.0004413802   0.0216313839   0.0067908192   0.0067564292
11 10  -0.0327679261  -0.0092661653  -0.0087237072  -0.0104237395  -0.0087945485
11 11  -0.0003482107  -0.0051324284  -0.0028288666   0.0007143985   0.0188562985
11 12  -0.0074123319   0.0106300516  -0.0000985589   0.0000111319  -0.0000280694
12  1   0.0001303289  -0.0000863572   0.0002516988   0.0222427126   0.0098204390
12  2   0.0117504967  -0.0473312928  -0.0050273412  -0.0843913889   0.1611303548
12  3  -0.1507235592   0.3323050818   0.0187623865   0.0678887801  -0.0947283509
12  4   0.0006329614   0.0031931857   0.0133479802  -0.0608869190  -0.0043069730
12  5  -0.0152848200  -0.0742203970   0.0787109595  -0.1429746785   0.0008829591
12  6  -0.0016548373  -0.0069989424   0.0005942895   0.0019488328   0.0012232391
12  7   0.0009696879  -0.0000463322   0.0012364655  -0.0003798215  -0.0003068827
12  8  -0.0001752815   0.0002911771   0.0002446549   0.0002988117   0.0003442260
12  9   0.0006040129   0.0003211413  -0.0224871880  -0.0083018368  -0.0081095140
12 10  -0.0120048616  -0.0022995193  -0.0025963220   0.0110121181   0.0106697765
12 11  -0.0010301763   0.0012252446   0.0019357977   0.0022909913  -0.0009242203
12 12  -0.0022203992  -0.0071834153   0.0000162538  -0.0000424009   0.0004469832
13  1  -0.0000439223  -0.0002679941   0.0001347286   0.0005653984  -0.0014241990
13  2  -0.0009981181  -0.0128213601  -0.0178378814   0.0045130709  -0.1633689735
13  3  -0.1108235736   0.0187623865   0.4698754353   0.0568912149   0.1451857365
13  4  -0.2072537952  -0.0059681926  -0.0709066066  -0.0255260343   0.0609987669
13  5  -0.0588203223   0.0053624570  -0.0253999282   0.0142824893  -0.0001074281
13  6  -0.0002483083  -0.0000789176   0.0000150189   0.0001252968   0.0000825146
13  7   0.0000635471  -0.0000524999   0.0001036656   0.0000012206   0.0000837775
13  8   0.0000664353   0.0001195104  -0.0000732035   0.0000175547  -0.0000642189
13  9   0.0000256893   0.0001095192   0.0009720797  -0.0004785103   0.0013851233
13 10  -0.0002188697   0.0000629638   0.0006559384  -0.0669143498   0.0460165038
13 11  -0.0497616970   0.0031842721  -0.0014872805  -0.0010744515  -0.0037847793
13 12  -0.0001272619  -0.0037483508  -0.0000552083  -0.0000153794   0.0000893013
14  1   0.0006306972   0.0005350856  -0.0006262390   0.0044116116   0.0003877471
14  2  -0.0008186211  -0.0059016279   0.0013021125  -0.0031589382  -0.1283650688
14  3  -0.2790259689   0.0678887801   0.0568912149   0.6785207012  -0.3143455634
14  4  -0.0148871209  -0.0952622802   0.0078897378   0.0188093223  -0.0191119168
14  5   0.0291512509   0.0205352850  -0.0649265699   0.0592450839  -0.0002826917
14  6  -0.0010885644  -0.0021239772   0.0001595046   0.0006905023   0.0008515894
14  7   0.0003718260  -0.0004072640   0.0007350794  -0.0000869074  -0.0000052506
14  8  -0.0000746379   0.0002605805   0.0001633142   0.0001838998  -0.0001895159
14  9   0.0000996251   0.0003330661   0.0006884856   0.0002729830  -0.0000473994
14 10   0.0011904306   0.0009001738   0.0005090462   0.0445490013  -0.2208270559
14 11   0.1458986250  -0.0018464328  -0.0023231986   0.0051373112   0.0030948554
14 12   0.0000828808   0.0033656711  -0.0000334496   0.0000229436   0.0000062351
15  1   0.0003436538   0.0007263021  -0.0002697380   0.0009324846  -0.0009344648
15  2  -0.0013060731  -0.0058978894  -0.0114693881   0.0038879125   0.0294545024
15  3   0.0758181556  -0.0947283509   0.1451857365  -0.3143455634   0.4072598996
15  4  -0.0638287192   0.0117788422  -0.1118073595  -0.0308151531   0.0535359534
15  5  -0.0398180126  -0.0171275920   0.0341082124  -0.0198416186   0.0000262602
15  6  -0.0007543422  -0.0003921514  -0.0001458939   0.0003216401   0.0004706291
15  7   0.0000135384   0.0002044799   0.0000163343  -0.0001073971  -0.0000992025
15  8   0.0000139733  -0.0000412685   0.0001543854   0.0000167527  -0.0001082521
15  9   0.0000206524   0.0001538102   0.0007383173  -0.0005394180   0.0006361478
15 10  -0.0024381652  -0.0014279496  -0.0005705722  -0.0495722636   0.1461602850
15 11  -0.1458386166  -0.0010433164   0.0052544152   0.0034688704  -0.0055832931
15 12   0.0015491377  -0.0013225294   0.0000147105  -0.0000621329  -0.0000293077
16  1   0.0000440183   0.0006323218   0.0004288563  -0.0011697757  -0.0005839040
16  2  -0.0013462913   0.0032180780  -0.0069929032   0.0011130213  -0.0563955212
16  3  -0.0627472935   0.0006329614  -0.2072537952  -0.0148871209  -0.0638287192
16  4   0.3836561893   0.0795091780   0.1009034856  -0.0963924089   0.0028668570
16  5  -0.0121858110  -0.0169127501  -0.0196058608  -0.0104549914   0.0006402752
16  6   0.0004957036   0.0014532504  -0.0003106222  -0.0005159826  -0.0003151136
16  7  -0.0006173915   0.0001638223  -0.0003969178  -0.0001153201  -0.0001587958
16  8  -0.0000266921  -0.0001109220   0.0000979191  -0.0000702379   0.0002102369
16  9   0.0000669183  -0.0002795177   0.0000366784   0.0007240713  -0.0002505600
16 10  -0.0027702358  -0.0005170130  -0.0006663613  -0.0061676589   0.0026436402
16 11  -0.0025094372   0.0052378785   0.0220060578  -0.0080618605  -0.0049272599
16 12  -0.0031319900  -0.0040967344   0.0001003072  -0.0000656257  -0.0000423296
17  1   0.0001030967   0.0005860368  -0.0001705027   0.0004323154  -0.0015995457
17  2  -0.0001612872  -0.0032493557  -0.0002538476   0.0036460305  -0.0093341427
17  3   0.0044693179   0.0031931857  -0.0059681926  -0.0952622802   0.0117788422
17  4   0.0795091780   0.4615472282  -0.1823068614  -0.0171335257  -0.2934581744
17  5   0.1273707163  -0.0640501354  -0.0753564192   0.0275140843   0.0008024206
17  6   0.0000952652  -0.0000688897  -0.0005069610   0.0002249321   0.0001038395
17  7  -0.0006079204   0.0000246559  -0.0001435665  -0.0002356633  -0.0000682933
17  8  -0.0000244391   0.0000144713   0.0000061060  -0.0000131223   0.0002472765
17  9   0.0003442994  -0.0003503514  -0.0003616902   0.0001519656  -0.0001608172
17 10   0.0012696897   0.0006631036   0.0004324059   0.0229699086   0.0040595637
17 11   0.0065268839   0.0030920301  -0.0072157131   0.0031128522  -0.0070241010
17 12   0.0009888189  -0.0002913182   0.0000313011   0.0000529803   0.0000123152
18  1   0.0004916426   0.0005078249  -0.0001385807  -0.0033778223  -0.0012054074
18  2  -0.0010362239  -0.0001351361   0.0021196461   0.0064264075  -0.0330875518
18  3  -0.0279308345   0.0133479802  -0.0709066066   0.0078897378  -0.1118073595
18  4   0.1009034856  -0.1823068614   0.2750325542   0.0003113429   0.1388398863
18  5  -0.1640147177   0.0186843108   0.0514129837  -0.0002146139   0.0003392178
18  6   0.0009099312   0.0015066679  -0.0001596062  -0.0007343588   0.0001377774
18  7  -0.0002804539   0.0001263113  -0.0003519097  -0.0002404929  -0.0001017858
18  8  -0.0000709802  -0.0000697146   0.0001327380  -0.0000518437  -0.0000207160
18  9  -0.0000847828  -0.0000521021   0.0003006958  -0.0000367912  -0.0002092902
18 10  -0.0001325547   0.0001815313  -0.0005808052  -0.0147770807  -0.0044382442
18 11  -0.0107724059   0.0038531744   0.0129071420  -0.0118653705  -0.0017072741
18 12   0.0018644502   0.0047818991   0.0000111400  -0.0000531169  -0.0000670833
19  1   0.0003008576  -0.0001355308   0.0008058384  -0.0024095788   0.0004247412
19  2  -0.0015166749   0.0028809585  -0.0003451118   0.0004968616  -0.0708109319
19  3   0.0179821350  -0.0608869190  -0.0255260343   0.0188093223  -0.0308151531
19  4  -0.0963924089  -0.0171335257   0.0003113429   0.6588573645   0.0108417026
19  5   0.2798767820  -0.2547759867  -0.0939014712  -0.0492678037   0.0003400929
19  6   0.0008785853   0.0014467305  -0.0002176600  -0.0005165939  -0.0002474071
19  7  -0.0000205720   0.0002622947  -0.0002912839   0.0003366441  -0.0000265967
19  8  -0.0000787263  -0.0002821960   0.0000970853  -0.0001645839  -0.0004322007
19  9  -0.0004671418   0.0005743141   0.0002188698  -0.0006438781   0.0000301514
19 10  -0.0021156221  -0.0010004006  -0.0009340268  -0.0046049670  -0.0020755740
19 11  -0.0039385220  -0.2116196207   0.0625723034  -0.1405981040   0.0061791614
19 12   0.0043845475   0.0053304159   0.0000938302  -0.0000068927  -0.0001332320
20  1  -0.0000236571  -0.0004927711   0.0004684327  -0.0030313593   0.0000856050
20  2  -0.0010953146   0.0019288466  -0.0059710443   0.0061171346  -0.0194694514
20  3   0.0022925657  -0.0043069730   0.0609987669  -0.0191119168   0.0535359534
20  4   0.0028668570  -0.2934581744   0.1388398863   0.0108417026   0.5409670374
20  5  -0.2527166440  -0.0920450830  -0.1385150345   0.0016081737   0.0003068736
20  6   0.0004093558   0.0017146719  -0.0001046577  -0.0005108967  -0.0007249587
20  7  -0.0001686100  -0.0001416879  -0.0002624723  -0.0000207817  -0.0000000111
20  8   0.0001209791  -0.0000889385   0.0001223759  -0.0000586891  -0.0002006503
20  9  -0.0003663975   0.0000988134   0.0016336393   0.0002475965   0.0005728761
20 10  -0.0021528186  -0.0005016765  -0.0010301902  -0.0005850598   0.0022095435
20 11   0.0013184600   0.0583993516  -0.0781519663   0.0653523572  -0.0191255512
20 12  -0.0092078535  -0.0094758914   0.0000405812   0.0000953507  -0.0000766053
21  1  -0.0003239368  -0.0006279257   0.0007886377   0.0003050815   0.0002464341
21  2  -0.0002639045  -0.0007961607   0.0054920321  -0.0018594371  -0.0345629144
21  3   0.0183632928  -0.0152848200  -0.0588203223   0.0291512509  -0.0398180126
21  4  -0.0121858110   0.1273707163  -0.1640147177   0.2798767820  -0.2527166440
21  5   0.4413437907  -0.0499847783   0.0016309502  -0.0826425792   0.0001505024
21  6   0.0001583477   0.0002144460  -0.0000059138  -0.0001343227  -0.0008404722
21  7   0.0000747670   0.0000886193  -0.0000102826   0.0001901123  -0.0000326871
21  8   0.0000265241  -0.0001507400  -0.0001318093   0.0000107375  -0.0001471660
21  9  -0.0002655266   0.0003707537  -0.0010457244  -0.0001695675  -0.0000025628
21 10   0.0005990003  -0.0000392921   0.0000704159  -0.0048455869   0.0006648854
21 11   0.0020783563  -0.1378362972   0.0679073060  -0.1407174557   0.0194941334
21 12   0.0030158938   0.0004467060   0.0000149731   0.0000280461   0.0001038764
22  1   0.0003554481   0.0003053801  -0.0003588395   0.0033789190  -0.0000360578
22  2  -0.0002697989  -0.0191629946   0.0242750469  -0.0237869473  -0.1593347341
22  3   0.0295316837  -0.0742203970   0.0053624570   0.0205352850  -0.0171275920
22  4  -0.0169127501  -0.0640501354   0.0186843108  -0.2547759867  -0.0920450830
22  5  -0.0499847783   0.5407258594   0.1870571571   0.1359752461   0.0005931615
22  6  -0.0000360600  -0.0016664096   0.0000648710   0.0000059798   0.0002613512
22  7  -0.0001103962  -0.0003307354   0.0005696241   0.0000039618  -0.0001654177
22  8  -0.0000853858   0.0002171927  -0.0000732839   0.0001670009   0.0000253770
22  9   0.0003093811   0.0000031850  -0.0056430150  -0.0021413448  -0.0012904596
22 10   0.0033621346   0.0007256273   0.0012032671  -0.0013500242  -0.0032632387
22 11  -0.0009142214  -0.0165374480  -0.0152995259   0.0016514155  -0.0803158914
22 12  -0.0853155470   0.0110576792   0.0000538582   0.0000108885   0.0001317498
23  1  -0.0000908883   0.0005309011   0.0000700794   0.0003567120  -0.0002714441
23  2  -0.0001295136  -0.0033007324   0.0103538538  -0.0105924638   0.0366258122
23  3  -0.1451375247   0.0787109595  -0.0253999282  -0.0649265699   0.0341082124
23  4  -0.0196058608  -0.0753564192   0.0514129837  -0.0939014712  -0.1385150345
23  5   0.0016309502   0.1870571571   0.7517895464  -0.3192950025   0.0007695142
23  6   0.0003568821   0.0006420718  -0.0004146696   0.0000792964  -0.0000310067
23  7  -0.0005474651  -0.0000078904  -0.0004224826  -0.0002843267  -0.0001375368
23  8  -0.0000970379  -0.0000842831   0.0001333327  -0.0000325975   0.0003335167
23  9   0.0002100167  -0.0001891891  -0.0040253939  -0.0000257687  -0.0010383863
23 10   0.0011169068   0.0011280546   0.0003234439  -0.0046912873  -0.0021777009
23 11   0.0017286924   0.0107384213   0.0088282755  -0.0009061143  -0.0847260635
23 12  -0.3469102415   0.1640835888   0.0000743298   0.0000559715   0.0000228122
24  1   0.0005861602   0.0000925255  -0.0002207177   0.0018017473   0.0002012381
24  2  -0.0003920675  -0.0065563605   0.0048164301  -0.0096597259  -0.0823979108
24  3   0.0745485823  -0.1429746785   0.0142824893   0.0592450839  -0.0198416186
24  4  -0.0104549914   0.0275140843  -0.0002146139  -0.0492678037   0.0016081737
24  5  -0.0826425792   0.1359752461  -0.3192950025   0.3504985995  -0.0006970751
24  6  -0.0005704933   0.0001522123   0.0002145973   0.0003270439   0.0005909157
24  7   0.0007554776  -0.0004423091  -0.0001543473   0.0003368395   0.0002459127
24  8   0.0000230726  -0.0000595287   0.0000965094   0.0000508128  -0.0003069520
24  9  -0.0003450440   0.0004792908  -0.0018137887  -0.0006396232   0.0009036117
24 10   0.0018439963   0.0006957120   0.0007364277  -0.0003152055   0.0025019766
24 11   0.0031238966  -0.0146929396  -0.0150058279  -0.0004461483   0.0108242253
24 12   0.1643564676  -0.1001110953  -0.0000582228   0.0000485599   0.0000987525
25  1   0.0079376111   0.0019731481   0.0014339026  -0.1394397728  -0.0254005244
25  2  -0.0289386174  -0.0338699531  -0.0063184398   0.0049746174  -0.0010901819
25  3  -0.0004325762   0.0008829591  -0.0001074281  -0.0002826917   0.0000262602
25  4   0.0006402752   0.0008024206   0.0003392178   0.0003400929   0.0003068736
25  5   0.0001505024   0.0005931615   0.0007695142  -0.0006970751   0.5378421359
25  6   0.0794442680   0.1379474347  -0.1389581299  -0.1281430687  -0.0224008952
25  7  -0.1897345924   0.0481227353  -0.0687793452   0.0021005570   0.0014045920
25  8   0.0005968421   0.0025476365   0.0009176692   0.0010804336  -0.0124807870
25  9  -0.0031656700  -0.0032635493   0.0020553832   0.0008490722  -0.0020862572
25 10  -0.0006572105  -0.0005158121  -0.0000157816  -0.0000644645  -0.0000104558
25 11   0.0000158394   0.0000476106   0.0000606739   0.0000174418  -0.0006191916
25 12   0.0003870368  -0.0000678397  -0.0370827521   0.0292312347  -0.0212160904
26  1  -0.0184906195  -0.0268046617  -0.0157853926  -0.0134427889  -0.0752844545
26  2  -0.0070105471  -0.0098000249   0.0021345015   0.0081439786   0.0016100189
26  3  -0.0006224977  -0.0016548373  -0.0002483083  -0.0010885644  -0.0007543422
26  4   0.0004957036   0.0000952652   0.0009099312   0.0008785853   0.0004093558
26  5   0.0001583477  -0.0000360600   0.0003568821  -0.0005704933   0.0794442680
26  6   0.9130521776  -0.0077821963  -0.1152410869  -0.6594926381  -0.0183938599
26  7   0.0700187078  -0.1772513235   0.0445438405  -0.0026518797  -0.0029397452
26  8  -0.0011387742  -0.0010906521   0.0005434752  -0.0012928514   0.0188544788
26  9   0.0052596169   0.0105186049  -0.0011455853  -0.0010586800   0.0004644242
26 10   0.0032375189  -0.0012815042  -0.0025410724  -0.0000999512  -0.0000768562
26 11   0.0000405037   0.0000834168   0.0000201502   0.0000281155  -0.0002500232
26 12   0.0007365910   0.0002720227  -0.0121257181   0.0232929098  -0.0081554023
27  1  -0.0107547532  -0.0145835179  -0.0090082436  -0.0178887102  -0.0057838058
27  2  -0.1015131898   0.0195820695   0.0095429986   0.0170071750   0.0054362187
27  3   0.0009474534  -0.0069989424  -0.0000789176  -0.0021239772  -0.0003921514
27  4   0.0014532504  -0.0000688897   0.0015066679   0.0014467305   0.0017146719
27  5   0.0002144460  -0.0016664096   0.0006420718   0.0001522123   0.1379474347
27  6  -0.0077821963   0.2981512688  -0.0228641192  -0.0226760945  -0.0868567964
27  7  -0.0708971928   0.0314669591  -0.0961606018   0.0022485838   0.0026756294
27  8   0.0006084005  -0.0012447585  -0.0010774779   0.0000707543  -0.0256766465
27  9  -0.0073544175  -0.0085969874   0.0013935223   0.0014956861  -0.0009162296
27 10   0.0009875723  -0.0006315559   0.0002795593   0.0000887681  -0.0000544487
27 11  -0.0002662292  -0.0000137031   0.0000504968   0.0000630652  -0.0000177243
27 12   0.0000586297  -0.0000757686  -0.0194812151   0.0135417846  -0.0072684090
28  1  -0.0064165794  -0.0074475216  -0.0033826652   0.0065914475  -0.0310891705
28  2  -0.0050275114   0.0006421320  -0.0001548839  -0.0006841393   0.0004737519
28  3   0.0000062521   0.0005942895   0.0000150189   0.0001595046  -0.0001458939
28  4  -0.0003106222  -0.0005069610  -0.0001596062  -0.0002176600  -0.0001046577
28  5  -0.0000059138   0.0000648710  -0.0004146696   0.0002145973  -0.1389581299
28  6  -0.1152410869  -0.0228641192   0.1083024027   0.1137049148   0.0304254161
28  7   0.0239039740   0.0474157693  -0.0054450996  -0.0003221048  -0.0002884425
28  8  -0.0005006184  -0.0001976618   0.0001579162   0.0005394117   0.0012005488
28  9  -0.0007045526   0.0008586912  -0.0004324316  -0.0006633941   0.0003164229
28 10   0.0000153112  -0.0003479998  -0.0007474373   0.0000548193   0.0000105320
28 11  -0.0000421045  -0.0000395751  -0.0000224909  -0.0000169379   0.0002822357
28 12  -0.0001472745   0.0000893230   0.0053482519  -0.0043217833   0.0059838951
29  1  -0.0069074533  -0.0037994376  -0.0046020016  -0.0111807692  -0.0268672857
29  2   0.0022590829   0.0024250829  -0.0025040970  -0.0055910347  -0.0007022705
29  3   0.0004591594   0.0019488328   0.0001252968   0.0006905023   0.0003216401
29  4  -0.0005159826   0.0002249321  -0.0007343588  -0.0005165939  -0.0005108967
29  5  -0.0001343227   0.0000059798   0.0000792964   0.0003270439  -0.1281430687
29  6  -0.6594926381  -0.0226760945   0.1137049148   0.7840231010   0.0049877546
29  7   0.0362476364  -0.0915618357   0.0260015200   0.0011003212   0.0016669946
29  8  -0.0000414937   0.0004503176  -0.0001547499   0.0014043322  -0.0001249010
29  9   0.0006840040  -0.0018227969   0.0000523458   0.0001324976  -0.0001501293
29 10  -0.0012328905   0.0010965663   0.0011607782   0.0000741675   0.0000287832
29 11  -0.0000705282  -0.0000195704  -0.0000119764  -0.0000273013   0.0000506145
29 12  -0.0004442125  -0.0001032168  -0.0048931770  -0.0037387073  -0.0024577062
30  1  -0.0001087916  -0.0016255376   0.0011970629  -0.0098839949  -0.0113004852
30  2   0.0181011357  -0.0011380806  -0.0026924972  -0.0038640149  -0.0012760222
30  3  -0.0000238542   0.0012232391   0.0000825146   0.0008515894   0.0004706291
30  4  -0.0003151136   0.0001038395   0.0001377774  -0.0002474071  -0.0007249587
30  5  -0.0008404722   0.0002613512  -0.0000310067   0.0005909157  -0.0224008952
30  6  -0.0183938599  -0.0868567964   0.0304254161   0.0049877546   0.0467495989
30  7  -0.0037698135   0.0316274796   0.0243014640  -0.0004882008  -0.0006959528
30  8  -0.0000708361   0.0002550099   0.0004103721  -0.0001866965   0.0033151926
30  9  -0.0003990724   0.0014586654  -0.0002897200  -0.0002445471   0.0003278355
30 10  -0.0005825548   0.0006735161   0.0003125040  -0.0000023559   0.0000694202
30 11   0.0000738182   0.0000066423  -0.0000410194  -0.0000788295   0.0001385089
30 12  -0.0001728506  -0.0002520757   0.0060183148  -0.0023783298  -0.0027949245
31  1  -0.0026693240  -0.0026507908  -0.0015408112  -0.0257839889   0.0261345411
31  2  -0.0195234696   0.0007554406  -0.0004260684  -0.0034132830  -0.0003563465
31  3   0.0002635258   0.0009696879   0.0000635471   0.0003718260   0.0000135384
31  4  -0.0006173915  -0.0006079204  -0.0002804539  -0.0000205720  -0.0001686100
31  5   0.0000747670  -0.0001103962  -0.0005474651   0.0007554776  -0.1897345924
31  6   0.0700187078  -0.0708971928   0.0239039740   0.0362476364  -0.0037698135
31  7   0.5006510033   0.0631413298   0.2346087600  -0.0007312451   0.0000139045
31  8  -0.0006493192  -0.0004959023  -0.0000465411  -0.0005968069  -0.0053435699
31  9  -0.0022156517  -0.0018959159  -0.0002857249  -0.0004112740   0.0003671874
31 10  -0.0000493622   0.0001333827  -0.0001431649   0.0000156748  -0.0000108979
31 11   0.0000348269  -0.0000260187  -0.0000319047  -0.0000159227   0.0005112444
31 12  -0.0002129186  -0.0000047017  -0.2996764494  -0.1889948113  -0.1340933898
32  1  -0.0028314642   0.0018549822  -0.0004510204  -0.0027002941   0.0063313977
32  2  -0.0036964285  -0.0008412664  -0.0002091580   0.0009760436   0.0002647225
32  3   0.0004571265  -0.0000463322  -0.0000524999  -0.0004072640   0.0002044799
32  4   0.0001638223   0.0000246559   0.0001263113   0.0002622947  -0.0001416879
32  5   0.0000886193  -0.0003307354  -0.0000078904  -0.0004423091   0.0481227353
32  6  -0.1772513235   0.0314669591   0.0474157693  -0.0915618357   0.0316274796
32  7   0.0631413298   0.4151453017   0.0084616155   0.0000251395   0.0010862390
32  8  -0.0006611975   0.0002677796  -0.0000348835   0.0009839121  -0.0028998152
32  9  -0.0000509278  -0.0014800595   0.0003578872   0.0005137470  -0.0005894476
32 10  -0.0006750064   0.0002824874   0.0004729394   0.0000339239   0.0000060834
32 11  -0.0000317129   0.0000058154  -0.0000386290   0.0000006244  -0.0000830698
32 12  -0.0001319792  -0.0000508435  -0.1496470681  -0.1558664421  -0.0669596331
33  1  -0.0019048032   0.0003793393   0.0005800514  -0.0180062657   0.0104726501
33  2   0.0007324962  -0.0002978985   0.0006888713  -0.0040216400  -0.0010803929
33  3  -0.0002908695   0.0012364655   0.0001036656   0.0007350794   0.0000163343
33  4  -0.0003969178  -0.0001435665  -0.0003519097  -0.0002912839  -0.0002624723
33  5  -0.0000102826   0.0005696241  -0.0004224826  -0.0001543473  -0.0687793452
33  6   0.0445438405  -0.0961606018  -0.0054450996   0.0260015200   0.0243014640
33  7   0.2346087600   0.0084616155   0.1572918276  -0.0002526712  -0.0002363100
33  8  -0.0008469415   0.0000809698  -0.0001327022   0.0003495311  -0.0021736020
33  9  -0.0008380442  -0.0005196227  -0.0002584797  -0.0009277764   0.0006147661
33 10  -0.0000258657   0.0001435089  -0.0001128076  -0.0000019821  -0.0000192049
33 11   0.0000236264   0.0000151407  -0.0000333717  -0.0000514478   0.0002123901
33 12  -0.0000724687  -0.0000101272  -0.1366759428  -0.0880471559  -0.0829068345
34  1  -0.0667984061   0.1168474202  -0.0860461988  -0.0050298578  -0.0035934189
34  2  -0.0059975004   0.0003531445   0.0010241693  -0.0012078912  -0.0004560170
34  3   0.0005886754  -0.0003798215   0.0000012206  -0.0000869074  -0.0001073971
34  4  -0.0001153201  -0.0002356633  -0.0002404929   0.0003366441  -0.0000207817
34  5   0.0001901123   0.0000039618  -0.0002843267   0.0003368395   0.0021005570
34  6  -0.0026518797   0.0022485838  -0.0003221048   0.0011003212  -0.0004882008
34  7  -0.0007312451   0.0000251395  -0.0002526712   0.0647269254  -0.0937608895
34  8   0.0694177677   0.0053392681  -0.0209108245   0.0207658624   0.0004137184
34  9   0.0021929801   0.0007885291   0.0000803723   0.0000551183   0.0006893420
34 10   0.0001888487  -0.0004461662   0.0001232490  -0.0001865119  -0.0000409836
34 11   0.0003712575  -0.0000102157  -0.0000168644   0.0000323175   0.0002352838
34 12  -0.0000315246  -0.0000920866  -0.0001302662   0.0002464065  -0.0001516003
35  1   0.0791638416  -0.1980252456   0.1520467786   0.0131824092  -0.0286655801
35  2   0.0256049102  -0.0003935568   0.0015070640   0.0006681767   0.0004644921
35  3   0.0001345326  -0.0003068827   0.0000837775  -0.0000052506  -0.0000992025
35  4  -0.0001587958  -0.0000682933  -0.0001017858  -0.0000265967  -0.0000000111
35  5  -0.0000326871  -0.0001654177  -0.0001375368   0.0002459127   0.0014045920
35  6  -0.0029397452   0.0026756294  -0.0002884425   0.0016669946  -0.0006959528
35  7   0.0000139045   0.0010862390  -0.0002363100  -0.0937608895   0.2280046903
35  8  -0.1747003025   0.0006452554   0.0004990021   0.0000328401   0.0001877426
35  9  -0.0042985226  -0.0039286176   0.0006594430   0.0003084640  -0.0009881873
35 10  -0.0004588624   0.0002581782  -0.0000859144  -0.0000607015   0.0000266392
35 11   0.0001082921  -0.0000105935  -0.0000113333   0.0000070213  -0.0000233906
35 12   0.0000067627   0.0000166300  -0.0004582110   0.0006529519  -0.0002303484
36  1  -0.0585396944   0.1746936890  -0.2327427798   0.0036826783  -0.0142752764
36  2   0.0116730374   0.0001598611  -0.0006077085   0.0024046886   0.0000562122
36  3   0.0001327433  -0.0001752815   0.0000664353  -0.0000746379   0.0000139733
36  4  -0.0000266921  -0.0000244391  -0.0000709802  -0.0000787263   0.0001209791
36  5   0.0000265241  -0.0000853858  -0.0000970379   0.0000230726   0.0005968421
36  6  -0.0011387742   0.0006084005  -0.0005006184  -0.0000414937  -0.0000708361
36  7  -0.0006493192  -0.0006611975  -0.0008469415   0.0694177677  -0.1747003025
36  8   0.2402599304  -0.0143794615   0.0195322566  -0.0201102066   0.0006541212
36  9  -0.0034700664  -0.0001217261  -0.0002834342   0.0004190199  -0.0005788335
36 10  -0.0001820294   0.0001940414  -0.0001453416   0.0000369328   0.0000153809
36 11   0.0000107704  -0.0000096210   0.0000028188   0.0000106038  -0.0000314339
36 12  -0.0000061322  -0.0000076973   0.0000955654  -0.0000138626  -0.0001603771
37  1  -0.2037184985   0.0087223998   0.2255972289  -0.0054368373  -0.0069010058
37  2  -0.0039386841  -0.0002582275   0.0021663896   0.0005192137   0.0006709280
37  3   0.0000661787   0.0002911771   0.0001195104   0.0002605805  -0.0000412685
37  4  -0.0001109220   0.0000144713  -0.0000697146  -0.0002821960  -0.0000889385
37  5  -0.0001507400   0.0002171927  -0.0000842831  -0.0000595287   0.0025476365
37  6  -0.0010906521  -0.0012447585  -0.0001976618   0.0004503176   0.0002550099
37  7  -0.0004959023   0.0002677796   0.0000809698   0.0053392681   0.0006452554
37  8  -0.0143794615   0.2020375912  -0.0046424481  -0.2077044553  -0.0001644602
37  9   0.0003348764   0.0001325843   0.0000973611  -0.0000320525  -0.0000566617
37 10  -0.0002134597  -0.0001836979   0.0006432419   0.0000299483   0.0000133735
37 11  -0.0000535929  -0.0000328972   0.0000128725   0.0000082271  -0.0000777285
37 12   0.0000604059   0.0001552876  -0.0000706452   0.0000081773   0.0000159255
38  1  -0.0005114600  -0.0582316340   0.0241109366   0.0246352156  -0.0013936750
38  2  -0.0303006201  -0.0003535033  -0.0065491294  -0.0017702016  -0.0007263548
38  3  -0.0001961316   0.0002446549  -0.0000732035   0.0001633142   0.0001543854
38  4   0.0000979191   0.0000061060   0.0001327380   0.0000970853   0.0001223759
38  5  -0.0001318093  -0.0000732839   0.0001333327   0.0000965094   0.0009176692
38  6   0.0005434752  -0.0010774779   0.0001579162  -0.0001547499   0.0004103721
38  7  -0.0000465411  -0.0000348835  -0.0001327022  -0.0209108245   0.0004990021
38  8   0.0195322566  -0.0046424481   0.0642177479  -0.0100374729   0.0004082699
38  9   0.0005207698   0.0006713076  -0.0002016132   0.0000731288  -0.0001387789
38 10   0.0012990384   0.0001445367  -0.0014993904   0.0000554395   0.0000216806
38 11  -0.0000924242   0.0000153994   0.0000126403  -0.0000133942   0.0000183761
38 12  -0.0000159920  -0.0000818948  -0.0001630963   0.0001180852  -0.0000769940
39  1   0.1772100438   0.0130932066  -0.2356622667   0.0095675393  -0.0015648077
39  2  -0.0111587468  -0.0004759941  -0.0030196590   0.0001928962  -0.0002823640
39  3  -0.0000099667   0.0002988117   0.0000175547   0.0001838998   0.0000167527
39  4  -0.0000702379  -0.0000131223  -0.0000518437  -0.0001645839  -0.0000586891
39  5   0.0000107375   0.0001670009  -0.0000325975   0.0000508128   0.0010804336
39  6  -0.0012928514   0.0000707543   0.0005394117   0.0014043322  -0.0001866965
39  7  -0.0005968069   0.0009839121   0.0003495311   0.0207658624   0.0000328401
39  8  -0.0201102066  -0.2077044553  -0.0100374729   0.2652015512  -0.0001541490
39  9   0.0000328391   0.0006093628  -0.0002177649   0.0000443280   0.0004791742
39 10   0.0006723990   0.0001118161  -0.0001374683   0.0000031081   0.0000043352
39 11  -0.0000035244  -0.0000213460   0.0000115089   0.0000155565  -0.0000125089
39 12   0.0000231997   0.0000700015  -0.0003231424   0.0001029486  -0.0000551895
40  1   0.0003341287   0.0031994970  -0.0008140755  -0.0731489058   0.0497415037
40  2  -0.0606678547   0.0062938388  -0.0142994939   0.0180348049   0.0017070452
40  3  -0.0005711358   0.0003442260  -0.0000642189  -0.0001895159  -0.0001082521
40  4   0.0002102369   0.0002472765  -0.0000207160  -0.0004322007  -0.0002006503
40  5  -0.0001471660   0.0000253770   0.0003335167  -0.0003069520  -0.0124807870
40  6   0.0188544788  -0.0256766465   0.0012005488  -0.0001249010   0.0033151926
40  7  -0.0053435699  -0.0028998152  -0.0021736020   0.0004137184   0.0001877426
40  8   0.0006541212  -0.0001644602   0.0004082699  -0.0001541490   0.0856801392
40  9  -0.0558362218   0.0650329633  -0.0028045534  -0.0002530278   0.0036386090
40 10   0.0007855967   0.0001316029  -0.0010926215  -0.0000038072   0.0001066708
40 11   0.0000045857   0.0000134435   0.0000400984   0.0000324315  -0.0008884319
40 12   0.0002543147   0.0002117537  -0.0013331381   0.0008697896  -0.0001066527
41  1   0.0085955776  -0.0298989160   0.0193759624   0.0521873754  -0.1444876442
41  2   0.1135088849  -0.0009977008   0.0010037615   0.0000651707   0.0004164353
41  3  -0.0005472320   0.0006040129   0.0000256893   0.0000996251   0.0000206524
41  4   0.0000669183   0.0003442994  -0.0000847828  -0.0004671418  -0.0003663975
41  5  -0.0002655266   0.0003093811   0.0002100167  -0.0003450440  -0.0031656700
41  6   0.0052596169  -0.0073544175  -0.0007045526   0.0006840040  -0.0003990724
41  7  -0.0022156517  -0.0000509278  -0.0008380442   0.0021929801  -0.0042985226
41  8  -0.0034700664   0.0003348764   0.0005207698   0.0000328391  -0.0558362218
41  9   0.1691875988  -0.1208182470   0.0003427862   0.0009960683  -0.0004261335
41 10  -0.0003996644   0.0005286557   0.0000857850   0.0000316198   0.0000185836
41 11  -0.0000590133  -0.0000033267   0.0000086772   0.0000036707  -0.0002469069
41 12   0.0004352444   0.0001942545  -0.0004668027   0.0003527186   0.0001691153
42  1   0.0048218414  -0.0122559218   0.0132879559  -0.0638095569   0.1160722360
42  2  -0.1831923997  -0.0049025135   0.0144823999  -0.0197714268  -0.0017613411
42  3  -0.0004413802   0.0003211413   0.0001095192   0.0003330661   0.0001538102
42  4  -0.0002795177  -0.0003503514  -0.0000521021   0.0005743141   0.0000988134
42  5   0.0003707537   0.0000031850  -0.0001891891   0.0004792908  -0.0032635493
42  6   0.0105186049  -0.0085969874   0.0008586912  -0.0018227969   0.0014586654
42  7  -0.0018959159  -0.0014800595  -0.0005196227   0.0007885291  -0.0039286176
42  8  -0.0001217261   0.0001325843   0.0006713076   0.0006093628   0.0650329633
42  9  -0.1208182470   0.1970434805   0.0035249180  -0.0005954075  -0.0023189610
42 10  -0.0002721528  -0.0003321500   0.0005887865  -0.0000207565  -0.0001148379
42 11  -0.0000115830   0.0000009280  -0.0000024152  -0.0000205137   0.0006656111
42 12  -0.0002234435   0.0001266864  -0.0003077807   0.0003783897   0.0001653890
43  1   0.0007024310  -0.0011533593  -0.0015262490   0.0056895642  -0.0148887380
43  2   0.0175613240  -0.0753180558   0.0519708527  -0.0601075815  -0.0107667801
43  3   0.0216313839  -0.0224871880   0.0009720797   0.0006884856   0.0007383173
43  4   0.0000366784  -0.0003616902   0.0003006958   0.0002188698   0.0016336393
43  5  -0.0010457244  -0.0056430150  -0.0040253939  -0.0018137887   0.0020553832
43  6  -0.0011455853   0.0013935223  -0.0004324316   0.0000523458  -0.0002897200
43  7  -0.0002857249   0.0003578872  -0.0002584797   0.0000803723   0.0006594430
43  8  -0.0002834342   0.0000973611  -0.0002016132  -0.0002177649  -0.0028045534
43  9   0.0003427862   0.0035249180   0.0868797296  -0.0553416734   0.0645267827
43 10  -0.0009985037   0.0008454881  -0.0005256134  -0.0000693432  -0.0006396961
43 11   0.0001582228  -0.0004424881  -0.0003007344   0.0001073586   0.0000947174
43 12  -0.0001532459   0.0002664645  -0.0000662912   0.0000294180  -0.0000220621
44  1  -0.0005496966   0.0012559241  -0.0008226532  -0.0006708888  -0.0011506339
44  2   0.0000185602   0.0533052133  -0.1505324978   0.1159780934  -0.0029441792
44  3   0.0067908192  -0.0083018368  -0.0004785103   0.0002729830  -0.0005394180
44  4   0.0007240713   0.0001519656  -0.0000367912  -0.0006438781   0.0002475965
44  5  -0.0001695675  -0.0021413448  -0.0000257687  -0.0006396232   0.0008490722
44  6  -0.0010586800   0.0014956861  -0.0006633941   0.0001324976  -0.0002445471
44  7  -0.0004112740   0.0005137470  -0.0009277764   0.0000551183   0.0003084640
44  8   0.0004190199  -0.0000320525   0.0000731288   0.0000443280  -0.0002530278
44  9   0.0009960683  -0.0005954075  -0.0553416734   0.1592655143  -0.1270732868
44 10   0.0095343169  -0.0172687132   0.0212867386   0.0001943070   0.0001484238
44 11   0.0002686805  -0.0001546265  -0.0000279879   0.0000237977  -0.0001994833
44 12  -0.0000745685  -0.0002685144  -0.0001780695  -0.0000182820   0.0000845177
45  1  -0.0011259214   0.0004787771   0.0021155601  -0.0049398864   0.0168249707
45  2  -0.0205508724  -0.0616551578   0.1136195525  -0.1782089120  -0.0040654268
45  3   0.0067564292  -0.0081095140   0.0013851233  -0.0000473994   0.0006361478
45  4  -0.0002505600  -0.0001608172  -0.0002092902   0.0000301514   0.0005728761
45  5  -0.0000025628  -0.0012904596  -0.0010383863   0.0009036117  -0.0020862572
45  6   0.0004644242  -0.0009162296   0.0003164229  -0.0001501293   0.0003278355
45  7   0.0003671874  -0.0005894476   0.0006147661   0.0006893420  -0.0009881873
45  8  -0.0005788335  -0.0000566617  -0.0001387789   0.0004791742   0.0036386090
45  9  -0.0004261335  -0.0023189610   0.0645267827  -0.1270732868   0.1950939299
45 10   0.0046611093  -0.0074480122   0.0105356607  -0.0003354864  -0.0003135357
45 11   0.0001424079  -0.0000845494  -0.0001400462   0.0000366426   0.0001116453
45 12  -0.0001465642  -0.0001101511   0.0001639934  -0.0000563053   0.0001195900
46  1  -0.0032083191  -0.0007700082   0.0046737311  -0.0017599165   0.0203420899
46  2   0.0067030822  -0.0469549568   0.0117839509   0.0031192135  -0.0028812000
46  3  -0.0327679261  -0.0120048616  -0.0002188697   0.0011904306  -0.0024381652
46  4  -0.0027702358   0.0012696897  -0.0001325547  -0.0021156221  -0.0021528186
46  5   0.0005990003   0.0033621346   0.0011169068   0.0018439963  -0.0006572105
46  6   0.0032375189   0.0009875723   0.0000153112  -0.0012328905  -0.0005825548
46  7  -0.0000493622  -0.0006750064  -0.0000258657   0.0001888487  -0.0004588624
46  8  -0.0001820294  -0.0002134597   0.0012990384   0.0006723990   0.0007855967
46  9  -0.0003996644  -0.0002721528  -0.0009985037   0.0095343169   0.0046611093
46 10   0.0575144529  -0.0113944989  -0.0070432617   0.0001131539  -0.0001107374
46 11  -0.0000413515   0.0000662513   0.0001203536   0.0000201307  -0.0000982820
46 12   0.0000360565  -0.0006547276  -0.0001198114   0.0000320609   0.0000972903
47  1  -0.0000441593   0.0010182721  -0.0000952125   0.0007032456   0.0003164869
47  2   0.0006436977   0.0162938919  -0.2643332092  -0.0914793026  -0.0046571611
47  3  -0.0092661653  -0.0022995193   0.0000629638   0.0009001738  -0.0014279496
47  4  -0.0005170130   0.0006631036   0.0001815313  -0.0010004006  -0.0005016765
47  5  -0.0000392921   0.0007256273   0.0011280546   0.0006957120  -0.0005158121
47  6  -0.0012815042  -0.0006315559  -0.0003479998   0.0010965663   0.0006735161
47  7   0.0001333827   0.0002824874   0.0001435089  -0.0004461662   0.0002581782
47  8   0.0001940414  -0.0001836979   0.0001445367   0.0001118161   0.0001316029
47  9   0.0005286557  -0.0003321500   0.0008454881  -0.0172687132  -0.0074480122
47 10  -0.0113944989   0.2864959148   0.1019342527   0.0002450581  -0.0000434328
47 11  -0.0002018326   0.0000809216   0.0000059439  -0.0000843919  -0.0002064787
47 12  -0.0001202099  -0.0004873375   0.0000912057  -0.0000234630  -0.0000515199
48  1   0.0037480015   0.0008040536  -0.0043443050   0.0024456870  -0.0230663867
48  2  -0.0101877527   0.0044707084  -0.0900475246  -0.0868453020  -0.0016792395
48  3  -0.0087237072  -0.0025963220   0.0006559384   0.0005090462  -0.0005705722
48  4  -0.0006663613   0.0004324059  -0.0005808052  -0.0009340268  -0.0010301902
48  5   0.0000704159   0.0012032671   0.0003234439   0.0007364277  -0.0000157816
48  6  -0.0025410724   0.0002795593  -0.0007474373   0.0011607782   0.0003125040
48  7  -0.0001431649   0.0004729394  -0.0001128076   0.0001232490  -0.0000859144
48  8  -0.0001453416   0.0006432419  -0.0014993904  -0.0001374683  -0.0010926215
48  9   0.0000857850   0.0005887865  -0.0005256134   0.0212867386   0.0105356607
48 10  -0.0070432617   0.1019342527   0.0930248066  -0.0001736074   0.0000390686
48 11   0.0002694222  -0.0000032097   0.0000817361   0.0001041297  -0.0003291197
48 12  -0.0000929028  -0.0004609251   0.0000633514  -0.0000431595   0.0000598889
49  1   0.0001242304   0.0000962555  -0.0001036602   0.0000531784  -0.0002256848
49  2  -0.0000437579   0.0004198595   0.0009451809   0.0012243201   0.0082139514
49  3  -0.0104237395   0.0110121181  -0.0669143498   0.0445490013  -0.0495722636
49  4  -0.0061676589   0.0229699086  -0.0147770807  -0.0046049670  -0.0005850598
49  5  -0.0048455869  -0.0013500242  -0.0046912873  -0.0003152055  -0.0000644645
49  6  -0.0000999512   0.0000887681   0.0000548193   0.0000741675  -0.0000023559
49  7   0.0000156748   0.0000339239  -0.0000019821  -0.0001865119  -0.0000607015
49  8   0.0000369328   0.0000299483   0.0000554395   0.0000031081  -0.0000038072
49  9   0.0000316198  -0.0000207565  -0.0000693432   0.0001943070  -0.0003354864
49 10   0.0001131539   0.0002450581  -0.0001736074   0.0685856135  -0.0535204646
49 11   0.0587732293   0.0005400442   0.0009843162  -0.0009506135   0.0012279375
49 12  -0.0005710366   0.0000075009  -0.0000172847  -0.0000012530  -0.0000036209
50  1  -0.0000433625  -0.0000804506  -0.0000544302  -0.0001379500   0.0002788629
50  2   0.0000089651   0.0013263255  -0.0005155524  -0.0005847344   0.0095815610
50  3  -0.0087945485   0.0106697765   0.0460165038  -0.2208270559   0.1461602850
50  4   0.0026436402   0.0040595637  -0.0044382442  -0.0020755740   0.0022095435
50  5   0.0006648854  -0.0032632387  -0.0021777009   0.0025019766  -0.0000104558
50  6  -0.0000768562  -0.0000544487   0.0000105320   0.0000287832   0.0000694202
50  7  -0.0000108979   0.0000060834  -0.0000192049  -0.0000409836   0.0000266392
50  8   0.0000153809   0.0000133735   0.0000216806   0.0000043352   0.0001066708
50  9   0.0000185836  -0.0001148379  -0.0006396961   0.0001484238  -0.0003135357
50 10  -0.0001107374  -0.0000434328   0.0000390686  -0.0535204646   0.2247511236
50 11  -0.1559724019  -0.0001756557   0.0005291576   0.0002565428   0.0003429530
50 12   0.0004432938   0.0011577785  -0.0000125435  -0.0000061417   0.0000034232
51  1  -0.0002629409  -0.0003145402   0.0001117604   0.0000449280   0.0006376705
51  2   0.0001346639   0.0012551197  -0.0009923391  -0.0014140260  -0.0023136548
51  3  -0.0003482107  -0.0010301763  -0.0497616970   0.1458986250  -0.1458386166
51  4  -0.0025094372   0.0065268839  -0.0107724059  -0.0039385220   0.0013184600
51  5   0.0020783563  -0.0009142214   0.0017286924   0.0031238966   0.0000158394
51  6   0.0000405037  -0.0002662292  -0.0000421045  -0.0000705282   0.0000738182
51  7   0.0000348269  -0.0000317129   0.0000236264   0.0003712575   0.0001082921
51  8   0.0000107704  -0.0000535929  -0.0000924242  -0.0000035244   0.0000045857
51  9  -0.0000590133  -0.0000115830   0.0001582228   0.0002686805   0.0001424079
51 10  -0.0000413515  -0.0002018326   0.0002694222   0.0587732293  -0.1559724019
51 11   0.1517590226  -0.0001862630   0.0009101017   0.0004130089  -0.0006407150
51 12   0.0006583339   0.0011793552   0.0000064911  -0.0000132407   0.0000164525
52  1   0.0000143557   0.0000596783   0.0000518920   0.0002030866  -0.0000625994
52  2  -0.0000321727   0.0000361875   0.0007077640  -0.0012419225  -0.0011921399
52  3  -0.0051324284   0.0012252446   0.0031842721  -0.0018464328  -0.0010433164
52  4   0.0052378785   0.0030920301   0.0038531744  -0.2116196207   0.0583993516
52  5  -0.1378362972  -0.0165374480   0.0107384213  -0.0146929396   0.0000476106
52  6   0.0000834168  -0.0000137031  -0.0000395751  -0.0000195704   0.0000066423
52  7  -0.0000260187   0.0000058154   0.0000151407  -0.0000102157  -0.0000105935
52  8  -0.0000096210  -0.0000328972   0.0000153994  -0.0000213460   0.0000134435
52  9  -0.0000033267   0.0000009280  -0.0004424881  -0.0001546265  -0.0000845494
52 10   0.0000662513   0.0000809216  -0.0000032097   0.0005400442  -0.0001756557
52 11  -0.0001862630   0.2210012839  -0.0659477887   0.1496637978  -0.0004506241
52 12   0.0001697438   0.0003617962   0.0000066134   0.0000004798  -0.0000132754
53  1   0.0000094107  -0.0000010586  -0.0000028815   0.0000545421   0.0000615308
53  2  -0.0001528480  -0.0005443204   0.0011231418  -0.0001251567  -0.0031117384
53  3  -0.0028288666   0.0019357977  -0.0014872805  -0.0023231986   0.0052544152
53  4   0.0220060578  -0.0072157131   0.0129071420   0.0625723034  -0.0781519663
53  5   0.0679073060  -0.0152995259   0.0088282755  -0.0150058279   0.0000606739
53  6   0.0000201502   0.0000504968  -0.0000224909  -0.0000119764  -0.0000410194
53  7  -0.0000319047  -0.0000386290  -0.0000333717  -0.0000168644  -0.0000113333
53  8   0.0000028188   0.0000128725   0.0000126403   0.0000115089   0.0000400984
53  9   0.0000086772  -0.0000024152  -0.0003007344  -0.0000279879  -0.0001400462
53 10   0.0001203536   0.0000059439   0.0000817361   0.0009843162   0.0005291576
53 11   0.0009101017  -0.0659477887   0.0800467074  -0.0732782173   0.0008982590
53 12  -0.0000381493  -0.0002949025   0.0000037609   0.0000126542   0.0000153632
54  1  -0.0000104529  -0.0000380962   0.0000243396  -0.0000926896   0.0000543457
54  2  -0.0001442003  -0.0004864791   0.0003439343   0.0008992430  -0.0001236170
54  3   0.0007143985   0.0022909913  -0.0010744515   0.0051373112   0.0034688704
54  4  -0.0080618605   0.0031128522  -0.0118653705  -0.1405981040   0.0653523572
54  5  -0.1407174557   0.0016514155  -0.0009061143  -0.0004461483   0.0000174418
54  6   0.0000281155   0.0000630652  -0.0000169379  -0.0000273013  -0.0000788295
54  7  -0.0000159227   0.0000006244  -0.0000514478   0.0000323175   0.0000070213
54  8   0.0000106038   0.0000082271  -0.0000133942   0.0000155565   0.0000324315
54  9   0.0000036707  -0.0000205137   0.0001073586   0.0000237977   0.0000366426
54 10   0.0000201307  -0.0000843919   0.0001041297  -0.0009506135   0.0002565428
54 11   0.0004130089   0.1496637978  -0.0732782173   0.1468941462  -0.0001032920
54 12  -0.0006930152  -0.0009188922   0.0000013001   0.0000055591   0.0000222608
55  1   0.0000496869  -0.0005275885   0.0002249587  -0.0005530129   0.0011037437
55  2  -0.0006666313   0.0003991709   0.0001022222   0.0005479844   0.0117522684
55  3   0.0188562985  -0.0009242203  -0.0037847793   0.0030948554  -0.0055832931
55  4  -0.0049272599  -0.0070241010  -0.0017072741   0.0061791614  -0.0191255512
55  5   0.0194941334  -0.0803158914  -0.0847260635   0.0108242253  -0.0006191916
55  6  -0.0002500232  -0.0000177243   0.0002822357   0.0000506145   0.0001385089
55  7   0.0005112444  -0.0000830698   0.0002123901   0.0002352838  -0.0000233906
55  8  -0.0000314339  -0.0000777285   0.0000183761  -0.0000125089  -0.0008884319
55  9  -0.0002469069   0.0006656111   0.0000947174  -0.0001994833   0.0001116453
55 10  -0.0000982820  -0.0002064787  -0.0003291197   0.0012279375   0.0003429530
55 11  -0.0006407150  -0.0004506241   0.0008982590  -0.0001032920   0.0709815486
55 12   0.0879437130  -0.0221520345   0.0000019466   0.0000016214  -0.0000512101
56  1  -0.0002214379  -0.0000351962  -0.0001862098   0.0001789334  -0.0001122025
56  2   0.0003511666   0.0003431145   0.0003563305  -0.0001096876  -0.0038378174
56  3  -0.0074123319  -0.0022203992  -0.0001272619   0.0000828808   0.0015491377
56  4  -0.0031319900   0.0009888189   0.0018644502   0.0043845475  -0.0092078535
56  5   0.0030158938  -0.0853155470  -0.3469102415   0.1643564676   0.0003870368
56  6   0.0007365910   0.0000586297  -0.0001472745  -0.0004442125  -0.0001728506
56  7  -0.0002129186  -0.0001319792  -0.0000724687  -0.0000315246   0.0000067627
56  8  -0.0000061322   0.0000604059  -0.0000159920   0.0000231997   0.0002543147
56  9   0.0004352444  -0.0002234435  -0.0001532459  -0.0000745685  -0.0001465642
56 10   0.0000360565  -0.0001202099  -0.0000929028  -0.0005710366   0.0004432938
56 11   0.0006583339   0.0001697438  -0.0000381493  -0.0006930152   0.0879437130
56 12   0.3614294315  -0.1679667010  -0.0000078117   0.0000235835   0.0000130955
57  1   0.0000541956  -0.0001346597  -0.0003130412  -0.0001932348  -0.0002334790
57  2   0.0006564280   0.0006349385  -0.0003543869   0.0001397868   0.0128872651
57  3   0.0106300516  -0.0071834153  -0.0037483508   0.0033656711  -0.0013225294
57  4  -0.0040967344  -0.0002913182   0.0047818991   0.0053304159  -0.0094758914
57  5   0.0004467060   0.0110576792   0.1640835888  -0.1001110953  -0.0000678397
57  6   0.0002720227  -0.0000757686   0.0000893230  -0.0001032168  -0.0002520757
57  7  -0.0000047017  -0.0000508435  -0.0000101272  -0.0000920866   0.0000166300
57  8  -0.0000076973   0.0001552876  -0.0000818948   0.0000700015   0.0002117537
57  9   0.0001942545   0.0001266864   0.0002664645  -0.0002685144  -0.0001101511
57 10  -0.0006547276  -0.0004873375  -0.0004609251   0.0000075009   0.0011577785
57 11   0.0011793552   0.0003617962  -0.0002949025  -0.0009188922  -0.0221520345
57 12  -0.1679667010   0.1033203904  -0.0000469099   0.0000231488   0.0000444653
58  1   0.0016659086   0.0003951731   0.0010975244   0.0012623156   0.0056026043
58  2  -0.0032566623   0.0003436733   0.0002388550   0.0000310017  -0.0000415521
58  3  -0.0000985589   0.0000162538  -0.0000552083  -0.0000334496   0.0000147105
58  4   0.0001003072   0.0000313011   0.0000111400   0.0000938302   0.0000405812
58  5   0.0000149731   0.0000538582   0.0000743298  -0.0000582228  -0.0370827521
58  6  -0.0121257181  -0.0194812151   0.0053482519  -0.0048931770   0.0060183148
58  7  -0.2996764494  -0.1496470681  -0.1366759428  -0.0001302662  -0.0004582110
58  8   0.0000955654  -0.0000706452  -0.0001630963  -0.0003231424  -0.0013331381
58  9  -0.0004668027  -0.0003077807  -0.0000662912  -0.0001780695   0.0001639934
58 10  -0.0001198114   0.0000912057   0.0000633514  -0.0000172847  -0.0000125435
58 11   0.0000064911   0.0000066134   0.0000037609   0.0000013001   0.0000019466
58 12  -0.0000078117  -0.0000469099   0.3297166936   0.1616066957   0.1526152564
59  1  -0.0011617487   0.0001172667  -0.0005626202   0.0025410903  -0.0038702638
59  2   0.0015577142  -0.0000334333  -0.0000631185   0.0002114809   0.0000230648
59  3   0.0000111319  -0.0000424009  -0.0000153794   0.0000229436  -0.0000621329
59  4  -0.0000656257   0.0000529803  -0.0000531169  -0.0000068927   0.0000953507
59  5   0.0000280461   0.0000108885   0.0000559715   0.0000485599   0.0292312347
59  6   0.0232929098   0.0135417846  -0.0043217833  -0.0037387073  -0.0023783298
59  7  -0.1889948113  -0.1558664421  -0.0880471559   0.0002464065   0.0006529519
59  8  -0.0000138626   0.0000081773   0.0001180852   0.0001029486   0.0008697896
59  9   0.0003527186   0.0003783897   0.0000294180  -0.0000182820  -0.0000563053
59 10   0.0000320609  -0.0000234630  -0.0000431595  -0.0000012530  -0.0000061417
59 11  -0.0000132407   0.0000004798   0.0000126542   0.0000055591   0.0000016214
59 12   0.0000235835   0.0000231488   0.1616066957   0.1387778708   0.0753746927
60  1   0.0004169769   0.0010180024   0.0002744144  -0.0022216897   0.0017281766
60  2   0.0037099442  -0.0010116195  -0.0004114703  -0.0005521271  -0.0002836228
60  3  -0.0000280694   0.0004469832   0.0000893013   0.0000062351  -0.0000293077
60  4  -0.0000423296   0.0000123152  -0.0000670833  -0.0001332320  -0.0000766053
60  5   0.0001038764   0.0001317498   0.0000228122   0.0000987525  -0.0212160904
60  6  -0.0081554023  -0.0072684090   0.0059838951  -0.0024577062  -0.0027949245
60  7  -0.1340933898  -0.0669596331  -0.0829068345  -0.0001516003  -0.0002303484
60  8  -0.0001603771   0.0000159255  -0.0000769940  -0.0000551895  -0.0001066527
60  9   0.0001691153   0.0001653890  -0.0000220621   0.0000845177   0.0001195900
60 10   0.0000972903  -0.0000515199   0.0000598889  -0.0000036209   0.0000034232
60 11   0.0000164525  -0.0000132754   0.0000153632   0.0000222608  -0.0000512101
60 12   0.0000130955   0.0000444653   0.1526152564   0.0753746927   0.0887722357
$end
