$dipgrad          cartesian dipole gradients
  -.69060449775580D+00  -.18544858435667D+00  0.20770460115944D-01
  -.15846350299784D+00  -.50872475306507D+00  0.11243128112828D+00
  -.63367837439166D-01  0.22153167429226D-01  -.24919736591228D+00
  0.49184407354219D+00  0.16257745879863D+00  -.99145391812666D-01
  0.23680833742689D-01  0.22343219378433D+00  -.99311233445910D-01
  -.96536575194921D-01  -.54945614595453D-01  -.20220593097551D-01
  0.55360782312704D-01  -.12987420206715D-01  0.72877659614982D-01
  0.24035793175273D-01  0.11521737896447D+00  -.50728682196011D-02
  -.73348355076048D-01  -.61328095448338D-01  0.17067997351794D+00
  0.67186115264714D-01  0.17204658223911D+00  0.24815269520723D-01
  0.12643640549915D+00  -.11703861700820D+00  -.29313831125009D-01
  -.46733154318603D-01  -.50506548028767D-01  -.14489817978216D+00
  -.34138208049829D-01  0.62769820043342D-01  -.10583624687807D+00
  -.41457375148986D-01  0.10680753141613D+00  0.78790407347934D-01
  -.12353369314619D+00  0.44173416401665D-02  -.57835381712872D-01
  -.30023834002098D+00  -.21911484821685D+00  -.17886485590356D-01
  0.42715592439138D-01  0.23529745180957D-02  0.30619730119159D-01
  0.84975948681286D-01  0.18491414884968D+00  -.13807804196629D+00
  0.95172929394384D+00  0.66715664549266D+00  -.24205744223888D+00
  0.73868536611330D+00  0.60999105585346D+00  -.21115281115219D+00
  -.39157732759400D+00  -.28321888339997D+00  0.16038064802634D+00
  -.11119545866358D+01  -.62937016442767D+00  0.15188013003039D+00
  -.77927798477567D+00  -.71804876974326D+00  0.23418889346260D+00
  0.28574976993177D+00  0.32519067907757D+00  -.37794025266600D+00
  -.10732269412121D+00  -.12134166381632D-01  -.49333023679259D-01
  -.35012972325841D+00  -.22367683026991D+00  0.12834034256624D+00
  -.17275440821444D+00  0.14349843679973D-02  -.87969011806932D-01
  0.13564665900100D-01  -.54961524088477D-01  -.10759863335622D+00
  0.12637323863581D-01  0.41412219402756D-01  -.15211742664190D-01
  -.10489214505731D+00  0.92481586640219D-01  -.28181388801290D-01
  0.17137289456862D+00  0.44435318325806D-01  -.14922558716507D+00
  -.16779052767930D+00  0.15220931708122D+01  -.26236789235098D+00
  0.19520892258386D+00  -.30631578854548D+00  0.94255252842871D+00
  -.46517265972079D+00  0.13069581901040D+00  0.50258673254247D-02
  0.96016570204373D-01  -.11960180882476D+01  0.61161841746715D-01
  -.82369344370946D-01  -.25583113805620D+00  -.57823497372071D+00
  -.61600326872718D+00  -.25935298473085D+00  -.77273954882487D-02
  0.62624308452830D-01  -.82703946397605D+00  0.26317232928396D+00
  -.25844052162797D+00  0.56585822934035D+00  -.59235825612750D+00
  0.19196827146690D+00  -.93794991254286D-02  0.55244985655320D-01
  -.84431312295937D-01  0.32242949212348D+00  -.23530222231720D-01
  0.86296982061629D-01  0.83581652950788D-01  0.17048828490823D-01
  0.25559446433565D+00  0.47415826321880D-01  -.30542138246365D-01
  0.10294955897498D+00  0.35426190610412D+00  0.59039329319661D-01
  -.11874122849823D+00  0.14863912095713D-01  0.70521896616964D+00
  -.53738539371585D+00  -.14873398245589D+00  0.83631445119281D-01
  -.99130910197027D-01  -.46621070563141D+00  0.12871178274879D-01
  0.97473318143373D-01  0.79335513919477D-01  -.88134849925423D+00
  0.15200975971288D+01  0.16777635424079D+00  -.10731467068496D+00
  0.30765840153412D+00  0.47229807670932D+00  -.46493224796378D+00
  -.67513156812115D+00  -.71026694131984D+00  0.11251328388155D+01
  -.86574965176050D+00  0.81004308656173D-03  -.10377454980897D+00
  -.19261801458966D+00  -.56667403346928D+00  0.32909804917921D+00
  0.35952875931411D+00  0.52761014727275D+00  -.99748273405747D+00
  -.13405799500429D+01  -.25509967751270D+00  0.22525615761661D+00
  -.37419419281354D+00  -.43889224610578D+00  0.90246898515170D-01
  0.55075529140880D+00  0.18443929866753D+00  -.59570973552331D+00
  0.62416954631466D+00  0.87872225508315D-01  0.12011355460303D+00
  -.13807200966049D-02  0.24230120546033D+00  0.80670109472577D-01
  0.28775683052885D+00  0.13340690355996D+00  -.24524536181392D-03
  -.59789127752692D-01  -.28015287976118D-01  0.70829331935297D-02
  -.27555710515415D-01  0.34245909523375D-01  0.30348180392583D-01
  -.39446790580885D-01  -.36240074025243D-01  0.35048687518633D-01
  0.26531897886827D-01  -.19425478331580D-02  0.25249679443627D-01
  0.13378041865686D-01  0.23879733740743D-01  -.55149163591780D-01
  -.11054258337638D+00  -.90476860113497D-01  -.39428125291447D-01
  0.64717669145571D+00  0.21886888266714D+00  0.67868995491572D-01
  0.36813007703812D-01  0.29875134224146D+00  0.14472071021556D+00
  0.62869592595267D-01  0.13412853329660D+00  0.35252122799635D+00
  -.10440221589802D+01  -.30882190393304D+00  0.17246176755963D+00
  -.35632778582265D+00  -.48693547313012D+00  -.57780670000551D-01
  0.45777336902422D+00  0.43447638679047D-01  -.69884656078892D+00
  0.18669560150798D+01  0.46064623023156D-01  -.17854866521923D+00
  0.15699523148465D+00  0.83987909338906D+00  -.48922284703675D+00
  -.32565364253431D+00  -.57425564477458D+00  0.59440910000868D+00
  -.14512905652023D+01  -.54019482028029D-02  0.73378918682021D-01
  0.18981360842604D+00  -.40534178160992D+00  -.14243468360531D+00
  -.36666530155697D-01  -.97882107914319D-01  -.52179408535113D+00
  -.48618955534290D+00  0.10665696996156D+00  -.18987360310081D+00
  0.16135139875335D+00  -.59881258767175D+00  0.12658257964007D+00
  -.24412690935873D+00  0.23478478144336D+00  -.69019251949544D+00
  0.21316380085648D+01  -.52495846804020D-01  -.19980865281110D+00
  -.27135325030346D+00  0.29355589670279D+00  -.25851232646362D+00
  0.30017027859618D+00  -.19817573043283D+00  0.77915054216670D+00
  -.12861098810788D+01  -.86207005923045D-02  -.12399355359744D-01
  0.28048237957162D+00  -.41662104987394D+00  0.22467784587856D+00
  -.42718058925701D+00  0.17271357530414D+00  -.69630845115819D+00
  -.15952906245775D+01  0.21041916307874D-01  0.19574965215225D+00
  -.43709253122081D-01  -.34692554042326D+00  -.15171668937010D-01
  0.96588013969158D-01  -.51188599352810D-01  -.32164409624067D+00
  0.60730425109956D+00  0.67059736044194D-01  -.20060950538557D+00
  0.27607720390978D+00  -.86684870198655D-02  -.14794152153566D+00
  -.28449997412112D+00  -.62162609572929D-01  0.27996283131439D+00
  -.43846217237310D-01  0.11957491487647D-01  0.51150845630955D-01
  -.20012033799385D-01  0.78862257760121D-01  0.41588702345518D-01
  0.81994509177917D-01  -.78231230723405D-01  -.90381550521534D-01
  0.11628048438225D+00  0.16251682322166D-01  0.44024672726274D-02
  0.82972382757647D-02  0.51760408185212D-01  -.24280752351083D-01
  0.29713812756466D-01  0.49112956682847D-01  0.10462847564509D+00
  0.37447916609112D-01  -.81186780329637D-02  0.19204957296935D-01
  -.58868151671862D-02  0.76627661321552D-01  0.17672914558100D-01
  -.11812457135340D-01  -.63942933058643D-01  0.68999140313176D-01
  0.40814707818913D+00  -.79998058497413D-01  -.94127928769328D-01
  -.56227661387242D-01  0.21088607932911D+00  0.10233062632960D+00
  -.75337926387299D-01  0.99628878613226D-02  0.49947539226424D+00
  -.49277375832386D+00  0.10978429344232D+00  0.59154436349482D-03
  0.81330826231652D-01  -.39251776422191D+00  -.10126061160692D+00
  0.30593755794640D-01  0.15910003848592D-01  -.67886224618164D+00
  0.21263031958615D+01  0.54690055023983D-01  0.24912574343164D+00
  -.25988730983827D+00  0.64080401979695D+00  0.34830320808351D+00
  -.10480412834816D+00  0.48890642101351D+00  0.43072159466216D+00
  -.12151386645136D+01  -.15933366932784D+00  -.18299617253477D+00
  -.26301228059565D+00  -.63718898961101D+00  -.28040726045871D+00
  -.25664029971391D+00  -.29877222515780D+00  -.58557911780161D+00
  -.14138682585815D+01  0.22875820619466D-01  -.17091488715745D+00
  0.30874152233946D+00  -.40993726010606D+00  0.57110088930511D-01
  0.34904082363758D+00  0.57753916361194D-01  -.28554151216425D+00
  0.57085861325912D+00  0.60443147485184D-01  0.17382698275600D+00
  0.13130727700063D+00  0.97978206983931D-01  0.92891124135146D-02
  0.25116707397451D+00  -.11479409259789D+00  0.25688616974355D+00
  -.23635420045887D-01  -.53620384465882D-01  -.31718886047478D-01
  -.82242812620948D-01  0.24072011710082D-01  0.30841377804545D-01
  -.90027042304777D-01  0.29382072332184D-01  0.27070274466886D-02
  0.13585907331668D+00  -.35914588851023D-01  0.37818685814605D-02
  0.44987391293647D-01  0.82282177446452D-01  -.33447932221022D-01
  0.30543502140268D-01  -.27190892707968D-02  0.71762800433119D-01
  0.54138033511411D-01  -.42068825054444D-01  0.13199080844037D-01
  -.23340081238064D-01  -.28277323479038D-01  0.88780073257407D-02
  -.24828295525259D-01  -.23469903647274D-01  0.42698835153194D-01
  0.20197854466084D+00  0.49901574012993D-01  -.25339082367975D-01
  0.11603634826836D-01  0.51843220591361D+00  -.85581955517937D-01
  0.50319601312683D-01  -.19959409262430D+00  0.36790787179738D+00
  -.19217217209310D+00  -.13222494193317D+00  0.27898931903874D-01
  -.21659319792495D-01  -.88908517041935D+00  0.99012255359483D-01
  0.61536995967249D-01  0.14734286245160D+00  -.33238175023457D+00
  0.38516877455030D+00  0.12850681180003D+00  0.17341311744782D+00
  0.11566672386029D+00  0.97533396349276D+00  -.90020416499215D-01
  0.45072044762488D+00  0.11261387216711D+00  0.12755783808805D+01
  -.56551399078094D+00  0.32978354540215D-01  -.39169373984307D-01
  0.10827788285834D+00  -.85829266847786D+00  0.33237421218730D+00
  -.20580165772300D+00  0.13668807515936D+00  -.87837289314357D+00
  -.65449571642079D+00  -.90020810194571D-01  -.13437867489524D+00
  -.21295644350824D+00  -.62440093886941D+00  -.24286089394693D+00
  -.23823149850153D+00  -.30279950104911D+00  -.84690873865260D+00
  0.33654056198122D+00  0.73986546138377D-01  0.63615037985546D-01
  0.17249318276287D+00  0.41305435391160D+00  0.18306269414638D+00
  0.62239241325831D-01  0.42632835212040D-01  -.67638566648424D-01
  0.11900873031850D+00  -.24632486113749D-01  -.39868805107152D-01
  0.36201458444023D-01  0.71257164963702D-01  -.58322963059690D-01
  -.10242800677097D-01  -.40490124810584D-01  -.94221933422862D-02
  0.65000142773157D-01  0.60397819220333D-01  0.23276802274600D-01
  0.61077074979880D-01  0.68016776112966D-01  0.20538814057834D-01
  0.27686284145934D-02  0.25518200022098D-01  0.68383909571762D-01
  0.15258276994565D-01  0.13581285120732D+00  -.27013536349279D-01
  0.16457670721229D+00  0.47818318828173D-01  -.65657818784352D-01
  -.76510899683904D-01  -.28517920837389D-01  0.81206196890814D-01
  0.39851792024391D+00  -.11508627864627D+00  -.30352654730756D-01
  -.16544631245640D+00  0.38955905359237D+00  0.10357049467420D+00
  -.71540205596924D-01  0.12334381563407D+00  0.29262093520122D+00
  -.63919678684657D+00  0.28174152940021D+00  0.43599567342036D-01
  0.39843856606896D+00  -.50419079926622D+00  -.11128139696916D+00
  0.56189908170039D-01  -.71770469651296D-01  -.29378670254212D+00
  0.35618524724856D+00  -.75221082262329D-01  -.70853884107599D-01
  -.10613997294166D+00  0.15984492228131D+01  0.14173476231676D+00
  -.18265195104270D+00  0.12762568063036D+00  0.10966830061770D+01
  -.40866363692520D+00  0.23572281719584D-01  0.88449672403901D-02
  0.27634430384692D-01  -.81841617889354D+00  0.66262040914260D-01
  0.47976338149172D-01  0.18206564641090D+00  -.74477161094435D+00
  -.48386665882250D+00  0.37163689926400D-01  -.26731804823532D-02
  0.87444224971986D-01  -.11416257839180D+01  -.26647526867228D+00
  0.41851517280431D-02  -.42022615055325D+00  -.42504687524642D+00
  0.18243258546461D+00  -.17230500377793D-01  0.30125721993309D-01
  -.24454254687788D-01  0.21352994767071D+00  -.13653358842004D+00
  0.27944649742203D-01  -.32041599145812D-01  0.16536274038315D-01
  0.23614062175353D+00  -.24372169136532D-01  0.33745512902868D-01
  -.20157795487887D-01  0.18427672581254D+00  0.11569009314573D-01
  0.80677171537447D-01  0.50783120120194D-01  0.14424519326087D+00
  -.33691278334057D-01  0.22708075341656D-01  -.17413552481802D-02
  -.22814192867986D-02  -.22391043327683D+00  0.67721232271509D-01
  0.20588788070377D-01  0.13799914111744D-02  0.20553208567708D-02
  -.25825727618607D-01  -.40826039604615D-01  0.50098488099397D-01
  -.17435380151236D-01  0.32036793490933D-01  -.47055442736424D-01
  0.60948267643735D-01  0.15690281575135D-01  -.13396547473536D+00
  0.50274175970192D-02  0.28493334772808D-01  -.99756621754820D-02
  0.17243076850574D-01  -.54602635021006D-01  0.33705799702903D-01
  0.12192796940768D-01  -.30706613836406D-01  0.58323447539694D-01
  -.10533833393691D-01  0.34538550081798D-01  0.10084988918739D+00
  0.35653234800133D-01  0.61509280021356D-01  -.15131698297260D-01
  0.11265006675435D+00  -.13693472612021D-01  0.63679321486084D-01
  0.98925960169445D-01  0.37563565772635D-02  0.31362395215453D-01
  -.26027905052804D-01  -.45245456425476D-01  -.45827445514803D-01
  0.42770813058332D-01  -.29970574237357D-01  0.11089424306254D+00
  0.38459555240852D+00  0.74404802090240D-01  0.20517055743246D-01
  0.10900948461249D+00  0.20186637554217D+00  -.83985040794570D-01
  0.18258836882627D-01  -.64967002144460D-01  0.27951190194468D+00
  -.35526831095903D-01  0.40088045684788D-02  0.98891220486990D-01
  -.47887066594673D-02  0.59632376856324D-01  -.24209828392052D-01
  0.14131962241039D+00  -.19405052938189D-01  0.63834075945299D-01
  0.12373459203213D+00  -.22624375501097D-01  0.29861084604723D-01
  -.12195646615731D-01  -.38331830791358D-01  -.32846837481926D-01
  0.31265869785128D-01  -.37986156800914D-01  0.90006978268695D-01
  0.32065461106972D+00  0.55245716590308D-01  0.51611017007649D-02
  0.40521891958131D-01  0.12981729347358D+00  0.16624230294967D-01
  0.57692243827647D-02  -.85395849791377D-02  0.17888089787837D+00
  0.70401372519048D-01  0.16183930277507D-01  0.42450394808722D-01
  0.13680132806809D-01  0.34762504625805D-01  -.88607480393675D-02
  0.27462016470931D-01  -.35945567423396D-01  -.36187105177041D-01
  0.57307961971635D-01  0.44080714403184D-01  0.31841421888740D-01
  0.11534212348260D-01  -.15284521139503D+00  -.39319124237908D-01
  0.28075757603092D-01  -.71995541857613D-02  -.35199770938928D-01
  -.92378628864344D-01  -.22760426786323D-02  -.39117314216841D-01
  0.26815227799794D-01  0.31248437131701D-01  0.25230675458220D-02
  0.18044069925785D-01  -.94725206994798D-02  0.25183025834707D-01
  0.45346085548759D+00  0.10355463237931D+00  -.92840778357274D-01
  0.47413648745648D-01  0.27004548163670D+00  -.57943494803296D-01
  -.57945902209602D-01  -.77488318408572D-01  0.32539911630829D+00
  0.35290169389070D+00  -.20294157445026D-01  -.20223867873872D-01
  0.69404318781721D-01  0.20987441168013D+00  -.32925077135921D-01
  -.16165338889846D+00  -.45519536664351D-01  0.24086485370383D+00
  -.10586841199545D+00  0.17978408383863D-01  0.32817501171536D-02
  0.78720508157180D-01  -.68953969188214D-01  0.16014370969700D-02
  -.69047408942595D-01  -.14657415001473D-01  0.24705441381421D-01
  -.16102696751018D+00  0.14525970748677D-01  -.48868608084065D-01
  -.72180174567376D-02  0.40663637382047D-01  -.13891355092383D-01
  -.81370852371288D-01  -.87320559482191D-02  0.66667264791772D-01
  0.61794927938650D-01  0.26820094691999D-02  0.90091656840582D-01
  0.35201503547820D-01  0.26982724377723D-01  0.61868131233095D-02
  0.93841986335626D-01  0.35049336045496D-01  -.50930645123813D-01
  0.52022375982735D-01  0.41871145500048D-02  0.45910278393958D-01
  -.18843773293282D-01  -.18804844154560D-02  0.40402767411393D-01
  0.62802838981876D-01  0.41803481309040D-01  -.51719447988756D-01
  -.10788595764810D+00  -.13774804037916D-01  -.19351299984696D-01
  -.27160959280628D-01  0.99142148607469D-02  -.46671366507664D-02
  -.13180174003109D-01  0.45096018176821D-03  0.42617292928696D-01
  -.20538161310153D-01  -.42159289379844D-01  0.35231343719953D-01
  -.88331910299225D-01  0.20571629997032D-01  0.81826019206483D-01
  0.65069718547480D-01  0.23004453454513D-01  -.69974561919396D-01
  -.28896383916255D-02  0.19779193665906D-01  -.20530267070665D-01
  0.77672498142665D-01  -.13796853111791D+00  -.31662944329051D-01
  -.69539844566019D-01  0.23871338462192D-03  0.39021871796674D-01
  0.88001386328427D-01  0.39002396777223D-02  -.94887306864925D-02
  0.78936943341544D-02  0.13651193026957D+00  0.96828230236288D-01
  0.19659557533943D-01  0.40026861282528D-01  0.32773236964635D+00
  0.23078002116163D+00  -.57646381009133D-01  0.91770302589916D-02
  -.15361438032441D+00  0.53232730617332D-01  0.17720466718977D+00
  0.84518011557591D-01  0.14369657958540D+00  0.13819443155951D+00
  0.14538919144171D+00  0.66554991720310D-01  0.37279724045572D-01
  0.99428975503856D-01  0.22800720664690D+00  0.88650786488348D-01
  0.84707035102455D-01  0.11395343418187D-01  0.21156099590538D+00
  0.76840211121973D-01  -.43514215727502D-01  0.16640638916068D-01
  -.11276751989202D-01  0.18124666741464D+00  0.90703848029942D-01
  -.29229615506372D-01  0.32935216624664D-01  0.31176693607712D+00
  0.16170334428533D+00  -.38683715135190D-01  -.74537158396811D-02
  -.48869659120608D-01  0.19856814600502D+00  0.68708348229797D-01
  0.12362805073605D-01  0.66256974565494D-01  0.13209326758334D+00
  -.79020477875450D-01  -.54149343399481D-02  -.16153442012539D-01
  -.30559421256153D-01  0.47458964000695D-01  -.48789433421223D-02
  -.67679182399569D-01  -.86847055027503D-02  -.57083270973030D-01
  0.24203387918073D-01  -.14032362986379D-01  0.75013050158433D-01
  -.47033341116357D-01  0.50877924973423D-01  0.47855227392656D-03
  0.86021031896535D-01  -.18019239867971D-01  0.22528604378275D-01
  0.42707622444586D-01  0.40266728039120D-01  -.78698964077303D-01
  0.30595000971585D-01  0.13839541698485D-01  -.28610368337491D-01
  -.67518035102827D-01  -.25536909806016D-01  0.53697709732269D-01
  -.92317156160656D-01  -.11845040557635D-01  0.86839912404588D-01
  -.20457715839589D-01  -.46637749310242D-02  0.47990290294621D-01
  0.67917062553587D-01  0.34984408888579D-01  0.17236864418687D-02
  -.69114264962447D-01  -.81442543242008D-02  -.12567458436536D+00
  -.13051954075435D-01  -.28944242626165D-01  0.10580906993798D-01
  -.13849638295426D+00  -.19342889191061D-02  -.24097578867062D-01
  -.10272825603590D-01  -.15132833839554D-01  -.58437086183138D-01
  -.49978690512995D-01  0.34922547429101D-01  -.21716134151146D-01
  -.97037668803995D-01  0.12982566668774D-01  -.66579326595548D-01
  -.22743374994841D-01  0.45255965106980D-01  0.55322623318742D-01
  0.59870003335717D-01  -.98462389239555D-01  -.76360790867926D-01
  0.84649135298074D-01  -.82231468995543D-01  0.35873219999297D-02
  0.12482398831390D-02  0.37793384436714D-01  0.17099185073538D-03
  0.25966040029774D-01  -.18182429501790D+00  0.57247487343777D-01
  0.12632731676644D-01  0.88834242369859D-01  0.46693846675478D-02
  -.11613766382610D+00  -.25763397263398D-01  -.10743511329341D+00
  -.78318304143577D-03  0.18490878528262D-01  -.38549101304797D-01
  -.10210866616508D+00  -.54327076360641D-01  -.31221218540027D+00
  0.22469801572925D+00  -.58370790445271D-02  0.58833225617732D-01
  -.11577208522089D-01  0.25450593303834D+00  -.13272944783361D-01
  0.40789054627029D-01  0.34869962692077D-01  0.12852932125343D+00
  0.90014760565897D-02  -.10484195522874D+00  0.12672969807325D+00
  -.74813593121456D-01  0.84914467548157D-01  -.66794553711731D-02
  0.20713381350279D-01  -.91165102129144D-01  0.27341671221597D+00
  0.44009594891491D-01  -.66692998368265D-02  -.19158640586177D-01
  -.17081145785756D-02  0.17767671812629D+00  -.57854551952912D-01
  -.14663212535883D-01  -.25578568694368D-01  0.22049263634860D+00
  -.12504936622074D-01  -.21559734742372D-01  0.36370067933210D-01
  0.19342575300792D-02  0.26646139531729D-01  -.17300705241559D-01
  0.77020125485554D-01  -.33986952380299D-01  0.14482624097088D-01
  0.47412690170798D-01  -.69938411377281D-01  -.20988511234248D-01
  -.70585353365694D-01  -.95953728519723D-01  -.61837671512024D-02
  -.32017056552860D-01  -.18249183454727D-01  0.33037971046611D-01
  -.63338625851272D-01  0.94897033274484D-01  0.56164302753868D-01
  0.10528743520347D+00  -.12555390237703D-02  -.49900870778702D-01
  0.85495427878039D-01  -.44375642641175D-01  -.27352125716300D-01
  -.33607932768762D-01  0.15007541800820D-01  0.12347281814391D-01
  0.15136622254557D-01  0.13382578828349D-01  0.10730940659425D+00
  -.78026536230026D-02  0.97271992396207D-01  -.74347264543951D-01
  -.10957981286157D-01  -.32106525899961D-01  -.12205190478535D-01
  -.49530398717549D-01  -.12321061603832D+00  -.60069295879217D-01
  -.13838673429218D-01  -.73742070074360D-01  0.37628692805979D-01
  -.13491758466298D+00  0.38169551000486D-01  -.57727062704172D-01
  0.76310299506518D-01  0.20186025111522D-01  -.84721841095941D-02
  -.86510028711607D-01  -.34103430219565D-01  0.10105234348049D-01
  0.69921622357618D-01  -.13875558303892D-01  0.29709845557726D-01
  -.15255667015015D-01  -.10184499080216D+00  0.90837354061624D-01
  0.77292366742209D-01  0.13583359426886D+00  -.10124829072163D+00
  -.10777433350673D+00  0.36719732399100D-02  -.10406722986578D+00
  -.13854820575787D-01  0.10755371535581D-01  0.52194974260683D-01
  -.91335025667014D-01  0.61911675048857D-01  -.22707164878580D-01
  -.51569596536994D-01  0.54317379980488D-01  0.11708154658769D+00
  0.60871975885015D-01  -.42127276042044D-01  -.27029648583845D-01
  0.84195758894408D-01  -.22743496219189D-01  -.38844901077148D-01
  0.50083285326175D-01  -.26116975771215D-01  -.65161774694356D-01
  -.10604081450531D+00  0.33170582678789D+00  -.37641613622569D-01
  -.61286106557562D-01  0.58936971442424D-01  0.72974087902975D-01
  0.99443614356066D-01  0.11613385542408D+00  0.42705184949386D-01
  0.11094727748862D+00  0.26024251081623D+00  -.70679664155039D-01
  0.88288009955887D-01  -.81123811915401D-02  0.52630791432620D-01
  0.29520223430659D+00  -.45245922817492D-01  -.76015758045716D-02
  -.72555964698207D-01  0.25120351583534D+00  -.47535060506531D-02
  0.56739417714878D-02  0.10613677381600D+00  0.25409330360103D+00
  -.19047617553647D-01  0.41658422181108D-01  0.25619282465674D-02
  -.71150061462420D-03  -.39524470466549D-01  -.61442954322903D-01
  -.12484513621994D-01  0.81558534824994D-03  0.37865620565309D-01
  -.33396700889218D-01  0.22074151986905D-01  -.57802412430593D-02
  0.43064001007066D-01  -.18755392680029D+00  -.66591170069777D-01
  -.67567504338458D-03  -.78827094919847D-01  0.65322728957610D-01
  0.34171404753087D-01  0.20581614498582D-01  0.28017058804316D-01
  0.21485868121249D-01  0.79504785296658D-01  -.17144094776534D-01
  0.10321197549990D-01  0.19935203414330D-01  -.65521128058825D-01
  -.12582481038669D+00  -.82956342679513D-01  -.32907409982638D-01
  -.77855098375961D-01  -.45848979582621D-01  -.43932105840826D-01
  -.10835408011004D-01  -.25707518292732D-01  0.55977026131092D-01
  0.52401465382603D-01  0.32012159344190D-02  0.41436124535102D-01
  0.23291452301116D-01  0.99333459254815D-02  0.71974810131161D-01
  0.45783821924014D-01  0.41078733589875D-01  -.71857106805152D-01
  -.75722420838566D-02  -.96817743231065D-02  0.53418554172366D-01
  -.15998864327908D-01  -.21399999133533D-01  0.65969945462815D-01
  0.61905398199619D-01  0.52253565425307D-01  -.10857054775807D+00
  -.76312410768104D-01  -.84846324445618D-01  -.34431107838120D-01
  -.11385109213918D+00  -.65068617595304D-01  -.44271485084848D-01
  -.55586396970152D-01  -.47619952373902D-01  -.28389065856488D-02
  0.58075874370097D-02  0.81534873568336D-02  0.91381195935202D-01
  0.75404476395411D-02  -.14566087451237D-01  0.63963771191674D-01
  0.76453768401703D-01  0.66093221195756D-01  -.94819048417499D-01
  -.86189659866337D-01  -.64648101421669D-01  -.41162372230776D-01
  -.92075779361106D-01  -.77314154429823D-01  -.75774980202640D-01
  -.32444745963721D-01  -.29764969189351D-01  0.30483060955462D-01
  0.32147501357638D+00  -.46771608853695D-01  -.32241169388851D-01
  -.96221460761491D-01  0.86008245386756D-01  0.88647883217796D-01
  0.77822830275895D-01  0.24260893969085D-01  0.20928278626891D-01
  0.11223988779568D+00  -.12215982575620D+00  -.58289660790805D-01
  -.72927334483652D-01  0.18647625084331D+00  -.38134624254012D-01
  -.35358628248102D-01  -.11265901704947D+00  0.91566182525041D-01
  0.38846908867214D+00  -.11966474906377D-01  0.14842457537978D-01
  0.11792980780737D-01  0.35172979420792D+00  0.77827066612516D-01
  0.55757717069287D-02  0.99284419054157D-01  0.20078169738874D+00
$end
