$coord
-2.42375198160167 -2.03248589051956 1.31014941397124 n
-0.62434590602933 -0.09554251288581 0.51133871685993 c
2.06018133887404 -1.03225030866252 1.0137546712406 c
4.53086477278729 1.21810909314004 0.04023338085517 s
-0.9170053035035 0.54637445370333 -2.30150528257322 c
-0.69582933803934 -1.01309617374436 -3.9584368714031206 o
-1.51866793225136 2.93733312060879 -2.91141090957296 o
-4.22139103435216 -1.36869381126688 1.21605030499748 h
-2.32183177957659 -3.5545612270421 0.14277588142518 h
-0.9690550526691901 1.59257934975337 1.646123614893 h
2.42712389711731 -2.73653699977414 -0.08400438934758 h
2.27030643935881 -1.47339011809998 3.00896630115066 h
4.0374032190848 3.01157200224868 1.79006966897527 h
-1.63400133920243 4.00058902254255 -1.42410450147207 h
$user-defined bonds 
 
$end
