$hessian (projected)
 1  1   0.6049627197  -0.0510990709  -0.0486896546  -0.1333478062  -0.0530006911
 1  2   0.0477438489  -0.0340656793  -0.0263652354   0.0104850405  -0.0075752056
 1  3  -0.0011913865   0.0002698784  -0.0044374038  -0.0094648348   0.0094973973
 1  4   0.0031271142   0.0004260901  -0.0009773814  -0.0005848817  -0.0002135342
 1  5   0.0013724675  -0.3719762567   0.1269567785  -0.0467643111  -0.0634678638
 1  6   0.0162457087   0.0276612907   0.0023021797  -0.0002396314  -0.0014844749
 1  7   0.0026347932  -0.0007882465   0.0006198639   0.0025188496  -0.0012289192
 1  8   0.0006640254   0.0001041207   0.0001623119   0.0000196368  -0.0001946799
 1  9  -0.0001993390  -0.0004176275
 2  1  -0.0510990709   0.5529763421   0.1637893465  -0.0418558137  -0.1532223294
 2  2   0.0270403407  -0.0001268479   0.0066620889  -0.0031002896   0.0031681475
 2  3   0.0018735921  -0.0003707824  -0.0176014200  -0.0181182160   0.0107965906
 2  4   0.0035607210   0.0038629738   0.0010288720   0.0042029676  -0.0005733986
 2  5   0.0037692796   0.1184579850  -0.1078894666   0.0069308841   0.0062809609
 2  6  -0.2621567830  -0.2195310112  -0.0239921345  -0.0260602346   0.0108229104
 2  7   0.0000334878   0.0011723694   0.0003221906  -0.0000772041   0.0003374169
 2  8  -0.0009436300   0.0001447132   0.0001475251   0.0002869319  -0.0010964918
 2  9   0.0009881201  -0.0008416333
 3  1  -0.0486896546   0.1637893465   0.2661021442   0.0207653479  -0.0012007451
 3  2  -0.0762777298   0.0021544445  -0.0008937828   0.0035078989  -0.0001930400
 3  3   0.0000114336   0.0006187611   0.0279011642   0.0221361312  -0.0100650971
 3  4  -0.0010782014   0.0023358666  -0.0006935930  -0.0055757063   0.0053366758
 3  5  -0.0051145709  -0.0010336673  -0.0101004815  -0.0157528882   0.0167525717
 3  6  -0.1695697206  -0.1705569023  -0.0116278362  -0.0111567634   0.0076640808
 3  7  -0.0004231407   0.0005637764  -0.0000771902   0.0006336258  -0.0009387754
 3  8   0.0010894389   0.0001972193   0.0001154348   0.0001787180   0.0002168731
 3  9  -0.0004283961  -0.0006230704
 4  1  -0.1333478062  -0.0418558137   0.0207653479   0.4417796986  -0.0371364805
 4  2  -0.0149264100  -0.1484213683   0.0506484280  -0.0278645767  -0.0198304398
 4  3  -0.0030653347   0.0020875809  -0.0867983135   0.0073009909  -0.0078172821
 4  4   0.0159713196   0.0004098055   0.0032856651   0.0190067366   0.0115037387
 4  5  -0.0126034747  -0.0210473725  -0.0306089709   0.0133054415   0.0026847634
 4  6  -0.0007555744   0.0011726541  -0.0547406479   0.0353091340   0.0247957494
 4  7  -0.0080934007   0.0038571736  -0.0015485833  -0.0069772461   0.0046825464
 4  8   0.0002989588   0.0014123254   0.0008132446  -0.0000545929  -0.0015982487
 4  9  -0.0011028875  -0.0008964779
 5  1  -0.0530006911  -0.1532223294  -0.0012007451  -0.0371364805   0.5815682883
 5  2   0.0873376051   0.0373873329  -0.0890597611   0.0010446968  -0.0245261782
 5  3  -0.0024396177  -0.0002608698   0.0085517798  -0.0775589230   0.0094099134
 5  4  -0.0028296398   0.0008037335  -0.0367927017   0.0090424833  -0.0172357275
 5  5   0.0286554388   0.0104438627   0.0093382303  -0.0003464424  -0.0211010509
 5  6  -0.0266080533   0.0159995180   0.0388560239  -0.2122716854  -0.1156953424
 5  7   0.0279704005  -0.0106856427   0.0056060924   0.0073500631  -0.0030262990
 5  8   0.0009241287  -0.0011872380   0.0007371090  -0.0002706693   0.0001793322
 5  9  -0.0003393220   0.0055893776
 6  1   0.0477438489   0.0270403407  -0.0762777298  -0.0149264100   0.0873376051
 6  2   0.4819947622  -0.0138957318   0.0039657391  -0.0867208150   0.0107679424
 6  3  -0.0016444504   0.0006267546  -0.0210406407   0.0183189843  -0.1472320152
 6  4   0.0027323083  -0.0115806927  -0.0362479785   0.0025327230  -0.0001887396
 6  5  -0.0007062891  -0.0046447711   0.0013175751  -0.0053104707  -0.0180799431
 6  6  -0.0167459755   0.0030808322   0.0269364967  -0.1157460069  -0.1317038755
 6  7   0.0163420386  -0.0056302175   0.0035131161  -0.0325804317   0.0139433102
 6  8  -0.0052698878  -0.0015580278  -0.0000857577  -0.0004563525  -0.0003294019
 6  9  -0.0003017144   0.0007099489
 7  1  -0.0340656793  -0.0001268479   0.0021544445  -0.1484213683   0.0373873329
 7  2  -0.0138957318   0.3735330783  -0.0605348048   0.0095981617  -0.0807140350
 7  3  -0.0442242521   0.0242757569  -0.0051217095   0.0070419364  -0.0187968406
 7  4  -0.0008489003   0.0019761949   0.0047170837  -0.0016203527  -0.0035649079
 7  5   0.0028001954  -0.0018222329  -0.0015981554  -0.0006107452   0.0014559509
 7  6   0.0003726237  -0.0006134184  -0.0084933089   0.0033986112  -0.0016717806
 7  7  -0.0521679590   0.0423234993   0.0251588016  -0.0450286650   0.0132557782
 7  8  -0.0322737186   0.0029299316   0.0032148787  -0.0009428051   0.0003852500
 7  9   0.0010781130   0.0001005966
 8  1  -0.0263652354   0.0066620889  -0.0008937828   0.0506484280  -0.0890597611
 8  2   0.0039657391  -0.0605348048   0.4632236294   0.0481969356  -0.0254517306
 8  3  -0.0658335400   0.0021582671   0.0107646663  -0.0011816485   0.0049369627
 8  4  -0.0004732408  -0.0014989478  -0.0009497921  -0.0019628829  -0.0016250542
 8  5   0.0015762303  -0.0049308347  -0.0034436906   0.0007940790  -0.0017417913
 8  6   0.0010366469  -0.0008729138   0.0258497904  -0.0094778726   0.0053456084
 8  7   0.0384920500  -0.2288736667  -0.1216172039   0.0088020590  -0.0558661856
 8  8   0.0514248754  -0.0140927327  -0.0147884677   0.0064922916   0.0009962596
 8  9   0.0007264695  -0.0005572967
 9  1   0.0104850405  -0.0031002896   0.0035078989  -0.0278645767   0.0010446968
 9  2  -0.0867208150   0.0095981617   0.0481969356   0.5812958981   0.0362314656
 9  3   0.0214535227  -0.0564052865  -0.0373555956   0.0102094393  -0.0065547377
 9  4   0.0026955378   0.0016192801  -0.0015896679   0.0023360104   0.0047413912
 9  5  -0.0047864589   0.0015965454   0.0018043238  -0.0002222535  -0.0008197972
 9  6   0.0003187256   0.0001197503   0.0174119215  -0.0059079815   0.0042549581
 9  7   0.0241821798  -0.1214744951  -0.1267519205  -0.0255081025   0.0542694111
 9  8  -0.3117872940  -0.0125318689  -0.0129323211   0.0062129078  -0.0004569219
 9  9  -0.0002426389  -0.0005729791
10  1  -0.0075752056   0.0031681475  -0.0001930400  -0.0198304398  -0.0245261782
10  2   0.0107679424  -0.0807140350  -0.0254517306   0.0362314656   0.1406706260
10  3   0.0354560497  -0.0894197087   0.0000526741   0.0030377063   0.0005141963
10  4   0.0006181855  -0.0011549360  -0.0007575486  -0.0023689757  -0.0012594031
10  5  -0.0007017230  -0.0011264941  -0.0017444996  -0.0004010527  -0.0004440544
10  6   0.0000302117  -0.0001238309   0.0017585676  -0.0004919201   0.0000932130
10  7   0.0014417577  -0.0006753795  -0.0008419953  -0.0052918891  -0.0078175598
10  8   0.0019167211  -0.0279484481   0.0218457367   0.0430180330   0.0007577309
10  9  -0.0004162450  -0.0001026720
11  1  -0.0011913865   0.0018735921   0.0000114336  -0.0030653347  -0.0024396177
11  2  -0.0016444504  -0.0442242521  -0.0658335400   0.0214535227   0.0354560497
11  3   0.2131724755   0.0973024353   0.0013670015  -0.0017930144   0.0000316398
11  4  -0.0010388065   0.0006297200   0.0000837868   0.0003722176   0.0010100458
11  5  -0.0001972685   0.0001231733  -0.0001528575  -0.0001828990   0.0004050207
11  6   0.0002470602   0.0001208584   0.0007746290   0.0010293706   0.0006343980
11  7  -0.0171862470  -0.0153665198   0.0072136395  -0.0099737174  -0.0095088480
11  8   0.0012560080   0.0387326272  -0.1230024482  -0.1262734248  -0.0005509747
11  9   0.0001345813   0.0001903205
12  1   0.0002698784  -0.0003707824   0.0006187611   0.0020875809  -0.0002608698
12  2   0.0006267546   0.0242757569   0.0021582671  -0.0564052865  -0.0894197087
12  3   0.0973024353   0.1850168824   0.0017188190   0.0015363770   0.0003137927
12  4  -0.0016804002  -0.0009213212  -0.0005827541  -0.0015692811  -0.0011111944
12  5  -0.0002282471  -0.0000525787   0.0000348564   0.0006430739   0.0004085053
12  6   0.0002449751   0.0001171887  -0.0001913290   0.0006657473  -0.0001382745
12  7  -0.0108246998  -0.0080201295   0.0046545552   0.0199108044   0.0166710289
12  8  -0.0010628549   0.0544094334  -0.1079590525  -0.1337036271   0.0006572191
12  9   0.0000296627   0.0001300356
13  1  -0.0044374038  -0.0176014200   0.0279011642  -0.0867983135   0.0085517798
13  2  -0.0210406407  -0.0051217095   0.0107646663  -0.0373555956   0.0000526741
13  3   0.0013670015   0.0017188190   0.2479524975  -0.0978955710  -0.0002822168
13  4  -0.0837316830   0.0379519684   0.0346005610  -0.0568146938   0.0523751195
13  5  -0.0162302945   0.0005469730  -0.0013279233   0.0020147298   0.0006529907
13  6   0.0016682487  -0.0007330662   0.0005519915   0.0005951850   0.0079092278
13  7   0.0002354381   0.0001930074  -0.0000925197  -0.0063581253   0.0029836142
13  8  -0.0000803419   0.0002791794  -0.0003329878   0.0007471694  -0.0070098154
13  9   0.0007073115   0.0009230042
14  1  -0.0094648348  -0.0181182160   0.0221361312   0.0073009909  -0.0775589230
14  2   0.0183189843   0.0070419364  -0.0011816485   0.0102094393   0.0030377063
14  3  -0.0017930144   0.0015363770  -0.0978955710   0.7236273672   0.2141469353
14  4   0.0407314296  -0.3512724692  -0.2847587840   0.0475103907  -0.2437176597
14  5   0.0399865536   0.0003162545   0.0006556623   0.0001109947  -0.0016374032
14  6  -0.0028993832   0.0051270885  -0.0019321074  -0.0002323214  -0.0304575867
14  7   0.0016674184  -0.0019388803   0.0020808378   0.0004021206  -0.0011569324
14  8   0.0002611409  -0.0010688871   0.0000287402  -0.0017308398   0.0039905562
14  9  -0.0244423217   0.0030327280
15  1   0.0094973973   0.0107965906  -0.0100650971  -0.0078172821   0.0094099134
15  2  -0.1472320152  -0.0187968406   0.0049369627  -0.0065547377   0.0005141963
15  3   0.0000316398   0.0003137927  -0.0002822168   0.2141469353   0.7665592486
15  4   0.0358835718  -0.2974224808  -0.4515742110  -0.0325656055   0.1018295408
15  5  -0.1463906644   0.0004804227  -0.0002829008   0.0002443874  -0.0006544706
15  6  -0.0022347923   0.0025673856  -0.0031362702   0.0044858374  -0.0138610073
15  7   0.0026240251  -0.0023056908   0.0009316072   0.0035944701  -0.0018711897
15  8   0.0003164309  -0.0002876522   0.0003858663  -0.0012081206   0.0109462546
15  9  -0.0419062320   0.0059530008
16  1   0.0031271142   0.0035607210  -0.0010782014   0.0159713196  -0.0028296398
16  2   0.0027323083  -0.0008489003  -0.0004732408   0.0026955378   0.0006181855
16  3  -0.0010388065  -0.0016804002  -0.0837316830   0.0407314296   0.0358835718
16  4   0.0479355485  -0.0639007477  -0.0458304968   0.0088753942   0.0215228667
16  5   0.0123100493   0.0002176739   0.0001448370  -0.0007117704  -0.0005687238
16  6   0.0005631683  -0.0004383260   0.0007791029  -0.0001290046  -0.0014931084
16  7   0.0005425761  -0.0011223122   0.0002565368   0.0010682707  -0.0010366525
16  8  -0.0004375957  -0.0003291919   0.0002352984  -0.0007554109   0.0063433134
16  9   0.0037720830  -0.0014526942
17  1   0.0004260901   0.0038629738   0.0023358666   0.0004098055   0.0008037335
17  2  -0.0115806927   0.0019761949  -0.0014989478   0.0016192801  -0.0011549360
17  3   0.0006297200  -0.0009213212   0.0379519684  -0.3512724692  -0.2974224808
17  4  -0.0639007477   0.4412613303   0.3507927782   0.0204345570  -0.0931394780
17  5  -0.0502631988   0.0000513851  -0.0000110993  -0.0001462312   0.0013913462
17  6   0.0020965638  -0.0012931598  -0.0003178543   0.0024817856   0.0012471445
17  7  -0.0016023347   0.0015145271  -0.0001737480  -0.0002453698   0.0009959920
17  8   0.0004777234   0.0004591997   0.0000845329   0.0005010960   0.0041206956
17  9  -0.0078091646   0.0048269437
18  1  -0.0009773814   0.0010288720  -0.0006935930   0.0032856651  -0.0367927017
18  2  -0.0362479785   0.0047170837  -0.0009497921  -0.0015896679  -0.0007575486
18  3   0.0000837868  -0.0005827541   0.0346005610  -0.2847587840  -0.4515742110
18  4  -0.0458304968   0.3507927782   0.4726647186   0.0088261066  -0.0364360556
18  5   0.0225662911  -0.0000959061  -0.0002054330  -0.0005109036   0.0000304036
18  6  -0.0000373634  -0.0001749501  -0.0010301537   0.0023728030  -0.0095227758
18  7  -0.0005915882   0.0006208674  -0.0002948373  -0.0012808450   0.0004770453
18  8   0.0005535769   0.0002195907  -0.0001883644   0.0008432483  -0.0011154909
18  9   0.0039923416   0.0045638364
19  1  -0.0005848817   0.0042029676  -0.0055757063   0.0190067366   0.0090424833
19  2   0.0025327230  -0.0016203527  -0.0019628829   0.0023360104  -0.0023689757
19  3   0.0003722176  -0.0015692811  -0.0568146938   0.0475103907  -0.0325656055
19  4   0.0088753942   0.0204345570   0.0088261066   0.0455839527  -0.1013498142
19  5   0.0036181731  -0.0004265056   0.0003971484   0.0002568647  -0.0000220385
19  6  -0.0005345720   0.0005681263  -0.0002202700  -0.0008492357  -0.0007410829
19  7   0.0004622021   0.0000092359  -0.0000132325   0.0007341204  -0.0004143059
19  8  -0.0002624377   0.0001062872  -0.0000249219   0.0001882804  -0.0127109750
19  9   0.0231667321   0.0224010613
20  1  -0.0002135342  -0.0005733986   0.0053366758   0.0115037387  -0.0172357275
20  2  -0.0001887396  -0.0035649079  -0.0016250542   0.0047413912  -0.0012594031
20  3   0.0010100458  -0.0011111944   0.0523751195  -0.2437176597   0.1018295408
20  4   0.0215228667  -0.0931394780  -0.0364360556  -0.1013498142   0.5313103909
20  5   0.1539989826   0.0000629255  -0.0003258138  -0.0007065837   0.0006262252
20  6   0.0010606606  -0.0016051997  -0.0005552776   0.0022164594   0.0022140489
20  7  -0.0006475974   0.0005707636  -0.0008548757   0.0018362093  -0.0002717613
20  8   0.0002626290   0.0006117668  -0.0001315276   0.0009270675   0.0190516828
20  9  -0.1791478996  -0.2284076869
21  1   0.0013724675   0.0037692796  -0.0051145709  -0.0126034747   0.0286554388
21  2  -0.0007062891   0.0028001954   0.0015762303  -0.0047864589  -0.0007017230
21  3  -0.0001972685  -0.0002282471  -0.0162302945   0.0399865536  -0.1463906644
21  4   0.0123100493  -0.0502631988   0.0225662911   0.0036181731   0.1539989826
21  5   0.4848472206  -0.0000883023  -0.0001126095   0.0003433742   0.0003081771
21  6  -0.0000571917  -0.0005358148   0.0002225489   0.0010954454   0.0015382303
21  7  -0.0005601666   0.0002718780  -0.0002245044  -0.0018152873   0.0005438340
21  8  -0.0004243687   0.0000964162  -0.0002110893   0.0001700981   0.0112712208
21  9  -0.1790562845  -0.3510542961
22  1  -0.3719762567   0.1184579850  -0.0010336673  -0.0210473725   0.0104438627
22  2  -0.0046447711  -0.0018222329  -0.0049308347   0.0015965454  -0.0011264941
22  3   0.0001231733  -0.0000525787   0.0005469730   0.0003162545   0.0004804227
22  4   0.0002176739   0.0000513851  -0.0000959061  -0.0004265056   0.0000629255
22  5  -0.0000883023   0.3957609333  -0.1240942342   0.0084920919  -0.0016274722
22  6  -0.0000832857  -0.0042357578   0.0008073278  -0.0000652021  -0.0005601973
22  7   0.0004328523  -0.0000734871   0.0000514970   0.0003647067  -0.0000258758
22  8   0.0000074054   0.0000020060   0.0000217323  -0.0000091907  -0.0001061389
22  9  -0.0002043986   0.0000924088
23  1   0.1269567785  -0.1078894666  -0.0101004815  -0.0306089709   0.0093382303
23  2   0.0013175751  -0.0015981554  -0.0034436906   0.0018043238  -0.0017444996
23  3  -0.0001528575   0.0000348564  -0.0013279233   0.0006556623  -0.0002829008
23  4   0.0001448370  -0.0000110993  -0.0002054330   0.0003971484  -0.0003258138
23  5  -0.0001126095  -0.1240942342   0.1116578146   0.0026634405   0.0320327367
23  6  -0.0101450523   0.0053105419   0.0002909031   0.0005113284  -0.0006061189
23  7  -0.0001691839   0.0001491940   0.0002286102   0.0000211598  -0.0001227509
23  8  -0.0001353583   0.0000775713   0.0000654715  -0.0000020889  -0.0003781675
23  9  -0.0002869700   0.0000856428
24  1  -0.0467643111   0.0069308841  -0.0157528882   0.0133054415  -0.0003464424
24  2  -0.0053104707  -0.0006107452   0.0007940790  -0.0002222535  -0.0004010527
24  3  -0.0001828990   0.0006430739   0.0020147298   0.0001109947   0.0002443874
24  4  -0.0007117704  -0.0001462312  -0.0005109036   0.0002568647  -0.0007065837
24  5   0.0003433742   0.0084920919   0.0026634405   0.0216483918   0.0246736542
24  6  -0.0095151849  -0.0018470159  -0.0007137140  -0.0000527035   0.0002391288
24  7  -0.0000808056   0.0002232256  -0.0000680755   0.0003713908  -0.0000657784
24  8   0.0003218654   0.0001094509   0.0000279098  -0.0000195311   0.0000587752
24  9   0.0002652893   0.0002909170
25  1  -0.0634678638   0.0062809609   0.0167525717   0.0026847634  -0.0211010509
25  2  -0.0180799431   0.0014559509  -0.0017417913  -0.0008197972  -0.0004440544
25  3   0.0004050207   0.0004085053   0.0006529907  -0.0016374032  -0.0006544706
25  4  -0.0005687238   0.0013913462   0.0000304036  -0.0000220385   0.0006262252
25  5   0.0003081771  -0.0016274722   0.0320327367   0.0246736542   0.0651661501
25  6  -0.0131849393  -0.0243208153  -0.0027966036  -0.0039975046   0.0015067600
25  7  -0.0010000914   0.0004957988   0.0004319782  -0.0001211217  -0.0000373627
25  8  -0.0000260458   0.0002074442   0.0002409570   0.0000583334  -0.0001193299
25  9   0.0002270066  -0.0002693116
26  1   0.0162457087  -0.2621567830  -0.1695697206  -0.0007555744  -0.0266080533
26  2  -0.0167459755   0.0003726237   0.0010366469   0.0003187256   0.0000302117
26  3   0.0002470602   0.0002449751   0.0016682487  -0.0028993832  -0.0022347923
26  4   0.0005631683   0.0020965638  -0.0000373634  -0.0005345720   0.0010606606
26  5  -0.0000571917  -0.0000832857  -0.0101450523  -0.0095151849  -0.0131849393
26  6   0.2982665546   0.1955806813  -0.0037954112  -0.0016579076   0.0021279006
26  7  -0.0005813334   0.0004586849  -0.0003164490   0.0000119335   0.0001135042
26  8   0.0001447261   0.0001518741   0.0000309519   0.0000357166  -0.0001086527
26  9   0.0001565524   0.0000239520
27  1   0.0276612907  -0.2195310112  -0.1705569023   0.0011726541   0.0159995180
27  2   0.0030808322  -0.0006134184  -0.0008729138   0.0001197503  -0.0001238309
27  3   0.0001208584   0.0001171887  -0.0007330662   0.0051270885   0.0025673856
27  4  -0.0004383260  -0.0012931598  -0.0001749501   0.0005681263  -0.0016051997
27  5  -0.0005358148  -0.0042357578   0.0053105419  -0.0018470159  -0.0243208153
27  6   0.1955806813   0.1670727746   0.0010971986   0.0016822449  -0.0000948172
27  7  -0.0001008114  -0.0001905055   0.0004112450  -0.0001111217  -0.0002566179
27  8  -0.0002357592   0.0000354568   0.0001003517  -0.0000769740   0.0001424212
27  9  -0.0001718769   0.0001530572
28  1   0.0023021797  -0.0239921345  -0.0116278362  -0.0547406479   0.0388560239
28  2   0.0269364967  -0.0084933089   0.0258497904   0.0174119215   0.0017585676
28  3   0.0007746290  -0.0001913290   0.0005519915  -0.0019321074  -0.0031362702
28  4   0.0007791029  -0.0003178543  -0.0010301537  -0.0002202700  -0.0005552776
28  5   0.0002225489   0.0008073278   0.0002909031  -0.0007137140  -0.0027966036
28  6  -0.0037954112   0.0010971986   0.0638964358  -0.0357365051  -0.0268845870
28  7  -0.0053890208   0.0016729056  -0.0013754971   0.0011455106  -0.0007930788
28  8  -0.0001804591  -0.0002400441  -0.0004725175  -0.0003810935   0.0006387796
28  9   0.0001506345  -0.0001472261
29  1  -0.0002396314  -0.0260602346  -0.0111567634   0.0353091340  -0.2122716854
29  2  -0.1157460069   0.0033986112  -0.0094778726  -0.0059079815  -0.0004919201
29  3   0.0010293706   0.0006657473   0.0005951850  -0.0002323214   0.0044858374
29  4  -0.0001290046   0.0024817856   0.0023728030  -0.0008492357   0.0022164594
29  5   0.0010954454  -0.0000652021   0.0005113284  -0.0000527035  -0.0039975046
29  6  -0.0016579076   0.0016822449  -0.0357365051   0.2412782323   0.1212779380
29  7   0.0016924821   0.0004925556   0.0008256335  -0.0000262740   0.0001781113
29  8   0.0002535974   0.0004214269   0.0004483419  -0.0000164748   0.0001184384
29  9   0.0010638366   0.0002206831
30  1  -0.0014844749   0.0108229104   0.0076640808   0.0247957494  -0.1156953424
30  2  -0.1317038755  -0.0016717806   0.0053456084   0.0042549581   0.0000932130
30  3   0.0006343980  -0.0001382745   0.0079092278  -0.0304575867  -0.0138610073
30  4  -0.0014931084   0.0012471445  -0.0095227758  -0.0007410829   0.0022140489
30  5   0.0015382303  -0.0005601973  -0.0006061189   0.0002391288   0.0015067600
30  6   0.0021279006  -0.0000948172  -0.0268845870   0.1212779380   0.1422970032
30  7  -0.0017001427   0.0006428420   0.0004777434   0.0004352922   0.0002216196
30  8   0.0007392951   0.0002988994  -0.0000836677   0.0001508584  -0.0005037680
30  9   0.0023083053  -0.0020405478
31  1   0.0026347932   0.0000334878  -0.0004231407  -0.0080934007   0.0279704005
31  2   0.0163420386  -0.0521679590   0.0384920500   0.0241821798   0.0014417577
31  3  -0.0171862470  -0.0108246998   0.0002354381   0.0016674184   0.0026240251
31  4   0.0005425761  -0.0016023347  -0.0005915882   0.0004622021  -0.0006475974
31  5  -0.0005601666   0.0004328523  -0.0001691839  -0.0000808056  -0.0010000914
31  6  -0.0005813334  -0.0001008114  -0.0053890208   0.0016924821  -0.0017001427
31  7   0.0638436764  -0.0422310326  -0.0289825419   0.0007281388  -0.0026605112
31  8  -0.0019258714  -0.0035801860  -0.0043612951   0.0017435268  -0.0000907767
31  9  -0.0004163037   0.0002979978
32  1  -0.0007882465   0.0011723694   0.0005637764   0.0038571736  -0.0106856427
32  2  -0.0056302175   0.0423234993  -0.2288736667  -0.1214744951  -0.0006753795
32  3  -0.0153665198  -0.0080201295   0.0001930074  -0.0019388803  -0.0023056908
32  4  -0.0011223122   0.0015145271   0.0006208674   0.0000092359   0.0005707636
32  5   0.0002718780  -0.0000734871   0.0001491940   0.0002232256   0.0004957988
32  6   0.0004586849  -0.0001905055   0.0016729056   0.0004925556   0.0006428420
32  7  -0.0422310326   0.2465350938   0.1298151172  -0.0010871642   0.0076340324
32  8   0.0036969443  -0.0025357714  -0.0018366110   0.0017750764  -0.0000382269
32  9   0.0001740997   0.0000113110
33  1   0.0006198639   0.0003221906  -0.0000771902  -0.0015485833   0.0056060924
33  2   0.0035131161   0.0251588016  -0.1216172039  -0.1267519205  -0.0008419953
33  3   0.0072136395   0.0046545552  -0.0000925197   0.0020808378   0.0009316072
33  4   0.0002565368  -0.0001737480  -0.0002948373  -0.0000132325  -0.0008548757
33  5  -0.0002245044   0.0000514970   0.0002286102  -0.0000680755   0.0004319782
33  6  -0.0003164490   0.0004112450  -0.0013754971   0.0008256335   0.0004777434
33  7  -0.0289825419   0.1298151172   0.1316467364   0.0050303728  -0.0256823007
33  8  -0.0142118746   0.0012690855   0.0025890068  -0.0002472760   0.0000362340
33  9  -0.0000365507   0.0002406753
34  1   0.0025188496  -0.0000772041   0.0006336258  -0.0069772461   0.0073500631
34  2  -0.0325804317  -0.0450286650   0.0088020590  -0.0255081025  -0.0052918891
34  3  -0.0099737174   0.0199108044  -0.0063581253   0.0004021206   0.0035944701
34  4   0.0010682707  -0.0002453698  -0.0012808450   0.0007341204   0.0018362093
34  5  -0.0018152873   0.0003647067   0.0000211598   0.0003713908  -0.0001211217
34  6   0.0000119335  -0.0001111217   0.0011455106  -0.0000262740   0.0004352922
34  7   0.0007281388  -0.0010871642   0.0050303728   0.0567185279  -0.0079262333
34  8   0.0324374060   0.0007331907   0.0012885287  -0.0010696831  -0.0002342685
34  9  -0.0003761113  -0.0000478907
35  1  -0.0012289192   0.0003374169  -0.0009387754   0.0046825464  -0.0030262990
35  2   0.0139433102   0.0132557782  -0.0558661856   0.0542694111  -0.0078175598
35  3  -0.0095088480   0.0166710289   0.0029836142  -0.0011569324  -0.0018711897
35  4  -0.0010366525   0.0009959920   0.0004770453  -0.0004143059  -0.0002717613
35  5   0.0005438340  -0.0000258758  -0.0001227509  -0.0000657784  -0.0000373627
35  6   0.0001135042  -0.0002566179  -0.0007930788   0.0001781113   0.0002216196
35  7  -0.0026605112   0.0076340324  -0.0256823007  -0.0079262333   0.0597499470
35  8  -0.0575160561   0.0010214894   0.0008539114   0.0000593403  -0.0000029290
35  9   0.0000898618   0.0001451287
36  1   0.0006640254  -0.0009436300   0.0010894389   0.0002989588   0.0009241287
36  2  -0.0052698878  -0.0322737186   0.0514248754  -0.3117872940   0.0019167211
36  3   0.0012560080  -0.0010628549  -0.0000803419   0.0002611409   0.0003164309
36  4  -0.0004375957   0.0004777234   0.0005535769  -0.0002624377   0.0002626290
36  5  -0.0004243687   0.0000074054  -0.0001353583   0.0003218654  -0.0000260458
36  6   0.0001447261  -0.0002357592  -0.0001804591   0.0002535974   0.0007392951
36  7  -0.0019258714   0.0036969443  -0.0142118746   0.0324374060  -0.0575160561
36  8   0.3291537068  -0.0001924167  -0.0000216204   0.0008336569   0.0000543702
36  9  -0.0000851085  -0.0000159317
37  1   0.0001041207   0.0001447132   0.0001972193   0.0014123254  -0.0011872380
37  2  -0.0015580278   0.0029299316  -0.0140927327  -0.0125318689  -0.0279484481
37  3   0.0387326272   0.0544094334   0.0002791794  -0.0010688871  -0.0002876522
37  4  -0.0003291919   0.0004591997   0.0002195907   0.0001062872   0.0006117668
37  5   0.0000964162   0.0000020060   0.0000775713   0.0001094509   0.0002074442
37  6   0.0001518741   0.0000354568  -0.0002400441   0.0004214269   0.0002988994
37  7  -0.0035801860  -0.0025357714   0.0012690855   0.0007331907   0.0010214894
37  8  -0.0001924167   0.0266716775  -0.0227279805  -0.0420122221  -0.0003482925
37  9  -0.0000080589  -0.0000533646
38  1   0.0001623119   0.0001475251   0.0001154348   0.0008132446   0.0007371090
38  2  -0.0000857577   0.0032148787  -0.0147884677  -0.0129323211   0.0218457367
38  3  -0.1230024482  -0.1079590525  -0.0003329878   0.0000287402   0.0003858663
38  4   0.0002352984   0.0000845329  -0.0001883644  -0.0000249219  -0.0001315276
38  5  -0.0002110893   0.0000217323   0.0000654715   0.0000279098   0.0002409570
38  6   0.0000309519   0.0001003517  -0.0004725175   0.0004483419  -0.0000836677
38  7  -0.0043612951  -0.0018366110   0.0025890068   0.0012885287   0.0008539114
38  8  -0.0000216204  -0.0227279805   0.1373485802   0.1182377904   0.0000970146
38  9   0.0000138905   0.0000255134
39  1   0.0000196368   0.0002869319   0.0001787180  -0.0000545929  -0.0002706693
39  2  -0.0004563525  -0.0009428051   0.0064922916   0.0062129078   0.0430180330
39  3  -0.1262734248  -0.1337036271   0.0007471694  -0.0017308398  -0.0012081206
39  4  -0.0007554109   0.0005010960   0.0008432483   0.0001882804   0.0009270675
39  5   0.0001700981  -0.0000091907  -0.0000020889  -0.0000195311   0.0000583334
39  6   0.0000357166  -0.0000769740  -0.0003810935  -0.0000164748   0.0001508584
39  7   0.0017435268   0.0017750764  -0.0002472760  -0.0010696831   0.0000593403
39  8   0.0008336569  -0.0420122221   0.1182377904   0.1274101885  -0.0005499814
39  9  -0.0000218131  -0.0000877947
40  1  -0.0001946799  -0.0010964918   0.0002168731  -0.0015982487   0.0001793322
40  2  -0.0003294019   0.0003852500   0.0009962596  -0.0004569219   0.0007577309
40  3  -0.0005509747   0.0006572191  -0.0070098154   0.0039905562   0.0109462546
40  4   0.0063433134   0.0041206956  -0.0011154909  -0.0127109750   0.0190516828
40  5   0.0112712208  -0.0001061389  -0.0003781675   0.0000587752  -0.0001193299
40  6  -0.0001086527   0.0001424212   0.0006387796   0.0001184384  -0.0005037680
40  7  -0.0000907767  -0.0000382269   0.0000362340  -0.0002342685  -0.0000029290
40  8   0.0000543702  -0.0003482925   0.0000970146  -0.0005499814   0.0142874518
40  9  -0.0263785366  -0.0204278041
41  1  -0.0001993390   0.0009881201  -0.0004283961  -0.0011028875  -0.0003393220
41  2  -0.0003017144   0.0010781130   0.0007264695  -0.0002426389  -0.0004162450
41  3   0.0001345813   0.0000296627   0.0007073115  -0.0244423217  -0.0419062320
41  4   0.0037720830  -0.0078091646   0.0039923416   0.0231667321  -0.1791478996
41  5  -0.1790562845  -0.0002043986  -0.0002869700   0.0002652893   0.0002270066
41  6   0.0001565524  -0.0001718769   0.0001506345   0.0010638366   0.0023083053
41  7  -0.0004163037   0.0001740997  -0.0000365507  -0.0003761113   0.0000898618
41  8  -0.0000851085  -0.0000080589   0.0000138905  -0.0000218131  -0.0263785366
41  9   0.2086782659   0.2156550161
42  1  -0.0004176275  -0.0008416333  -0.0006230704  -0.0008964779   0.0055893776
42  2   0.0007099489   0.0001005966  -0.0005572967  -0.0005729791  -0.0001026720
42  3   0.0001903205   0.0001300356   0.0009230042   0.0030327280   0.0059530008
42  4  -0.0014526942   0.0048269437   0.0045638364   0.0224010613  -0.2284076869
42  5  -0.3510542961   0.0000924088   0.0000856428   0.0002909170  -0.0002693116
42  6   0.0000239520   0.0001530572  -0.0001472261   0.0002206831  -0.0020405478
42  7   0.0002979978   0.0000113110   0.0002406753  -0.0000478907   0.0001451287
42  8  -0.0000159317  -0.0000533646   0.0000255134  -0.0000877947  -0.0204278041
42  9   0.2156550161   0.3423531486
$end
