$coord
-6.28237041641393 -1.03042764533699 0.45097761541117 c
-3.50341817095977 -1.78002892205472 0.20521967557008 c
-1.72223618321656 0.49367135744413 0.10534426529608 c
1.06052414946465 -0.23901394569377 -0.14879616590283 c
2.82264015740482 2.04624811727414 -0.2466096339335 c
5.59425874025759 1.40255342069265 -0.69237113336039 c
7.16355147615776 -0.29968481784073 1.9351181140997 s
-7.50913014662352 -2.6903812089349 0.51393312580001 h
-6.87914541645364 0.13544150190526 -1.14808602701201 h
-6.60615003231451 0.0604257125653 2.17638971013756 h
-2.97056956774619 -2.9910049647321 1.79750598887562 h
-3.24399664242322 -2.91951309716546 -1.50355117311712 h
-2.25826287636033 1.70892126903215 -1.48471514800769 h
-1.97518444619357 1.63239804881891 1.81751771271599 h
1.58257097561494 -1.45564347957956 1.44084986209321 h
1.31931360031948 -1.36918329328691 -1.86575734737244 h
2.22960544109337 3.2871089787531 -1.79645322475906 h
2.64514591344191 3.146761818792 1.49525525946145 h
5.83869711681597 0.28594856326401 -2.40576984103158 h
6.71483822513646 3.11903070124407 -0.89336821951074 h
5.97931810299857 -2.5436281151606 1.67137864849169 h
$user-defined bonds 
 
$end
