$vibrational normal modes
 1  1   0.0167299261   0.1467663874  -0.0764721744   0.0090256729   0.1099438434
 1  2   0.0055731705   0.0573907689  -0.0571895107   0.0255897695   0.0080218028
 1  3  -0.0470155662  -0.0542134458  -0.0234210047   0.0858638255  -0.0323739722
 1  4  -0.2235235067  -0.0949078855  -0.0165407279   0.0085798026   0.0034936092
 1  5   0.0057922997   0.0034214932  -0.1479079215  -0.0138910133   0.0292940121
 1  6  -0.1160123276   0.1127113759   0.0836879715   0.0399789869   0.0040072404
 1  7   0.0055452436   0.0083964439  -0.0016849245  -0.0085504614   0.0016388826
 1  8  -0.0040504818  -0.0005434336  -0.0039584298  -0.0011718237  -0.0087309763
 1  9  -0.0660707291  -0.1260164074   0.0007215515  -0.0004628499  -0.0000886673
 1 10   0.0065009185  -0.0039788312   0.0076977889  -0.0040255714  -0.0000114398
 1 11  -0.0045156262  -0.0005226365  -0.0015442547   0.0092186829   0.0437718408
 1 12   0.0078940712   0.0019487031  -0.0012229677  -0.0012839761   0.0007980246
 1 13  -0.0038986331   0.0289596601   0.0000278926
 2  1  -0.1778484412  -0.1820764988  -0.0155946152   0.2510716678   0.1208466673
 2  2  -0.0460050736  -0.0186158532   0.0895971248  -0.1210551270   0.0639240636
 2  3  -0.1035691182  -0.0456313898  -0.0128131371   0.0402486107  -0.0855432722
 2  4  -0.0351319151  -0.0243119351   0.0003872048  -0.0021814114  -0.0009895824
 2  5  -0.0011278586   0.0052628797  -0.0554042858  -0.0379398465   0.0110903435
 2  6   0.0337436505  -0.1060617319  -0.0323536004   0.0224629934  -0.0020445916
 2  7   0.1145894740   0.0227202792   0.0306874396  -0.0285040571   0.0329400585
 2  8   0.0026439302   0.0020047531  -0.0191962763  -0.0383793537  -0.0290849983
 2  9   0.0064318853   0.0303308762  -0.0007174585  -0.0015100593  -0.0061681008
 2 10   0.0268082081   0.0009919149   0.0355711446  -0.0205777863  -0.0000053846
 2 11   0.0004848356   0.0027071444  -0.0043537673  -0.0125112230  -0.0172435782
 2 12  -0.0006959850   0.0003249887   0.0008335857   0.0012282312  -0.0002921489
 2 13   0.0098720110   0.0866549472  -0.0000175038
 3  1  -0.0540314907  -0.1574791548   0.0125192063  -0.2131066088   0.2537126964
 3  2   0.0061264546   0.2248120680   0.0052399245  -0.0688179685  -0.1035096906
 3  3  -0.0031619010   0.0031709851  -0.0127742852  -0.0047349705   0.0028426413
 3  4   0.0187117526   0.0069122039   0.0020387419  -0.0005836045  -0.0080936057
 3  5   0.0182871605  -0.0417757791   0.0044036189  -0.0084879169  -0.0553868048
 3  6  -0.0281817012  -0.0290132488  -0.0048656677  -0.0120085378   0.0265727029
 3  7  -0.0023600018   0.0721503418  -0.0638746588  -0.0537773381  -0.0265841610
 3  8  -0.0479714748  -0.0083183430  -0.0210508601   0.0098348932   0.0023258919
 3  9   0.0057691034   0.0110148832   0.0002120223  -0.0002530517  -0.0000751248
 3 10   0.0035969498  -0.0488104841  -0.0025457497   0.0003703562  -0.0000065054
 3 11   0.0003612130   0.0000763792  -0.0002211856  -0.0019375392  -0.0015492697
 3 12  -0.0092159033   0.0174305825  -0.0220943744  -0.0195438478   0.0118182966
 3 13  -0.0838022847   0.0077542827  -0.0001573767
 4  1   0.0474375028   0.1620298927  -0.0710987691   0.0006700942   0.1018292733
 4  2   0.0049314862   0.0342561795  -0.0923334731   0.0658793127   0.0063024411
 4  3  -0.0051964912  -0.0308725576  -0.0080794544   0.0632102112   0.0378731415
 4  4  -0.1692260794  -0.0268555031  -0.0092384814  -0.0004963979  -0.0042503114
 4  5   0.0046382023  -0.0026122969   0.0350128021  -0.0080419808  -0.0218502227
 4  6   0.1340565806  -0.1733098142  -0.1471561535  -0.0507178172  -0.0065149336
 4  7   0.0374840229  -0.0059372807   0.0072453745   0.0233972438  -0.0259712387
 4  8   0.0029848102  -0.0029218275   0.0367190872   0.0822050598   0.1228256204
 4  9   0.0620355102   0.0045333333   0.0001960767  -0.0022493321  -0.0125082526
 4 10   0.0280205786  -0.0002968847   0.0074129508   0.0104269134   0.0000185451
 4 11  -0.0049302378   0.0073925778  -0.0115154099  -0.0144822181   0.0013386437
 4 12   0.0076727335  -0.0034941090   0.0038813011   0.0016577707  -0.0002542474
 4 13  -0.0030454923  -0.0021445844  -0.0000335869
 5  1  -0.0692761911  -0.1329366705   0.0133325662   0.2053762159   0.1103247525
 5  2  -0.0072565945  -0.0001294792   0.0034721221   0.0284118848  -0.0182641310
 5  3   0.0383437102   0.0335359827   0.0051721644  -0.0220675200   0.1960080822
 5  4  -0.0392727000   0.1018897420  -0.0221676113  -0.0019467400   0.0009171627
 5  5   0.0006699215   0.0123211351  -0.1433811282  -0.0197616154   0.0058939589
 5  6  -0.0144556657   0.0475922061  -0.0790612913  -0.0577327655   0.0013052478
 5  7  -0.1647333055  -0.0340129330  -0.0445970904   0.0368511049  -0.0401598984
 5  8  -0.0023702576  -0.0010187358   0.0204444750   0.0367340215   0.0287784206
 5  9   0.0116057328  -0.0023130175   0.0020090187   0.0097418164   0.0390047660
 5 10  -0.0288387475  -0.0043973527   0.0408356393  -0.0522398930   0.0000009049
 5 11   0.0165243320  -0.0216311382   0.0342515799   0.0443827728  -0.0082753144
 5 12  -0.0126797387  -0.0011475692  -0.0017536553  -0.0009023302  -0.0000139321
 5 13   0.0016819141   0.0079858610   0.0000227148
 6  1  -0.0379628666  -0.1347687017  -0.0149526036  -0.1682103381   0.1940492650
 6  2  -0.1193186047  -0.0902744773  -0.1435286656  -0.0373566567   0.1210324961
 6  3   0.0468107399  -0.0001341693   0.0835700362   0.0168008271  -0.0024147711
 6  4   0.0109038177   0.0057003312  -0.0001525839   0.0027483964  -0.0475568890
 6  5   0.0586502824  -0.0331159808  -0.0071108825   0.0009116389   0.0365798060
 6  6   0.0264813705   0.0353385901   0.0059722861   0.0151865818  -0.0415264679
 6  7   0.0004068886  -0.1051477920   0.0843948655   0.0434769117   0.0209500814
 6  8   0.0015488479  -0.0365806088  -0.0224707319   0.0013958801  -0.0092369685
 6  9  -0.0041593694  -0.0006006026   0.0002020917   0.0003653818   0.0016519737
 6 10  -0.0017078962  -0.0217804946  -0.0008558091  -0.0021520834  -0.0000105290
 6 11   0.0004087193   0.0003082709   0.0020966203   0.0112803988  -0.0108731584
 6 12   0.0470766544  -0.0515019322   0.0448293067   0.0177930485  -0.0036543587
 6 13  -0.0335833631   0.0031729551  -0.0002816479
 7  1  -0.0429609620   0.1299187211  -0.0819410333   0.0415783568   0.1095065394
 7  2  -0.0113090202   0.0291461145  -0.0114115955   0.0010701536   0.0483247145
 7  3  -0.0664907759  -0.0383446942  -0.0131964041   0.0314951796   0.0911512951
 7  4   0.0209077783   0.1677519132   0.0034819133  -0.0201076950  -0.0133072925
 7  5  -0.0073452744   0.0116689514   0.0748212291  -0.0403684467  -0.0323434832
 7  6   0.1060767856  -0.0565695262   0.2213335500   0.0151923217   0.0028937415
 7  7  -0.0183259003  -0.0139220342  -0.0389406802   0.0471066988  -0.0519570238
 7  8  -0.0009115707  -0.0097201361   0.0214195655   0.0284282393  -0.1008521852
 7  9  -0.1013829361   0.0408525731  -0.0050518648   0.0033095704   0.0165419088
 7 10   0.0100382677   0.0012919787  -0.0044007998   0.0177318554   0.0000222371
 7 11   0.0191235544  -0.0008550680   0.0028774591  -0.0099928755   0.0044041841
 7 12  -0.0016607782   0.0004533374   0.0036705923   0.0029999397  -0.0012087640
 7 13  -0.0013592767  -0.0004481675   0.0001045412
 8  1   0.0008556155  -0.1032802449   0.0283815713   0.1756053285   0.1032741086
 8  2   0.0125304852   0.0056163118  -0.0494838138   0.0914485151  -0.0512604092
 8  3   0.0888626336   0.0455897945   0.0075879801  -0.0148699654   0.1307085916
 8  4  -0.0987489657  -0.0502788152  -0.0017335426   0.0110920894   0.0058874357
 8  5   0.0016076518  -0.0178373173   0.1623780402   0.0693851757  -0.0023636821
 8  6  -0.0629764504   0.0521727544   0.0463863228   0.0726503797   0.0026225420
 8  7   0.1675627894   0.0294250288   0.0324568449   0.0018332853  -0.0147749265
 8  8  -0.0022348511  -0.0008485305   0.0169407827   0.0395352133  -0.0180589953
 8  9  -0.0378457725   0.0212029815  -0.0052772812  -0.0106732363  -0.0537531698
 8 10  -0.0309556956  -0.0013328452  -0.0192625590  -0.0455451254   0.0001085432
 8 11  -0.0568627910   0.0019527611  -0.0079510254   0.0241814528  -0.0102639985
 8 12  -0.0100290170  -0.0045714768  -0.0020660320  -0.0007311222   0.0005169351
 8 13   0.0003936164   0.0008243641  -0.0002524166
 9  1  -0.0535563840  -0.0323012110   0.1342821411  -0.1163959300   0.1704554413
 9  2   0.0415076795  -0.0471356711   0.0943185026   0.1805241271   0.1716109588
 9  3  -0.0229888967  -0.0063479778  -0.0319982053  -0.0502058784  -0.0073742687
 9  4  -0.0045754514  -0.0159719345  -0.0067035595   0.0146253876  -0.0482306880
 9  5  -0.0104629736   0.0827864584   0.0082752418   0.0169407584   0.0302623648
 9  6  -0.0189381097  -0.0043256354  -0.0137750906  -0.0101805339   0.0490442325
 9  7  -0.0024176596   0.0958025094  -0.0510823787   0.0179567217   0.0221320503
 9  8   0.0744666737  -0.0134218794   0.0406483858  -0.0211252346   0.0045329640
 9  9   0.0099268451  -0.0041893029  -0.0017442642   0.0003782351  -0.0031688291
 9 10  -0.0025097930   0.0010542381   0.0011646555  -0.0013399700  -0.0000621925
 9 11  -0.0025284720  -0.0095495800   0.0046202133  -0.0202665758   0.0159272307
 9 12  -0.0656299084  -0.0137423682   0.0392123947   0.0357294054  -0.0138758211
 9 13  -0.0155192411   0.0012487294  -0.0005998229
10  1  -0.0129011356   0.1450715317  -0.0765989808   0.0336677877   0.1012960297
10  2  -0.0122358936   0.0174112460  -0.0287603220  -0.0045837952   0.0187099390
10  3  -0.0767863086  -0.0338073084  -0.0099615670   0.0197886298   0.0196455891
10  4   0.1347936255   0.1528953574   0.0251056589  -0.0148433836  -0.0098595133
10  5  -0.0134237827  -0.0083936108   0.0813750873  -0.0092189019   0.0248570559
10  6  -0.1389190260   0.0617231480  -0.1672978112   0.1077905992   0.0096615168
10  7   0.0666144529  -0.0228939047  -0.0200134881   0.0348024085  -0.0609494693
10  8  -0.0085214373   0.0086094371  -0.0157024347  -0.0493965301  -0.0431262452
10  9   0.1239916173  -0.0536979046   0.0086067591  -0.0028141136  -0.0084546187
10 10  -0.0133414525  -0.0014646109   0.0164880512   0.0112824042  -0.0003277296
10 11  -0.0055065646  -0.0140581476   0.0036810325  -0.0053925797  -0.0007983385
10 12   0.0073781141   0.0108533846   0.0022073036   0.0065304902  -0.0029742331
10 13  -0.0010020023  -0.0003134050   0.0000750180
11  1   0.1095010052  -0.0538162642   0.0578357903   0.1299145594   0.0927805656
11  2   0.0520367697   0.0148434985  -0.0922980552   0.1069652208  -0.0502885370
11  3   0.0771984943   0.0176858563  -0.0002641080   0.0135869286  -0.1689834439
11  4   0.0367658362  -0.0389053572   0.0454799878  -0.0375162273  -0.0151633128
11  5  -0.0136060198  -0.0005775794   0.0504811538  -0.1356931198   0.0174393900
11  6   0.0160930485  -0.0673660609   0.0472133288   0.1419517073   0.0171326972
11  7  -0.1125699068  -0.0427180292  -0.0488869157   0.0015007676   0.0177687241
11  8   0.0022907828  -0.0020761535  -0.0177679206  -0.0393095155   0.0039190067
11  9   0.0415905126  -0.0233617222  -0.0003330893  -0.0224555794   0.0211913822
11 10   0.0343467596   0.0042135408  -0.0474885226  -0.0443561471   0.0005134821
11 11   0.0166344881   0.0473939868  -0.0141670255   0.0216997737   0.0008499245
11 12  -0.0194649650  -0.0213480931  -0.0045184203  -0.0094123671   0.0021668773
11 13   0.0011091377   0.0007378072   0.0000055122
12  1  -0.0376344303  -0.0089869017   0.1078596564  -0.0712880458   0.1108056801
12  2  -0.0825376779  -0.1937068785   0.0050055553   0.1007825225  -0.1409039744
12  3  -0.1587521310   0.0041155713  -0.0338024048  -0.0061308714   0.0213657778
12  4   0.0162094600  -0.0341462675  -0.0043388996   0.0302260863  -0.0189644281
12  5  -0.0650233618  -0.0122213708  -0.0157787391  -0.0160734588  -0.0751624031
12  6  -0.0110255261  -0.0051240045   0.0105846442   0.0007660757  -0.0574455807
12  7   0.0024252179  -0.0788180506   0.0230745683  -0.0764771556  -0.0349212217
12  8  -0.0334517329   0.0309543908   0.0484159940  -0.0181690766   0.0059049651
12  9  -0.0122415570   0.0050001786  -0.0018832846   0.0001919050   0.0019182943
12 10   0.0027524773   0.0031656376  -0.0036423143  -0.0029757747  -0.0007752324
12 11   0.0081400035   0.0211622281  -0.0177534817   0.0261732655  -0.0083718159
12 12   0.0132653607   0.0539687541   0.0081886274   0.0531902984  -0.0287354062
12 13  -0.0089887241   0.0004637378  -0.0026903183
13  1  -0.1037676197   0.1127539473  -0.0875129660   0.0747367534   0.1090638213
13  2  -0.0285036937   0.0230422125  -0.0163379455   0.0415490489  -0.0067125049
13  3   0.0224588247   0.0038202699  -0.0006036836   0.0058061756   0.0221984873
13  4   0.1986239198  -0.1039637875   0.1094099092   0.0170458945   0.0064506646
13  5  -0.0030524291  -0.0303660153   0.0191954677  -0.0024971356   0.0912550032
13  6  -0.1213240971  -0.0697826190   0.0363308924  -0.1630304247  -0.0369105549
13  7   0.0204584082  -0.0292691785  -0.0478034448   0.0219348101   0.0078253838
13  8  -0.0034603878  -0.0001520467  -0.0287055816  -0.0713669736   0.1081678519
13  9  -0.0963464212   0.0344968484  -0.0024774190  -0.0155072945  -0.0007473092
13 10  -0.0076683050  -0.0009298411   0.0112422490   0.0078918247  -0.0001099992
13 11  -0.0054766943   0.0114512347   0.0187525374  -0.0055025248   0.0009196628
13 12   0.0025101460   0.0017906521  -0.0009411457   0.0009773407  -0.0040323370
13 13  -0.0004192681   0.0000319158   0.0005290434
14  1   0.1788914470  -0.0245089761   0.0726635629   0.1004540378   0.0858001122
14  2   0.0715250833   0.0127124801  -0.0988576058   0.0580671368  -0.0276402574
14  3   0.0109586721  -0.0121977465  -0.0035049852   0.0144496625  -0.1912737864
14  4   0.0765382310   0.1239546107  -0.0395875125  -0.0069432600  -0.0018693567
14  5   0.0043799445   0.0149551346  -0.0815664520   0.0916075286  -0.0543908232
14  6   0.0688110427   0.0837906413   0.0075937397  -0.1297755748  -0.0074678203
14  7   0.0878550944   0.0285878131   0.0224149036   0.0296783896  -0.0598091029
14  8   0.0044712226   0.0008042274  -0.0193124108  -0.0414056102   0.0323401050
14  9  -0.0261185328   0.0097674368   0.0076570450   0.0767684115  -0.0060167255
14 10   0.0162137346   0.0017437658  -0.0182850531  -0.0131334510   0.0000812864
14 11   0.0133637338  -0.0326548148  -0.0470753566   0.0120733716  -0.0018186891
14 12  -0.0055957389  -0.0152945089  -0.0157968689   0.0056371266  -0.0036721154
14 13  -0.0003403958   0.0000796054  -0.0057767278
15  1  -0.0533985381   0.0935296626   0.2576717272  -0.0197279719   0.0876553365
15  2   0.0797114818  -0.1100909960   0.0225404523  -0.0880364960  -0.0519051934
15  3   0.0623988968  -0.0362307262  -0.0266522718   0.1399637309   0.0626903219
15  4   0.0559315200  -0.0139583177   0.0519836422   0.0416717052   0.0118011032
15  5  -0.0218765281  -0.0753224914  -0.0116635783   0.0079188934   0.0658100505
15  6   0.0708698812   0.0192575609   0.0019417512   0.0197129311   0.0826541642
15  7  -0.0213749474   0.0628427026   0.0317038880   0.0701152534   0.0215161377
15  8  -0.0444901724   0.0264397163  -0.0177603153   0.0090966436  -0.0079791106
15  9   0.0084740537  -0.0029888257   0.0111033292   0.0029850451   0.0003682543
15 10   0.0024134815   0.0003424477  -0.0030846042  -0.0022672424   0.0000190583
15 11  -0.0068024587   0.0072828540   0.0251454680  -0.0135610819   0.0028332721
15 12   0.0056178863  -0.0313552743  -0.0595379365   0.0312218105  -0.0433070603
15 13  -0.0048530727   0.0003752370  -0.0095472229
16  1  -0.0766365350   0.1298001987  -0.0813836040   0.0718834817   0.0973929523
16  2  -0.0341048289   0.0413043284  -0.0199009852   0.0057900774   0.0140142200
16  3  -0.0058720871   0.0187794009   0.0165213867  -0.0737264347   0.0301445358
16  4   0.1836995424  -0.1588623330   0.0581860343   0.0478338122   0.0203160482
16  5   0.0239686551   0.0170531603  -0.0865738220   0.0864083146  -0.0624572872
16  6   0.1224094414   0.0197819695  -0.0050656957   0.1298647196   0.0643637814
16  7  -0.0447249501   0.0075027323   0.0474161192  -0.0435780567  -0.0538417242
16  8   0.0560074568   0.0063528086  -0.0339609359   0.0259263169  -0.0148503734
16  9   0.0118559502  -0.0041884132  -0.0624319856   0.0085319299  -0.0002782080
16 10  -0.0007008859  -0.0002745381   0.0000630544   0.0004198971   0.0004095336
16 11  -0.0004375493   0.0021349427   0.0033313975  -0.0010431419   0.0003612476
16 12   0.0005842241  -0.0016835211  -0.0068048485   0.0197981683   0.0317091688
16 13   0.0013358322  -0.0002215659  -0.0272495858
17  1   0.2852907778   0.0309058649   0.1136696101   0.0565575867   0.0763731125
17  2   0.1277459820   0.0073230632  -0.0807953508  -0.0995035179   0.0381164489
17  3  -0.0979288556  -0.0136421785   0.0206093324  -0.1031182405   0.0338075901
17  4   0.0260567408  -0.0169253605  -0.2136705997   0.0615115454   0.0203728511
17  5   0.0074526816  -0.0173190995   0.0049424679   0.0701335276   0.0481806635
17  6  -0.0898263417  -0.1167147254   0.0347875636   0.0193524446  -0.0545368477
17  7  -0.0556017400   0.0030539527  -0.0109379805   0.0004609488   0.0464677172
17  8  -0.0236730055  -0.0023870166   0.0262337585   0.0203544451  -0.0210571313
17  9   0.0149776481  -0.0056499815  -0.0103501173   0.0065843189   0.0001868202
17 10   0.0015541286   0.0001063246  -0.0013579267  -0.0009054427   0.0012130378
17 11  -0.0003488894   0.0020636511   0.0030380499  -0.0007965257   0.0003089618
17 12   0.0001877858   0.0023888049   0.0040715965   0.0006821296   0.0134593166
17 13   0.0013408482  -0.0001127422  -0.0814464845
18  1  -0.0383493843   0.1194975132   0.2365682412   0.0259191553   0.0287020896
18  2  -0.0362996697   0.0098173200  -0.0256647314  -0.0899004023  -0.0068893735
18  3   0.0042381042   0.0137624859   0.0188607200  -0.0754312389  -0.0293151614
18  4  -0.1100306898   0.0628163811   0.3521897084   0.0172895064   0.0216180005
18  5   0.0619438608   0.0628570029   0.0049114685   0.0103918073  -0.0308627827
18  6  -0.0469333849  -0.0250240801   0.0014515301  -0.0006906173  -0.0543999181
18  7  -0.0006573205  -0.0171723830  -0.0150570327  -0.0336010702  -0.0166415390
18  8   0.0596873690   0.0033226246  -0.0414329973   0.0264974766  -0.0020253031
18  9  -0.0055756305   0.0031813564   0.0529771198  -0.0113790448   0.0004837816
18 10  -0.0001114961   0.0000296322   0.0003597093   0.0001494031   0.0002261904
18 11  -0.0002327745  -0.0016539525  -0.0012578404   0.0001734663  -0.0003064101
18 12  -0.0002319966   0.0050027812   0.0146535046  -0.0330286212  -0.0425354972
18 13  -0.0010715331   0.0002229541  -0.0389709340
19  1  -0.0172453704   0.1110001865  -0.0897439647  -0.0057440963   0.1427893331
19  2   0.0329755240  -0.0930013897   0.1008902436  -0.0595680985  -0.0433352514
19  3   0.0839058701   0.0361064778   0.0198479780  -0.0705209253  -0.0669812645
19  4  -0.0541640139   0.0255655099  -0.0793190255   0.0055260941   0.0023629383
19  5   0.0025140571   0.0037609415   0.0076393611  -0.0196950173  -0.0035880456
19  6   0.0038562308   0.0129703907  -0.0028392103  -0.0115246146   0.0020921885
19  7   0.0112988365  -0.0060172914  -0.0077110976   0.0010777508   0.0050427958
19  8  -0.0019772263  -0.0003728176   0.0014993378   0.0000098076  -0.0000332703
19  9   0.0000000920  -0.0000148770   0.0005203583   0.0001367159  -0.0000438523
19 10   0.0000006665  -0.0000011548   0.0000175366   0.0000169402  -0.0145941328
19 11   0.0000142075   0.0000000275  -0.0000758924   0.0000524553  -0.0000084508
19 12  -0.0000157367   0.0000104634   0.0000580245  -0.0000776276   0.0000013077
19 13   0.0000072216   0.0000035036  -0.0001197914
20  1   0.3726088690  -0.0296422086  -0.0375715366   0.0076138262   0.0557191910
20  2  -0.0926640257  -0.0076771820   0.0950008036  -0.0153223692   0.0158373837
20  3   0.0019020747   0.0013985209  -0.0091455445   0.0403811456   0.0413249966
20  4   0.0199622444  -0.0241521629   0.0948615047  -0.0051810253   0.0001570226
20  5   0.0043582537   0.0047428338  -0.0026860142  -0.0055763521  -0.0055809336
20  6   0.0098336767   0.0115751712  -0.0025642448  -0.0047905804   0.0073419978
20  7   0.0089309305  -0.0067322081  -0.0069103848   0.0000879744   0.0059502021
20  8  -0.0022364659  -0.0000558448   0.0017864880   0.0013740006  -0.0009136072
20  9   0.0006127043  -0.0002250079  -0.0019392750  -0.0003249649   0.0000514714
20 10  -0.0001566061  -0.0000313018   0.0002067190   0.0001229959  -0.0276027547
20 11  -0.0000066816   0.0001382644   0.0001303444  -0.0000490562   0.0000272739
20 12  -0.0000665670  -0.0001512266  -0.0000973666   0.0000888924   0.0003623617
20 13   0.0000306735  -0.0000031524  -0.0004255074
21  1  -0.0172516497   0.0914994829   0.1435788559   0.0405743830  -0.0117921221
21  2  -0.2191582881   0.0830274779   0.0137515565   0.0045513964   0.0134489124
21  3   0.0207177294   0.0279190172   0.0021898565  -0.0015110060  -0.0263775985
21  4   0.0015058761   0.0035603436  -0.1533796572   0.0065107228  -0.0001636752
21  5  -0.0076981221  -0.0084317487   0.0096506753  -0.0207917841   0.0076256653
21  6   0.0037201536   0.0102332603  -0.0010128874  -0.0148605389   0.0140882263
21  7   0.0089332006  -0.0082440227  -0.0037357240  -0.0042672656   0.0000075535
21  8   0.0028654641  -0.0003882486  -0.0005739331   0.0013139358  -0.0005339916
21  9   0.0001902964  -0.0000188632   0.0027066503  -0.0004048905   0.0000350975
21 10   0.0000698982   0.0000078735  -0.0000779570  -0.0000866010  -0.0034540772
21 11   0.0000334372  -0.0000291548  -0.0001298386   0.0000575233  -0.0000058312
21 12  -0.0000538066   0.0000115245   0.0001291203  -0.0001743455   0.0000208273
21 13   0.0000162206  -0.0000001754   0.0001985095
22  1   0.0827591970   0.1703768502  -0.0684923024  -0.0206567106   0.1041393698
22  2   0.0172155341   0.0603454571  -0.1286743667   0.1035547601  -0.0403269543
22  3   0.0607989339   0.0052148991  -0.0527923898   0.0156489189   0.2004048383
22  4  -0.1610883747   0.0868110966  -0.0346270766  -0.0067252658   0.0026317487
22  5  -0.0053351408   0.0546413919  -0.6404435234  -0.2299027656   0.1325478241
22  6  -0.1177089472  -0.1513684195   0.1025031578   0.1810529101  -0.0049309187
22  7   0.3770616003   0.0580544296   0.0914539217  -0.0811448699   0.1039687163
22  8   0.0090787948   0.0028759805  -0.0678345161  -0.1394737258  -0.0910010883
22  9   0.1758960521   0.4008230095   0.0004158661   0.0122836804   0.0354296355
22 10  -0.1900809227   0.0585363586  -0.2057863760   0.1038065123   0.0000315526
22 11   0.0314303947  -0.0060571558   0.0249037838  -0.0337876810  -0.2859327888
22 12  -0.0638944822  -0.0055291849  -0.0062627161  -0.0050597065   0.0017789654
22 13  -0.0504101176  -0.5003109635  -0.0003876993
23  1  -0.2262053957  -0.2023157181  -0.0256060736   0.2716246594   0.1257336991
23  2  -0.0591222837  -0.0224896846   0.1349080522  -0.1865039841   0.1006419481
23  3  -0.1782748283  -0.0898943924  -0.0123939600   0.0864336473  -0.2600228945
23  4  -0.0830569700  -0.1616946371   0.0136482682   0.0095650285   0.0023122192
23  5   0.0024724289  -0.0256295410   0.3139557029   0.1264865743  -0.0590167981
23  6   0.0384319983   0.0991152248  -0.0495881424  -0.0852265528   0.0015221303
23  7  -0.1744844050  -0.0249552289  -0.0347479900   0.0332792087  -0.0417480497
23  8  -0.0028513884  -0.0012327767   0.0299868726   0.0633807989   0.0322060996
23  9  -0.1628354782  -0.3404081470  -0.0003373528  -0.0093282348  -0.0260653667
23 10   0.1528818391  -0.0171041095   0.1783372289  -0.0931808803   0.0000955938
23 11   0.0509272834  -0.0093119893   0.0387702099  -0.0473926206  -0.4107511417
23 12  -0.0915953860  -0.0086236673  -0.0076991707  -0.0064544081   0.0019071652
23 13  -0.0663937418  -0.6838564926  -0.0004401434
24  1  -0.0424081758  -0.2310517333  -0.0959569302  -0.2495790498   0.2694627306
24  2  -0.1128714967   0.1804110082  -0.1974904810  -0.2699984884  -0.0808892744
24  3   0.1389314713   0.0065426327  -0.5758214497  -0.1695679241  -0.0155230021
24  4   0.0168270863  -0.0138516492   0.0038380168   0.0016705254   0.0585888236
24  5  -0.1066062859   0.1487449659   0.0833187339   0.0490387136   0.1265151305
24  6   0.1034253894   0.0555515610  -0.0154492180   0.0023049781  -0.0539466014
24  7  -0.0278552690  -0.1432630240   0.1146153895   0.1062739953   0.0398927953
24  8   0.0723285252  -0.0219848574   0.0232823947   0.0028178580   0.0060141829
24  9  -0.0154657857  -0.0411974493  -0.0023482830   0.0012752525  -0.0030114445
24 10  -0.0299425088   0.6995557928   0.0601227082  -0.0185398266  -0.0000190490
24 11  -0.0014274633   0.0004953064  -0.0013574246   0.0017999188   0.0146290242
24 12   0.0014250238   0.0059357969  -0.0066819220  -0.0054383824   0.0030147147
24 13  -0.0164005210   0.0272005208  -0.0000228020
25  1  -0.0245982288   0.1562775059  -0.0720404301   0.0585011998   0.0828690130
25  2  -0.0360563652  -0.0839597695  -0.0326377197   0.0303736047   0.1494356065
25  3  -0.1298774178  -0.0993736777   0.1716389820   0.1823202653  -0.1991688284
25  4  -0.2711157229  -0.2198778916  -0.0078290212   0.0258647368  -0.1300978665
25  5   0.2127949234  -0.2923928113   0.1392823681   0.0930405081  -0.2665870114
25  6  -0.2890668422   0.2753459872   0.0913626094  -0.0972336847   0.0940227622
25  7  -0.3320850057   0.1312227161  -0.2262636640  -0.0690914777  -0.1020264227
25  8  -0.1057509947  -0.0385866502  -0.0422162265   0.0250669497   0.0009501677
25  9   0.2343388661   0.4831247356  -0.0046318839  -0.0010119023  -0.0142137838
25 10  -0.0169584319   0.4082355371   0.0396192911  -0.0228103516   0.0000280970
25 11   0.0115552253   0.0077500259  -0.0045747116  -0.0469484520  -0.1579936404
25 12  -0.0061523311  -0.0371814177   0.0442973531   0.0406347750  -0.0241776402
25 13   0.1903053818   0.0895563566   0.0002568122
26  1  -0.2166936282  -0.1399034743   0.0782593013   0.2747019557   0.1318913705
26  2   0.0903547630   0.1312612068   0.3316708922  -0.0025928372  -0.0231183834
26  3  -0.2762295909  -0.0696365439   0.4034084131   0.1902190405  -0.1593579661
26  4  -0.0603908073  -0.0854779561   0.0090736208  -0.0034596779   0.0735456572
26  5  -0.0830003802   0.0875827804   0.1484671580   0.0690267291   0.0618744982
26  6   0.0949838719   0.0526693184  -0.0565474654  -0.0385447146  -0.0386514458
26  7  -0.1004754747  -0.1245493941   0.0622450300   0.1058429225   0.0033010655
26  8   0.0617214408  -0.0012180269   0.0487165308   0.0412080672   0.0679426755
26  9   0.0319816746  -0.0074341809   0.0055460980   0.0230626680   0.0793851881
26 10  -0.3267400786   0.2781192449  -0.3418983026   0.1892216516   0.0000010113
26 11  -0.0292026556  -0.0131068929   0.0056524106   0.0969592062   0.3303070175
26 12   0.0144697980   0.0787343905  -0.0954722026  -0.0867492591   0.0508139030
26 13  -0.3831829529  -0.1488902318  -0.0004352509
27  1  -0.0669295360  -0.1302805936   0.0792936789  -0.2143422907   0.2718697351
27  2   0.1210819747   0.3868716593   0.1725452902   0.0157498799  -0.2196336469
27  3  -0.0978083765   0.0025070437   0.2170561931   0.0681352992   0.0113556846
27  4   0.0186951198   0.0092994343   0.0052456909  -0.0081339835   0.0977074371
27  5  -0.1210218244   0.1329599369   0.0430127491   0.0287047476   0.0982519821
27  6   0.0839059580   0.0262923347  -0.0222038250  -0.0021126953  -0.0364593477
27  7  -0.0276650449  -0.0867454910   0.0512102217   0.0677850068  -0.0032407903
27  8   0.0345803547  -0.0006546810   0.0379890381   0.0511869593   0.0648280606
27  9  -0.0774076861  -0.2236976829   0.0064546014   0.0173160259   0.0652576540
27 10  -0.2376792508   0.0232315654  -0.2772957912   0.1541915754   0.0000366832
27 11   0.0403420384   0.0196908703  -0.0102866279  -0.1396408550  -0.4624374665
27 12  -0.0222759641  -0.1045032790   0.1273010144   0.1161148698  -0.0678033395
27 13   0.5142736237   0.2363254647   0.0005749531
28  1  -0.0323973509   0.1015998267  -0.0931206664  -0.0039985935   0.1491561031
28  2   0.0359346272   0.2138356959   0.0200771971  -0.0939103549  -0.0818457940
28  3  -0.1117307248  -0.0911420358  -0.2013955160   0.0802350239  -0.1883355559
28  4  -0.2640899767  -0.2240063221  -0.0012363654   0.0127093932   0.1613126224
28  5  -0.2187069803   0.2767472141   0.2109875958   0.1863964769   0.2347971374
28  6   0.0401352230   0.4126899302   0.0719060487  -0.0241075941  -0.0910027652
28  7  -0.2916336178  -0.2541918936   0.1043457406   0.1673666157   0.0206279160
28  8   0.1019260689   0.0336954119   0.0550339921  -0.0336976965  -0.0194998600
28  9   0.2405035150   0.5148217459  -0.0034801612  -0.0062693457  -0.0251715094
28 10   0.0746926252  -0.4023215812   0.0372727958  -0.0374407349   0.0000142206
28 11   0.0048860178   0.0041503395  -0.0033850112  -0.0258575752  -0.0734342788
28 12  -0.0235255654   0.0187430170  -0.0237091824  -0.0202474873   0.0130361417
28 13  -0.0927332334   0.0681297589  -0.0002956635
29  1  -0.1745463704  -0.2419619815  -0.1217532619   0.2422025342   0.1130484472
29  2  -0.1991368043  -0.1784580536  -0.1278013694  -0.2967436614   0.1844531316
29  3   0.0164072773  -0.0571682597  -0.4479308656  -0.0767952178  -0.1568985856
29  4  -0.0568306636  -0.0865540579   0.0026904463   0.0113366112  -0.0747014535
29  5   0.0871944487  -0.1109226969   0.1242698486   0.0362057902  -0.1207376583
29  6  -0.0286744596  -0.0004751955  -0.0487279761  -0.0676011382   0.0398031773
29  7  -0.1164861404   0.0797978581  -0.1223684040  -0.0443054181  -0.0743616699
29  8  -0.0656057301  -0.0028188102   0.0039410110   0.0680849216   0.0761910074
29  9   0.0286047224  -0.0144874920   0.0079556248   0.0218036827   0.0823097518
29 10  -0.2991818532  -0.2794856720  -0.3862252152   0.2025846946  -0.0000288984
29 11  -0.0271598953  -0.0119883200   0.0075669624   0.0981958500   0.2878787318
29 12   0.0867290896  -0.0731919791   0.0933300331   0.0789374665  -0.0492185338
29 13   0.3312780335  -0.2044620442   0.0008692053
30  1  -0.0653380568  -0.1280935556   0.0765114979  -0.2099433459   0.2660012650
30  2   0.1086380135   0.3552533326   0.1571404550   0.0196295978  -0.1963975510
30  3  -0.0910741556   0.0034776353   0.2280051766   0.0680835482   0.0185285864
30  4   0.0242414213   0.0216411098   0.0034865638  -0.0084245488   0.0696243399
30  5  -0.0818994511   0.0865852359  -0.0378301285  -0.0153155086   0.0704156376
30  6   0.0450396693  -0.0364952405  -0.0002670266   0.0316019267  -0.0200629165
30  7   0.0835766559  -0.0211477837   0.0567847707  -0.0036950750   0.0427749694
30  8   0.0161645035  -0.0032643374  -0.0227174449  -0.0563777812  -0.0619736484
30  9   0.0401720410   0.1410842542  -0.0059603290  -0.0153725690  -0.0585482299
30 10   0.2121948510   0.0755026602   0.2607137560  -0.1417608637  -0.0000258179
30 11  -0.0427768781  -0.0208848319   0.0146262468   0.1617487983   0.4647399134
30 12   0.1358874261  -0.1120143664   0.1428171445   0.1206939893  -0.0754702341
30 13   0.5048437726  -0.3565801409   0.0013845915
31  1   0.0905874649   0.1533028046  -0.0752588819  -0.0494557261   0.1285763156
31  2   0.0466947662   0.1722572597  -0.1074515443   0.0701349294  -0.1239904241
31  3   0.0385391397  -0.0072892632  -0.0284097047   0.0584477981   0.0949984758
31  4  -0.2341511097  -0.0648198850  -0.0176272324   0.0069478958  -0.0506481800
31  5   0.1320523667  -0.2469820443   0.1482349241   0.0511698435  -0.3056624305
31  6   0.0196220785  -0.1658014163  -0.3350426283  -0.2197141429   0.0529231882
31  7  -0.1632508260  -0.0720004641   0.1976696042   0.1271204977   0.3244445326
31  8   0.3985418503   0.2113891742   0.0839540343  -0.4627014781  -0.4125850672
31  9  -0.1663410066  -0.0085567179   0.0010247946   0.0194460129   0.0816464229
31 10  -0.1117562754  -0.0468176652  -0.0075291549  -0.0408742230  -0.0000481405
31 11   0.0457527553  -0.0634464071   0.0936578077   0.1028793989  -0.0000092026
31 12  -0.1261907078   0.0940408088  -0.0867050161  -0.0330679523   0.0056391630
31 13   0.0671384099   0.0146293874   0.0004703268
32  1  -0.0330454409  -0.1758433166  -0.0804337521   0.1829010760   0.0995882045
32  2  -0.1434190157  -0.1358697963  -0.2114552244  -0.0799560300   0.0111312006
32  3   0.1207993389   0.0415372355   0.0821906869   0.0244405771   0.1987779471
32  4  -0.0670307852   0.0759897955  -0.0032562430  -0.0469388304   0.3381897134
32  5  -0.2452917320   0.0485941122  -0.0916382755   0.0025019932  -0.1808548059
32  6  -0.1573524644  -0.0014378191  -0.1431347772  -0.1373736668   0.1181990190
32  7  -0.2307018141   0.1637952512  -0.1470414351  -0.0181574194   0.0476122998
32  8   0.1289945964   0.1369881205   0.0728434367  -0.1601694811  -0.1418271262
32  9  -0.0656114159  -0.0083844783  -0.0117989081  -0.0711449618  -0.2896261947
32 10   0.2613186894   0.0509028060  -0.1553259006   0.2753463819   0.0000198497
32 11  -0.1056132171   0.1410033160  -0.2092470867  -0.2334471481   0.0030594987
32 12   0.2882914690  -0.2141567981   0.2046625799   0.0843178334  -0.0173322555
32 13  -0.1501869837  -0.0315569743  -0.0012538390
33  1  -0.0248482821  -0.1644798807  -0.0848722241  -0.1685289885   0.1769331054
33  2  -0.2368495624  -0.2395743408  -0.3022686758  -0.1211402224   0.1863325338
33  3   0.0951599868  -0.0018672827   0.1488944003   0.0534945580  -0.0177365985
33  4   0.0116433524   0.0006340378   0.0170920254  -0.0347673698   0.2285708797
33  5  -0.1750584625   0.0793466748  -0.0083162158  -0.0030866027  -0.0122410508
33  6  -0.0443366444  -0.0070532761   0.0223898470   0.0090972664   0.0297898576
33  7   0.0169594003   0.0713725473  -0.0602949452  -0.0318666012  -0.0301985891
33  8  -0.0272371233  -0.0061165013   0.0030675180   0.0304143283   0.0357163232
33  9   0.0159668622   0.0009273367  -0.0099887138  -0.0639701047  -0.2630154866
33 10   0.2485591477   0.0307916125  -0.1378406100   0.2502938551  -0.0000646938
33 11   0.1470098861  -0.1969113949   0.2933141232   0.3302017807  -0.0107835203
33 12  -0.3796301017   0.2771277940  -0.2652536492  -0.1078724025   0.0213226684
33 13   0.1970653083   0.0432356517   0.0015185828
34  1   0.0984511703   0.2076398313  -0.0543120074   0.0125523285   0.0627434204
34  2  -0.0247705355  -0.1170927754  -0.1732894132   0.1653749748   0.0907819194
34  3   0.0571638051  -0.0121443189   0.0295510139   0.0593708564   0.0945936291
34  4  -0.2354771691  -0.0669354522  -0.0170100346   0.0078134152   0.0940046396
34  5  -0.1527532083   0.2403185419   0.2242676759   0.1439025883   0.1721661699
34  6   0.3291222291  -0.0321117521  -0.3572222885  -0.1659385658  -0.0612824798
34  7  -0.1514660154   0.1304075774  -0.1041772067  -0.4023554899   0.0246600871
34  8  -0.3983765189  -0.1961674732  -0.4120608144  -0.2233723038  -0.3634545197
34  9  -0.1547718665  -0.0089653485   0.0052522164   0.0294079737   0.1236991850
34 10  -0.1538522806   0.0273199023   0.0214841299  -0.0849640696  -0.0000224630
34 11   0.0200178651  -0.0274394474   0.0446719942   0.0653241903  -0.0194453501
34 12   0.0343520560  -0.0512747669   0.0401776987   0.0138218846  -0.0021786090
34 13  -0.0313136500   0.0127776953  -0.0000773181
35  1  -0.0749897578  -0.0745387309   0.1181579680   0.2152120240   0.1183084160
35  2   0.1440186948   0.1447233860   0.2035422658   0.1766368488  -0.0661504219
35  3  -0.0194903852   0.0347526884  -0.0743558894  -0.0690393994   0.2021286515
35  4  -0.0667644290   0.0708026342  -0.0459016834   0.0548127389  -0.3455300517
35  5   0.2591705997  -0.0358907132  -0.0739551969   0.0378469598   0.1742110474
35  6   0.1500307168   0.1486199703  -0.1733069624  -0.0574843085  -0.1215160945
35  7  -0.1924774151  -0.2157643559   0.1098337800  -0.0218396998   0.0227019041
35  8  -0.1367405741  -0.1392501844  -0.1718398089  -0.0510770422  -0.1230494513
35  9  -0.0588156432  -0.0090101182  -0.0107337445  -0.0734560569  -0.2996216365
35 10   0.2730588875   0.0089997678  -0.1619322654   0.2828566618   0.0000923668
35 11  -0.0959276623   0.1182831214  -0.1987257491  -0.2977952190   0.0930588740
35 12  -0.1367816476   0.2290787477  -0.1830636563  -0.0736368671   0.0171284557
35 13   0.1315005451  -0.0521818466   0.0013903529
36  1  -0.0264080332  -0.1667866448  -0.0823063035  -0.1729653585   0.1827914829
36  2  -0.2247049660  -0.2098783720  -0.2891873727  -0.1212904282   0.1655892577
36  3   0.0945320053   0.0016480355   0.1421323585   0.0474744209   0.0005856187
36  4   0.0189418579   0.0183064912   0.0148118667  -0.0341466606   0.2022386974
36  5  -0.1414653986   0.0385737061  -0.0213817274  -0.0129542654  -0.0471661144
36  6  -0.0567254690  -0.0100745811   0.0349505143  -0.0019965394   0.0344781279
36  7  -0.0101206618   0.0412239303  -0.0375901440   0.0170380145  -0.0115275570
36  8   0.0329126921   0.0230094738   0.0399896938   0.0138528087   0.0210330813
36  9   0.0075515720  -0.0001258994   0.0086899235   0.0565852971   0.2321494249
36 10  -0.2143637649  -0.0279358345   0.1293769933  -0.2267504979   0.0000320055
36 11  -0.1523675482   0.1913872751  -0.3178748687  -0.4685781734   0.1440489686
36 12  -0.1947230082   0.3401754319  -0.2699001605  -0.1065061389   0.0238431885
36 13   0.1966531614  -0.0802896948   0.0018481688
37  1  -0.0862886846   0.1385449268  -0.0778168870   0.0917366136   0.0828223056
37  2  -0.0530508765  -0.0393840674   0.0194095138  -0.0201853519  -0.0678247639
37  3  -0.1486351670  -0.0300387123  -0.0324575111   0.0281408123   0.2246608878
37  4   0.0390930734   0.2499204087  -0.0166028177   0.0478136781  -0.0697106462
37  5  -0.1608235281   0.1162276385   0.1004044908   0.0055988102  -0.3356212302
37  6  -0.1048118503  -0.0192641125   0.3908440958  -0.1568473892   0.1825630136
37  7  -0.1606577619   0.0795671740   0.2410391461  -0.0101241649   0.4074221048
37  8   0.0924836686  -0.4514257463  -0.2532554100  -0.1176377961   0.3226599070
37  9   0.3206006429  -0.1464152355   0.0097276554  -0.0088479180  -0.1027836687
37 10  -0.0424561693  -0.0351357891  -0.0100670857  -0.0728955460  -0.0003699068
37 11  -0.1581927787   0.0209630579  -0.0340078098   0.1084650353  -0.0579988865
37 12   0.0981043111   0.0110467953  -0.0767932375  -0.0704346406   0.0289144478
37 13   0.0278388490  -0.0002585665   0.0005065402
38  1  -0.0354810075  -0.0604919067   0.1219969313   0.1981164505   0.1140123410
38  2   0.1484781604   0.0957396215   0.1310299003   0.2151042479   0.0944455961
38  3   0.0958742438   0.0362944316  -0.0780798400  -0.0796828852   0.1503761644
38  4  -0.0981381217   0.0079888207   0.0083136239  -0.1070578891   0.3506206702
38  5   0.0040524802  -0.2710262748   0.1243384303   0.0359413797  -0.1796188312
38  6  -0.1187783395   0.0984741637   0.0990072313   0.0541825360  -0.0466136404
38  7   0.1170866704  -0.1418479650   0.2320320680  -0.0562963425   0.1046181578
38  8  -0.1069486383  -0.1280893479  -0.1588295290   0.0129628036   0.1204443704
38  9   0.1040829237  -0.0213857162   0.0138206209   0.0621901688   0.3755314790
38 10   0.1783246956  -0.0018679759   0.0726400334   0.2708690038   0.0000133576
38 11   0.3561075949  -0.0531179406   0.0733092025  -0.2431064573   0.1348319125
38 12  -0.2247906570  -0.0328954862   0.1784827154   0.1550331616  -0.0610483362
38 13  -0.0703108543  -0.0030896976  -0.0012061972
39  1  -0.0667214656  -0.0025069483   0.2044401518  -0.1161000451   0.1876580045
39  2   0.1594813526   0.0450475289   0.2219902294   0.2823223112   0.3215164587
39  3   0.0104136651  -0.0163684119  -0.0908670588  -0.0987575009  -0.0358693921
39  4  -0.0103345963  -0.0004571183   0.0078608258  -0.0990623691   0.2383894508
39  5   0.0437544762  -0.1510082661  -0.0283609824  -0.0226802115  -0.0055143659
39  6   0.0116517679   0.0169600065  -0.0317754517   0.0312437877  -0.0528140185
39  7   0.0104998703  -0.0716808039   0.0136914842  -0.0089238153  -0.0407328894
39  8  -0.0362791913   0.0362045887   0.0046170149   0.0088725215  -0.0318560440
39  9  -0.0236100175   0.0215795410   0.0068118273   0.0556463546   0.3422365306
39 10   0.1648344584   0.0085921877   0.0693980224   0.2545094619   0.0002287864
39 11  -0.4966948825   0.0688281904  -0.0989979802   0.3283114772  -0.1785433251
39 12   0.2825233098   0.0388515251  -0.2321433870  -0.2019743404   0.0796592111
39 13   0.0895322537   0.0039783803   0.0013631706
40  1  -0.0939554512   0.0842629352  -0.0987459316   0.0296204574   0.1486573395
40  2   0.0184709031   0.1051724037   0.0297175334  -0.0117243692   0.2112817887
40  3   0.0004055509  -0.0394178727   0.0035031189  -0.0003660277   0.1942761607
40  4   0.0055629876   0.2834320519  -0.0165532802  -0.1001538839   0.0938883796
40  5   0.1634717537  -0.1244540422   0.1050533901   0.0391740754   0.1746028341
40  6   0.4014837427   0.2308270775   0.3434514152  -0.0185801316  -0.2094866078
40  7  -0.1019496146   0.0581407307   0.0129266890  -0.4436925038   0.1635474369
40  8  -0.0333777548   0.5021814503   0.0547127016  -0.2271164303   0.3161750347
40  9   0.2841933881  -0.1330392268   0.0199004580  -0.0244722154  -0.1492049461
40 10  -0.0647551855   0.0261123928  -0.0275695007  -0.1168655855  -0.0000037007
40 11  -0.0708995100  -0.0080899279  -0.0059269249   0.0094086260   0.0050223505
40 12  -0.0771835655  -0.0171547384   0.0328202236   0.0349159476  -0.0152454174
40 13  -0.0122267108   0.0007884877  -0.0020422593
41  1   0.0068594603  -0.1616906002  -0.0766172512   0.1656298273   0.0952447945
41  2  -0.1390027108  -0.0912040367  -0.2166168632  -0.0619604722  -0.1917840972
41  3   0.0662714041   0.0549199317   0.0978735088   0.0448970094   0.1747166156
41  4  -0.0765857162  -0.0225352817  -0.0231755040   0.1280872487  -0.3522844144
41  5  -0.0014419245   0.2493075554   0.1989126816   0.1213333794   0.1527824560
41  6   0.0077661586   0.1290962143   0.1062344608   0.0474193890   0.0560345070
41  7   0.0984076962   0.2562265318  -0.0773573149  -0.1166206183   0.0948588274
41  8   0.1345485401   0.1429691956   0.1024014035  -0.0973848153   0.1052993726
41  9   0.1003913141  -0.0206105666   0.0106650823   0.0655626976   0.3923922086
41 10   0.1841652104   0.0227678619   0.0779030462   0.2852455169  -0.0002786374
41 11   0.3291401987   0.0331402766   0.0231391248  -0.0414211734  -0.0141030901
41 12   0.3415544557   0.0846031894  -0.1552291082  -0.1460889452   0.0564134475
41 13   0.0651423683  -0.0129855544   0.0043572790
42  1  -0.0650830817  -0.0001988098   0.2016317382  -0.1115280589   0.1815795019
42  2   0.1466884222   0.0285902053   0.2114551470   0.2798233892   0.2888983395
42  3   0.0014495966  -0.0128627052  -0.0894036923  -0.0941011296  -0.0219428725
42  4  -0.0209014124  -0.0160829058   0.0046817055  -0.0769868265   0.2087538669
42  5   0.0173307830  -0.1192462442  -0.0139445059  -0.0083263091  -0.0432664419
42  6  -0.0225692403  -0.0093947753  -0.0348661179   0.0051448945  -0.0204828497
42  7   0.0287477544  -0.0511985700   0.0321772373   0.0238600481  -0.0197843698
42  8  -0.0204104514  -0.0339369625  -0.0084408292   0.0261402635  -0.0147738038
42  9  -0.0241612009   0.0017246107  -0.0077744133  -0.0503703474  -0.3030759017
42 10  -0.1467404675  -0.0139031408  -0.0634375998  -0.2259675194  -0.0002224033
42 11   0.5284284963   0.0478033263   0.0406526533  -0.0792910324  -0.0155668329
42 12   0.5142787719   0.1274333087  -0.2308691651  -0.2193796960   0.0852029457
42 13   0.0950665094  -0.0186593696   0.0068345805
43  1   0.0304829771   0.1364727649  -0.0807134888  -0.0165065640   0.1279661087
43  2   0.0295056192   0.0633446441  -0.0047318523   0.0517468657   0.1532917190
43  3  -0.0859648711  -0.0297536102  -0.0151999910   0.0028178511  -0.0989432092
43  4   0.1636128192   0.2667012923  -0.0085633323  -0.0334723075  -0.1392127054
43  5  -0.0926664009   0.2075455066   0.0520895082  -0.0518257658  -0.1659678467
43  6  -0.3666363812   0.0487634142  -0.2815588238   0.0668646196   0.2124602260
43  7  -0.1257243189  -0.0176540978   0.3621464756  -0.1117951641   0.2738105444
43  8  -0.2378088004   0.3928972467  -0.1290706564   0.3600051312   0.1468541468
43  9  -0.4028931050   0.1846268474  -0.0118700785  -0.0406725978   0.0539925822
43 10   0.0641639887   0.0178570150  -0.0934379273  -0.0812265602   0.0013304903
43 11   0.0332336369   0.0947223139  -0.0033229850   0.0120726768   0.0170565998
43 12  -0.0803475757  -0.1605050393  -0.0328728342  -0.1239877401   0.0579356465
43 13   0.0216479417   0.0018260744   0.0041682612
44  1   0.1452759325  -0.0967991490  -0.0358251550   0.1076471134   0.0821040388
44  2  -0.0839613409  -0.0742805298  -0.1516015460   0.1640148542  -0.2085189439
44  3  -0.1213461492   0.0385133397  -0.0004467066  -0.0662227264  -0.2069112913
44  4   0.0260906770   0.0024753068  -0.0692148122  -0.2914662843   0.1161289427
44  5   0.2917579555   0.1207935931   0.0775925758  -0.0940226482   0.1445846454
44  6   0.0042323960  -0.0630935580   0.0241687527   0.1263621896   0.2211764078
44  7  -0.1851072750   0.1277892668   0.0419349646   0.1029886846   0.2035182698
44  8  -0.0252597561   0.0847084357  -0.1395314511   0.1525880388   0.0482562159
44  9  -0.1194028077   0.0511652517   0.0466924810   0.1440002342  -0.1678228161
44 10  -0.2202438238  -0.0299245375   0.2985507314   0.2523718417  -0.0056649268
44 11  -0.0753106739  -0.2168093163   0.0113899823  -0.0229086212  -0.0423063714
44 12   0.1873708955   0.3727138377   0.0652814232   0.2858180420  -0.1383379948
44 13  -0.0460678098  -0.0028372219  -0.0091426213
45  1  -0.0245017615  -0.0390598157   0.0375278313  -0.0718528705   0.0938758684
45  2  -0.2003314124  -0.2772643310  -0.0472978611   0.1253009138  -0.3063243305
45  3  -0.3050254160   0.0194335601  -0.0319422797  -0.0618309786   0.0293208517
45  4  -0.0033822865  -0.0416430950  -0.0775595142  -0.1616675297   0.1259438272
45  5   0.1992083414   0.0107758485   0.0132279922   0.0286335633   0.0913602831
45  6   0.0583675293  -0.0004715861   0.0306188198   0.0003533181   0.0371394847
45  7   0.0059505431   0.0546335919  -0.0333640099   0.0499240471  -0.0019974562
45  8   0.0247203947  -0.0277250982  -0.0052951569  -0.0112348010  -0.0230530491
45  9   0.0355691418  -0.0164397211   0.0382782537   0.1322759421  -0.1544519134
45 10  -0.2055817410  -0.0278977032   0.2812445782   0.2420206604   0.0082687323
45 11   0.1077093546   0.3095298102  -0.0242976899   0.0441784443   0.0540361013
45 12  -0.2510258233  -0.4906821387  -0.0869490972  -0.3731588614   0.1792152596
45 13   0.0598817898   0.0040614830   0.0118859010
46  1   0.0377674504   0.1906805043  -0.0598064106   0.0458608819   0.0620857319
46  2  -0.0421718607  -0.0389367471  -0.0863187787  -0.0859735698  -0.1289028841
46  3  -0.1431020277  -0.0556126371  -0.0154598984   0.0696588348  -0.0563596814
46  4   0.2059550897   0.2659316830   0.0417295382  -0.1127970604   0.1156414697
46  5   0.0909934889  -0.2083153416   0.0244574871  -0.0669852998   0.2212583127
46  6   0.1147689572   0.3281385542  -0.3601400213   0.2088424074  -0.1501218350
46  7  -0.0611429621   0.2759661395  -0.0015335197  -0.2977374705   0.2357882862
46  8   0.2757920705  -0.4178512324   0.3269482963   0.1274360879   0.1209469166
46  9  -0.3489034661   0.1593292614  -0.0585148076  -0.0384142565   0.0626577025
46 10   0.0779204231   0.0016199780  -0.1132185873  -0.0991333452  -0.0001754399
46 11   0.0297408691   0.0771527328  -0.0343076766   0.0534434514  -0.0082266220
46 12  -0.0111970076   0.0267990426   0.0062030036   0.0421853279  -0.0227364463
46 13  -0.0091171037   0.0022240283  -0.0003302724
47  1   0.1036852180   0.0048337130   0.1631541568   0.1398297389   0.1008104791
47  2   0.2040255147   0.1103722941  -0.0375178828   0.0314694770   0.1262976990
47  3   0.2569875740  -0.0133945750  -0.0039479880   0.1090046422  -0.1732727879
47  4   0.0755990920   0.0208190260   0.1441513429   0.2082535064  -0.1623889816
47  5  -0.3389249274  -0.1161692774   0.0048577767  -0.1895488022  -0.1473613043
47  6   0.0335982898   0.0444186386  -0.0304867639   0.2001005956  -0.1773840875
47  7  -0.1106869022  -0.1167568553   0.0216109072  -0.2610436169   0.0320446858
47  8   0.0134849638  -0.0680628617   0.1960087194   0.0017167367   0.0461419034
47  9  -0.1166687363   0.0489984950   0.0311326351   0.1577329609  -0.1765104640
47 10  -0.2323577981  -0.0275332163   0.3148508861   0.2665425752   0.0006841388
47 11  -0.1298382714  -0.3545092469   0.1550675809  -0.2329563608   0.0333096697
47 12   0.0457305915  -0.1168973537  -0.0110293972  -0.1740201642   0.1101210648
47 13   0.0326185675  -0.0060791262   0.0153187592
48  1  -0.0261692206  -0.0407181291   0.0410661548  -0.0759767877   0.0996101017
48  2  -0.1870945748  -0.2648095354  -0.0393209511   0.1373105315  -0.2786818479
48  3  -0.2860875760   0.0205462865  -0.0319048118  -0.0623606110   0.0139488416
48  4   0.0007333461  -0.0557347947  -0.0684681458  -0.1483175342   0.0981115547
48  5   0.1680646679   0.0348259122   0.0069911487   0.0142841661   0.0659338222
48  6   0.0181522236  -0.0366299333   0.0350660999  -0.0205954995   0.0510298961
48  7  -0.0169502328   0.0204872954  -0.0203468854   0.0518879298  -0.0002286260
48  8   0.0011396788   0.0131250531  -0.0348207047  -0.0183626961   0.0027865321
48  9   0.0223888280  -0.0103394073  -0.0259653179  -0.1160852416   0.1334519774
48 10   0.1791273794   0.0227876980  -0.2440253747  -0.2101034313   0.0004491965
48 11  -0.2066367908  -0.5638919998   0.2421694666  -0.3641350589   0.0496293676
48 12   0.0827084432  -0.1640253649  -0.0157065546  -0.2598079723   0.1628921467
48 13   0.0490064368  -0.0097491499   0.0204125499
49  1  -0.1482477958   0.1203246579  -0.0837777985   0.1245946268   0.0832943341
49  2  -0.0695390356   0.0881460063  -0.0400170329   0.0580922412  -0.0058231379
49  3   0.0852328285   0.0419044257   0.0233334269  -0.0688419414  -0.1117226036
49  4   0.1124169204  -0.0671764752   0.4499545318  -0.0043317279   0.0274975820
49  5   0.0662541248  -0.0001366838   0.0350013846  -0.0912990102   0.2284390681
49  6  -0.1762612327  -0.1416653872   0.1444647337  -0.4512476603   0.2761187578
49  7  -0.1429301221   0.0770118742   0.4216280168  -0.1954710405  -0.0653846476
49  8  -0.2537971593  -0.0936531830   0.4904432905   0.0885836879  -0.3371358364
49  9   0.2803183363  -0.0988507334   0.0373922349   0.0956858707  -0.0028248655
49 10   0.0264824609   0.0043617438  -0.0304153611  -0.0177575031  -0.0002596899
49 11   0.0605696035  -0.1219301848  -0.2078068089   0.0679737692  -0.0115661062
49 12  -0.0294716541   0.0178665881   0.0724180388  -0.0416158212   0.0782876551
49 13   0.0082845425  -0.0004811718   0.0034092038
50  1   0.1406582347   0.0161485552   0.1635546986   0.1236083411   0.0965671226
50  2   0.2035970252   0.0289622791  -0.0796460324  -0.0352366386   0.0148748500
50  3   0.1777025411  -0.0380377175  -0.0137944614   0.1917038077  -0.1136770412
50  4   0.2169207535  -0.0264647800  -0.2791183299  -0.2580132792  -0.0077926235
50  5   0.1830119628   0.2990621392  -0.0542166771   0.0436030014  -0.2091830089
50  6  -0.0880236097   0.0183235966   0.0471236712  -0.2321715573  -0.0781475093
50  7   0.0543294505  -0.0365285441   0.1525580821  -0.1758424141  -0.1306355302
50  8  -0.0139677778  -0.0798905671   0.2047563375  -0.0060790669  -0.1004466810
50  9   0.0889618814  -0.0299222117  -0.1018837999  -0.4576233095   0.0440812001
50 10  -0.0946378199  -0.0094373309   0.1051453057   0.0836208062  -0.0001042952
50 11  -0.1196016361   0.2515790295   0.4263336025  -0.1427683968   0.0251703967
50 12   0.0604184625  -0.0361165812  -0.1505807492   0.0976573029  -0.1614544669
50 13  -0.0193539349   0.0007657168  -0.0058729122
51  1  -0.0669894632   0.1231846842   0.3290132288  -0.0202674980   0.1061362739
51  2   0.2011548888  -0.1217156893   0.0470501596  -0.1687621903  -0.0180307722
51  3   0.1722820357  -0.0725735889  -0.0443065335   0.3113017459   0.1764442038
51  4   0.2038085721  -0.1481966468  -0.2678339089  -0.1546912710  -0.0008469822
51  5   0.0980788797   0.1479674835   0.0022546707   0.0063284101  -0.1198314525
51  6  -0.0355917006  -0.0031800096  -0.0127572386   0.0515727133  -0.0984910060
51  7   0.0174727182  -0.0350548805  -0.0462112430  -0.0134647602  -0.0104562052
51  8   0.0374005546   0.0024734429  -0.0378987597  -0.0226642765   0.0525800196
51  9  -0.0452618986   0.0167376457  -0.0826490130  -0.4435374595   0.0396799815
51 10  -0.0939228219  -0.0098214672   0.1057880779   0.0807721951   0.0000321045
51 11   0.1552904660  -0.3269772236  -0.5488506950   0.1805440044  -0.0313791673
51 12  -0.0777218101   0.0360254380   0.1778817173  -0.1166100679   0.1945734105
51 13   0.0229499259  -0.0008818214   0.0062052228
52  1  -0.1533337641   0.0671677171  -0.1043164645   0.0615755506   0.1486468360
52  2   0.0021518731  -0.0446857341   0.0065049233   0.1171939107  -0.0518162588
52  3   0.0774006194  -0.0109559516  -0.0342429188   0.1535305213   0.0404460960
52  4   0.3669909383  -0.2591062821  -0.1002286429  -0.1099778976  -0.0567342818
52  5  -0.0815341277  -0.0096355469   0.0003338114  -0.1930627225  -0.0575672269
52  6  -0.0587076063   0.0877929519   0.0284994108  -0.3271882476  -0.5110652586
52  7   0.0282435396   0.2107998183  -0.0514669704  -0.0005691884   0.1942588317
52  8   0.2368608787   0.1027530477  -0.2356727569   0.5253970533  -0.3860977441
52  9   0.2857793289  -0.0963844044   0.0387444451   0.1860819875  -0.0110763244
52 10   0.0456773855   0.0034664888  -0.0519807285  -0.0340565056  -0.0000399762
52 11   0.0069541885  -0.0213335067  -0.0186101363  -0.0020296929   0.0011285795
52 12   0.0004973431  -0.0361746868  -0.0560327287   0.0235783946  -0.0320257106
52 13  -0.0028462222   0.0001520993  -0.0124776242
53  1   0.1881851143  -0.0827458133  -0.0337527220   0.0889336363   0.0772917078
53  2  -0.0821410805  -0.0046108044  -0.1192609209   0.1893783697  -0.0885066507
53  3  -0.1369055935   0.0361583195   0.0080796444  -0.1736361146  -0.3091949597
53  4  -0.0677097451   0.2242500964   0.2655265150   0.2312412078  -0.0062005157
53  5  -0.1965283781  -0.2891015477  -0.1009070574   0.0276168949   0.1347303333
53  6   0.2330316817   0.1411435727   0.0397885239  -0.1789038166   0.0034468993
53  7   0.0249528641   0.2462919262   0.0730536638   0.1753242392   0.0604879425
53  8  -0.0056065551   0.0835625485  -0.1316774819   0.1542926886  -0.1003854429
53  9   0.0807569451  -0.0255433100  -0.0807651893  -0.5048750176   0.0503677350
53 10  -0.0991100135  -0.0109038179   0.1099611520   0.0869216213  -0.0000473152
53 11  -0.0394782689   0.1418531958   0.1354947330  -0.0038150669  -0.0033291419
53 12   0.0065663527   0.2174156167   0.3375013687  -0.1642092790   0.2035198285
53 13   0.0231142155  -0.0023654131   0.0641533489
54  1  -0.0643210349   0.1256786221   0.3231934883  -0.0137904724   0.0970644319
54  2   0.1799218404  -0.1058766774   0.0375967691  -0.1632096112  -0.0178630418
54  3   0.1605513343  -0.0674675021  -0.0373106650   0.2726795787   0.1393047502
54  4   0.1631049815  -0.0951220492  -0.1614736476  -0.1238795589   0.0081015028
54  5   0.0988025289   0.1232572523  -0.0009156342   0.0267999656  -0.0737687741
54  6  -0.0278057251  -0.0019472395  -0.0169958977   0.0347903382   0.0222811232
54  7   0.0174359770  -0.0490434067   0.0033088447  -0.0269623986  -0.0380327000
54  8  -0.0131298203  -0.0111552103   0.0309149317  -0.0539096180   0.0285877928
54  9  -0.0200804112   0.0062435972   0.0669069801   0.3700780059  -0.0345090031
54 10   0.0767849780   0.0085504617  -0.0866408306  -0.0671024369  -0.0000572538
54 11  -0.0722532712   0.2426379138   0.2421652626  -0.0127549342  -0.0042805001
54 12   0.0122246026   0.3491382946   0.5388563905  -0.2570526062   0.3230719188
54 13   0.0357151324  -0.0036744923   0.1043399567
55  1  -0.0265207494   0.1751478157  -0.0646825584   0.0842440637   0.0583117682
55  2  -0.0640482179   0.1215113319  -0.0526007193  -0.0741826909   0.0889941070
55  3  -0.1031400022   0.0611767286   0.0570159194  -0.2640859104   0.1429128865
55  4   0.1267207810  -0.3609701579   0.0484629717  -0.1645513708  -0.0735060250
55  5  -0.0584129444   0.0672586767  -0.0438563290  -0.1757146146  -0.2341371984
55  6   0.2184751794   0.2187557299  -0.0815167129   0.1731859681  -0.3026921326
55  7  -0.0541279492   0.4052666912   0.1652708308   0.3690574185   0.0196259069
55  8  -0.3459649137  -0.0229895035   0.1768510315  -0.2251550584   0.0856640392
55  9  -0.0622783983   0.0242946020   0.4686161873  -0.0673148465   0.0074563301
55 10   0.0135653693   0.0033145819  -0.0141422813  -0.0133387724   0.0027136387
55 11  -0.0002624179   0.0007928475  -0.0021902493   0.0019445637  -0.0006071803
55 12  -0.0015519729   0.0088578353   0.0243134509  -0.0506110445  -0.0652897877
55 13  -0.0017397298   0.0004257679  -0.0855296857
56  1   0.2789358617   0.0892288724   0.2186996643   0.0666895636   0.0844451665
56  2   0.2793337543   0.0114385554  -0.1630311384  -0.2263031941   0.0774857127
56  3  -0.1817306503  -0.0227059480   0.0583961581  -0.2747012323   0.1496897463
56  4  -0.0198547713  -0.1868157088  -0.0438125924  -0.2445542619  -0.1208061499
56  5  -0.1693362577  -0.1213692789   0.0048100678  -0.0634503033   0.0896257842
56  6   0.0792321673   0.1072733791   0.0038457223  -0.1914727404   0.2801227077
56  7   0.1310823407  -0.2089939246  -0.0614842927  -0.2006802931  -0.0769241337
56  8   0.2150901340  -0.0062235816  -0.0979718281   0.0937018003  -0.0204562253
56  9  -0.0232923840   0.0161259764   0.4749826489  -0.1022590589   0.0061539518
56 10   0.0019428927   0.0014998057  -0.0004845243  -0.0021060127  -0.0011849919
56 11   0.0001101099   0.0132745278   0.0136291241  -0.0033650097   0.0022868229
56 12   0.0040400806  -0.0426808787  -0.1224308541   0.2595951920   0.3198843556
56 13   0.0072448927  -0.0017357382   0.3521882111
57  1  -0.0270582870   0.0879584118   0.1705038210   0.0210796430   0.0178661786
57  2  -0.1393597196   0.0188686122   0.0228266796  -0.0190802203  -0.0213336080
57  3   0.0442545859   0.0267909940   0.0000523867   0.0090504668  -0.0888781114
57  4  -0.0881476335   0.1442760784   0.2343841759   0.1848440484   0.0994445893
57  5   0.1643766332   0.1377677386   0.0117434573   0.0586693515  -0.0832135838
57  6  -0.1453049131  -0.1432966422   0.0116772099   0.1416438146  -0.3352854794
57  7  -0.1248600128   0.1865423211   0.0350242333   0.1698484121   0.0777735334
57  8  -0.1640772283   0.0049823009   0.0693673969  -0.0633666765   0.0150561569
57  9   0.0102301845  -0.0080989098  -0.2104739327   0.0524211526  -0.0022040148
57 10   0.0017352322  -0.0003783110  -0.0023592477  -0.0010912732  -0.0042975552
57 11   0.0008876489   0.0168918908   0.0179178631  -0.0050236524   0.0035380384
57 12   0.0056319162  -0.0640518023  -0.1802557162   0.3761493510   0.4592080891
57 13   0.0101691582  -0.0024156787   0.5357698858
58  1  -0.1444730258   0.1076664483  -0.0887579919   0.1050787647   0.1006723409
58  2  -0.0490674723   0.0558933032  -0.0570272282   0.0933679771  -0.0162004783
58  3   0.0372072989  -0.0026256190  -0.0010212264   0.0089201815  -0.0934623234
58  4   0.2429464896  -0.0106688285   0.0521661075   0.0710533718   0.0345548538
58  5   0.0479585187   0.0232207274  -0.2142565822   0.4460086550  -0.1007437209
58  6   0.1121946837  -0.0514811972   0.0150855477   0.1379507585   0.0702630987
58  7   0.1391774437  -0.2823548400  -0.3803559829   0.0249486927   0.4739700729
58  8  -0.2076772094  -0.0245110254   0.2087954833   0.1385249379  -0.1399417050
58  9   0.0921201741  -0.0316149812   0.2029241773  -0.0567306694   0.0093590861
58 10   0.0052143547   0.0011569574  -0.0040464024  -0.0044184460  -0.0078656283
58 11   0.0060516559  -0.0207955874  -0.0316707470   0.0093953727  -0.0030084661
58 12  -0.0050957438   0.0089637194   0.0500154827  -0.1745249182  -0.3063012167
58 13  -0.0145376894   0.0022476380   0.4072657094
59  1   0.3281132702   0.0539734426   0.1315069877   0.0389837936   0.0726722101
59  2   0.1522958775   0.0045936838  -0.0708248492  -0.1719821175   0.0657014199
59  3  -0.1402195221  -0.0010014069   0.0384086608  -0.1863320762   0.1312281999
59  4  -0.0157695940  -0.1432439701  -0.1987569770  -0.0077053614  -0.0139631226
59  5  -0.0385703582  -0.0347427957   0.0821220133  -0.1745406720   0.0669039349
59  6  -0.0564478932  -0.0360987819   0.0152159284  -0.0069640044  -0.0439223325
59  7  -0.1462177734   0.1824532704   0.2479609560  -0.0270323029  -0.2717716338
59  8   0.1212963223   0.0179287834  -0.1162255058  -0.0581813711   0.0587408441
59  9  -0.0316179368   0.0094256542  -0.2373961544   0.0619762706  -0.0072826771
59 10  -0.0025826961  -0.0009976824   0.0013972122   0.0025903555  -0.0140011776
59 11   0.0082153281  -0.0393376662  -0.0540029256   0.0144201449  -0.0053924856
59 12  -0.0075543029   0.0133013089   0.0770350897  -0.2731626686  -0.4802841643
59 13  -0.0227471127   0.0033049122   0.6202470548
60  1  -0.0508487926   0.1930923433   0.3477831150   0.0609093967   0.0153800092
60  2   0.0899335366   0.0694211955  -0.1488195398  -0.2177877441   0.0617801436
60  3  -0.1172284243   0.0059677190   0.0703522703  -0.3124877885   0.1059420022
60  4  -0.1352941387  -0.1695087158   0.3758229537  -0.4063377504  -0.1759269338
60  5  -0.1804199587  -0.0455125916  -0.0167249253  -0.1128949560  -0.0685529550
60  6   0.1477302126   0.2522196953  -0.0607017097  -0.1697966018   0.0640704330
60  7   0.2426140869  -0.1193890812  -0.2201207019   0.1292924172   0.2446890610
60  8  -0.1997604835   0.0076215443   0.1044215616  -0.0287096192  -0.0060343640
60  9   0.0442988218  -0.0245909778  -0.6034557253   0.1059318466  -0.0076616118
60 10  -0.0093847315  -0.0028005828   0.0087695183   0.0091016262   0.0035498810
60 11  -0.0008903535   0.0020770357   0.0044430642  -0.0016446720   0.0005256277
60 12   0.0005741786  -0.0002841583  -0.0041462704   0.0213220273   0.0435371909
60 13   0.0023602353  -0.0003094043  -0.0741806325
61  1   0.0731461750   0.1487714691  -0.0767049308  -0.0394461041   0.1279536490
61  2   0.0412084348  -0.0116610333   0.0899411360  -0.1211678349   0.1449646484
61  3  -0.1715502685   0.7258679720  -0.0737954221   0.3393567681  -0.1231284957
61  4  -0.1055200786   0.0694609619   0.1205721202  -0.2689387826  -0.1186679072
61  5  -0.1493115957  -0.1137142644  -0.0976601791   0.3223555746   0.0739621081
61  6  -0.0818754544  -0.1967086440   0.0575170938   0.1172520440  -0.0711886617
61  7  -0.1179306541   0.0599513218   0.0534750576  -0.0058512418  -0.0514256019
61  8   0.0299104221  -0.0081094193  -0.0160858843  -0.0104369680   0.0016367796
61  9   0.0069134257  -0.0031998180  -0.0018772980   0.0060138105  -0.0016130858
61 10  -0.0001527428  -0.0003102802   0.0004472289   0.0003736830   0.4688995083
61 11  -0.0005181493  -0.0024901973  -0.0007033176   0.0001040647  -0.0004922025
61 12   0.0016588130   0.0035750081   0.0008680957   0.0012971866  -0.0041152535
61 13  -0.0005574738  -0.0000163242   0.0052092275
62  1   0.3228773871  -0.0388215799  -0.0275774554   0.0301688117   0.0621626980
62  2  -0.0769031772  -0.0351404751   0.0758293510   0.0054701714  -0.0596004168
62  3   0.0944242478  -0.2967844613   0.0334768929  -0.1496019713   0.0740174565
62  4   0.0611933931  -0.0583237068  -0.0416392432   0.1945312120   0.0887801832
62  5   0.1142278530   0.0867105318   0.0721936985  -0.2512309527  -0.0584395932
62  6   0.0744095521   0.1638683081  -0.0447559528  -0.1010657065   0.0646397255
62  7   0.1045622074  -0.0568850094  -0.0536349577   0.0032447634   0.0463557371
62  8  -0.0221283023   0.0043678163   0.0130988231   0.0090143629  -0.0022973555
62  9  -0.0028311646   0.0014222674  -0.0026359521  -0.0038729511   0.0012650092
62 10   0.0002063080   0.0001674957  -0.0004850386  -0.0005188130   0.8756783572
62 11  -0.0005595410  -0.0033435508  -0.0004721253   0.0000685425  -0.0006306602
62 12   0.0029535044   0.0059771337   0.0014548565   0.0018216337  -0.0085988701
62 13  -0.0011382537   0.0000930223   0.0156097333
63  1   0.0000000000   0.0000000000   0.0000000000   0.0000000000   0.0000000000
63  2  -0.3902215683  -0.0448599400   0.2178762385   0.1097735974  -0.1868871280
63  3   0.3720812876  -0.5457414215   0.0587258721  -0.2244886931  -0.0459249883
63  4  -0.0947202842   0.0979064414   0.0800969605  -0.4000548172  -0.1878722865
63  5  -0.2330051698  -0.1567213815  -0.1379345651   0.4859471833   0.1012084141
63  6  -0.1621969841  -0.3220605714   0.0769307396   0.2071099750  -0.1277787486
63  7  -0.2142510932   0.1121075949   0.1208076129  -0.0102813775  -0.0877233017
63  8   0.0338422810   0.0012216378  -0.0235574888  -0.0101919484   0.0052630554
63  9  -0.0023813548   0.0007379161   0.0100721421   0.0025775617  -0.0014558606
63 10  -0.0006772892  -0.0000692884   0.0011937827   0.0010764012   0.1092246678
63 11   0.0001060761   0.0002143257   0.0000079617   0.0002669778  -0.0000850771
63 12   0.0004852494   0.0011834132   0.0000406404   0.0018763329   0.0004655376
63 13  -0.0002045568   0.0000187039  -0.0016604096
$end
