$dipgrad          cartesian dipole gradients
  -.84976331549236D+00  -.13137907490104D+00  0.49436124136151D-01
  -.13867837581207D+00  -.32218315008251D+00  -.63777070567636D-01
  -.91973331687015D-02  0.27960790902122D-02  -.31921839751071D+00
  0.47501786435284D+00  0.17620052627795D+00  0.32212770718434D-02
  0.18221763851737D+00  0.84196405676828D-01  -.38769885654756D-01
  0.24979033450858D-02  0.11226092931550D-01  0.25598654357796D+00
  -.57988108306501D-01  -.98718919019581D-01  -.14852747165581D-01
  0.75810658181840D-01  0.73605603438039D-01  -.27398121165381D-01
  0.16569023752462D+00  0.51022361024733D-01  0.38336687446232D-01
  0.20968719120956D+00  -.82635017665359D-01  -.13274853898083D+00
  -.42954761316212D-01  0.79016211103006D-01  -.71388308842060D-01
  -.89558052706890D-01  -.48948464382300D-01  0.12305093954542D+00
  -.15163312284914D+00  -.42021811173951D-02  -.34589767576292D-01
  0.48067127273289D-01  -.16273260548172D+00  0.67661566649919D-01
  0.16925159856282D-02  0.11843685895653D+00  -.74119742220772D-01
  0.78381895523203D-01  0.79931491285222D-01  0.13773232690876D+00
  0.67569184208532D-01  0.14334663159576D+00  0.11302861527478D-01
  0.14975836387280D+00  0.22724789580697D-02  0.83164826442333D-01
  0.49142250042473D+00  -.20318620304554D+00  0.35041272267166D+00
  -.38603129290025D+00  0.10477949264309D+01  0.18819212865619D+00
  0.39029667800654D+00  0.72102249263641D-01  0.15954739896607D+01
  -.50231493802423D+00  0.13540412887267D+00  -.18353252894122D+00
  0.27693707164884D+00  -.78064000190857D+00  0.23546520813022D+00
  -.18294757008720D+00  0.77103305869334D-01  -.79485752924997D+00
  -.44484479170060D+00  -.19068192031973D-01  -.11681511366022D+00
  -.72000490514710D-01  -.38441922363017D+00  -.44040122760508D+00
  -.10841076751668D+00  -.26751390224256D+00  -.11602940247670D+01
  0.23923786525028D+00  0.13844959970195D+00  -.35600418182047D-01
  0.67837981308116D-01  0.43836409467129D-01  -.40201716038162D-01
  -.10015573555081D+00  -.92849410997069D-01  0.16968660307655D+00
  0.29323043303170D+00  -.45541239453130D-01  0.48271836537657D-01
  -.54803169413528D-01  0.15136501308572D+00  0.59210146893737D-01
  -.45011995727950D-01  0.34921529458476D-01  0.71600516079779D-01
  -.61056713940403D-02  -.20581092058653D-02  -.52111317153107D-01
  0.21357503103270D-01  -.14563901460057D-01  0.39572970210714D-01
  -.29662515282154D-01  0.40360455458063D-01  -.14816602938943D+00
  0.22675712247407D-01  0.42018484605542D-01  0.10564727537817D-01
  -.67921483543161D-02  -.12013131126005D+00  -.36996110666327D-01
  -.40198965244236D-02  -.28682080244902D-01  0.45723745667586D-01
  0.23417285494904D-01  0.15895102877239D-02  -.29266778125244D-01
  0.26468963526400D-02  0.37010657564762D-01  0.55678659301623D-01
  -.36840204191923D-01  0.23457706205599D-01  -.47492546729607D-01
  -.53429509534560D-01  -.57729288303829D-02  0.34230641712875D-01
  0.79687816212309D-02  0.40059111151343D-01  0.53161161057146D-01
  0.49706234232476D-01  0.40808814006122D-01  -.16709814015308D+00
  -.36887163247471D-01  0.23480376456809D-01  0.32279348792426D-01
  0.38043788814705D-01  -.88354481910712D-01  -.50036466787065D-01
  0.51180534455628D-01  -.33207678737644D-01  0.16652460580528D-01
  -.93426817997686D-01  -.15349738631805D-01  0.38365760196728D-01
  -.21667249822173D-01  0.80069999701726D-01  -.22833408419067D-01
  0.34206816346072D-01  -.24379133446836D-01  0.44819246173146D-01
  0.14445955063291D-01  0.25835663427821D-01  -.28822876209964D-01
  -.34247940504291D-01  -.12031443211759D+00  -.48142186871636D-01
  -.73058561947522D-01  -.57234717968178D-01  0.37564268550939D-01
  0.20552285903601D-01  -.38251961441314D-01  -.27808967327105D-01
  -.54637394060144D-01  0.22519412038094D-01  0.38451893312530D-01
  -.10272719036250D+00  0.18718214955501D-01  -.12689025956166D+00
  0.32832445008523D+00  0.23253784427467D-01  -.48365712244722D-01
  0.23356191667655D-01  0.19051872663801D+00  0.91247906877571D-01
  -.63439460702160D-01  0.59589241841602D-01  0.35607684282118D+00
$end
