$hessian (projected)
 1  1   0.2697815734  -0.0160255911   0.1462505988  -0.1446728826  -0.0227646568
 1  2  -0.0305067289  -0.0414362100  -0.0199142348  -0.0167730135  -0.0045280941
 1  3   0.0022573024   0.0068082129  -0.0006589456  -0.0014062743  -0.0019737614
 1  4  -0.0011559549   0.0005202143   0.0011227424   0.0019557324  -0.0085492134
 1  5  -0.0027263514   0.0013299506   0.0013866356  -0.0003013940  -0.0007408877
 1  6   0.0005835810   0.0020308059  -0.0438262619   0.0545248425  -0.0113844882
 1  7  -0.0300139280   0.0162060156  -0.0798958437  -0.0108463880  -0.0060057456
 1  8  -0.0086042000   0.0032214225  -0.0003939973  -0.0022823954   0.0030153748
 1  9  -0.0003183766  -0.0012884305  -0.0001540441   0.0001767068  -0.0001768250
 1 10  -0.0003861978  -0.0004501893   0.0000115868  -0.0004540099  -0.0003092886
 1 11  -0.0003385513   0.0000933746  -0.0000348426  -0.0000643988   0.0000674773
 1 12   0.0000004724  -0.0001085783  -0.0005911009   0.0005166398   0.0002010136
 2  1  -0.0160255911   0.6467494390  -0.0583267381  -0.0553036983  -0.1164524322
 2  2   0.0012178053  -0.0058020691   0.0005401721  -0.0009875118  -0.0000412954
 2  3   0.0015137152   0.0007484177  -0.0001486769   0.0001860569  -0.0004890330
 2  4  -0.0001983960   0.0001599411   0.0001746938  -0.0335022249  -0.0244509781
 2  5  -0.0136061572  -0.0003450002   0.0002746405  -0.0039431846   0.0031825017
 2  6  -0.0058339045  -0.0051367663   0.0955835254  -0.3967881402  -0.0669304083
 2  7   0.0000635993  -0.1155675696   0.1426962566   0.0116963173   0.0082248581
 2  8   0.0045673982   0.0001948459   0.0020909275   0.0005452148   0.0006433553
 2  9  -0.0003930407  -0.0009353788  -0.0003071698  -0.0000121197  -0.0003423050
 2 10   0.0003659704   0.0003832442   0.0001738594  -0.0000658924  -0.0000295167
 2 11  -0.0000438217   0.0000254356  -0.0000211664  -0.0000007975   0.0000139790
 2 12  -0.0000263866  -0.0000017117  -0.0000295157  -0.0005477398   0.0006201681
 3  1   0.1462505988  -0.0583267381   0.5045800692  -0.0776195794  -0.0110593369
 3  2  -0.0984539830   0.0099852411   0.0056341780   0.0085459794   0.0020458146
 3  3  -0.0003980862  -0.0008884254   0.0002330628   0.0000353768   0.0008361922
 3  4   0.0001557136  -0.0000793653  -0.0000766866  -0.0057989324  -0.0101934208
 3  5  -0.0055746037   0.0006129088   0.0014460332   0.0005135927   0.0014114197
 3  6  -0.0004157588   0.0015575039  -0.0123724640  -0.0357553885  -0.0523666464
 3  7  -0.0364207143   0.1234188469  -0.3489595332  -0.0283316955  -0.0163936856
 3  8  -0.0140040505  -0.0005136754   0.0011637330   0.0001116621  -0.0002393489
 3  9  -0.0003778134   0.0025042875   0.0004548727   0.0000042934   0.0006327292
 3 10   0.0000430847   0.0000725132   0.0000715240   0.0000964426   0.0000715627
 3 11   0.0000754748   0.0000037752   0.0000322426  -0.0000330159   0.0000322042
 3 12   0.0000469967  -0.0000025730  -0.0000287291   0.0010738172   0.0009305027
 4  1  -0.1446728826  -0.0553036983  -0.0776195794   0.4059194214  -0.0102093948
 4  2   0.0589426725  -0.1096337722   0.0198363469   0.0403529494  -0.0260410365
 4  3  -0.0007092056   0.0083522376  -0.0003609003  -0.0010704492  -0.0012241475
 4  4  -0.0000467208   0.0000675890   0.0007810883  -0.0829935300   0.0101732226
 4  5   0.0080366679   0.0076631114   0.0215244817  -0.0110242582   0.0210020977
 4  6  -0.0028308477  -0.0086536835  -0.0011681822   0.0054936909   0.0045026017
 4  7  -0.0127033536  -0.0031292109   0.0008726819  -0.0490640934   0.0166317034
 4  8  -0.0322843203  -0.0102731148  -0.0000183537   0.0081222062   0.0008462832
 4  9  -0.0001643470  -0.0009316341   0.0013354788   0.0002278180   0.0009118786
 4 10   0.0013469051   0.0005084441   0.0002570818   0.0000051679  -0.0000946106
 4 11  -0.0001329005  -0.0000220014   0.0000037213   0.0000543420   0.0000576511
 4 12   0.0000936173   0.0000786735  -0.0011965286  -0.0010305175   0.0006054420
 5  1  -0.0227646568  -0.1164524322  -0.0110593369  -0.0102093948   0.5073397429
 5  2  -0.0591432247   0.0034691444  -0.0810246215  -0.0028960068  -0.0113223367
 5  3  -0.0001300304   0.0080944330  -0.0011371296  -0.0012475728  -0.0005643559
 5  4  -0.0009228422   0.0007361170   0.0001080725   0.0181563455  -0.1615878583
 5  5  -0.0175855952   0.0146124095  -0.0262466362   0.0138712950   0.0027795753
 5  6  -0.0078124104  -0.0051417383  -0.0371906797  -0.0157822394  -0.0181815281
 5  7   0.0120212334   0.0083837761   0.0054023687   0.0141716048  -0.1029750349
 5  8   0.1004585578   0.0285923136  -0.0046281607  -0.0213378870  -0.0115388422
 5  9   0.0012389821   0.0071574638   0.0008396450   0.0004038825   0.0004944451
 5 10  -0.0003107513  -0.0000160467   0.0004154335  -0.0001225629  -0.0001191137
 5 11  -0.0001683399   0.0002400464   0.0000826403   0.0001834206  -0.0000263958
 5 12  -0.0000469201   0.0000123815   0.0006632743  -0.0001160634  -0.0001198588
 6  1  -0.0305067289   0.0012178053  -0.0984539830   0.0589426725  -0.0591432247
 6  2   0.5861956308   0.0316490235  -0.0092687564  -0.1105014142  -0.0109547785
 6  3   0.0042169702   0.0105446008  -0.0022736286  -0.0013238907  -0.0024071709
 6  4  -0.0017167527  -0.0000064042   0.0014132152   0.0059304182  -0.0087284060
 6  5  -0.0801774278  -0.0161078241   0.0359228306  -0.0005301901  -0.0027904022
 6  6  -0.0329578102  -0.0148881177  -0.0044580411  -0.0037070086  -0.0028332362
 6  7  -0.0326029201  -0.0164347318  -0.0177624320  -0.0275875693   0.0999610888
 6  8  -0.2439800732   0.0061179600  -0.0007749940  -0.0056904514   0.0270097898
 6  9  -0.0035006595  -0.0203256251  -0.0015494679   0.0001211560  -0.0000509975
 6 10  -0.0000713256  -0.0000867917   0.0001218453  -0.0004623128  -0.0003661565
 6 11  -0.0004485089   0.0000678007   0.0000236519  -0.0000429834   0.0001909961
 6 12   0.0001602020   0.0000020407   0.0011730911  -0.0053248706  -0.0001847214
 7  1  -0.0414362100  -0.0058020691   0.0099852411  -0.1096337722   0.0034691444
 7  2   0.0316490235   0.4307228791  -0.0249032377   0.0317036728  -0.1373370535
 7  3  -0.0349777761  -0.0421148469  -0.0244278394  -0.0091389349  -0.0068020046
 7  4  -0.0041724963   0.0013657083   0.0030549523  -0.0107645881   0.0169467674
 7  5   0.0078175643   0.0021630674  -0.0029811704   0.0023581767  -0.0020405159
 7  6  -0.0017593611  -0.0013059951   0.0017867196   0.0015486625   0.0000943193
 7  7   0.0018734709  -0.0003668288   0.0012237301   0.0013569392   0.0003368434
 7  8   0.0002965609  -0.0515735766   0.0402350902   0.0033136060  -0.0543094328
 7  9   0.0186789885  -0.0390990090  -0.0053670902  -0.0024507656  -0.0031996191
 7 10   0.0033363745   0.0004481282   0.0014745136  -0.0008370401  -0.0010298106
 7 11  -0.0012130558   0.0000172241  -0.0000064825   0.0002172990  -0.0000264429
 7 12   0.0001577111   0.0001153899   0.0006693833   0.0002293928   0.0004304809
 8  1  -0.0199142348   0.0005401721   0.0056341780   0.0198363469  -0.0810246215
 8  2  -0.0092687564  -0.0249032377   0.5809093880  -0.0271035496  -0.0338951888
 8  3  -0.1012761333  -0.0202753397   0.0017569287   0.0034014553   0.0037231616
 8  4   0.0021962428  -0.0015119451  -0.0010303500   0.0323582273   0.0008440144
 8  5  -0.0190970718  -0.0027489467  -0.0034102580   0.0014959333  -0.0043068151
 8  6  -0.0049278346  -0.0019919497  -0.0018558024   0.0011504386   0.0009877705
 8  7   0.0015921973  -0.0000282367   0.0000596734  -0.0123835154   0.0029686693
 8  8   0.0097320077   0.0407304968  -0.2947451436  -0.0304846421   0.0180440774
 8  9  -0.0974061825   0.0968195092   0.0113399678   0.0059555732   0.0053358028
 8 10  -0.0287351823  -0.0120716020  -0.0148319937   0.0005659600   0.0007472192
 8 11   0.0003704800  -0.0001842097   0.0003158566  -0.0000517106  -0.0001445211
 8 12  -0.0000003913  -0.0000580186   0.0006512089  -0.0004304383   0.0000348658
 9  1  -0.0167730135  -0.0009875118   0.0085459794   0.0403529494  -0.0028960068
 9  2  -0.1105014142   0.0317036728  -0.0271035496   0.5377314394  -0.0388010236
 9  3  -0.0202120235  -0.1033742181   0.0113845824   0.0074532472   0.0095149869
 9  4   0.0049580308  -0.0010799597  -0.0041352904   0.0079494854  -0.0094192831
 9  5  -0.0037090872  -0.0009536317   0.0025928572  -0.0019347932  -0.0006977262
 9  6  -0.0002925850   0.0008625518  -0.0003222955   0.0012551841   0.0001804193
 9  7  -0.0017865550  -0.0004768116   0.0021957536   0.0251087401  -0.0041055238
 9  8  -0.0189376098   0.0035909661  -0.0310088329  -0.0526019329  -0.0397151255
 9  9   0.0993084170  -0.2510404219  -0.0252830907  -0.0135599559  -0.0126919068
 9 10  -0.0023572617  -0.0010601527  -0.0015730739   0.0014770133   0.0010403017
 9 11   0.0014958922  -0.0002809000   0.0000475492  -0.0000838902  -0.0000963978
 9 12  -0.0002448527   0.0002752887   0.0005415809   0.0007494924  -0.0002186726
10  1  -0.0045280941  -0.0000412954   0.0020458146  -0.0260410365  -0.0113223367
10  2  -0.0109547785  -0.1373370535  -0.0338951888  -0.0388010236   0.3604152422
10  3  -0.0015662646   0.0602266242  -0.0796579635   0.0057403329   0.0266229214
10  4  -0.0186582223   0.0027759444   0.0112604159  -0.0006306998   0.0015577901
10  5   0.0006127384   0.0004049532  -0.0005292762  -0.0000885296  -0.0014096206
10  6  -0.0003180795  -0.0005035699  -0.0001840162   0.0002109808   0.0002115686
10  7  -0.0000699464  -0.0001242228   0.0004878902   0.0016951433  -0.0001506188
10  8  -0.0009777835   0.0028729878   0.0004856924   0.0015352337  -0.0061752626
10  9  -0.0028784431  -0.0033280063  -0.0478710790   0.0162621591  -0.0447465933
10 10  -0.0457369411   0.0234811007  -0.0029902136  -0.0023948573  -0.0020326152
10 11  -0.0025874695   0.0027749153   0.0008812876   0.0008521626   0.0021835752
10 12   0.0013922285   0.0010591048   0.0003479760   0.0000708246   0.0000634933
11  1   0.0022573024   0.0015137152  -0.0003980862  -0.0007092056  -0.0001300304
11  2   0.0042169702  -0.0349777761  -0.1012761333  -0.0202120235  -0.0015662646
11  3   0.5487851886  -0.0314977778   0.0244632141  -0.0431797891  -0.0261464591
11  4  -0.0127859388   0.0030898888   0.0071862432   0.0025229976   0.0024489689
11  5   0.0003617528  -0.0002783912  -0.0009663789   0.0001515722  -0.0013760440
11  6  -0.0010724321   0.0000879498   0.0004866784   0.0003653507  -0.0001065498
11  7  -0.0005943071   0.0001657877  -0.0000238431  -0.0000507474  -0.0001129914
11  8  -0.0002463009  -0.0296134491  -0.0137254441  -0.0148728416   0.0118397581
11  9   0.0063536577   0.0045823565   0.0126890220  -0.0931791333   0.0964459329
11 10   0.0304991821  -0.3081117620  -0.0184625251  -0.0026211719  -0.0026010657
11 11  -0.0021719373  -0.0011907688   0.0011729705   0.0015509110   0.0011243603
11 12   0.0000477767  -0.0003160058  -0.0001184506   0.0004118557  -0.0001293385
12  1   0.0068082129   0.0007484177  -0.0008884254   0.0083522376   0.0080944330
12  2   0.0105446008  -0.0421148469  -0.0202753397  -0.1033742181   0.0602266242
12  3  -0.0314977778   0.4897550173   0.0555187601  -0.0196054744  -0.0829677013
12  4  -0.0136586659   0.0019565377   0.0088318410   0.0006374485   0.0017448534
12  5   0.0004379811  -0.0003897641  -0.0005182734   0.0000186817   0.0004115371
12  6  -0.0007314789  -0.0008913377  -0.0003170795  -0.0003369356   0.0001165168
12  7   0.0001102739   0.0000538007  -0.0000792158   0.0010927829   0.0002389440
12  8  -0.0001741437  -0.0035530617  -0.0020204032  -0.0024221021  -0.0254692393
12  9  -0.0141973550  -0.0123321266  -0.0387473863   0.0936429991  -0.2563501280
12 10  -0.0042738646  -0.0149635675  -0.0488377221  -0.0036711621  -0.0024894162
12 11  -0.0031582242  -0.0002076095   0.0003573864  -0.0000094007  -0.0013722432
12 12   0.0000997510   0.0016943079   0.0006170457  -0.0003011014   0.0000857991
13  1  -0.0006589456  -0.0001486769   0.0002330628  -0.0003609003  -0.0011371296
13  2  -0.0022736286  -0.0244278394   0.0017569287   0.0113845824  -0.0796579635
13  3   0.0244632141   0.0555187601   0.2228869659   0.0309386229  -0.0141078972
13  4  -0.0723625599  -0.0375159276  -0.0449059752   0.0010292483  -0.0004582381
13  5  -0.0002675941  -0.0001936750   0.0001993782  -0.0000776001  -0.0004446318
13  6   0.0000167677   0.0001987966  -0.0000178966   0.0000216360  -0.0000254108
13  7  -0.0001086199  -0.0000243343   0.0000086106   0.0001067799  -0.0000150377
13  8  -0.0000867516   0.0010253041   0.0001557741   0.0002451332   0.0005599141
13  9   0.0004982046   0.0001403183  -0.0077850321   0.0004894780   0.0055677326
13 10  -0.0131414989   0.0017049613   0.0085725310  -0.0151227247  -0.0117875725
13 11  -0.0134658119  -0.0031472041  -0.0033861345  -0.0012609309  -0.0082607346
13 12  -0.0057615408  -0.0052193128   0.0000820142  -0.0000103735  -0.0001786144
14  1  -0.0014062743   0.0001860569   0.0000353768  -0.0010704492  -0.0012475728
14  2  -0.0013238907  -0.0091389349   0.0034014553   0.0074532472   0.0057403329
14  3  -0.0431797891  -0.0196054744   0.0309386229   0.1058672162   0.0849834299
14  4  -0.0189492106  -0.0628127048  -0.0406913978  -0.0010757884  -0.0006804402
14  5   0.0000211131   0.0005206987   0.0002918372  -0.0004347100   0.0006987992
14  6   0.0000911243   0.0002583400   0.0001122373   0.0000490054  -0.0000052453
14  7  -0.0000029004  -0.0002402397   0.0001114994   0.0002095814  -0.0000965813
14  8  -0.0001042543  -0.0006930106  -0.0000520862   0.0006277458   0.0003848031
14  9   0.0000668302   0.0003356409  -0.0050645160   0.0040023521   0.0012030937
14 10   0.0205507286  -0.0004607167  -0.0162577533   0.0012914367   0.0009170347
14 11   0.0023099320  -0.0224243271  -0.0096558671  -0.0174199436  -0.0004038873
14 12   0.0036744230  -0.0016216043  -0.0002179420  -0.0001213372   0.0001248548
15  1  -0.0019737614  -0.0004890330   0.0008361922  -0.0012241475  -0.0005643559
15  2  -0.0024071709  -0.0068020046   0.0037231616   0.0095149869   0.0266229214
15  3  -0.0261464591  -0.0829677013  -0.0141078972   0.0849834299   0.1834188807
15  4  -0.0159666361  -0.0344020189  -0.0807862540   0.0001420832  -0.0014292864
15  5  -0.0018900624  -0.0002882935   0.0003922131   0.0008646326   0.0001475853
15  6   0.0008137425   0.0007290744   0.0001073005   0.0001264170  -0.0001206099
15  7   0.0001031877  -0.0000056789  -0.0000665178  -0.0002389090  -0.0001188624
15  8   0.0005257901  -0.0001651745   0.0002821570   0.0007496536  -0.0008264930
15  9   0.0003675077   0.0003813515   0.0254842887  -0.0075603870  -0.0147187936
15 10   0.0101692080  -0.0030704280  -0.0053756383   0.0071136171   0.0069394698
15 11   0.0076554666  -0.0072828778  -0.0062471535  -0.0041067862  -0.0207071501
15 12  -0.0175118091  -0.0122525619  -0.0003068473  -0.0000826265   0.0000160677
16  1  -0.0011559549  -0.0001983960   0.0001557136  -0.0000467208  -0.0009228422
16  2  -0.0017167527  -0.0041724963   0.0021962428   0.0049580308  -0.0186582223
16  3  -0.0127859388  -0.0136586659  -0.0723625599  -0.0189492106  -0.0159666361
16  4   0.4485009928  -0.0740986248  -0.0831337266   0.0000988280  -0.0002676283
16  5   0.0001079988  -0.0000353613   0.0001387469  -0.0001538228   0.0000363719
16  6   0.0000121471  -0.0001012832   0.0000408869   0.0000650129  -0.0000100949
16  7   0.0000752501  -0.0000268327   0.0000488825   0.0000364634  -0.0000183702
16  8   0.0000795767  -0.0001577153  -0.0003427784   0.0001059043  -0.0001434762
16  9   0.0001092723  -0.0000727041   0.0026272966  -0.0002225731  -0.0008571438
16 10   0.0024512258  -0.0003479578  -0.0014997696  -0.2535291344   0.0264589377
16 11   0.1155616700  -0.0592244047   0.0698931917   0.0066388131  -0.0443994717
16 12   0.0092907135  -0.0105161360   0.0000182024   0.0000168881   0.0000301458
17  1   0.0005202143   0.0001599411  -0.0000793653   0.0000675890   0.0007361170
17  2  -0.0000064042   0.0013657083  -0.0015119451  -0.0010799597   0.0027759444
17  3   0.0030898888   0.0019565377  -0.0375159276  -0.0628127048  -0.0344020189
17  4  -0.0740986248   0.4966741688  -0.0464027698  -0.0004791541  -0.0000335860
17  5   0.0001314235   0.0003818850   0.0001444482   0.0001383989  -0.0000350138
17  6   0.0000541438  -0.0001279937  -0.0000258920  -0.0000430421   0.0000099593
17  7  -0.0001298466   0.0000361370  -0.0000113861   0.0001926283  -0.0000256440
17  8  -0.0000564537   0.0001261825   0.0005124832   0.0000490477  -0.0004209133
17  9   0.0000632459  -0.0002398029   0.0003708094  -0.0004166058  -0.0006578234
17 10   0.0012035065   0.0014880241   0.0009026557   0.0281428499  -0.0479684752
17 11  -0.0130743974   0.0639312020  -0.3002726185  -0.0107261852   0.0137126798
17 12  -0.0899041241   0.1036050146  -0.0000858273   0.0000301479   0.0000715230
18  1   0.0011227424   0.0001746938  -0.0000766866   0.0007810883   0.0001080725
18  2   0.0014132152   0.0030549523  -0.0010303500  -0.0041352904   0.0112604159
18  3   0.0071862432   0.0088318410  -0.0449059752  -0.0406913978  -0.0807862540
18  4  -0.0831337266  -0.0464027698   0.4986676953   0.0003563916   0.0010907265
18  5   0.0001577482  -0.0001674060  -0.0004701221   0.0000433537  -0.0002835940
18  6  -0.0004585856  -0.0002084521  -0.0001303001  -0.0000791223   0.0000238681
18  7  -0.0001855988  -0.0000081064  -0.0000477145  -0.0002309674   0.0000215327
18  8  -0.0000570022  -0.0001838289  -0.0000726128  -0.0001887153   0.0001616043
18  9  -0.0002780920   0.0002888881   0.0008476525   0.0005957755   0.0016845962
18 10   0.0001022699   0.0005781287   0.0001623029   0.1182371541  -0.0124839479
18 11  -0.1078275542   0.0075871456  -0.0070024745  -0.0471143270  -0.0144358007
18 12   0.0991140108  -0.2710100572   0.0001457806   0.0001083975   0.0001785447
19  1   0.0019557324  -0.0335022249  -0.0057989324  -0.0829935300   0.0181563455
19  2   0.0059304182  -0.0107645881   0.0323582273   0.0079494854  -0.0006306998
19  3   0.0025229976   0.0006374485   0.0010292483  -0.0010757884   0.0001420832
19  4   0.0000988280  -0.0004791541   0.0003563916   0.3269786211  -0.1543796958
19  5   0.1904274138  -0.1589992215   0.1380670259  -0.1541024535  -0.0554454586
19  6   0.0066267863  -0.0288538751  -0.0056785755  -0.0020297683  -0.0045651860
19  7   0.0009329877  -0.0022302510  -0.0016032327  -0.0022188608   0.0040959409
19  8  -0.0002554345  -0.0045598308  -0.0004761176   0.0030785282   0.0015008982
19  9  -0.0005078648  -0.0015366461  -0.0002824453  -0.0001185088  -0.0004355238
19 10  -0.0012626450  -0.0014551038   0.0003735998   0.0000609774  -0.0000319735
19 11   0.0000726891  -0.0001123978  -0.0000551403   0.0001327959  -0.0000766039
19 12  -0.0000010205   0.0000570882  -0.0095324362  -0.0054847117  -0.0120066577
20  1  -0.0085492134  -0.0244509781  -0.0101934208   0.0101732226  -0.1615878583
20  2  -0.0087284060   0.0169467674   0.0008440144  -0.0094192831   0.0015577901
20  3   0.0024489689   0.0017448534  -0.0004582381  -0.0006804402  -0.0014292864
20  4  -0.0002676283  -0.0000335860   0.0010907265  -0.1543796958   0.6945237681
20  5  -0.1576916533   0.1414654597  -0.3459876685   0.2644771660  -0.0095213907
20  6  -0.1689753552  -0.1206248730   0.0001630437  -0.0000850482   0.0012287969
20  7  -0.0000790462   0.0028435001   0.0014886403   0.0027359142  -0.0097586902
20  8  -0.0036795846  -0.0031791659   0.0006760896   0.0034127298  -0.0017098268
20  9   0.0007212390   0.0024565681  -0.0001901452  -0.0002794594  -0.0000989771
20 10  -0.0009029831  -0.0008808744  -0.0000760930  -0.0002854648  -0.0002624264
20 11  -0.0002148845  -0.0001175687  -0.0002808077  -0.0000801821  -0.0000458238
20 12  -0.0001475627  -0.0001403598   0.0066439933   0.0113531754   0.0364775226
21  1  -0.0027263514  -0.0136061572  -0.0055746037   0.0080366679  -0.0175855952
21  2  -0.0801774278   0.0078175643  -0.0190970718  -0.0037090872   0.0006127384
21  3   0.0003617528   0.0004379811  -0.0002675941   0.0000211131  -0.0018900624
21  4   0.0001079988   0.0001314235   0.0001577482   0.1904274138  -0.1576916533
21  5   0.7399314712  -0.1522685057   0.2504059670  -0.3889795550  -0.0387425909
21  6  -0.0584736364  -0.2246816736  -0.0031232815  -0.0012706014  -0.0018704694
21  7  -0.0003721432  -0.0057976748  -0.0030582939  -0.0073097878   0.0323875112
21  8  -0.0006978785   0.0023901611  -0.0001846066  -0.0025091833   0.0013300556
21  9  -0.0018368933  -0.0024371234  -0.0008634627   0.0013304610  -0.0009673129
21 10   0.0004586817  -0.0007136539   0.0022319400  -0.0000596688  -0.0001109809
21 11  -0.0001228448  -0.0000312921  -0.0001642946   0.0001802950  -0.0001857532
21 12   0.0000245308  -0.0001718886  -0.0052308501  -0.0081299397  -0.0260920311
22  1   0.0013299506  -0.0003450002   0.0006129088   0.0076631114   0.0146124095
22  2  -0.0161078241   0.0021630674  -0.0027489467  -0.0009536317   0.0004049532
22  3  -0.0002783912  -0.0003897641  -0.0001936750   0.0005206987  -0.0002882935
22  4  -0.0000353613   0.0003818850  -0.0001674060  -0.1589992215   0.1414654597
22  5  -0.1522685057   0.1382882624  -0.1621432883   0.2051682346   0.0015559103
22  6   0.0050429507  -0.0361985570   0.0013580576  -0.0004803964   0.0010456388
22  7  -0.0009303688   0.0016134700   0.0014625308   0.0005736989   0.0031259950
22  8   0.0012586316   0.0004538594   0.0002264661  -0.0004608978  -0.0001829096
22  9  -0.0003011495  -0.0000206695  -0.0000354835   0.0001962771   0.0001213476
22 10   0.0001435572   0.0003777269   0.0001447753  -0.0000553461   0.0000252905
22 11  -0.0000356191   0.0000297350   0.0000127488  -0.0000612362   0.0000237597
22 12  -0.0000071093  -0.0000475774   0.0064444428  -0.0012970966  -0.0028140855
23  1   0.0013866356   0.0002746405   0.0014460332   0.0215244817  -0.0262466362
23  2   0.0359228306  -0.0029811704  -0.0034102580   0.0025928572  -0.0005292762
23  3  -0.0009663789  -0.0005182734   0.0001993782   0.0002918372   0.0003922131
23  4   0.0001387469   0.0001444482  -0.0004701221   0.1380670259  -0.3459876685
23  5   0.2504059670  -0.1621432883   0.3465720234  -0.2976641166   0.0008293034
23  6   0.0338910096   0.0169434123  -0.0000509919   0.0006052025  -0.0000912708
23  7   0.0005236044  -0.0006869196   0.0002890660   0.0019579883  -0.0087067128
23  8  -0.0015455239   0.0011677818   0.0004881420  -0.0012824324   0.0001219076
23  9  -0.0001260894  -0.0007995532  -0.0000334190   0.0003298790  -0.0002084984
23 10   0.0004723903   0.0003630565   0.0003956341   0.0001334675   0.0001030556
23 11   0.0000792262   0.0000534708   0.0000888378   0.0001000361  -0.0000357261
23 12   0.0000504979   0.0000434010  -0.0008023106   0.0029280333  -0.0060308860
24  1  -0.0003013940  -0.0039431846   0.0005135927  -0.0110242582   0.0138712950
24  2  -0.0005301901   0.0023581767   0.0014959333  -0.0019347932  -0.0000885296
24  3   0.0001515722   0.0000186817  -0.0000776001  -0.0004347100   0.0008646326
24  4  -0.0001538228   0.0001383989   0.0000433537  -0.1541024535   0.2644771660
24  5  -0.3889795550   0.2051682346  -0.2976641166   0.4837431628  -0.0397089873
24  6   0.0285437417  -0.0958298648   0.0007763439  -0.0007109201   0.0010499321
24  7   0.0008687819   0.0023707789   0.0017559292   0.0004678125  -0.0007547154
24  8   0.0025856030  -0.0005119280  -0.0005172869   0.0015714428  -0.0010577440
24  9   0.0000930074   0.0020354587   0.0004938647  -0.0005272374   0.0005067776
24 10  -0.0001612133   0.0001100296  -0.0008172044  -0.0000102228  -0.0000034933
24 11   0.0000161637  -0.0000049712   0.0000224007  -0.0001028213   0.0001111242
24 12  -0.0000396178   0.0000511999  -0.0030412135  -0.0066790416  -0.0065615018
25  1  -0.0007408877   0.0031825017   0.0014114197   0.0210020977   0.0027795753
25  2  -0.0027904022  -0.0020405159  -0.0043068151  -0.0006977262  -0.0014096206
25  3  -0.0013760440   0.0004115371  -0.0004446318   0.0006987992   0.0001475853
25  4   0.0000363719  -0.0000350138  -0.0002835940  -0.0554454586  -0.0095213907
25  5  -0.0387425909   0.0015559103   0.0008293034  -0.0397089873   0.0873429674
25  6  -0.1013675889   0.1657904630   0.0007183781   0.0000152139   0.0008783415
25  7   0.0001765398   0.0008374093   0.0003045932  -0.0002555875  -0.0001878368
25  8   0.0006826705   0.0009936818   0.0001312354  -0.0008266444  -0.0000493310
25  9   0.0003793716   0.0003046239   0.0004542317  -0.0005170401   0.0003625702
25 10  -0.0003879248   0.0016723235  -0.0004306177   0.0000114583   0.0000575280
25 11   0.0000179428   0.0000890579   0.0000576070  -0.0001329497   0.0001163414
25 12  -0.0000554300  -0.0000295204  -0.0517230784   0.1067262909  -0.0866687145
26  1   0.0005835810  -0.0058339045  -0.0004157588  -0.0028308477  -0.0078124104
26  2  -0.0329578102  -0.0017593611  -0.0049278346  -0.0002925850  -0.0003180795
26  3  -0.0010724321  -0.0007314789   0.0000167677   0.0000911243   0.0008137425
26  4   0.0000121471   0.0000541438  -0.0004585856   0.0066267863  -0.1689753552
26  5  -0.0584736364   0.0050429507   0.0338910096   0.0285437417  -0.1013675889
26  6   0.4294841030  -0.1057621798  -0.0011303366  -0.0007825391  -0.0015592541
26  7   0.0001754425  -0.0004388938  -0.0001400083  -0.0009394382   0.0013472307
26  8  -0.0011115007   0.0015514054  -0.0002793703  -0.0008292068   0.0003662861
26  9  -0.0000869106  -0.0001967857   0.0002000910  -0.0000152703   0.0001980125
26 10   0.0003996215   0.0005594947  -0.0002659453   0.0001110653   0.0001344272
26 11   0.0000881571   0.0000702561   0.0001537876  -0.0000642775   0.0000739633
26 12   0.0000819340   0.0000789705   0.0931152879  -0.2755723340   0.1735363888
27  1   0.0020308059  -0.0051367663   0.0015575039  -0.0086536835  -0.0051417383
27  2  -0.0148881177  -0.0013059951  -0.0019919497   0.0008625518  -0.0005035699
27  3   0.0000879498  -0.0008913377   0.0001987966   0.0002583400   0.0007290744
27  4  -0.0001012832  -0.0001279937  -0.0002084521  -0.0288538751  -0.1206248730
27  5  -0.2246816736  -0.0361985570   0.0169434123  -0.0958298648   0.1657904630
27  6  -0.1057621798   0.5476737759  -0.0003890916  -0.0005206201  -0.0013812372
27  7   0.0001000952   0.0021124908   0.0007681879   0.0005539503  -0.0018545277
27  8   0.0023643780   0.0008769749  -0.0002189549  -0.0002675703  -0.0004880223
27  9   0.0003131682   0.0006341331   0.0004144190  -0.0007012663   0.0005136037
27 10   0.0003618208   0.0002190744  -0.0008304639   0.0001057646   0.0000856919
27 11   0.0001265459   0.0000585932   0.0001162811   0.0000011394   0.0001283567
27 12  -0.0000835644   0.0001347429  -0.0941259624   0.2220280256  -0.2163869195
28  1  -0.0438262619   0.0955835254  -0.0123724640  -0.0011681822  -0.0371906797
28  2  -0.0044580411   0.0017867196  -0.0018558024  -0.0003222955  -0.0001840162
28  3   0.0004866784  -0.0003170795  -0.0000178966   0.0001122373   0.0001073005
28  4   0.0000408869  -0.0000258920  -0.0001303001  -0.0056785755   0.0001630437
28  5  -0.0031232815   0.0013580576  -0.0000509919   0.0007763439   0.0007183781
28  6  -0.0011303366  -0.0003890916   0.0500289828  -0.0636784856   0.0143521554
28  7  -0.0032862690   0.0059792927   0.0051225629   0.0008747511   0.0004758783
28  8   0.0000030672  -0.0009050062   0.0008446878   0.0002532607  -0.0001072624
28  9   0.0001125051   0.0001176895   0.0000634242  -0.0000725591   0.0000274881
28 10   0.0002394602   0.0002036240   0.0001300835   0.0000504126   0.0000228741
28 11   0.0000263313   0.0000053242   0.0000189533   0.0000274820   0.0000008968
28 12   0.0000118831   0.0000280598   0.0000061756  -0.0000104357   0.0001407286
29  1   0.0545248425  -0.3967881402  -0.0357553885   0.0054936909  -0.0157822394
29  2  -0.0037070086   0.0015486625   0.0011504386   0.0012551841   0.0002109808
29  3   0.0003653507  -0.0003369356   0.0000216360   0.0000490054   0.0001264170
29  4   0.0000650129  -0.0000430421  -0.0000791223  -0.0020297683  -0.0000850482
29  5  -0.0012706014  -0.0004803964   0.0006052025  -0.0007109201   0.0000152139
29  6  -0.0007825391  -0.0005206201  -0.0636784856   0.4260328594   0.0464208451
29  7   0.0049351825  -0.0156164519  -0.0060740803   0.0000555625   0.0005719259
29  8  -0.0001142080  -0.0008692396   0.0003887859   0.0004724800  -0.0001536434
29  9  -0.0000791101   0.0000521070   0.0000294675  -0.0000452255   0.0000213185
29 10   0.0002140680   0.0001099328   0.0000418266   0.0000359045   0.0000181083
29 11   0.0000219920  -0.0000026348   0.0000033119   0.0000098894  -0.0000016718
29 12   0.0000018595   0.0000152442   0.0000656153  -0.0000749843   0.0001315811
30  1  -0.0113844882  -0.0669304083  -0.0523666464   0.0045026017  -0.0181815281
30  2  -0.0028332362   0.0000943193   0.0009877705   0.0001804193   0.0002115686
30  3  -0.0001065498   0.0001165168  -0.0000254108  -0.0000052453  -0.0001206099
30  4  -0.0000100949   0.0000099593   0.0000238681  -0.0045651860   0.0012287969
30  5  -0.0018704694   0.0010456388  -0.0000912708   0.0010499321   0.0008783415
30  6  -0.0015592541  -0.0013812372   0.0143521554   0.0464208451   0.0522887731
30  7  -0.0052048622   0.0382156002   0.0044287148   0.0002472610   0.0000037380
30  8  -0.0001597672   0.0000323712   0.0000687626   0.0005349988   0.0000623851
30  9   0.0002422750   0.0000112051  -0.0000798939   0.0000049733  -0.0001229023
30 10  -0.0000337214   0.0000058686  -0.0000612499  -0.0000241825  -0.0000082940
30 11  -0.0000135781  -0.0000019503  -0.0000054726  -0.0000243940  -0.0000053619
30 12  -0.0000064632  -0.0000287600  -0.0000914906  -0.0002941032   0.0003484227
31  1  -0.0300139280   0.0000635993  -0.0364207143  -0.0127033536   0.0120212334
31  2  -0.0326029201   0.0018734709   0.0015921973  -0.0017865550  -0.0000699464
31  3  -0.0005943071   0.0001102739  -0.0001086199  -0.0000029004   0.0001031877
31  4   0.0000752501  -0.0001298466  -0.0001855988   0.0009329877  -0.0000790462
31  5  -0.0003721432  -0.0009303688   0.0005236044   0.0008687819   0.0001765398
31  6   0.0001754425   0.0001000952  -0.0032862690   0.0049351825  -0.0052048622
31  7   0.0477487180  -0.0154730639   0.0753703103  -0.0032531919  -0.0026880861
31  8  -0.0016335574  -0.0003004951   0.0000384320   0.0001238869  -0.0006603093
31  9  -0.0006373047   0.0010618505   0.0003020571   0.0000616185   0.0003431396
31 10   0.0000838319   0.0000686500  -0.0000199772   0.0000574509   0.0000299449
31 11   0.0000170062  -0.0000009276   0.0000182486   0.0000161911   0.0000108010
31 12   0.0000173220   0.0000230707   0.0000663023   0.0000590796   0.0000885342
32  1   0.0162060156  -0.1155675696   0.1234188469  -0.0031292109   0.0083837761
32  2  -0.0164347318  -0.0003668288  -0.0000282367  -0.0004768116  -0.0001242228
32  3   0.0001657877   0.0000538007  -0.0000243343  -0.0002402397  -0.0000056789
32  4  -0.0000268327   0.0000361370  -0.0000081064  -0.0022302510   0.0028435001
32  5  -0.0057976748   0.0016134700  -0.0006869196   0.0023707789   0.0008374093
32  6  -0.0004388938   0.0021124908   0.0059792927  -0.0156164519   0.0382156002
32  7  -0.0154730639   0.1221750475  -0.1416899311  -0.0032625357  -0.0013828305
32  8  -0.0026085637   0.0002756749  -0.0001373375   0.0002072974  -0.0000440019
32  9   0.0001727123   0.0002848562   0.0000056872  -0.0000636081   0.0000557660
32 10  -0.0000884558  -0.0001074843  -0.0000299682  -0.0000225096  -0.0000179097
32 11  -0.0000149408  -0.0000065526  -0.0000187749  -0.0000172445  -0.0000008199
32 12  -0.0000057352  -0.0000125840  -0.0001179299   0.0005350308   0.0003767988
33  1  -0.0798958437   0.1426962566  -0.3489595332   0.0008726819   0.0054023687
33  2  -0.0177624320   0.0012237301   0.0000596734   0.0021957536   0.0004878902
33  3  -0.0000238431  -0.0000792158   0.0000086106   0.0001114994  -0.0000665178
33  4   0.0000488825  -0.0000113861  -0.0000477145  -0.0016032327   0.0014886403
33  5  -0.0030582939   0.0014625308   0.0002890660   0.0017559292   0.0003045932
33  6  -0.0001400083   0.0007681879   0.0051225629  -0.0060740803   0.0044287148
33  7   0.0753703103  -0.1416899311   0.3601950278  -0.0028631355  -0.0023807793
33  8  -0.0001979958  -0.0000812121   0.0000245693   0.0000474392  -0.0005595875
33  9   0.0002741591   0.0005278156   0.0001394512   0.0000157243  -0.0000255249
33 10  -0.0000353432  -0.0000334546  -0.0000036488   0.0000108436   0.0000074534
33 11   0.0000082226  -0.0000051443  -0.0000088002   0.0000006229  -0.0000083988
33 12  -0.0000127175  -0.0000131580  -0.0000001896   0.0000055900   0.0002863211
34  1  -0.0108463880   0.0116963173  -0.0283316955  -0.0490640934   0.0141716048
34  2  -0.0275875693   0.0013569392  -0.0123835154   0.0251087401   0.0016951433
34  3  -0.0000507474   0.0010927829   0.0001067799   0.0002095814  -0.0002389090
34  4   0.0000364634   0.0001926283  -0.0002309674  -0.0022188608   0.0027359142
34  5  -0.0073097878   0.0005736989   0.0019579883   0.0004678125  -0.0002555875
34  6  -0.0009394382   0.0005539503   0.0008747511   0.0000555625   0.0002472610
34  7  -0.0032531919  -0.0032625357  -0.0028631355   0.0635061898  -0.0153378936
34  8   0.0375902347   0.0010915959   0.0002011536  -0.0008127540  -0.0041696712
34  9   0.0005264995   0.0027813148  -0.0003277277   0.0000642050  -0.0006669303
34 10  -0.0000849698   0.0000140409  -0.0000477463   0.0000026763   0.0000201122
34 11   0.0000133905   0.0000064018   0.0000066005  -0.0000003595  -0.0000683087
34 12  -0.0000318229  -0.0000356996   0.0010381594   0.0001537446   0.0002700674
35  1  -0.0060057456   0.0082248581  -0.0163936856   0.0166317034  -0.1029750349
35  2   0.0999610888   0.0003368434   0.0029686693  -0.0041055238  -0.0001506188
35  3  -0.0001129914   0.0002389440  -0.0000150377  -0.0000965813  -0.0001188624
35  4  -0.0000183702  -0.0000256440   0.0000215327   0.0040959409  -0.0097586902
35  5   0.0323875112   0.0031259950  -0.0087067128  -0.0007547154  -0.0001878368
35  6   0.0013472307  -0.0018545277   0.0004758783   0.0005719259   0.0000037380
35  7  -0.0026880861  -0.0013828305  -0.0023807793  -0.0153378936   0.1108295750
35  8  -0.1041377744  -0.0005799354   0.0006848436  -0.0001640472   0.0008368013
35  9   0.0006682963  -0.0009027444  -0.0003178614   0.0000770468  -0.0000728464
35 10   0.0000138609   0.0000338995   0.0000604804  -0.0000018725   0.0000000699
35 11  -0.0000140534  -0.0000076189   0.0000004685  -0.0000072720  -0.0000044245
35 12   0.0000271702   0.0000057382  -0.0002017217  -0.0023755687  -0.0017722012
36  1  -0.0086042000   0.0045673982  -0.0140040505  -0.0322843203   0.1004585578
36  2  -0.2439800732   0.0002965609   0.0097320077  -0.0189376098  -0.0009777835
36  3  -0.0002463009  -0.0001741437  -0.0000867516  -0.0001042543   0.0005257901
36  4   0.0000795767  -0.0000564537  -0.0000570022  -0.0002554345  -0.0036795846
36  5  -0.0006978785   0.0012586316  -0.0015455239   0.0025856030   0.0006826705
36  6  -0.0011115007   0.0023643780   0.0000030672  -0.0001142080  -0.0001597672
36  7  -0.0016335574  -0.0026085637  -0.0001979958   0.0375902347  -0.1041377744
36  8   0.2706601435  -0.0004543052  -0.0004386368   0.0006722115   0.0032388755
36  9  -0.0009312484  -0.0010332119   0.0007328248   0.0000389858   0.0008924226
36 10   0.0000511078  -0.0000308056   0.0000684610   0.0000452484   0.0000250257
36 11   0.0000283045  -0.0000022666   0.0000089352  -0.0000076366   0.0000588331
36 12   0.0000283374   0.0000248488   0.0002609880   0.0001456074   0.0014272065
37  1   0.0032214225   0.0001948459  -0.0005136754  -0.0102731148   0.0285923136
37  2   0.0061179600  -0.0515735766   0.0407304968   0.0035909661   0.0028729878
37  3  -0.0296134491  -0.0035530617   0.0010253041  -0.0006930106  -0.0001651745
37  4  -0.0001577153   0.0001261825  -0.0001838289  -0.0045598308  -0.0031791659
37  5   0.0023901611   0.0004538594   0.0011677818  -0.0005119280   0.0009936818
37  6   0.0015514054   0.0008769749  -0.0009050062  -0.0008692396   0.0000323712
37  7  -0.0003004951   0.0002756749  -0.0000812121   0.0010915959  -0.0005799354
37  8  -0.0004543052   0.0632427069  -0.0413130061  -0.0063159244  -0.0012701863
37  9   0.0045084679   0.0008878179   0.0007478780   0.0007256157   0.0004019435
37 10  -0.0045594354  -0.0019058654  -0.0025724280   0.0000200769   0.0000851136
37 11   0.0000474522   0.0000882953   0.0002424165   0.0000998593   0.0000582639
37 12  -0.0000282690   0.0000263942  -0.0002167119  -0.0000183734  -0.0001203623
38  1  -0.0003939973   0.0020909275   0.0011637330  -0.0000183537  -0.0046281607
38  2  -0.0007749940   0.0402350902  -0.2947451436  -0.0310088329   0.0004856924
38  3  -0.0137254441  -0.0020204032   0.0001557741  -0.0000520862   0.0002821570
38  4  -0.0003427784   0.0005124832  -0.0000726128  -0.0004761176   0.0006760896
38  5  -0.0001846066   0.0002264661   0.0004881420  -0.0005172869   0.0001312354
38  6  -0.0002793703  -0.0002189549   0.0008446878   0.0003887859   0.0000687626
38  7   0.0000384320  -0.0001373375   0.0000245693   0.0002011536   0.0006848436
38  8  -0.0004386368  -0.0413130061   0.3199552226   0.0370597993   0.0022282983
38  9  -0.0125265660  -0.0017965519  -0.0001397224   0.0006790449  -0.0002646099
38 10  -0.0021201136   0.0005740315  -0.0015250720  -0.0000364802   0.0000143193
38 11  -0.0000173776   0.0003090735   0.0001165437   0.0001043122   0.0000432983
38 12  -0.0000289751   0.0000114962  -0.0000586323  -0.0000573504   0.0001251099
39  1  -0.0022823954   0.0005452148   0.0001116621   0.0081222062  -0.0213378870
39  2  -0.0056904514   0.0033136060  -0.0304846421  -0.0526019329   0.0015352337
39  3  -0.0148728416  -0.0024221021   0.0002451332   0.0006277458   0.0007496536
39  4   0.0001059043   0.0000490477  -0.0001887153   0.0030785282   0.0034127298
39  5  -0.0025091833  -0.0004608978  -0.0012824324   0.0015714428  -0.0008266444
39  6  -0.0008292068  -0.0002675703   0.0002532607   0.0004724800   0.0005349988
39  7   0.0001238869   0.0002072974   0.0000474392  -0.0008127540  -0.0001640472
39  8   0.0006722115  -0.0063159244   0.0370597993   0.0548848448  -0.0046573979
39  9   0.0279361136   0.0052948564   0.0006783991  -0.0001537013   0.0002471617
39 10  -0.0022987916  -0.0011027873  -0.0005659652   0.0000242128   0.0000637531
39 11   0.0000419886   0.0001064687   0.0000428074  -0.0000185548  -0.0000384440
39 12  -0.0000524532  -0.0000254936   0.0001064096  -0.0001369901   0.0001337093
40  1   0.0030153748   0.0006433553  -0.0002393489   0.0008462832  -0.0115388422
40  2   0.0270097898  -0.0543094328   0.0180440774  -0.0397151255  -0.0061752626
40  3   0.0118397581  -0.0254692393   0.0005599141   0.0003848031  -0.0008264930
40  4  -0.0001434762  -0.0004209133   0.0001616043   0.0015008982  -0.0017098268
40  5   0.0013300556  -0.0001829096   0.0001219076  -0.0010577440  -0.0000493310
40  6   0.0003662861  -0.0004880223  -0.0001072624  -0.0001536434   0.0000623851
40  7  -0.0006603093  -0.0000440019  -0.0005595875  -0.0041696712   0.0008368013
40  8   0.0032388755  -0.0012701863   0.0022282983  -0.0046573979   0.0641948453
40  9  -0.0177310130   0.0422020605  -0.0040309712  -0.0026699882  -0.0018826646
40 10   0.0009488817   0.0000460630   0.0007928284   0.0000173250  -0.0000145950
40 11   0.0000702483   0.0000217242   0.0000396910  -0.0000302323   0.0002123980
40 12   0.0000763791   0.0002477771  -0.0002188319  -0.0003445965  -0.0001897692
41  1  -0.0003183766  -0.0003930407  -0.0003778134  -0.0001643470   0.0012389821
41  2  -0.0035006595   0.0186789885  -0.0974061825   0.0993084170  -0.0028784431
41  3   0.0063536577  -0.0141973550   0.0004982046   0.0000668302   0.0003675077
41  4   0.0001092723   0.0000632459  -0.0002780920  -0.0005078648   0.0007212390
41  5  -0.0018368933  -0.0003011495  -0.0001260894   0.0000930074   0.0003793716
41  6  -0.0000869106   0.0003131682   0.0001125051  -0.0000791101   0.0002422750
41  7  -0.0006373047   0.0001727123   0.0002741591   0.0005264995   0.0006682963
41  8  -0.0009312484   0.0045084679  -0.0125265660   0.0279361136  -0.0177310130
41  9   0.1008524848  -0.1055563450  -0.0028895235  -0.0003864172  -0.0017481037
41 10   0.0006808279   0.0007788353  -0.0001976103   0.0000347425   0.0000144032
41 11   0.0000656883  -0.0000184411  -0.0000108778  -0.0000331715   0.0000037403
41 12  -0.0000648141   0.0000318991  -0.0000861568   0.0001493215   0.0000250566
42  1  -0.0012884305  -0.0009353788   0.0025042875  -0.0009316341   0.0071574638
42  2  -0.0203256251  -0.0390990090   0.0968195092  -0.2510404219  -0.0033280063
42  3   0.0045823565  -0.0123321266   0.0001403183   0.0003356409   0.0003813515
42  4  -0.0000727041  -0.0002398029   0.0002888881  -0.0015366461   0.0024565681
42  5  -0.0024371234  -0.0000206695  -0.0007995532   0.0020354587   0.0003046239
42  6  -0.0001967857   0.0006341331   0.0001176895   0.0000521070   0.0000112051
42  7   0.0010618505   0.0002848562   0.0005278156   0.0027813148  -0.0009027444
42  8  -0.0010332119   0.0008878179  -0.0017965519   0.0052948564   0.0422020605
42  9  -0.1055563450   0.2749839201  -0.0018184025  -0.0013757133  -0.0000321528
42 10   0.0003553266  -0.0001210322   0.0002839823  -0.0000191986  -0.0000273659
42 11   0.0000128900  -0.0000015705   0.0000045438  -0.0000415039   0.0002440297
42 12   0.0000969485   0.0000233579   0.0000212396   0.0001612792   0.0002600194
43  1  -0.0001540441  -0.0003071698   0.0004548727   0.0013354788   0.0008396450
43  2  -0.0015494679  -0.0053670902   0.0113399678  -0.0252830907  -0.0478710790
43  3   0.0126890220  -0.0387473863  -0.0077850321  -0.0050645160   0.0254842887
43  4   0.0026272966   0.0003708094   0.0008476525  -0.0002824453  -0.0001901452
43  5  -0.0008634627  -0.0000354835  -0.0000334190   0.0004938647   0.0004542317
43  6   0.0002000910   0.0004144190   0.0000634242   0.0000294675  -0.0000798939
43  7   0.0003020571   0.0000056872   0.0001394512  -0.0003277277  -0.0003178614
43  8   0.0007328248   0.0007478780  -0.0001397224   0.0006783991  -0.0040309712
43  9  -0.0028895235  -0.0018184025   0.0602088904  -0.0178192306   0.0437787834
43 10   0.0005851208   0.0007957424  -0.0031598717   0.0003542475   0.0003239146
43 11  -0.0000431349  -0.0003238009  -0.0000631567  -0.0001178087  -0.0001328967
43 12   0.0000751342  -0.0014709692  -0.0003680545   0.0001552632   0.0001089321
44  1   0.0001767068  -0.0000121197   0.0000042934   0.0002278180   0.0004038825
44  2   0.0001211560  -0.0024507656   0.0059555732  -0.0135599559   0.0162621591
44  3  -0.0931791333   0.0936429991   0.0004894780   0.0040023521  -0.0075603870
44  4  -0.0002225731  -0.0004166058   0.0005957755  -0.0001185088  -0.0002794594
44  5   0.0013304610   0.0001962771   0.0003298790  -0.0005272374  -0.0005170401
44  6  -0.0000152703  -0.0007012663  -0.0000725591  -0.0000452255   0.0000049733
44  7   0.0000616185  -0.0000636081   0.0000157243   0.0000642050   0.0000770468
44  8   0.0000389858   0.0007256157   0.0006790449  -0.0001537013  -0.0026699882
44  9  -0.0003864172  -0.0013757133  -0.0178192306   0.0946207713  -0.1009306809
44 10   0.0052440529  -0.0114378758   0.0291952118  -0.0000622629  -0.0000578673
44 11  -0.0002653297   0.0001003371  -0.0002398985   0.0000760039  -0.0002323310
44 12   0.0001077811   0.0001941126   0.0006169910  -0.0000428501  -0.0001454247
45  1  -0.0001768250  -0.0003423050   0.0006327292   0.0009118786   0.0004944451
45  2  -0.0000509975  -0.0031996191   0.0053358028  -0.0126919068  -0.0447465933
45  3   0.0964459329  -0.2563501280   0.0055677326   0.0012030937  -0.0147187936
45  4  -0.0008571438  -0.0006578234   0.0016845962  -0.0004355238  -0.0000989771
45  5  -0.0009673129   0.0001213476  -0.0002084984   0.0005067776   0.0003625702
45  6   0.0001980125   0.0005136037   0.0000274881   0.0000213185  -0.0001229023
45  7   0.0003431396   0.0000557660  -0.0000255249  -0.0006669303  -0.0000728464
45  8   0.0008924226   0.0004019435  -0.0002646099   0.0002471617  -0.0018826646
45  9  -0.0017481037  -0.0000321528   0.0437787834  -0.1009306809   0.2769524420
45 10  -0.0002696314  -0.0002917449   0.0030245780  -0.0001176325  -0.0001919108
45 11   0.0001914502   0.0001102061   0.0002037642  -0.0000864848   0.0011302376
45 12   0.0007721843   0.0002688570  -0.0004027637   0.0000771808   0.0001315854
46  1  -0.0003861978   0.0003659704   0.0000430847   0.0013469051  -0.0003107513
46  2  -0.0000713256   0.0033363745  -0.0287351823  -0.0023572617  -0.0457369411
46  3   0.0304991821  -0.0042738646  -0.0131414989   0.0205507286   0.0101692080
46  4   0.0024512258   0.0012035065   0.0001022699  -0.0012626450  -0.0009029831
46  5   0.0004586817   0.0001435572   0.0004723903  -0.0001612133  -0.0003879248
46  6   0.0003996215   0.0003618208   0.0002394602   0.0002140680  -0.0000337214
46  7   0.0000838319  -0.0000884558  -0.0000353432  -0.0000849698   0.0000138609
46  8   0.0000511078  -0.0045594354  -0.0021201136  -0.0022987916   0.0009488817
46  9   0.0006808279   0.0003553266   0.0005851208   0.0052440529  -0.0002696314
46 10   0.0564989647  -0.0259550347  -0.0015851836   0.0004808292  -0.0000967969
46 11   0.0001504610  -0.0001844340  -0.0012923328  -0.0005406942  -0.0003355000
46 12  -0.0000836195  -0.0001298499  -0.0000356041  -0.0000589389   0.0000649197
47  1  -0.0004501893   0.0003832442   0.0000725132   0.0005084441  -0.0000160467
47  2  -0.0000867917   0.0004481282  -0.0120716020  -0.0010601527   0.0234811007
47  3  -0.3081117620  -0.0149635675   0.0017049613  -0.0004607167  -0.0030704280
47  4  -0.0003479578   0.0014880241   0.0005781287  -0.0014551038  -0.0008808744
47  5  -0.0007136539   0.0003777269   0.0003630565   0.0001100296   0.0016723235
47  6   0.0005594947   0.0002190744   0.0002036240   0.0001099328   0.0000058686
47  7   0.0000686500  -0.0001074843  -0.0000334546   0.0000140409   0.0000338995
47  8  -0.0000308056  -0.0019058654   0.0005740315  -0.0011027873   0.0000460630
47  9   0.0007788353  -0.0001210322   0.0007957424  -0.0114378758  -0.0002917449
47 10  -0.0259550347   0.3292555788   0.0197728178  -0.0001012566   0.0002365395
47 11   0.0000520956   0.0011897495  -0.0001827345   0.0001823692   0.0001099808
47 12  -0.0002441093   0.0001699222  -0.0004051276  -0.0002694313   0.0003115990
48  1   0.0000115868   0.0001738594   0.0000715240   0.0002570818   0.0004154335
48  2   0.0001218453   0.0014745136  -0.0148319937  -0.0015730739  -0.0029902136
48  3  -0.0184625251  -0.0488377221   0.0085725310  -0.0162577533  -0.0053756383
48  4  -0.0014997696   0.0009026557   0.0001623029   0.0003735998  -0.0000760930
48  5   0.0022319400   0.0001447753   0.0003956341  -0.0008172044  -0.0004306177
48  6  -0.0002659453  -0.0008304639   0.0001300835   0.0000418266  -0.0000612499
48  7  -0.0000199772  -0.0000299682  -0.0000036488  -0.0000477463   0.0000604804
48  8   0.0000684610  -0.0025724280  -0.0015250720  -0.0005659652   0.0007928284
48  9  -0.0001976103   0.0002839823  -0.0031598717   0.0291952118   0.0030245780
48 10  -0.0015851836   0.0197728178   0.0520124949  -0.0002298708  -0.0000915895
48 11  -0.0002339276   0.0003783668   0.0004238215   0.0005810720   0.0000959668
48 12   0.0001701600  -0.0000923891   0.0003043447   0.0001866497  -0.0001669171
49  1  -0.0004540099  -0.0000658924   0.0000964426   0.0000051679  -0.0001225629
49  2  -0.0004623128  -0.0008370401   0.0005659600   0.0014770133  -0.0023948573
49  3  -0.0026211719  -0.0036711621  -0.0151227247   0.0012914367   0.0071136171
49  4  -0.2535291344   0.0281428499   0.1182371541   0.0000609774  -0.0002854648
49  5  -0.0000596688  -0.0000553461   0.0001334675  -0.0000102228   0.0000114583
49  6   0.0001110653   0.0001057646   0.0000504126   0.0000359045  -0.0000241825
49  7   0.0000574509  -0.0000225096   0.0000108436   0.0000026763  -0.0000018725
49  8   0.0000452484   0.0000200769  -0.0000364802   0.0000242128   0.0000173250
49  9   0.0000347425  -0.0000191986   0.0003542475  -0.0000622629  -0.0001176325
49 10   0.0004808292  -0.0001012566  -0.0002298708   0.2722191784  -0.0272668770
49 11  -0.1240952585  -0.0049407919   0.0005643863   0.0030207808   0.0040513210
49 12  -0.0002708155  -0.0013842752   0.0000027831  -0.0000226465  -0.0000572926
50  1  -0.0003092886  -0.0000295167   0.0000715627  -0.0000946106  -0.0001191137
50  2  -0.0003661565  -0.0010298106   0.0007472192   0.0010403017  -0.0020326152
50  3  -0.0026010657  -0.0024894162  -0.0117875725   0.0009170347   0.0069394698
50  4   0.0264589377  -0.0479684752  -0.0124839479  -0.0000319735  -0.0002624264
50  5  -0.0001109809   0.0000252905   0.0001030556  -0.0000034933   0.0000575280
50  6   0.0001344272   0.0000856919   0.0000228741   0.0000181083  -0.0000082940
50  7   0.0000299449  -0.0000179097   0.0000074534   0.0000201122   0.0000000699
50  8   0.0000250257   0.0000851136   0.0000143193   0.0000637531  -0.0000145950
50  9   0.0000144032  -0.0000273659   0.0003239146  -0.0000578673  -0.0001919108
50 10  -0.0000967969   0.0002365395  -0.0000915895  -0.0272668770   0.0487569058
50 11   0.0166494582   0.0274696963  -0.0009131396  -0.0147846879  -0.0118052358
50 12   0.0010610724   0.0057099918  -0.0000240362  -0.0000336406  -0.0000348652
51  1  -0.0003385513  -0.0000438217   0.0000754748  -0.0001329005  -0.0001683399
51  2  -0.0004485089  -0.0012130558   0.0003704800   0.0014958922  -0.0025874695
51  3  -0.0021719373  -0.0031582242  -0.0134658119   0.0023099320   0.0076554666
51  4   0.1155616700  -0.0130743974  -0.1078275542   0.0000726891  -0.0002148845
51  5  -0.0001228448  -0.0000356191   0.0000792262   0.0000161637   0.0000179428
51  6   0.0000881571   0.0001265459   0.0000263313   0.0000219920  -0.0000135781
51  7   0.0000170062  -0.0000149408   0.0000082226   0.0000133905  -0.0000140534
51  8   0.0000283045   0.0000474522  -0.0000173776   0.0000419886   0.0000702483
51  9   0.0000656883   0.0000128900  -0.0000431349  -0.0002653297   0.0001914502
51 10   0.0001504610   0.0000520956  -0.0002339276  -0.1240952585   0.0166494582
51 11   0.1148716488   0.0001832384   0.0003769256  -0.0007970167   0.0257810683
51 12  -0.0040041364  -0.0118742903  -0.0000296966  -0.0000247360  -0.0000481032
52  1   0.0000933746   0.0000254356   0.0000037752  -0.0000220014   0.0002400464
52  2   0.0000678007   0.0000172241  -0.0001842097  -0.0002809000   0.0027749153
52  3  -0.0011907688  -0.0002076095  -0.0031472041  -0.0224243271  -0.0072828778
52  4  -0.0592244047   0.0639312020   0.0075871456  -0.0001123978  -0.0001175687
52  5  -0.0000312921   0.0000297350   0.0000534708  -0.0000049712   0.0000890579
52  6   0.0000702561   0.0000585932   0.0000053242  -0.0000026348  -0.0000019503
52  7  -0.0000009276  -0.0000065526  -0.0000051443   0.0000064018  -0.0000076189
52  8  -0.0000022666   0.0000882953   0.0003090735   0.0001064687   0.0000217242
52  9  -0.0000184411  -0.0000015705  -0.0003238009   0.0001003371   0.0001102061
52 10  -0.0001844340   0.0011897495   0.0003783668  -0.0049407919   0.0274696963
52 11   0.0001832384   0.0648643350  -0.0705217447  -0.0015136486   0.0000038482
52 12   0.0011007227   0.0008274826  -0.0000382731  -0.0000161235   0.0000091536
53  1  -0.0000348426  -0.0000211664   0.0000322426   0.0000037213   0.0000826403
53  2   0.0000236519  -0.0000064825   0.0003158566   0.0000475492   0.0008812876
53  3   0.0011729705   0.0003573864  -0.0033861345  -0.0096558671  -0.0062471535
53  4   0.0698931917  -0.3002726185  -0.0070024745  -0.0000551403  -0.0002808077
53  5  -0.0001642946   0.0000127488   0.0000888378   0.0000224007   0.0000576070
53  6   0.0001537876   0.0001162811   0.0000189533   0.0000033119  -0.0000054726
53  7   0.0000182486  -0.0000187749  -0.0000088002   0.0000066005   0.0000004685
53  8   0.0000089352   0.0002424165   0.0001165437   0.0000428074   0.0000396910
53  9  -0.0000108778   0.0000045438  -0.0000631567  -0.0002398985   0.0002037642
53 10  -0.0012923328  -0.0001827345   0.0004238215   0.0005643863  -0.0009131396
53 11   0.0003769256  -0.0705217447   0.3200669873   0.0123132405   0.0036571929
53 12  -0.0103571109  -0.0005108032  -0.0000362114  -0.0000484084  -0.0000345515
54  1  -0.0000643988  -0.0000007975  -0.0000330159   0.0000543420   0.0001834206
54  2  -0.0000429834   0.0002172990  -0.0000517106  -0.0000838902   0.0008521626
54  3   0.0015509110  -0.0000094007  -0.0012609309  -0.0174199436  -0.0041067862
54  4   0.0066388131  -0.0107261852  -0.0471143270   0.0001327959  -0.0000801821
54  5   0.0001802950  -0.0000612362   0.0001000361  -0.0001028213  -0.0001329497
54  6  -0.0000642775   0.0000011394   0.0000274820   0.0000098894  -0.0000243940
54  7   0.0000161911  -0.0000172445   0.0000006229  -0.0000003595  -0.0000072720
54  8  -0.0000076366   0.0000998593   0.0001043122  -0.0000185548  -0.0000302323
54  9  -0.0000331715  -0.0000415039  -0.0001178087   0.0000760039  -0.0000864848
54 10  -0.0005406942   0.0001823692   0.0005810720   0.0030207808  -0.0147846879
54 11  -0.0007970167  -0.0015136486   0.0123132405   0.0484063236  -0.0073920046
54 12   0.0286470358   0.0033355120   0.0000545377   0.0000182534  -0.0000361493
55  1   0.0000674773   0.0000139790   0.0000322042   0.0000576511  -0.0000263958
55  2   0.0001909961  -0.0000264429  -0.0001445211  -0.0000963978   0.0021835752
55  3   0.0011243603  -0.0013722432  -0.0082607346  -0.0004038873  -0.0207071501
55  4  -0.0443994717   0.0137126798  -0.0144358007  -0.0000766039  -0.0000458238
55  5  -0.0001857532   0.0000237597  -0.0000357261   0.0001111242   0.0001163414
55  6   0.0000739633   0.0001283567   0.0000008968  -0.0000016718  -0.0000053619
55  7   0.0000108010  -0.0000008199  -0.0000083988  -0.0000683087  -0.0000044245
55  8   0.0000588331   0.0000582639   0.0000432983  -0.0000384440   0.0002123980
55  9   0.0000037403   0.0002440297  -0.0001328967  -0.0002323310   0.0011302376
55 10  -0.0003355000   0.0001099808   0.0000959668   0.0040513210  -0.0118052358
55 11   0.0257810683   0.0000038482   0.0036571929  -0.0073920046   0.0465841581
55 12  -0.0060216785   0.0164784614  -0.0000705334  -0.0000166790  -0.0000097237
56  1   0.0000004724  -0.0000263866   0.0000469967   0.0000936173  -0.0000469201
56  2   0.0001602020   0.0001577111  -0.0000003913  -0.0002448527   0.0013922285
56  3   0.0000477767   0.0000997510  -0.0057615408   0.0036744230  -0.0175118091
56  4   0.0092907135  -0.0899041241   0.0991140108  -0.0000010205  -0.0001475627
56  5   0.0000245308  -0.0000071093   0.0000504979  -0.0000396178  -0.0000554300
56  6   0.0000819340  -0.0000835644   0.0000118831   0.0000018595  -0.0000064632
56  7   0.0000173220  -0.0000057352  -0.0000127175  -0.0000318229   0.0000271702
56  8   0.0000283374  -0.0000282690  -0.0000289751  -0.0000524532   0.0000763791
56  9  -0.0000648141   0.0000969485   0.0000751342   0.0001077811   0.0007721843
56 10  -0.0000836195  -0.0002441093   0.0001701600  -0.0002708155   0.0010610724
56 11  -0.0040041364   0.0011007227  -0.0103571109   0.0286470358  -0.0060216785
56 12   0.0957735829  -0.1071937790   0.0000451221   0.0000000320  -0.0000107640
57  1  -0.0001085783  -0.0000017117  -0.0000025730   0.0000786735   0.0000123815
57  2   0.0000020407   0.0001153899  -0.0000580186   0.0002752887   0.0010591048
57  3  -0.0003160058   0.0016943079  -0.0052193128  -0.0016216043  -0.0122525619
57  4  -0.0105161360   0.1036050146  -0.2710100572   0.0000570882  -0.0001403598
57  5  -0.0001718886  -0.0000475774   0.0000434010   0.0000511999  -0.0000295204
57  6   0.0000789705   0.0001347429   0.0000280598   0.0000152442  -0.0000287600
57  7   0.0000230707  -0.0000125840  -0.0000131580  -0.0000356996   0.0000057382
57  8   0.0000248488   0.0000263942   0.0000114962  -0.0000254936   0.0002477771
57  9   0.0000318991   0.0000233579  -0.0014709692   0.0001941126   0.0002688570
57 10  -0.0001298499   0.0001699222  -0.0000923891  -0.0013842752   0.0057099918
57 11  -0.0118742903   0.0008274826  -0.0005108032   0.0033355120   0.0164784614
57 12  -0.1071937790   0.2897275502   0.0000004165  -0.0000233054  -0.0000665345
58  1  -0.0005911009  -0.0000295157  -0.0000287291  -0.0011965286   0.0006632743
58  2   0.0011730911   0.0006693833   0.0006512089   0.0005415809   0.0003479760
58  3  -0.0001184506   0.0006170457   0.0000820142  -0.0002179420  -0.0003068473
58  4   0.0000182024  -0.0000858273   0.0001457806  -0.0095324362   0.0066439933
58  5  -0.0052308501   0.0064444428  -0.0008023106  -0.0030412135  -0.0517230784
58  6   0.0931152879  -0.0941259624   0.0000061756   0.0000656153  -0.0000914906
58  7   0.0000663023  -0.0001179299  -0.0000001896   0.0010381594  -0.0002017217
58  8   0.0002609880  -0.0002167119  -0.0000586323   0.0001064096  -0.0002188319
58  9  -0.0000861568   0.0000212396  -0.0003680545   0.0006169910  -0.0004027637
58 10  -0.0000356041  -0.0004051276   0.0003043447   0.0000027831  -0.0000240362
58 11  -0.0000296966  -0.0000382731  -0.0000362114   0.0000545377  -0.0000705334
58 12   0.0000451221   0.0000004165   0.0553157139  -0.0996176308   0.1000323086
59  1   0.0005166398  -0.0005477398   0.0010738172  -0.0010305175  -0.0001160634
59  2  -0.0053248706   0.0002293928  -0.0004304383   0.0007494924   0.0000708246
59  3   0.0004118557  -0.0003011014  -0.0000103735  -0.0001213372  -0.0000826265
59  4   0.0000168881   0.0000301479   0.0001083975  -0.0054847117   0.0113531754
59  5  -0.0081299397  -0.0012970966   0.0029280333  -0.0066790416   0.1067262909
59  6  -0.2755723340   0.2220280256  -0.0000104357  -0.0000749843  -0.0002941032
59  7   0.0000590796   0.0005350308   0.0000055900   0.0001537446  -0.0023755687
59  8   0.0001456074  -0.0000183734  -0.0000573504  -0.0001369901  -0.0003445965
59  9   0.0001493215   0.0001612792   0.0001552632  -0.0000428501   0.0000771808
59 10  -0.0000589389  -0.0002694313   0.0001866497  -0.0000226465  -0.0000336406
59 11  -0.0000247360  -0.0000161235  -0.0000484084   0.0000182534  -0.0000166790
59 12   0.0000000320  -0.0000233054  -0.0996176308   0.2642825502  -0.2035575785
60  1   0.0002010136   0.0006201681   0.0009305027   0.0006054420  -0.0001198588
60  2  -0.0001847214   0.0004304809   0.0000348658  -0.0002186726   0.0000634933
60  3  -0.0001293385   0.0000857991  -0.0001786144   0.0001248548   0.0000160677
60  4   0.0000301458   0.0000715230   0.0001785447  -0.0120066577   0.0364775226
60  5  -0.0260920311  -0.0028140855  -0.0060308860  -0.0065615018  -0.0866687145
60  6   0.1735363888  -0.2163869195   0.0001407286   0.0001315811   0.0003484227
60  7   0.0000885342   0.0003767988   0.0002863211   0.0002700674  -0.0017722012
60  8   0.0014272065  -0.0001203623   0.0001251099   0.0001337093  -0.0001897692
60  9   0.0000250566   0.0002600194   0.0001089321  -0.0001454247   0.0001315854
60 10   0.0000649197   0.0003115990  -0.0001669171  -0.0000572926  -0.0000348652
60 11  -0.0000481032   0.0000091536  -0.0000345515  -0.0000361493  -0.0000097237
60 12  -0.0000107640  -0.0000665345   0.1000323086  -0.2035575785   0.2459633720
$end
