$vibrational normal modes
 1  1  -0.0472623309  -0.0353309903   0.0188403052   0.1955704092   0.0467559596
 1  2  -0.1173623967  -0.0180549233   0.0148312113   0.0810644630  -0.0550187550
 1  3  -0.0066071375   0.0026314649   0.0158991537   0.1039244487  -0.1166920965
 1  4   0.0588880274   0.0986788226   0.1283929091  -0.1775138028  -0.0166484531
 1  5   0.0417613998  -0.0162976532  -0.0141289913   0.0800315993   0.0668043017
 1  6  -0.0253233107  -0.1447848455   0.0046968344  -0.0386888508   0.0250075852
 1  7  -0.0148743916  -0.1301171373   0.0630210657   0.0204738672  -0.0255125815
 1  8   0.0201832909  -0.0057703029   0.0090329203  -0.0086832453  -0.0018821204
 1  9   0.0000313334  -0.0002127001  -0.0135000129   0.0001522474  -0.0010936159
 1 10  -0.0017008948   0.0001053845  -0.0364399068  -0.0138145781   0.0002212079
 1 11  -0.0001984031   0.0000897070  -0.0002473872   0.0000077800   0.0000496512
 1 12   0.0000077406  -0.0000043660  -0.0043295913  -0.0166603146  -0.0001161861
 2  1   0.0192816215  -0.0767599366   0.0641365352  -0.0155279642   0.0777944119
 2  2   0.3169903675   0.0348482449  -0.0550490811  -0.0678602825  -0.0209087656
 2  3  -0.0046608790   0.0035950391  -0.1303960437  -0.0736553194   0.0213423970
 2  4  -0.1495734890   0.2339490057  -0.0901229885  -0.1124308617  -0.0201533929
 2  5   0.0473589189  -0.0039283934   0.0126791069   0.0572606605   0.0277627052
 2  6  -0.0257515642   0.0030222285   0.0078694156  -0.0085907099   0.0277857726
 2  7   0.0189528022  -0.0515040154   0.0966576549  -0.0089924420   0.0143499991
 2  8  -0.0368011754   0.0063336558  -0.0108752894   0.0139598800   0.0234690976
 2  9   0.0002239778   0.0099780693   0.0544458320  -0.0003845016  -0.0021769982
 2 10  -0.0049117168  -0.0059136703  -0.0402983152  -0.0074845305   0.0000852171
 2 11  -0.0010521764   0.0002550375  -0.0006899378  -0.0005084946  -0.0005916648
 2 12  -0.0000433902  -0.0000015642  -0.0266201643   0.0696350714   0.0001132982
 3  1  -0.1325366037   0.2938432360  -0.0842473915   0.0988104534   0.0128695854
 3  2   0.0042395796   0.2093810433   0.0659529905   0.0205666714   0.1271044613
 3  3   0.1223761654  -0.0048436835   0.0527246727  -0.0833627935   0.0394684597
 3  4   0.0872626851   0.0782118657  -0.1109599898  -0.0133264836  -0.0068810304
 3  5   0.0112356237  -0.0035533330   0.0028640031   0.0270029751   0.0170306412
 3  6  -0.0141429896   0.0386772373   0.0041029224   0.0043775324   0.0109891884
 3  7   0.0260066621  -0.0403405860   0.1174305440   0.0045822438  -0.0245787592
 3  8   0.0287878162  -0.0317468080   0.0049332108  -0.0211359862  -0.0384447540
 3  9  -0.0052401741  -0.0201661872  -0.0303053874   0.0002150792   0.0004450429
 3 10   0.0001666175  -0.0008169062  -0.0485297351  -0.0154081097   0.0002423932
 3 11   0.0004254114  -0.0002693973   0.0012422560   0.0003880464   0.0003783640
 3 12   0.0000292214  -0.0000035730  -0.0494313845  -0.0375308986  -0.0002808491
 4  1  -0.0723747068  -0.0147322554   0.0241503491   0.1724890057   0.0998358977
 4  2  -0.0856437922   0.0096434454   0.0020677840   0.0440415174   0.0170410861
 4  3   0.0431803795  -0.0009710719   0.0041360979   0.0057135644  -0.0567198595
 4  4   0.0146288066   0.2674009978   0.0367812007  -0.0065670727  -0.0171085674
 4  5   0.0691045037  -0.0271312620  -0.0386843840   0.0137905418   0.0222834193
 4  6   0.0408146469   0.0150092087  -0.0118953837   0.0538317729  -0.0698552126
 4  7   0.1226037833   0.2503521332  -0.1090796757  -0.0738024872   0.0786358186
 4  8  -0.0544529665   0.0145738880  -0.0550786985   0.0073667688  -0.0787286140
 4  9   0.0369426373   0.0334170616  -0.0080294710  -0.0000475760  -0.0009302389
 4 10  -0.0016442664  -0.0010015111   0.0138596851   0.0141332887  -0.0012598436
 4 11  -0.0078175827   0.0025277124  -0.0088980529  -0.0021953893  -0.0018194210
 4 12  -0.0000727860  -0.0000257303   0.0018075402  -0.0007253202   0.0001066977
 5  1  -0.0314717358  -0.0005398769  -0.0058993688   0.0557935138   0.0191460240
 5  2   0.2548251734  -0.0162938232  -0.0039207727   0.0428263219  -0.0303340391
 5  3   0.0423826221  -0.0008371230  -0.0191319978   0.0380860467   0.0098579396
 5  4   0.0538063003   0.0442362477  -0.0236045950  -0.1145263810  -0.0124766864
 5  5  -0.2163023869   0.0086195717   0.0069349381   0.0017839725  -0.0257638766
 5  6  -0.1623543501   0.0405434586   0.0253712117  -0.0203453845   0.0655810403
 5  7  -0.0208883786   0.0468916688  -0.1622225136  -0.0169366568   0.0173980573
 5  8   0.0225610635   0.0219716882   0.0238577632   0.0087414335   0.0202218795
 5  9  -0.0075795398  -0.0169250800  -0.1753551462   0.0013839636   0.0066188072
 5 10   0.0158830896   0.0222609712  -0.0082877673  -0.0493074502   0.0021351712
 5 11   0.0246987085  -0.0075790931   0.0258282278   0.0070262626   0.0062974819
 5 12   0.0002816256   0.0000020617   0.0000115650   0.0010934455  -0.0000571747
 6  1  -0.0484988910   0.1749970169  -0.0225546834   0.0706300635  -0.0308006867
 6  2   0.0060627954   0.2077365666   0.0344132026  -0.0232735588  -0.0053775382
 6  3  -0.0238383140   0.0073110355  -0.0458332890  -0.0056839975  -0.0552325590
 6  4  -0.0597091796  -0.1191044300   0.0104644803  -0.1693215904   0.0078242796
 6  5   0.1357489030   0.0348807290   0.0620875291  -0.0150388603  -0.0296129534
 6  6   0.0982007301   0.0616004913  -0.0140984493  -0.0158970050  -0.0127636245
 6  7  -0.1472711361  -0.0660158896  -0.1619374750   0.0381141867   0.0180372822
 6  8  -0.0954021192   0.0586018697  -0.0057528960   0.0592740511   0.0310276837
 6  9   0.0195428579   0.0332767784  -0.0244258491   0.0000594379   0.0023122842
 6 10   0.0062874586   0.0083142383  -0.0224240783   0.0182868417  -0.0052340153
 6 11  -0.0460852989   0.0146897625  -0.0515937767  -0.0126140300  -0.0111686503
 6 12  -0.0004976086  -0.0000442896  -0.0023068650  -0.0015094917   0.0004700133
 7  1  -0.0258387647  -0.0438902539   0.0571421421   0.1807419775   0.0495447672
 7  2  -0.0894140872  -0.0250601854   0.0015336688   0.0180264021  -0.0494723953
 7  3  -0.0293520108   0.0030683836  -0.0390990243   0.0303509188  -0.0230145649
 7  4   0.0289957703   0.1681462980  -0.0941104666   0.1686388199  -0.0147834429
 7  5   0.0036729580   0.0208014979   0.1222936001  -0.0178414952   0.0644697715
 7  6   0.0469391898   0.0492642142   0.0182951249   0.0305824567   0.1107294987
 7  7  -0.2286549728   0.0455351067  -0.0163168529   0.0097225797  -0.0011779997
 7  8  -0.0230876436  -0.0436582101   0.0170455103   0.0270579889  -0.0045760959
 7  9  -0.0636901333  -0.1283092439   0.0335811814  -0.0009303492   0.0124101697
 7 10   0.0165097800  -0.0088907193   0.0008762037   0.0114065046  -0.0009564179
 7 11   0.0017892641  -0.0006521123   0.0039389001  -0.0127542294  -0.0132135203
 7 12  -0.0008015976  -0.0001183422   0.0003507425   0.0000139960   0.0000693555
 8  1  -0.0283836099  -0.1063499406  -0.0694208762   0.0522292491   0.0048101743
 8  2   0.1791725662   0.0388669387  -0.0044331881   0.1764468985  -0.0482291102
 8  3   0.0814865651  -0.0024806639   0.1793010174   0.0058436512  -0.0934901312
 8  4  -0.0864780063  -0.1198666068  -0.1438449826  -0.0203145934   0.0096296192
 8  5  -0.0428270950  -0.0004709443   0.0182336961   0.0521087682  -0.0751112698
 8  6  -0.0325602251  -0.0252086620  -0.0329179673   0.0504509074  -0.0839704017
 8  7  -0.1211098020   0.0851750913   0.0556255707   0.0270062965  -0.0335648063
 8  8  -0.0429175802  -0.0243563405  -0.0673050653  -0.0509625214  -0.0158681465
 8  9  -0.0069393859  -0.0073693221   0.0360855251   0.0009806115   0.0140956801
 8 10   0.0270557555   0.0238973707   0.0016067468   0.0028745150  -0.0189527388
 8 11   0.0153808467   0.0032863488  -0.0344199360   0.0524243508   0.0554931460
 8 12   0.0034552836   0.0001076022   0.0001710272  -0.0000986014   0.0000643935
 9  1   0.0009112254   0.1475155920   0.0377228718   0.0837456690  -0.1049811869
 9  2   0.0123785393   0.1461878045   0.0287085634  -0.0871700677  -0.1024828378
 9  3  -0.1458976049   0.0133083263  -0.1117966713   0.0625768286  -0.0252243335
 9  4   0.0050100262  -0.1191528861  -0.1356070473  -0.0601826810   0.0163072320
 9  5   0.0313604933  -0.0058254347  -0.0382015027  -0.0399683685  -0.0368273896
 9  6  -0.0527945647  -0.0730915003   0.0086258024   0.0547247379   0.0134949174
 9  7   0.0336705699   0.2360874857   0.1032662184  -0.0158888878   0.0081432530
 9  8   0.0357126878  -0.0247732458   0.0622067813   0.0090948336   0.0221464769
 9  9  -0.0031612017   0.0162994915   0.0113314721  -0.0013494817   0.0208319327
 9 10   0.0440724127   0.0500588194   0.0005393173  -0.0049244229  -0.0325107865
 9 11   0.0415080883  -0.0012286392  -0.0212110313  -0.0346217028  -0.0327051424
 9 12  -0.0019352344   0.0001241655   0.0003242304   0.0000119808  -0.0001478692
10  1  -0.0463223057  -0.0216316073   0.0606336239   0.1571548188   0.1055242422
10  2  -0.0574203342   0.0046204247   0.0124793900   0.0159587203  -0.0849032188
10  3   0.0444021843   0.0176157898  -0.0692035288   0.0343641960  -0.0221929816
10  4  -0.0102893275  -0.0126415640  -0.1437144008   0.0910855484  -0.0017026379
10  5   0.0055463490   0.1036159184   0.3619472007  -0.0994783385  -0.0735640236
10  6  -0.0338319900   0.0023378165  -0.0081583254  -0.0682258760  -0.0584426883
10  7   0.1142860810  -0.1348295379  -0.0351796166  -0.0198199519   0.0113605956
10  8  -0.0301433854  -0.0928168073   0.0299622853  -0.0600884751   0.0286235626
10  9   0.0116332897   0.0704348536  -0.0081739486   0.0013482331  -0.0184347683
10 10  -0.0187296859   0.0165910854  -0.0003267283   0.0001265405   0.0069533220
10 11   0.0030306552  -0.0008204513  -0.0037164457   0.0096437485  -0.0102353815
10 12  -0.0014850645  -0.0002680662   0.0000592935   0.0000324535   0.0000391061
11  1  -0.0086629828  -0.0240613769  -0.1423437141   0.1276324664  -0.0569058065
11  2   0.1147672460  -0.0160820486  -0.0320909710   0.2134039956   0.1136826467
11  3  -0.1975124357  -0.0590952107   0.0308725786   0.0072321356  -0.0373011381
11  4  -0.0343818408  -0.0126841130  -0.1230878318   0.0654042974   0.0083132348
11  5  -0.0050466892  -0.0335198342  -0.1011611183   0.0574214791  -0.0480855738
11  6   0.0984554333   0.0083960845   0.0192225477  -0.0334749589   0.0710264569
11  7   0.1275339394  -0.0690214416  -0.0593214119   0.0073194565  -0.0000071231
11  8  -0.0008661924  -0.0275478215   0.0499454516   0.0488106580  -0.0197734676
11  9   0.0077204035   0.0042680875   0.0113865925  -0.0007364009  -0.0222473209
11 10  -0.0213937282   0.0331931972  -0.0005584836   0.0010799906   0.0185605225
11 11   0.0063455583  -0.0012686257  -0.0064391786  -0.0617547645   0.0594770535
11 12   0.0085247524   0.0000182648  -0.0000297284  -0.0000643156  -0.0001755493
12  1   0.0222666180   0.0260088296   0.1016459805   0.0552967993  -0.1508119563
12  2   0.0143513686   0.1433774249   0.0347383033  -0.1165932052  -0.1967649129
12  3  -0.0199676061   0.0392830067   0.0926355052   0.0119189954  -0.0232315862
12  4   0.0158397647   0.0335996592  -0.1287591988   0.0912734488   0.0079255464
12  5  -0.0195470219  -0.0924584278  -0.3010348489   0.0328311049   0.1147038602
12  6  -0.0189026527   0.0369014085  -0.0087311933  -0.0078749679  -0.0525167846
12  7   0.0554694908  -0.1577503393  -0.0679303549  -0.0145137295   0.0145463724
12  8  -0.0182891843   0.0107939997  -0.0362844629  -0.0208320272  -0.0025809251
12  9  -0.0128638881  -0.0313024027   0.0028097720   0.0019424750  -0.0298719793
12 10  -0.0268219501   0.0561406060  -0.0008472131   0.0031404821   0.0509567399
12 11   0.0237980629  -0.0050545147  -0.0276790997   0.0240042672  -0.0291503893
12 12  -0.0043062377  -0.0000428163  -0.0000755431   0.0000360516   0.0001303873
13  1  -0.0078692634  -0.0571435856   0.0922242362   0.1723848496   0.0390050549
13  2  -0.0707342919  -0.0386008441  -0.0299329945   0.0555483554   0.0128167914
13  3   0.0814321062  -0.0054317752  -0.1092374980  -0.0279767955   0.0691932827
13  4  -0.0230691981  -0.1447858679  -0.0203322623  -0.0076766916   0.0058424275
13  5  -0.0043665664   0.1364381309  -0.1706971475   0.0340013525   0.0215278023
13  6   0.0054269131   0.0002700561  -0.0037353854   0.0134023440   0.0072188804
13  7   0.0022965533  -0.0002941362  -0.0039005138   0.0009877316  -0.0002528099
13  8  -0.0018965755  -0.0032795063   0.0005092934  -0.0022456570   0.0018261232
13  9   0.0054640542  -0.0006806331  -0.0002286797   0.0006624852  -0.0014795125
13 10   0.0016815384  -0.0006004492  -0.0000067529  -0.0002304918  -0.0001189579
13 11   0.0000269125   0.0001655862   0.0000365453  -0.0000050327   0.0000244172
13 12  -0.0000244114   0.0001436718  -0.0000007598  -0.0000015622  -0.0000054577
14  1  -0.0317323608  -0.1531673960  -0.2155929804   0.1207554437  -0.0718617907
14  2   0.0267479159   0.0516427597   0.1501805484  -0.0898533133   0.0162863871
14  3  -0.0454775246   0.0285726113   0.0216029491  -0.0339303691   0.0404184385
14  4   0.0087547524   0.0136285465   0.0355716972  -0.0083125988  -0.0025970394
14  5   0.0034722314   0.1234508727   0.0073853993  -0.0105624816   0.0017989814
14  6  -0.0137981256  -0.0010126433   0.0162257476  -0.0148318664  -0.0247768544
14  7  -0.0142767409   0.0072483977   0.0109214379  -0.0072081661   0.0035973037
14  8   0.0056942195   0.0061280885   0.0007752223   0.0045568654  -0.0005912555
14  9   0.0029599690  -0.0034377665   0.0004298627  -0.0028341122   0.0010641148
14 10  -0.0014562841   0.0010497711   0.0000087837   0.0000066139   0.0000728242
14 11   0.0000710834   0.0001191125  -0.0000346232   0.0000514793  -0.0000447257
14 12   0.0001008173   0.0000091660   0.0000120016   0.0000094920   0.0000053575
15  1   0.0848627116   0.0149477515   0.1701642909   0.0794588322  -0.2423072224
15  2   0.0225627460   0.0597690971  -0.0843169139   0.0312111633  -0.0142553182
15  3  -0.0190274975  -0.0231972639   0.0880710674  -0.0454031236   0.0307882349
15  4   0.0141141104   0.0648783372   0.0610580691  -0.0126316823  -0.0046319708
15  5   0.0063272504   0.1465929906   0.0748293600  -0.0143973281  -0.0273103010
15  6  -0.0005523804  -0.0039756276  -0.0116100615  -0.0346791165   0.0021806801
15  7   0.0048547711   0.0312746763   0.0132541921   0.0066489223  -0.0052551773
15  8   0.0040333473   0.0107411945  -0.0053871107   0.0022077572  -0.0008620796
15  9   0.0022285216  -0.0050000256   0.0002855174   0.0015815516   0.0024609207
15 10  -0.0027993678   0.0016879482   0.0000621363   0.0001326935   0.0001222265
15 11   0.0001450209   0.0001116018  -0.0000124455  -0.0000478982   0.0000310443
15 12  -0.0000642364  -0.0000399476   0.0000038060  -0.0000071853  -0.0000022426
16  1  -0.0811717335  -0.0234748589   0.0950164501   0.1382070517   0.1221537602
16  2  -0.0248672484   0.0060176897   0.0541969294   0.1098789407  -0.1237653928
16  3  -0.0818147638  -0.0016102475   0.0431285406  -0.1180482042   0.1506100048
16  4  -0.0015784686  -0.0760954585   0.0727363146  -0.0395841373   0.0013646619
16  5  -0.0018842544  -0.3659050359   0.0862206167  -0.0112501251  -0.0011831862
16  6   0.0053740534   0.0065625831   0.0211774543  -0.0713400988  -0.0210640809
16  7  -0.0204918812   0.0521496194   0.0211054524   0.0009459249  -0.0023925944
16  8   0.0050082396   0.0030442161  -0.0007356973  -0.0040761677   0.0161646585
16  9   0.0733711873  -0.0428476931   0.0021695171   0.0122036096  -0.0313451680
16 10   0.0212349384  -0.0051755793   0.0001391444  -0.0001991008   0.0020762844
16 11   0.0040853632   0.0233389503   0.0030451826   0.0008345187  -0.0016540619
16 12   0.0153968193   0.0680435784   0.0000141134   0.0000013932   0.0000038860
17  1   0.1320259257  -0.0289796102  -0.2926959515   0.2149873494  -0.1453743202
17  2  -0.0372536650  -0.0280388172  -0.2354469021  -0.1394856009   0.0035733912
17  3   0.0845094536  -0.0014591435  -0.0231367949  -0.0050171815   0.0121573790
17  4  -0.0037622052  -0.0363776768   0.0059900458  -0.0154144286   0.0007001528
17  5  -0.0003008672  -0.2372382325   0.0757369863  -0.0144195647  -0.0026737011
17  6  -0.0110388003  -0.0029640125  -0.0941188936   0.0395049138   0.0419108107
17  7   0.0205827691  -0.0187408339  -0.0096701585   0.0021688901  -0.0006616792
17  8  -0.0035320883  -0.0082310364   0.0016968082  -0.0083686749   0.0130352807
17  9   0.0471635509  -0.0243422402  -0.0002261263  -0.0532964743   0.0148670959
17 10  -0.0115222626   0.0039600164  -0.0000439648   0.0002300143   0.0015992176
17 11   0.0034528892   0.0221291745   0.0031821098  -0.0030868402   0.0076441228
17 12  -0.0782427181  -0.0254558296  -0.0000147030  -0.0000001118  -0.0000020376
18  1   0.0278576159  -0.1422331889   0.2376136412   0.0361543601  -0.2803665492
18  2   0.0231623581   0.0763956456   0.1638423837   0.0078819017   0.1731527940
18  3   0.0729557755   0.0002816890  -0.0730151416   0.0319641554  -0.0287963944
18  4  -0.0064691210  -0.0242805760  -0.0144945952  -0.0116907923   0.0027317935
18  5  -0.0014633568  -0.2433683314   0.0886913434  -0.0136340303  -0.0173870967
18  6  -0.0015896445  -0.0113158699   0.0587978085   0.1010628417  -0.0029674877
18  7   0.0110484343  -0.0634002892  -0.0192567770  -0.0045605198   0.0037279017
18  8  -0.0053939523  -0.0142317202   0.0058769208  -0.0079799351   0.0127886093
18  9   0.0512977799  -0.0235724552   0.0013942051   0.0316675936   0.0390649076
18 10  -0.0263226843   0.0077264564  -0.0001772671   0.0007426009   0.0025560464
18 11   0.0047758956   0.0283190991   0.0038038418   0.0023829957  -0.0051282143
18 12   0.0512775273  -0.0589366555  -0.0000226728  -0.0000032708   0.0000244274
19  1   0.0020672394  -0.0080956084   0.0954809238   0.1230841304   0.1596371667
19  2  -0.0047393999   0.0263084397  -0.0204580376  -0.1011634386   0.0777260372
19  3  -0.0161709784  -0.0021221827   0.0336757043  -0.0154874783  -0.0295833148
19  4  -0.0196504847   0.1405336136   0.0409725844   0.0250321783   0.0246779383
19  5   0.0011167756  -0.0572891097  -0.2924734226  -0.1802840346  -0.2418293228
19  6  -0.0271539788  -0.0347149917  -0.0106689339  -0.0121049222  -0.0181996899
19  7  -0.0619135531  -0.0541541682   0.0066492824   0.0414336911  -0.0175649009
19  8  -0.0024903499  -0.0035020307   0.0188130570  -0.0097085500  -0.0013559914
19  9  -0.0056214773  -0.0094494661   0.0001491437  -0.0000080734  -0.0016675519
19 10  -0.0027535288  -0.0004006507   0.0088636413  -0.2312974584  -0.0000389219
19 11   0.0001231944   0.0000788313  -0.0008090802  -0.0000956019   0.0002843690
19 12   0.0000369716  -0.0000033896  -0.0000551911  -0.0002337246  -0.0009043158
20  1  -0.0260372428   0.0254724676   0.0094082135   0.0568529549   0.0224865573
20  2   0.2731127524  -0.0298849396  -0.0006879799   0.0040217155  -0.0178527520
20  3   0.0324547429   0.0001284573  -0.0218882737   0.0466251401   0.0220825191
20  4   0.0782837329   0.0044959003   0.0391699945  -0.0354232774   0.0049882563
20  5  -0.0837625185   0.0043232574  -0.0457846973  -0.1188500035   0.0211624149
20  6   0.1295287719  -0.0174277026  -0.0097336388   0.0040717376  -0.0228947369
20  7  -0.0159625116  -0.0125789807  -0.0144048084   0.0734315902   0.0855908556
20  8   0.0416870916   0.0322939760   0.0699712420  -0.1023775412  -0.0591052936
20  9   0.0032945447  -0.0035026233   0.0812317320  -0.0007036796  -0.0003943703
20 10  -0.0021582540  -0.0113696087  -0.0187103312   0.4172067963   0.0005543558
20 11  -0.0010721583   0.0002363281  -0.0001791398  -0.0002153018   0.0000940042
20 12  -0.0000009951  -0.0000234091   0.0002621780  -0.0002258905   0.0030215440
21  1  -0.0054828788  -0.0001366874  -0.0249158555  -0.0106935051   0.0347496862
21  2  -0.0031987194   0.3293099711  -0.0292949253   0.0304669887  -0.0016152873
21  3  -0.0033807810   0.0004128467  -0.0315077107  -0.0003336028  -0.0349200233
21  4  -0.0835761590  -0.0583821849   0.1003158460   0.0463291227  -0.0082304064
21  5  -0.0750991842   0.0166783350   0.0852681197   0.0536641305   0.0699514081
21  6  -0.0244663467   0.0131645741   0.0069109104  -0.0014433833   0.0129202366
21  7   0.0075463751   0.0113219001  -0.0357927616   0.0588590568   0.1031478647
21  8   0.0500626585   0.0341271009   0.0686475154  -0.1031345659  -0.0587563070
21  9   0.0013124860  -0.0090766920   0.0776821454  -0.0006732063  -0.0036192018
21 10  -0.0089001952  -0.0137613818   0.0259720065  -0.4508116600   0.0000816943
21 11  -0.0017177333   0.0006605025  -0.0025695055  -0.0008393297  -0.0009472014
21 12  -0.0000483524  -0.0000386340  -0.0000437212  -0.0001210979  -0.0011939448
22  1  -0.2281602708  -0.0386582953   0.1766006505   0.1036802071   0.1354665589
22  2   0.0385593546  -0.0048924745  -0.0998226144  -0.2361368713   0.1314535409
22  3  -0.0782358259  -0.0044811749   0.1242432825  -0.0122114957  -0.0572621057
22  4  -0.0288614704  -0.1322835006   0.0221318070   0.0290959098   0.0228237076
22  5  -0.0095633627   0.0106510078   0.0718858994   0.0754903118   0.0346759994
22  6  -0.0544949625   0.0102649388   0.0066556569  -0.0024139748   0.0149404785
22  7   0.0090413767   0.0109820769  -0.0156696722   0.0014730885   0.0178560227
22  8   0.0256171659  -0.0090057939  -0.0145564093   0.0031441385   0.0023062705
22  9   0.0015260188   0.0039641492   0.0011882961  -0.0000018442   0.0013338368
22 10   0.0023581358   0.0005370705  -0.0073612894   0.1436473282   0.0000272679
22 11   0.0001509762  -0.0000647206   0.0003596240   0.0000954373   0.0000194278
22 12  -0.0000057632   0.0000036013  -0.0000066242   0.0001060947   0.0004507701
23  1  -0.0376416773  -0.0849451066   0.0403851310  -0.0046186280   0.0654643844
23  2   0.2921593430   0.0372595884  -0.0597591641  -0.0211997029   0.0047288496
23  3   0.0144277295  -0.0065680441   0.0163583406   0.0916803296   0.0788019087
23  4   0.2114270830  -0.0690018156  -0.0018012859   0.0325159689   0.0116696432
23  5   0.1678649861   0.0021977436   0.0258324519   0.0209603839   0.0186854777
23  6   0.0530603649   0.0020245649  -0.0072942365   0.0082505938  -0.0202599754
23  7   0.0063643705   0.0043839884   0.0221857675  -0.0153074988  -0.0235167084
23  8  -0.0457982975   0.0106472880   0.0087426003   0.0122212362   0.0051303468
23  9  -0.0011860463  -0.0028254506  -0.0115142453   0.0000921536  -0.0011379445
23 10  -0.0019952486   0.0007199249   0.0148330429  -0.2467026871  -0.0000948954
23 11  -0.0001100483   0.0000500717  -0.0003520576  -0.0001364873  -0.0002865399
23 12  -0.0000180627  -0.0000001342   0.0000979418  -0.0000202194  -0.0008994374
24  1   0.0984425853  -0.0750097472  -0.0393954052  -0.0512081839   0.0815339777
24  2  -0.0088837202   0.3991921483  -0.0380137360   0.0755851736  -0.0098898734
24  3   0.0120814806  -0.0037625508  -0.0441471116   0.0381368647   0.0267457681
24  4   0.0222389240   0.0170592819   0.0831581686   0.1088421574  -0.0028759873
24  5   0.1255815678  -0.0224504394  -0.0451352477   0.0546848672  -0.0896871508
24  6  -0.1238441926   0.0105303651   0.0068782831  -0.0101607136   0.0188463157
24  7  -0.0121375196  -0.0060365319  -0.0229246034   0.0181266508   0.0250288032
24  8   0.0442536316  -0.0251402834  -0.0347662891   0.0184843028   0.0112978075
24  9   0.0010115299   0.0056042082  -0.0069440008   0.0000452325   0.0017447991
24 10   0.0034614185   0.0020372274  -0.0163753354   0.2846051446   0.0000747424
24 11   0.0002870522  -0.0001605716   0.0007703684   0.0003208674   0.0004251289
24 12   0.0000178511   0.0000074758   0.0000233790   0.0001227834   0.0008909245
25  1   0.4569810273   0.0335428222   0.0665364043   0.1003461725   0.2425976161
25  2   0.0190913785   0.0778863406   0.0814067991  -0.0583148474   0.0713386874
25  3  -0.0283222911  -0.0031299591   0.0887676863   0.0133462226   0.0004590425
25  4   0.0040332305  -0.0667981800  -0.0373079912  -0.0359506010  -0.0691659819
25  5  -0.0527808374   0.0107227651   0.0371873618  -0.0011436972   0.0534110924
25  6   0.0357376815  -0.0003269419   0.0003631998   0.0044353893  -0.0005868011
25  7   0.0139346976   0.0120505217   0.0044002816  -0.0206935559  -0.0171713144
25  8  -0.0111876303   0.0032320921  -0.0024777039   0.0045314114   0.0011318614
25  9   0.0009661692   0.0015011541  -0.0044882262   0.0000647234   0.0000078007
25 10  -0.0000079754   0.0010681598   0.0002840783   0.0134588778  -0.0001851069
25 11  -0.0000065153  -0.0000231973   0.0002917568   0.0002196887  -0.0001423031
25 12  -0.0000172077   0.0000057978   0.0000620277   0.0000601177  -0.0187418914
26  1   0.0199837344   0.1777874392  -0.0149953991   0.1307675135  -0.0258818681
26  2   0.2653037381  -0.1207016478   0.0827865770   0.0075151201  -0.0363020739
26  3   0.0385627765   0.0088974466  -0.0444771752   0.0099259988  -0.0553373196
26  4  -0.0862005538  -0.0563165104   0.2221472833   0.1746675551  -0.0113744085
26  5   0.0000897916  -0.0060638252  -0.0012968521  -0.0017801876   0.0194084342
26  6   0.0213649651  -0.0136538957  -0.0013476132   0.0050830630  -0.0056688902
26  7   0.0185745947   0.0033768585   0.0318314312   0.0041794563   0.0073331039
26  8   0.0227916985  -0.0462126224  -0.0642621525   0.0592832815   0.0305086018
26  9  -0.0013436510   0.0043171593  -0.0240906829   0.0002221963   0.0001412520
26 10   0.0004858606   0.0033063499   0.0017967611  -0.0471876854  -0.0001880878
26 11   0.0000358683  -0.0000267912  -0.0000439430  -0.0000374238   0.0000382579
26 12   0.0000027590   0.0000157341  -0.0002232468  -0.0000425955   0.0419985991
27  1  -0.1200811929  -0.0751708763  -0.0081444519  -0.0379482679   0.0380670793
27  2  -0.0048887082   0.3577560226  -0.0859439670   0.0197329170   0.0069954400
27  3  -0.0038179348  -0.0031297772  -0.0326664413   0.0201338792  -0.0025064675
27  4  -0.0227332216   0.0059273957   0.0649725171   0.0023030765   0.0139434021
27  5  -0.1896883045   0.0111675864  -0.0030004308  -0.0975268625   0.0714045659
27  6   0.1326008643  -0.0289191747  -0.0060603165   0.0094356575  -0.0128005801
27  7   0.0202791771   0.0014027593   0.0464232724  -0.0523438709  -0.0745026808
27  8  -0.0261442171  -0.0236161425  -0.0418798406   0.0558460868   0.0306560217
27  9  -0.0020029220   0.0024153894  -0.0312966169   0.0002679821   0.0003262042
27 10   0.0011997481   0.0048847484  -0.0008205052   0.0160232075  -0.0000503872
27 11   0.0005176760  -0.0002098246   0.0007591512   0.0002642983   0.0001703918
27 12   0.0000055170   0.0000128988   0.0001199994   0.0000890889  -0.0417810598
28  1  -0.0207647092  -0.0398297295  -0.0288652341   0.2286702315   0.0066155979
28  2  -0.1715477775  -0.0292795898   0.0451751211   0.1846362878  -0.1143421331
28  3  -0.0073685111   0.0038508676   0.0157306376   0.0209488441  -0.3749358942
28  4   0.4360039478  -0.2451583511   0.3066631751  -0.2546547259   0.0081688855
28  5  -0.3028932106  -0.0003317289  -0.1414496445  -0.0942651210  -0.1572248381
28  6  -0.2567528285   0.5677258572   0.0752452354   0.0025302196   0.2220703423
28  7   0.1703119096  -0.1285773058   0.5455746295  -0.0701465488   0.2407473842
28  8  -0.3192249879   0.0707534900  -0.0669078259   0.1124971885   0.1269155708
28  9   0.0088092975   0.0639514912   0.3059909872  -0.0025513828  -0.0043752195
28 10  -0.0106819574  -0.0197781040   0.2884925661   0.1492054447   0.0007764437
28 11  -0.0048294181   0.0006747033  -0.0007134105  -0.0024353995  -0.0027586203
28 12  -0.0001810978  -0.0000126499  -0.1048871755   0.1221582882   0.0000217927
29  1   0.0435652074  -0.0943888319   0.0555486102  -0.0173065519   0.0765944936
29  2   0.3063962492   0.0442350817  -0.0519300953  -0.0431971234  -0.0417421475
29  3  -0.0094586745   0.0049540140  -0.1631645848  -0.1646002073  -0.1005339154
29  4  -0.0138544474   0.1388566889  -0.0512033381  -0.1222270192  -0.0138935183
29  5  -0.0027081856  -0.0004683067  -0.0077932151   0.0263163332  -0.0082161589
29  6  -0.0522808469   0.1354695237   0.0173041434   0.0019942826   0.0520823747
29  7   0.0529702313  -0.0517326128   0.1783668094  -0.0207048704   0.0391196788
29  8  -0.0686860921   0.0081338332  -0.0185350113   0.0239042505   0.0316640608
29  9  -0.0006306681   0.0123326413   0.0842626571  -0.0006546114  -0.0027101100
29 10  -0.0064415112  -0.0090886679  -0.0501741520  -0.0052451175   0.0001899481
29 11   0.0007772075  -0.0000838949   0.0001133511   0.0002136227  -0.0000003869
29 12  -0.0000183948   0.0000137296   0.6772737552  -0.7058767787   0.0014715975
30  1  -0.2687255532   0.4121915317  -0.0841022447   0.1531467852  -0.0294066430
30  2   0.0103123364   0.1291548543   0.0830085862  -0.0225988246   0.1989638675
30  3   0.1571805605  -0.0127280318   0.2854651249   0.4596410985   0.5844192802
30  4  -0.4129870290   0.3362186629  -0.1703655000  -0.0410053228  -0.0235863283
30  5  -0.0485596037  -0.0114469769   0.0134933876   0.0737809234   0.0524233177
30  6  -0.1285850752  -0.2550452082   0.0263529709  -0.0692700157   0.1077793439
30  7  -0.0754048723  -0.1261883099   0.0200922469   0.0003914257   0.1159543010
30  8  -0.1569840237   0.0842243029  -0.0198935934   0.0728729038   0.1245294066
30  9   0.0151827036   0.0669657051   0.1267549429  -0.0008764491   0.0025471412
30 10   0.0074324869   0.0109786888   0.6348452009   0.2431995981   0.0002332627
30 11  -0.0006307215   0.0003023501  -0.0009625922  -0.0002196631  -0.0006068576
30 12  -0.0000170027   0.0000031464   0.0603720889  -0.0968541091   0.0008433143
31  1  -0.0685767565  -0.0672769813   0.0848363722   0.1866184309   0.0099637549
31  2  -0.0911867289  -0.0527578486  -0.0152443103  -0.0174195560  -0.0956172078
31  3  -0.1057942929   0.0081593951   0.0405804844   0.4385416344   0.1154486869
31  4  -0.4091382988   0.1606378166   0.2133565272  -0.4258925665  -0.0245424941
31  5   0.2543103817   0.0200156295   0.0016381742   0.0413822449  -0.0639050610
31  6   0.2050536414   0.6642545149  -0.0472721380   0.1105581726  -0.1855327018
31  7   0.1293798308  -0.0526372734   0.2130923875   0.0764762445  -0.3153319725
31  8   0.3728471610  -0.1761122903   0.0766216041  -0.1466237911  -0.1654802412
31  9  -0.0492837875  -0.1304217032  -0.2469346474   0.0019073383   0.0103486205
31 10   0.0200391572   0.0171344662   0.1326515445   0.0256900312   0.0007783876
31 11  -0.0007168969  -0.0004191910   0.0027134142   0.0023144996   0.0027186644
31 12   0.0001937471  -0.0000067522   0.1412026487   0.1144761479   0.0006392334
32  1   0.1448400021  -0.1925316322   0.0808486921  -0.0706185221   0.1134643340
32  2   0.3210755223   0.1036953625  -0.0778109939  -0.0550613424  -0.0915289221
32  3  -0.0537620372   0.0121232507  -0.3469562952  -0.5120678320  -0.4052004234
32  4   0.1679739160   0.0704469323  -0.0629190718  -0.0977806412  -0.0074903294
32  5   0.2003046882   0.0021970365   0.0521683737   0.0772664850   0.0712188487
32  6   0.1292038780  -0.0856563467  -0.0322197903   0.0006104082  -0.0953080858
32  7  -0.0551796406  -0.0643721326  -0.1197967055   0.0591857986  -0.1941810847
32  8   0.2161024163  -0.0599204253   0.0557479798  -0.0582356354  -0.0462159928
32  9  -0.0155828238  -0.0418240987  -0.1840750163   0.0012887273   0.0121675464
32 10   0.0278332422   0.0340288707   0.6487881967   0.2499158072   0.0010144147
32 11   0.0051545797  -0.0018293931   0.0069457112   0.0022589465   0.0023471584
32 12   0.0001070295  -0.0000101199  -0.3093927620  -0.2646335215  -0.0019491063
33  1  -0.0732545336   0.2491040018  -0.0886479879   0.0764154908   0.0349037074
33  2   0.0013872053   0.2454861874   0.0613816542   0.0439653131   0.1034954803
33  3   0.1187307732  -0.0021311528  -0.0462936744  -0.3344148140  -0.1874338417
33  4   0.3076883579  -0.0017438858  -0.1151356182   0.0388635631  -0.0001292565
33  5   0.0407497548  -0.0081549613   0.0192364076   0.0478069960   0.0664595709
33  6   0.0102968683  -0.1823251347  -0.0039605455  -0.0257872332  -0.0011642377
33  7  -0.0467786905  -0.0722991078  -0.0204074760   0.0274995622  -0.0611358473
33  8   0.0696795675  -0.0230637508   0.0225677835  -0.0236078668  -0.0323310396
33  9  -0.0009355014  -0.0134420111  -0.0911469440   0.0006191717   0.0046673221
33 10   0.0109593269   0.0148427676   0.2453350375   0.0976256578  -0.0015984049
33 11  -0.0106016011   0.0037707419  -0.0134263883  -0.0034698463  -0.0022942161
33 12  -0.0000731127   0.0000072323   0.6384679603   0.6225280173   0.0033479844
34  1  -0.1265659977   0.0189640756  -0.0482902690   0.1836366039   0.1369091236
34  2  -0.1161255104   0.0459332575   0.0198651389   0.1460452574   0.1037632954
34  3   0.1683204834  -0.0114797052   0.1229138534  -0.0559874604  -0.0746739911
34  4   0.0730806992   0.3162940545   0.0665898395   0.0433607761  -0.0570007101
34  5  -0.0207456023  -0.0476218434  -0.0226257170   0.1568461950   0.0761083215
34  6   0.0235942284   0.0999255548  -0.0700232894   0.1116437033  -0.3487072530
34  7   0.2385331589   0.2526601635  -0.2063785956   0.2488693597  -0.1469716097
34  8   0.1006928515   0.1557023195   0.3747302415   0.1064104977   0.7593545739
34  9  -0.1948002547  -0.0633500481   0.2527756156  -0.0012940264  -0.0037495337
34 10  -0.0027026902   0.0097049124  -0.0521067666   0.0383742318   0.0117304109
34 11   0.0960301879  -0.0300454889   0.1033386815   0.0229713177   0.0177681496
34 12   0.0006288398   0.0000860307   0.0007419269   0.0035613221   0.0008473005
35  1  -0.0696119747   0.1215031964  -0.0231660864   0.1136600821  -0.0182472185
35  2   0.2508720942  -0.0888358516   0.0414897997   0.0358031326  -0.0162972175
35  3   0.0560639940  -0.0008470717  -0.0223820973   0.0571995921   0.0344628205
35  4   0.1930752251   0.0521789363  -0.0677102175  -0.1914165696  -0.0054469465
35  5  -0.1400319761   0.0055733481  -0.0415333078  -0.0449328998  -0.0590118427
35  6  -0.1444488668   0.0485102621   0.0453607655  -0.0439457886   0.1600825285
35  7  -0.0543493081   0.0524493866  -0.4235686288  -0.3322352218  -0.3586914342
35  8   0.4587566998  -0.0696167753  -0.2666876792  -0.0725829958   0.0877117286
35  9   0.0247735095   0.1129476937   0.6211559669  -0.0040057435  -0.0198537176
35 10  -0.0484380588  -0.0705816620   0.0021500922  -0.2115194026  -0.0290924091
35 11  -0.2782301828   0.0873543443  -0.3041218156  -0.0724279018  -0.0646976878
35 12  -0.0029635870  -0.0001756989  -0.0053257525  -0.0058299703   0.0007097947
36  1  -0.0574566505   0.2289414690  -0.0186608763   0.0970302981  -0.0554015403
36  2   0.0093211472   0.1660801056   0.0538430773  -0.0439983406  -0.0136192137
36  3  -0.0383687959   0.0091485369  -0.0687485984   0.0130752252  -0.0412767875
36  4   0.0027715858  -0.1213402063  -0.0170579420  -0.2167678327   0.0173474304
36  5   0.1860531286   0.0362511570   0.0342590718  -0.0620790538  -0.0503545363
36  6   0.1104364434   0.0466096763   0.0060781529  -0.0371950186   0.0823733860
36  7  -0.1824876594  -0.0645479361  -0.2690497182  -0.1641556157  -0.1151306387
36  8   0.0956107479  -0.0124968574  -0.2184543562   0.0034330100  -0.0787681968
36  9   0.0765493438   0.1170393120   0.3387357917  -0.0025166702  -0.0111160320
36 10  -0.0262079479  -0.0391385655  -0.0040501015  -0.0936113624   0.0588664400
36 11   0.5610702373  -0.1768135534   0.6175759315   0.1462816979   0.1318828512
36 12   0.0061668511   0.0003024857   0.0107859054   0.0128579773   0.0022610741
37  1  -0.0144497276  -0.0488687638   0.0058300831   0.2164789302   0.0060319892
37  2  -0.1478743709  -0.0373172350  -0.0063468191   0.0749610154   0.0135568324
37  3  -0.1571304218  -0.0223107006  -0.0154225514   0.0173977978  -0.0401427126
37  4   0.0150512954   0.2050537239  -0.1670992635   0.3163036534   0.0013303236
37  5   0.0635573996  -0.0417362050  -0.0274394811   0.0957060741  -0.0823091651
37  6   0.3785256244   0.0738439044  -0.0000816082   0.0821958036   0.1914094540
37  7  -0.3052624883  -0.0540331182   0.2938585066  -0.2271936894   0.1813460276
37  8   0.2719683756   0.4137019927  -0.1947236750  -0.4694050410   0.3791175578
37  9   0.0953177264   0.3659374224  -0.3549481366   0.0103119031  -0.0437413130
37 10  -0.0699327556  -0.0040463312  -0.0121315509  -0.0477466787  -0.0619668887
37 11   0.0649991805   0.0041368826  -0.0791127761   0.0681383488   0.0691387701
37 12   0.0043480925   0.0004893199  -0.0019383504   0.0008972366  -0.0003485651
38  1  -0.0299051560  -0.1258330732  -0.0773482318   0.0493350222   0.0044155988
38  2   0.1690397238   0.0493951592  -0.0023876742   0.1911112994  -0.0513418178
38  3   0.0949854249  -0.0006896774   0.2232858018  -0.0036086009  -0.1104964804
38  4  -0.1182074434  -0.1348891842  -0.1624315896  -0.0067475397   0.0197206312
38  5   0.0429631286  -0.0082372023  -0.0281988889  -0.0097505505  -0.0512440248
38  6   0.0146625258  -0.0257424426  -0.0136706042   0.0514342028  -0.0149294902
38  7  -0.1008814818   0.0949152476   0.1038966731  -0.0242788631   0.0042385174
38  8   0.0297552528   0.0508523819  -0.0719837702  -0.1185308447   0.0527143294
38  9   0.0218722966   0.0804222195  -0.0286600871   0.0013695179   0.0344741886
38 10   0.0739485160   0.0834124816  -0.0043838779  -0.0221344144   0.3899967375
38 11  -0.4019462505  -0.0325497266   0.5100382614  -0.4118287362  -0.4557879568
38 12  -0.0279511862  -0.0008173910   0.0013593613  -0.0003952509   0.0006183840
39  1   0.0237921273   0.2760585143   0.0367404510   0.1422761476  -0.1493113146
39  2   0.0188283654   0.0605664735   0.0104281840  -0.1289924559  -0.0098520465
39  3  -0.3793331769  -0.0268716093  -0.3836408675   0.1146854316   0.0781252892
39  4   0.1967106937   0.0249731776  -0.0853193701   0.0004425909  -0.0301513406
39  5  -0.4786298601  -0.0232368899   0.0857021841   0.4815221004  -0.3531680361
39  6  -0.0276461125  -0.0545372177  -0.1261064279   0.0893738191  -0.3444563265
39  7  -0.1886472222   0.0903783357   0.0540629650   0.0854949755  -0.0629587129
39  8  -0.1443959975  -0.0496736773  -0.1446363345  -0.0603065863  -0.0377911760
39  9  -0.0355700542  -0.0792053994  -0.0388255025   0.0079047716  -0.2267989279
39 10  -0.4664326561  -0.4405867968   0.0294222173   0.0818653745   0.0463121558
39 11  -0.0464807624  -0.0047792696   0.0665772199  -0.0632371486  -0.0684830263
39 12  -0.0041178424  -0.0000236315   0.0009423089  -0.0007463526   0.0005004673
40  1   0.0039496294  -0.0778765513   0.1287492395   0.1703766985   0.0112589658
40  2  -0.0601492512  -0.0618242716  -0.0022190979  -0.0508295254  -0.1399915700
40  3  -0.0240056989   0.0181012967  -0.0404067378   0.0539344154   0.0207938733
40  4   0.1158659792   0.2828684731  -0.1650062154   0.3455073016  -0.0262864463
40  5  -0.2285111820  -0.0348559412   0.0329641208   0.0196778949   0.2196986723
40  6  -0.1872278478   0.1234172118   0.0046347978   0.1189336599  -0.0104888615
40  7  -0.2557913248   0.0617258375   0.1093986318   0.4036485037  -0.3080612279
40  8   0.0808089383   0.1520995534   0.1776854828   0.3862575879  -0.2299812273
40  9   0.3845063948   0.6049110673   0.0483330005  -0.0068974071  -0.0114840813
40 10  -0.0046827778   0.0430768563  -0.0141409775  -0.0467265456   0.0655515309
40 11  -0.0894469330   0.0035894715   0.0345023523   0.0858608623   0.0861174222
40 12   0.0048158231   0.0002548682  -0.0013677095  -0.0007505615   0.0002542928
41  1  -0.0490796923  -0.2294848774  -0.0511230518  -0.0066755356   0.0430601425
41  2   0.1840442116   0.1121443266   0.0119935811   0.1941882722  -0.1430541929
41  3   0.3108095505   0.0379942260   0.4344782144  -0.0452193456  -0.1764485849
41  4  -0.2458991128  -0.2176622564  -0.1778287514  -0.0624875567   0.0473128570
41  5   0.3678586335   0.0021838216  -0.1245888686  -0.4032638837   0.2671870418
41  6  -0.1211493817  -0.0020198745   0.0923158943   0.0184208128   0.2246131239
41  7   0.0494177065   0.1934006206   0.0216276674   0.0289224772  -0.0308862404
41  8   0.0815001372   0.0228708115   0.1452959698   0.1448460261   0.0107475538
41  9   0.0328938301   0.0459820951  -0.1328711393   0.0019825932  -0.2222804128
41 10  -0.4492008352  -0.4064778187   0.0196331152   0.0606866007  -0.1689484318
41 11   0.2213753194  -0.0085008896  -0.0944937582  -0.2196066224  -0.2074322535
41 12  -0.0120530046   0.0002532959  -0.0002689707  -0.0000339656  -0.0004752025
42  1  -0.0143152526   0.0970234117   0.0328048931   0.0584916604  -0.0801812568
42  2   0.0091655935   0.1868711971   0.0363359618  -0.0655934121  -0.1289823554
42  3  -0.0402864723   0.0291479319   0.0072403007   0.0326719657  -0.0728431644
42  4  -0.0849151713  -0.1861649292  -0.1376316042  -0.1119303823   0.0357938681
42  5   0.2614588310   0.0053968943  -0.0873026345  -0.2516134791   0.0907637686
42  6  -0.0490028288  -0.0773117737   0.0662825111   0.0231755128   0.1739819354
42  7   0.1111943871   0.2844531682   0.0603738223  -0.0893063329   0.0697828037
42  8   0.0690880626  -0.0372787396   0.1312223391   0.0366408893   0.0801279256
42  9  -0.0692762976  -0.0979730019  -0.0700262312   0.0005745103  -0.0911011215
42 10  -0.1863486420  -0.1707712547   0.0117048089   0.0242906905   0.3414580092
42 11  -0.4518290602   0.0189492907   0.1802588092   0.4799376212   0.4553710827
42 12   0.0261056095  -0.0001958729   0.0014230158   0.0010198545   0.0005020221
43  1  -0.0795555464   0.0128321459  -0.0099350505   0.1664333077   0.1456017808
43  2  -0.0850206196   0.0421283042   0.0835797219  -0.0701456926  -0.1100040900
43  3  -0.0179051345   0.0478968633  -0.1749621068   0.0780362183  -0.0322286724
43  4  -0.0102366869  -0.0858075689  -0.2384100986   0.1011835242   0.0171120439
43  5   0.0488034021   0.0880459383   0.3354900475  -0.1737293513  -0.0654760664
43  6  -0.0434185738  -0.0539408906   0.1125309413  -0.0054275657   0.1823788032
43  7   0.5790800607   0.0677151009  -0.0290873608   0.4609128542  -0.2853308194
43  8  -0.0368022065   0.5359053088  -0.5230405719  -0.0890979415  -0.0612215678
43  9  -0.0644985216  -0.2873887281  -0.0037613685   0.0070490034   0.0371753932
43 10   0.0241900798  -0.0060924716   0.0012432350   0.0059162134  -0.1124667763
43 11  -0.0515284472   0.0132783611   0.0634454030  -0.0593663284   0.0762979362
43 12   0.0138577861  -0.0014716329   0.0003678308   0.0001698258  -0.0004561096
44  1   0.0236782428   0.1008485985  -0.1601525379   0.1869394187  -0.0952587569
44  2   0.1105837870  -0.0903416014  -0.1532996544   0.3634462340   0.3035403179
44  3  -0.4390434794  -0.1523002631  -0.1368626486   0.0259554147  -0.0182377090
44  4  -0.0191693851  -0.0028397475  -0.1174249194   0.0651189976   0.0071104258
44  5   0.1346089722  -0.0093412308  -0.1216489585  -0.3466740804   0.4199414343
44  6  -0.3892864289   0.0401373104  -0.0278721388   0.0149798866  -0.2385927325
44  7  -0.0077422871  -0.1719388296  -0.0166954861   0.0111239488  -0.0173434308
44  8  -0.0433213208   0.0363411475  -0.1244414723  -0.1127457974   0.0509293618
44  9   0.0173100996   0.0265212811  -0.0574369308  -0.0085855129   0.2880559638
44 10   0.3120996963  -0.4885553619   0.0021663717  -0.0179374853   0.2722360623
44 11   0.1272251417  -0.0263535834  -0.1470837183   0.1395256401  -0.1644240401
44 12  -0.0239720454  -0.0011688732  -0.0000710282   0.0002231463   0.0006042613
45  1   0.0424751848   0.0729618454   0.1062982337   0.0788143740  -0.1739835915
45  2   0.0173492273   0.1054406542  -0.0288574866  -0.0378497142  -0.1110771506
45  3  -0.1111014683  -0.0052506027   0.0403131415   0.0126315194  -0.0142004269
45  4   0.0220724801   0.0525989470  -0.1096556820   0.0888319972   0.0059854973
45  5   0.0322585109  -0.0736545493  -0.2979886689  -0.1256126422   0.3091716052
45  6  -0.2234278409   0.0589150713  -0.0537591393  -0.0024276857  -0.2292430843
45  7  -0.0839611024  -0.2395376045  -0.0511746640  -0.1035062016   0.0655828330
45  8  -0.0346268313  -0.0820483907  -0.0020384913  -0.0878576347   0.0520794850
45  9   0.0094138613   0.0482637837  -0.0300166695  -0.0001904676   0.1045676249
45 10   0.1225225133  -0.1852827059  -0.0000463460  -0.0125903629  -0.5882580876
45 11  -0.2760822999   0.0572910570   0.3228413251  -0.3350720246   0.3928284509
45 12   0.0563747168   0.0016180476   0.0002398047  -0.0002778342  -0.0009200518
46  1  -0.0458974086  -0.0187455754   0.1155561808   0.1212608835   0.1461902552
46  2   0.0020312925   0.0145252187  -0.0191340906   0.0786632150  -0.1451125154
46  3   0.1454005470   0.0184742556  -0.0052954250   0.0558057047  -0.0784725980
46  4  -0.0569194509  -0.1311887332  -0.2608140280   0.0897089290   0.0119307375
46  5  -0.0752434392   0.0728802525   0.3466145770   0.0319740934  -0.2752578430
46  6   0.0225898044  -0.0522667681  -0.1289323063   0.0319937969  -0.2899052647
46  7  -0.0078799807  -0.3779850702   0.1712094639  -0.3620533220   0.2233270643
46  8   0.3834105197   0.4846558969   0.1455278538   0.5654159462  -0.1799442678
46  9   0.0114445699  -0.2577589160   0.0370639169  -0.0139013093   0.0863843807
46 10   0.0723568422  -0.1117996120   0.0004001419  -0.0064854736   0.0489393983
46 11   0.0206343391  -0.0017747443  -0.0206627376  -0.0589067017   0.0486135670
46 12   0.0042723963  -0.0020657976   0.0002672256  -0.0001931689   0.0000761514
47  1  -0.0066193131  -0.0121538494  -0.1370582405   0.1291397796  -0.0564022571
47  2   0.1214039510  -0.0224731976  -0.0480193803   0.2356823597   0.1241259181
47  3  -0.2080207629  -0.0682432033   0.0231808639   0.0113040296  -0.0427755980
47  4  -0.0380616367  -0.0213902558  -0.1354939572   0.0670608241   0.0121286695
47  5  -0.0022405421  -0.0338967325  -0.1075250211   0.0351241162  -0.0253466034
47  6   0.0591255820   0.0068966468   0.0031096997  -0.0206352445   0.0151424274
47  7   0.0982043128  -0.1106095183  -0.0377102813  -0.0296451720   0.0230211963
47  8   0.0390461455   0.0366678029   0.0501226418   0.1037648525  -0.0418090164
47  9   0.0070007598  -0.0356371955   0.0186655579  -0.0038630513  -0.0301591803
47 10  -0.0302659744   0.0514645000  -0.0006844448   0.0014213852  -0.4903809402
47 11  -0.2029516416   0.0415725465   0.2198158983   0.5974319053  -0.5407735500
47 12  -0.0764791092   0.0001162241   0.0005342403   0.0001077206   0.0014285502
48  1  -0.0157212938  -0.1061695354   0.1054788140  -0.0036847070  -0.1091592490
48  2   0.0080807083   0.2276678848   0.1771801012  -0.2968880949  -0.3887963416
48  3   0.2313273138   0.1430054998   0.2439954785  -0.0053668682  -0.0370148221
48  4   0.0041152462   0.0175623673  -0.1207532235   0.0681393880  -0.0029099091
48  5  -0.1461120705  -0.0628035693  -0.1857726852   0.4065687098  -0.4018330389
48  6   0.4789697260  -0.0196464332   0.0657337401  -0.0843457544   0.3038717090
48  7   0.2972814290   0.0302914661  -0.1148647379   0.0683548038  -0.0322498397
48  8  -0.0460223061  -0.1499648985   0.1261539803   0.0196498660   0.0279152553
48  9   0.0584923556   0.1178900840  -0.0374424961  -0.0110516735   0.2945621664
48 10   0.3263778004  -0.5238117064   0.0023886608  -0.0301676960  -0.0202621051
48 11  -0.0078437869   0.0012527018   0.0078949538   0.0489418674  -0.0455801622
48 12  -0.0055805252  -0.0000289799   0.0000452352   0.0000273709  -0.0001640251
49  1  -0.0602543548  -0.0412789130   0.1135216358   0.1442348797   0.0904399488
49  2  -0.0288343132  -0.0153548900   0.0273499758   0.1399378320  -0.0176817647
49  3  -0.0453046790   0.1116866082  -0.0284108442  -0.0657659769   0.1033575496
49  4  -0.0104456167  -0.1010408380  -0.0016928805  -0.0018826961   0.0049457996
49  5  -0.0084988175  -0.4444345315  -0.0267047140   0.0108958749   0.0512657793
49  6   0.0289011027   0.0497506012  -0.0391818964  -0.4078467333  -0.0597344535
49  7  -0.0720366401   0.2358138287   0.0763105241   0.0098147248  -0.0098295708
49  8   0.0203932460   0.0519341410  -0.0194706486   0.0322827073  -0.0555083842
49  9  -0.2188463007   0.1072154704  -0.0050194016  -0.1399596262   0.0927225644
49 10  -0.0569739540   0.0122009731   0.0004959298  -0.0013384268  -0.0382976445
49 11  -0.0684302388  -0.4069860152  -0.0539791608  -0.0018612085  -0.0010098722
49 12   0.0315340019  -0.7625791130   0.0001583814   0.0000085176  -0.0000539964
50  1   0.1249101659  -0.0935666088  -0.3406863470   0.2182841543  -0.1596150535
50  2  -0.0927180258   0.0047236444  -0.1085652039  -0.3790280724  -0.1000366083
50  3   0.2781233208  -0.4876036124  -0.1208143406   0.0692966798  -0.0785885628
50  4  -0.0316343512  -0.0792265493  -0.0957400724   0.0312592320   0.0055218011
50  5  -0.0107742168  -0.3424294741  -0.0569453945   0.0318348454   0.0281322310
50  6   0.0622589207   0.0432786389   0.1982316753  -0.3639470887  -0.1252373102
50  7  -0.0843676142   0.1926677123   0.0653436340   0.0028881069  -0.0047242019
50  8   0.0210160043   0.0508642227  -0.0106025888   0.0489002048  -0.0753963450
50  9  -0.2826085732   0.1466011980   0.0042111999   0.6010028134   0.1783927237
50 10  -0.0990388069   0.0191492147   0.0003412631  -0.0016941547   0.0039328200
50 11   0.0091346036   0.0548481807   0.0076767535   0.0005909422   0.0008544737
50 12  -0.0200370539   0.0920331307   0.0000497194   0.0000110365  -0.0000103860
51  1   0.0681142294  -0.1610146411   0.2821681588   0.0465512328  -0.3357420153
51  2   0.0279090284   0.0298657551   0.0867662700   0.1152911308   0.3924391399
51  3   0.0991625901   0.3152483574  -0.1853040247   0.1144707819  -0.0987634581
51  4  -0.0169554849  -0.0602173776  -0.1332092277   0.0497256773   0.0084135318
51  5  -0.0115349744  -0.3785763321  -0.0849658554   0.0159941695   0.0727736311
51  6   0.0267880329   0.0602892433  -0.1162610120  -0.4464599883  -0.0407391866
51  7  -0.0630776699   0.2372581356   0.0694785455   0.0116545612  -0.0094806820
51  8   0.0182848405   0.0619530883  -0.0257902002   0.0442251901  -0.0931318548
51  9  -0.3851383107   0.1983475463  -0.0121422047  -0.3905234548   0.2000913218
51 10  -0.1300725667   0.0309414769   0.0004114803  -0.0016270717   0.0197064398
51 11   0.0388896098   0.2324321274   0.0316866408   0.0012867758  -0.0002029966
51 12  -0.0046402810   0.4174774282   0.0000241905   0.0000009080  -0.0000517169
52  1  -0.1358273700  -0.0217772670   0.1502656959   0.1032631762   0.1601456030
52  2   0.0333971174   0.0143948198   0.1081344106   0.2818572478  -0.0645015935
52  3  -0.2633500453   0.3154221263   0.1345271258  -0.1908060150   0.2345549637
52  4   0.0229572458  -0.0284878246   0.1736407311  -0.0824249219  -0.0024438157
52  5   0.0122663618  -0.1153889548   0.1629245584  -0.0570164147  -0.0179338156
52  6  -0.0823094871  -0.0435825592  -0.4106212654   0.3823580458   0.2079117298
52  7   0.1201085038  -0.2040029565  -0.0816721350   0.0031623353   0.0058373222
52  8  -0.0113106411   0.0133406635  -0.0008432489   0.0426524287  -0.1016652919
52  9  -0.4285568696   0.2408345581  -0.0050555483   0.4483468243   0.1323377449
52 10  -0.0720873335   0.0084466523  -0.0002520752  -0.0015905215   0.0112267780
52 11   0.0241299534   0.1537972436   0.0223658730  -0.0040965767   0.0147196122
52 12  -0.1763893804  -0.0779592520  -0.0000272064   0.0000029873   0.0000152918
53  1   0.1257103345  -0.0214821163  -0.2791708292   0.2098817160  -0.1389830795
53  2  -0.0228013186  -0.0310584112  -0.2433282318  -0.0877800831   0.0250733672
53  3   0.0380139108   0.0983795470  -0.0002860372  -0.0226603332   0.0329017695
53  4   0.0026455150  -0.0242744123   0.0303848716  -0.0256159099  -0.0002167680
53  5   0.0027819607  -0.1703670415   0.0960167340  -0.0247340692  -0.0095605272
53  6  -0.0305925518  -0.0164201271  -0.1704084781   0.1554548206   0.0865076225
53  7   0.0517355943  -0.0877431394  -0.0349572807   0.0000017561   0.0030577656
53  8  -0.0059621771  -0.0038881856   0.0032049182   0.0063235643  -0.0178465173
53  9  -0.0787854214   0.0454616413  -0.0011133472   0.0822532160   0.0739388737
53 10  -0.0459176120   0.0098609264  -0.0001358835   0.0004453199  -0.0483160722
53 11  -0.0956159084  -0.5759337026  -0.0779073239   0.0241513288  -0.0668392357
53 12   0.6726492683   0.3485036727   0.0000661915   0.0000043975  -0.0000132372
54  1  -0.0905493856  -0.2663762887   0.2343343758  -0.0221766935  -0.2316652213
54  2   0.0163916840   0.1647070848   0.5277868783  -0.1784524790   0.0467016769
54  3   0.1318022231  -0.4231910787  -0.0928863214   0.0419689370  -0.0503088153
54  4  -0.0160606863  -0.0253837170  -0.0255132381  -0.0052393006   0.0024351276
54  5   0.0045854572  -0.2157139035   0.0641015952  -0.0348507254   0.0294218198
54  6  -0.0456293399   0.0064843180  -0.4727607855  -0.0226376710   0.1654352769
54  7   0.0647308391   0.0289313204  -0.0051118517   0.0189078063  -0.0093236083
54  8   0.0031502160   0.0350826508  -0.0186495381   0.0257059608  -0.0559052716
54  9  -0.2345383714   0.1159018119  -0.0088347915  -0.1291149953  -0.5413683855
54 10   0.3584988461  -0.1009460230  -0.0000550659  -0.0050469855  -0.0012869010
54 11  -0.0028645492  -0.0173626116  -0.0022578231   0.0018307740  -0.0047047475
54 12   0.0416144960   0.0020987206   0.0000321546   0.0000175968  -0.0000415958
55  1  -0.0900977091   0.0112479173   0.0238864107   0.1475739540   0.1625135103
55  2  -0.0527064307   0.0438040261   0.0751142372  -0.0563544244  -0.3774948086
55  3  -0.0466675349  -0.4221369876   0.1369573618  -0.1818114014   0.1963081750
55  4   0.0023536513  -0.0467369461   0.1653517192  -0.0853904200  -0.0023329387
55  5   0.0036704062  -0.1164908713   0.1772458405  -0.0146343224  -0.0885080799
55  6   0.0010677793  -0.0620117899   0.3399635574   0.4492183386  -0.0351579131
55  7   0.0415755897  -0.2618897144  -0.0796652348  -0.0110144505   0.0114905463
55  8  -0.0160667832   0.0049747473  -0.0087305027   0.0234782650  -0.0861830022
55  9  -0.3799511297   0.2156962289  -0.0157378748  -0.4769369043   0.2188700852
55 10  -0.1467388209   0.0341748741  -0.0002986347   0.0013253861  -0.0054252154
55 11  -0.0074191942  -0.0326561606  -0.0025424697  -0.0027880835   0.0058886995
55 12  -0.0378668867   0.0328236837  -0.0000123881  -0.0000078109  -0.0000537665
56  1   0.2411499895   0.0968339830  -0.3054888952   0.2716685943  -0.1809401499
56  2  -0.0362841151  -0.1023287555  -0.5744311549   0.0004395722   0.0679097115
56  3   0.0365410955   0.3063594057   0.0150256182  -0.0230477099   0.0353975307
56  4   0.0055054483  -0.0240032065   0.0250478236  -0.0202976363  -0.0015422438
56  5  -0.0052985200  -0.1541496500   0.0815210319   0.0114465756  -0.0519378887
56  6   0.0397509334  -0.0211562918   0.4797853606   0.1016439025  -0.1552335907
56  7  -0.0456766835  -0.0722220408  -0.0032200648  -0.0154503047   0.0084060619
56  8   0.0087446794   0.0351964511  -0.0123009803   0.0424221225  -0.0758303902
56  9  -0.3012786588   0.1575365170  -0.0063419636   0.0440639369  -0.4559811177
56 10   0.3065578927  -0.0888967594  -0.0001411474  -0.0038808600   0.0226687184
56 11   0.0432734744   0.2545904542   0.0342465424   0.0127057640  -0.0272219390
56 12   0.2745590232  -0.1370365823  -0.0000405290  -0.0000151495   0.0000789805
57  1   0.0747375729  -0.0916189569   0.2378197608   0.0594539378  -0.2986475161
57  2   0.0257779572   0.0418936717   0.0187011982   0.0806343559   0.2214195350
57  3   0.0498807557   0.1650276729  -0.0646882538   0.0299557277  -0.0232797083
57  4  -0.0029604341  -0.0207745966  -0.0144154667  -0.0095939647   0.0021025377
57  5  -0.0037460209  -0.2188945440   0.0845616491  -0.0024818939  -0.0323659915
57  6   0.0207565871  -0.0142166711   0.2797102653   0.0856749533  -0.0853605285
57  7  -0.0192159960  -0.0614605289  -0.0090799157  -0.0088752546   0.0052062873
57  8   0.0014925330   0.0094395228  -0.0030870197   0.0131935789  -0.0228004256
57  9  -0.0843443035   0.0431833462  -0.0004287754   0.0900369807  -0.1966291379
57 10   0.1332863848  -0.0385900595  -0.0001508371  -0.0012004268  -0.0510590562
57 11  -0.0957162585  -0.5535231668  -0.0731764696  -0.0309062781   0.0667167257
57 12  -0.6448316633   0.2820621449   0.0000767772  -0.0000129183  -0.0001801007
58  1   0.5780097768   0.0555603480  -0.0008159579   0.1196979834   0.2545435136
58  2  -0.0211509403   0.0993725929   0.1284660320   0.0353271815   0.0321481561
58  3   0.0203396253  -0.0010612046   0.0127032279   0.0095152883   0.0245056730
58  4  -0.0132005438   0.2607625564   0.0516445613  -0.0693567767   0.9401918212
58  5  -0.1227197019   0.0505425165   0.2047419200   0.1253815328   0.1308422608
58  6   0.0039587967   0.0201895867   0.0016200059   0.0044827270  -0.0019960912
58  7   0.0147533584   0.0177685939  -0.0026997639  -0.0485530044  -0.0660868820
58  8  -0.0427119322   0.0272469664   0.0485713592  -0.0235291092   0.0032147647
58  9  -0.0051629365  -0.0071499419  -0.0001632798   0.0000010871   0.0027370412
58 10   0.0058737830  -0.0042431070  -0.0044166090   0.0416546807   0.0016439196
58 11   0.0017561224  -0.0003372843  -0.0006851271  -0.0003600806   0.0004127215
58 12   0.0000240713  -0.0000853811  -0.0011321899  -0.0005424304   0.2993453192
59  1   0.0266263109   0.2571070742  -0.0362540171   0.1743360881  -0.0561633582
59  2   0.2526228470  -0.1688377117   0.1241969830   0.0212219210  -0.0513552656
59  3   0.0498436884   0.0136154227  -0.0743593738  -0.0079478432  -0.0921798051
59  4  -0.1790979968  -0.0202266556   0.3625432487   0.3345040974   0.1618528415
59  5   0.1277419509  -0.0243561289   0.0065784718   0.1448520420  -0.0741110262
59  6  -0.2143450590   0.0117196534   0.0181274127  -0.0155855203   0.0506610289
59  7   0.0081009753   0.0090737056  -0.0172672523  -0.2570001047  -0.3482754357
59  8  -0.2432872292   0.2440163610   0.3264558367  -0.2408419867  -0.1169564844
59  9  -0.0023363771  -0.0328780192   0.0357053822  -0.0002702317   0.0019830439
59 10   0.0036838766  -0.0067150495  -0.0120719506   0.2848094374   0.0012584438
59 11   0.0037617667  -0.0010579135   0.0050712917   0.0019796064   0.0003046774
59 12   0.0000517527  -0.0001381183   0.0025648962   0.0010927648  -0.6905461652
60  1  -0.1683212479   0.0000000000   0.0000000000   0.0000000000   0.0000000000
60  2   0.0000000000   0.2960943401  -0.0627352506  -0.0086874461   0.0083793839
60  3  -0.0139470621   0.0011356195  -0.0304420520   0.0015663132  -0.0551847707
60  4  -0.1171569790  -0.1074708117   0.1802801688   0.1957676576  -0.2644845909
60  5  -0.0224129035  -0.0270884919  -0.0718043879   0.0009939529  -0.0624803582
60  6  -0.1031811707  -0.0131469395   0.0142729836  -0.0121849963   0.0479711455
60  7   0.0124362728   0.0057340740   0.0038454029  -0.3174369000  -0.4310982206
60  8  -0.2941355049   0.2683938402   0.3436272463  -0.2427103183  -0.1233219761
60  9  -0.0010039394  -0.0336855146   0.0226671112  -0.0002410998   0.0010297465
60 10   0.0019721972  -0.0025023012  -0.0109636213   0.3017617166  -0.0006222993
60 11   0.0033104454  -0.0009477218   0.0045196275  -0.0000949771   0.0019398875
60 12   0.0001132811  -0.0000052832  -0.0025935572  -0.0012704977   0.6554651080
$end
