$coord
6.89341912697003 1.60479447609291 -3.00415229406341 c
7.29824140712807 0.9691384844128499 -0.41521993248438 o
5.70010857276046 -1.007427502117 0.48006741793843 c
3.09474439451277 -0.02637702796023 1.25196291920962 c
1.51346660908301 -2.06304294054885 2.04539869041966 o
0.09585397643289 -3.22794650327665 0.06302090240116 c
-2.27930736555663 -1.78894917982353 -0.61335391275807 c
-3.99241148032518 -1.9047497075931898 1.46355352393669 o
-6.15404455679899 -0.31702285179337 1.19268589707381 c
-5.58391740906022 2.38873018212927 2.00129872510529 c
-8.39569703143266 4.43926432297749 1.80748433194347 s
4.99171596976018 2.34712711891241 -3.3349238868851 h
7.19051732700248 -0.04522448330613 -4.21947993823928 h
8.26685185886327 3.05911884727155 -3.48792078835782 h
5.51714137161333 -2.48708189608636 -0.95895337300964 h
6.63460741787696 -1.82575240250321 2.12509782049295 h
2.21956749300314 1.0273000194296 -0.29634896560327 h
3.28008721231895 1.25459397587288 2.85632538734733 h
1.25083683325577 -3.45440648282938 -1.63934922113998 h
-0.40810548927344 -5.10745609233306 0.74520024308365 h
-3.13760650408445 -2.65623864253667 -2.29044763904775 h
-1.82499937729509 0.17469382649509 -1.08359083436395 h
-7.619830060366691 -1.11098779946452 2.40417585620578 h
-6.83800240379361 -0.36218827536325 -0.76176461009229 h
-4.07929184552362 3.22762180822169 0.87888071407283 h
-5.02226018349626 2.43415423257817 3.9814562819594 h
-8.61168586357348 4.45831449314164 -0.73697038468128 h
$user-defined bonds 
 
$end
