$dipgrad          cartesian dipole gradients
  0.29995295241955D+00  -.63115024055019D-01  0.32909202719953D-01
  -.55708339044007D-01  0.37052852427903D+00  -.60003935174188D-01
  -.10383650490123D+00  -.12880304272665D+00  0.75077686435928D+00
  -.68800380523062D+00  -.14647626542462D+00  0.13899344617429D+00
  -.24314103250596D+00  -.66534463743935D+00  0.27397583958315D+00
  0.24446318254315D+00  0.24674650632181D+00  -.87034359685778D+00
  0.53742719315227D+00  0.20470162513548D+00  -.17906867539007D+00
  0.26866075239261D+00  0.52197675513811D+00  -.25408743854305D+00
  -.11583467265300D+00  -.99692146125837D-01  0.37926259512200D+00
  0.59067472606390D+00  0.17756537345475D+00  -.36041387832631D-01
  0.38412157130046D+00  0.43318659556390D+00  0.16746084697467D-01
  -.12036394674009D+00  -.88998557931326D-01  0.26044871192578D+00
  -.10371864607533D+01  -.24456376342420D+00  -.58430100679479D-01
  -.43415816368131D+00  -.69145198897642D+00  -.63528234741671D-01
  -.15567164781995D+00  -.81780516164063D-01  -.53366359108178D+00
  0.66684622383221D+00  0.10444202941751D+00  0.15193674894876D+00
  0.17074194714934D+00  0.38618340135542D+00  0.78072317059417D-01
  0.36249662427240D+00  0.13481096139168D+00  0.43697115520097D+00
  0.59184981895414D+00  -.72824333513635D-01  -.24934866433977D+00
  0.10864162082327D+00  0.25010044714727D+00  0.11828802119017D+00
  -.43218291851917D+00  0.19459387716783D+00  0.55642116038551D+00
  -.11783426634224D+01  0.41218634522300D+00  0.26386260446016D+00
  0.41814209613782D+00  -.74123166216089D+00  -.91937501797525D-01
  0.32273263583758D+00  -.19683771250010D+00  -.57202422406252D+00
  0.67721064191717D+00  -.16991952928124D+00  -.64410403159964D-01
  -.48493949932413D+00  0.66588744745064D+00  0.98599340847676D-01
  0.35265871750110D-01  0.53089463681999D-01  0.30964374476048D+00
  0.23320879391548D+00  -.25774737416627D+00  -.18815313824161D-01
  -.92131330876235D-01  0.95082436831932D-01  -.16047456919250D-01
  0.67788180429718D-01  -.98586827280198D-01  0.40487739547342D-01
  -.18023597640196D+00  0.19903808190462D-01  -.83823666794249D-02
  -.55986200122612D-02  -.25639208050153D+00  0.24748030763661D-01
  -.19561007583225D+00  0.17941048989995D+00  0.97431419716083D-01
  -.15063905733081D+00  0.10520399043416D+00  -.78599646539494D-01
  0.77988953222432D-01  0.17009184266055D-01  0.12337500360502D-01
  0.73875109727102D-02  0.26583020407249D-01  -.31478875459865D-01
  0.54089316901012D-01  0.29674628711237D-01  -.43292290973957D-02
  0.45916708871910D-01  -.10909417185999D+00  -.14590277381167D+00
  0.42412681279572D-01  -.29600346085746D-01  -.91267724662730D-01
  -.23502246821532D-01  -.10267355965718D+00  0.53060073990845D-01
  -.10256484578679D+00  -.24871281089703D-01  0.65357078805990D-01
  0.28018772186397D-01  0.42439635244740D-01  0.25192849950432D-01
  -.12390586103277D-02  -.45186640147860D-01  0.25970281142903D-01
  -.35530222184146D-01  -.95430282453374D-01  -.48491924158250D-01
  -.10612896649827D-02  -.14525220845944D+00  -.71376439037437D-01
  -.27221976860658D-01  0.19933119796914D-01  -.31558387649409D-01
  0.98778403305618D-02  0.93951856506163D-02  0.72303921667522D-01
  -.47060996249953D-01  0.95241661162412D-01  -.71733520498411D-01
  -.31773671945888D-01  0.52560524035673D-01  -.69268981083007D-01
  0.22112540892132D-01  -.44535643218468D-01  0.50625493519921D-01
  -.46865709354921D-01  0.11737569901484D+00  -.70796760315499D-01
  -.42074332549186D-03  -.31996647218229D-01  -.34650986835873D-02
  -.41397235924250D-01  -.40414392947794D-01  -.79944095503638D-01
  0.39613428573101D-02  -.97427806060593D-01  -.43561869420449D-01
  -.91866661804089D-01  0.47710502186231D-01  0.91798052093123D-01
  0.17589729489876D-02  0.43390209929983D-01  0.22780358184365D-02
  0.44536408060896D-01  -.66281011189428D-01  -.12911835196118D+00
  0.77674182288713D-03  -.68615433269258D-01  -.10047827987343D-01
  -.57975095149021D-01  -.88905409105229D-01  0.18238895517687D-01
  -.37059657515418D-01  0.54264357205887D-01  0.39354446937528D-01
  -.90881640143214D-01  -.38069439887853D-01  -.82064144910501D-01
  -.29672366304451D-01  0.36418142353247D-02  -.93768254692249D-01
  0.16322317751828D-01  -.11355934772428D+00  -.14491843460846D+00
  0.17740674828468D-03  -.24424601802979D-01  0.24661330885528D-01
  -.78935543093874D-01  -.13949479291958D+00  0.68470507974154D-01
  0.72551096215335D-01  0.17838737878509D-02  -.52675328717028D-02
  -.77949414405451D-01  -.22323055069319D-01  0.64362236195804D-01
  -.24744764511145D-02  0.31003689798289D-02  0.13051994638368D-01
  0.96420942747464D-01  0.28739417953420D-01  0.26769471157710D-02
  -.16946367564391D-01  0.17338018377062D-01  -.16363858216892D-01
  0.55088241646757D-01  -.15333035439586D-01  -.16761665037049D-01
  -.12221224750142D+00  -.15545487323940D-01  -.14109690670976D+00
  -.12382635344037D+00  0.31967506984535D-02  0.49808825680592D-01
  0.15817518998647D-01  -.17503733647438D-02  0.15646883652536D-01
  0.88408565966452D-01  0.10315467157041D-01  0.15032789081373D-01
  0.32651807627188D-01  0.22148297312351D-01  -.47964705085728D-01
  0.37515014924083D-01  0.24508064050962D-01  0.11927507470293D-01
  -.40404882108948D-01  -.23028484149643D-01  -.36101229056040D-01
  0.35170474754776D-01  0.71370653943724D-01  0.60795988866842D-01
  0.47842990697494D-01  0.90259316646464D-01  -.70194173188148D-01
  -.14601584010126D-01  -.93667509219394D-06  -.10095136745041D+00
$end
