$dipgrad          cartesian dipole gradients
  -.58624567121299D+00  -.13667593931786D+00  0.95060935799661D-01
  -.14772090626265D+00  -.57611190969567D+00  0.10968743990686D-01
  0.13832984600513D+00  0.61779403457340D-02  -.21685566445888D+00
  0.47205922245657D+00  0.16137571446983D+00  -.10943847895272D+00
  0.97908744457479D-01  0.37366956122372D+00  0.79053583829413D-02
  -.14909807427682D+00  0.24042993563617D-01  0.21477895596594D+00
  0.47432786036466D+00  0.12653776926713D+00  -.13824813046681D+00
  0.14956693620674D+00  0.19916970043043D+00  -.19624534149701D-01
  -.68120421596103D-01  -.40240019867157D-01  0.39039690870840D+00
  -.58475475468570D+00  -.94987604250456D-01  0.11811315434348D+00
  -.13825911953760D+00  -.22456020229747D+00  0.96012949126620D-01
  0.11729548238121D+00  0.97409029371174D-01  -.56888642898018D+00
  0.14149208877423D+00  -.27648193969262D-01  -.25349236998575D-01
  0.25941341255285D-02  0.23480857838874D+00  -.10707013254155D+00
  0.23333410659511D-01  -.39062240626062D-01  -.55143298014274D-02
  0.49297240305898D-01  0.62666837317610D-01  -.98099317974959D-02
  0.17067871247425D+00  0.18601169803189D+00  0.80163651899891D-01
  0.17061779437627D-01  0.72209720147927D-01  0.15112125214792D+00
  -.83445258140964D-01  -.82167002810157D-01  0.24522077520965D-01
  -.88190341434173D-01  -.27082191997403D+00  -.54882444051706D-02
  0.64330330097373D-03  -.54065884392162D-01  0.10412606072045D-01
  0.59742733617085D-02  -.86884618471043D-03  -.66873156350927D-02
  -.24525792412107D-01  0.44441843893225D-01  -.16473833595885D-01
  -.12564281519659D-01  0.17701394941194D-01  -.14705264157238D+00
  0.79709992112411D-02  -.93617051774923D-02  0.25212447915617D-02
  -.60615055871194D-02  -.13526351163862D+00  -.29455083536961D-01
  0.24853189848422D-01  -.63745442626354D-01  0.30265901873244D-01
  -.74647451193458D-01  -.32505303104287D-01  0.57475393223540D-01
  -.15380191184975D-01  0.10802326568135D-01  0.15102175285340D-01
  0.72425833998220D-01  0.64591842977096D-01  -.28011670269296D+00
  0.35588488137282D-01  0.35288942386422D-01  -.39034479090233D-01
  0.34796230855601D-01  0.11309868068293D+00  0.55291718382137D-01
  -.14955931451798D+00  0.70343273328758D-01  0.23762537122989D+00
  0.14238296270016D+00  -.16546686267701D-02  0.30874767261726D-01
  -.35406901701003D-01  0.44755154465410D-01  -.87332768838341D-01
  -.14600753720518D-01  -.15536260716376D+00  0.18382477158709D+00
$end
