$hessian (projected)
 1  1   0.5633559663  -0.0803809436   0.0519492541  -0.1631250034  -0.0620053530
 1  2   0.0238023445  -0.0332500352  -0.0156037178   0.0152472257  -0.0067093198
 1  3   0.0035425958  -0.0017962064  -0.0618483802   0.0028097200   0.0026352704
 1  4  -0.2857109766   0.1665473893  -0.1023328519  -0.0134341645  -0.0123763783
 1  5   0.0064029242  -0.0017570437   0.0002972436   0.0026921097   0.0018040901
 1  6  -0.0007108432   0.0007945107   0.0021854102  -0.0011174785   0.0004765711
 1  7  -0.0015495002  -0.0012576264   0.0001793844   0.0000389570   0.0002553922
 1  8  -0.0000505365
 2  1  -0.0803809436   0.2181925417  -0.0431867733  -0.0226538552  -0.0885909157
 2  2   0.0159785682   0.0080009145   0.0087690061  -0.0054326982   0.0029718421
 2  3  -0.0003872930   0.0000986502   0.0026629252  -0.0306406819  -0.0487515918
 2  4   0.1228921035  -0.0984344361   0.0636612331  -0.0346125400  -0.0123627612
 2  5   0.0166383663  -0.0006000205   0.0006291708   0.0015640858  -0.0006674440
 2  6   0.0020367992  -0.0004014802  -0.0000067505   0.0003436517  -0.0005375901
 2  7   0.0009564345   0.0004974979  -0.0001219414   0.0014373339  -0.0000525795
 2  8   0.0004911715
 3  1   0.0519492541  -0.0431867733   0.6231560529   0.0324895608   0.0394847303
 3  2  -0.1133217738  -0.0076184629  -0.0066985279   0.0037859409  -0.0022554839
 3  3   0.0022025018   0.0006796517   0.0046309774  -0.1011532468  -0.3992093850
 3  4  -0.1117973685   0.0903220534  -0.1093312181   0.0000270834   0.0034505161
 3  5   0.0047650613   0.0340294973   0.0165071902  -0.0128218790  -0.0000648433
 3  6  -0.0002043484  -0.0002902337  -0.0001338557  -0.0002713519   0.0017910879
 3  7  -0.0013068368  -0.0004073250   0.0007231786   0.0000504781  -0.0000454187
 3  8   0.0000735163
 4  1  -0.1631250034  -0.0226538552   0.0324895608   0.4613215598  -0.0016703009
 4  2   0.0165319164  -0.1344937997   0.0481417959  -0.0368287773  -0.0329963329
 4  3   0.0114173193  -0.0029493265  -0.0006617776  -0.0049493535  -0.0002054445
 4  4  -0.0259919533  -0.0200578848   0.0151778625  -0.0493778665  -0.0092749973
 4  5  -0.0051562405  -0.0497633489  -0.0028110053  -0.0171294946  -0.0000866405
 4  6   0.0007433171  -0.0007315327  -0.0027303690   0.0025722763  -0.0006517130
 4  7  -0.0029209882  -0.0017092505   0.0001404884   0.0008265201   0.0002519390
 4  8  -0.0006872991
 5  1  -0.0620053530  -0.0885909157   0.0394847303  -0.0016703009   0.5314804555
 5  2   0.0258475411   0.0513142691  -0.1149402706   0.0221393844  -0.0164205646
 5  3   0.0075511882  -0.0040426485   0.0059330405  -0.0024912617  -0.0059596454
 5  4   0.0172325863   0.0014712252  -0.0084551460  -0.0112872603  -0.2628142976
 5  5  -0.0573944576  -0.0022618577  -0.0535916785  -0.0230308508   0.0279130350
 5  6  -0.0179347699   0.0123592409  -0.0000043556   0.0001329785  -0.0005370192
 5  7  -0.0054760863  -0.0019283362   0.0008282753  -0.0032671524   0.0016556828
 5  8  -0.0012394046
 6  1   0.0238023445   0.0159785682  -0.1133217738   0.0165319164   0.0258475411
 6  2   0.5981576790  -0.0326657691   0.0237994949  -0.0962115747   0.0140777279
 6  3  -0.0088618002   0.0047654838   0.0354506025   0.0202758324  -0.0165485848
 6  4  -0.0129876520  -0.0061844547   0.0073546989  -0.0052301262  -0.0576378788
 6  5  -0.0701362073  -0.0219909941  -0.0287327696  -0.3019351929   0.0088321351
 6  6  -0.0048673220   0.0034855239  -0.0291064172   0.0184891621  -0.0145492120
 6  7   0.0038518026   0.0016686488  -0.0010791757  -0.0005655704   0.0002249778
 6  8   0.0000183355
 7  1  -0.0332500352   0.0080009145  -0.0076184629  -0.1344937997   0.0513142691
 7  2  -0.0326657691   0.4603233044  -0.0050369213   0.0074934272  -0.1613873712
 7  3  -0.0320526175   0.0214181602   0.0011141197   0.0005553707  -0.0000500670
 7  4  -0.0027613165  -0.0003949786   0.0018615361  -0.0003246059  -0.0003658331
 7  5  -0.0010756265  -0.0026737221   0.0025676969  -0.0015921599  -0.0483622319
 7  6  -0.0060432536  -0.0016426154  -0.0487639656   0.0019777781  -0.0096960268
 7  7  -0.0257298875  -0.0176613332   0.0174405330  -0.0036904884  -0.0028610921
 7  8   0.0061270711
 8  1  -0.0156037178   0.0087690061  -0.0066985279   0.0481417959  -0.1149402706
 8  2   0.0237994949  -0.0050369213   0.5831585715   0.0394913846  -0.0349621589
 8  3  -0.1205289441   0.0086445068  -0.0003402507   0.0003404516  -0.0000650003
 8  4  -0.0048614242  -0.0013581323   0.0020455928   0.0280620761  -0.0199037516
 8  5   0.0114437350  -0.0014032848   0.0002856754   0.0000857115  -0.0017172029
 8  6  -0.2747951648  -0.0869417973   0.0015202473  -0.0546838739  -0.0037364883
 8  7   0.0187766329   0.0105716766  -0.0064677962  -0.0325757915  -0.0169152441
 8  8   0.0183991844
 9  1   0.0152472257  -0.0054326982   0.0037859409  -0.0368287773   0.0221393844
 9  2  -0.0962115747   0.0074934272   0.0394913846   0.5480626449   0.0630703576
 9  3   0.0293674411  -0.0832199568   0.0031769340  -0.0018183569   0.0010196126
 9  4   0.0044844397   0.0006114822  -0.0017888355   0.0073768974  -0.0057947446
 9  5   0.0030597269  -0.0290762568   0.0188655108  -0.0121758323  -0.0006416988
 9  6  -0.0808615134  -0.0824436020  -0.0076244854  -0.0037057760  -0.2789333853
 9  7  -0.0118085562  -0.0037771217  -0.0019962380  -0.0148695071  -0.0090849923
 9  8   0.0008414992
10  1  -0.0067093198   0.0029718421  -0.0022554839  -0.0329963329  -0.0164205646
10  2   0.0140777279  -0.1613873712  -0.0349621589   0.0630703576   0.5634607995
10  3  -0.0613295701   0.0402130099  -0.0000683514   0.0001442999  -0.0002306045
10  4  -0.0014116401  -0.0003267158   0.0012995161   0.0022240612  -0.0007675637
10  5   0.0008056483   0.0017956134  -0.0011298019   0.0004307189  -0.0048152981
10  6  -0.0035633367   0.0006012788  -0.0106268454  -0.0068988477   0.0111057188
10  7  -0.2839057684   0.1524894721  -0.1121318859  -0.0655595467  -0.0302070546
10  8  -0.0169860020
11  1   0.0035425958  -0.0003872930   0.0022025018   0.0114173193   0.0075511882
11  2  -0.0088618002  -0.0320526175  -0.1205289441   0.0293674411  -0.0613295701
11  3   0.6279328014   0.0601687111   0.0003283610  -0.0000687054  -0.0000699912
11  4   0.0016173944   0.0007347569  -0.0005521423   0.0001454942   0.0018886860
11  5   0.0000582928  -0.0002971684   0.0001034333  -0.0007590703  -0.0327880291
11  6  -0.0139440588   0.0150103833  -0.0073914883  -0.0000992440   0.0063047592
11  7   0.1533211330  -0.1641750552   0.0743277674  -0.0365134245  -0.3390075654
11  8  -0.1771968529
12  1  -0.0017962064   0.0000986502   0.0006796517  -0.0029493265  -0.0040426485
12  2   0.0047654838   0.0214181602   0.0086445068  -0.0832199568   0.0402130099
12  3   0.0601687111   0.2130237448  -0.0012788436   0.0005841848   0.0001705291
12  4  -0.0004411711   0.0000293907   0.0003194712  -0.0001431642  -0.0000760550
12  5   0.0001606751   0.0006077726  -0.0008600213   0.0016640593  -0.0073582054
12  6  -0.0019973613   0.0048549117   0.0350368848   0.0179702944  -0.0103079093
12  7  -0.0693202261   0.0447908118  -0.0454242090  -0.0139886843  -0.1253104636
12  8  -0.0866864514
13  1  -0.0618483802   0.0026629252   0.0046309774  -0.0006617776   0.0059330405
13  2   0.0354506025   0.0011141197  -0.0003402507   0.0031769340  -0.0000683514
13  3   0.0003283610  -0.0012788436   0.0654388482   0.0009173768  -0.0065957896
13  4   0.0009887442  -0.0069902462  -0.0354383210   0.0009441044  -0.0002076994
13  5  -0.0004970256  -0.0052244978  -0.0024319822   0.0022535871  -0.0000268125
13  6  -0.0000376327  -0.0002478673  -0.0005585560   0.0001892643  -0.0015231372
13  7  -0.0000699376   0.0000521965  -0.0001007393  -0.0000275034  -0.0000753530
13  8   0.0001696225
14  1   0.0028097200  -0.0306406819  -0.1011532468  -0.0049493535  -0.0024912617
14  2   0.0202758324   0.0005553707   0.0003404516  -0.0018183569   0.0001442999
14  3  -0.0000687054   0.0005841848   0.0009173768   0.0327581455   0.0598944492
14  4   0.0017211028  -0.0006612510   0.0199317772   0.0010756988   0.0010193420
14  5   0.0012066072  -0.0024791633  -0.0003625312   0.0009675987   0.0000639833
14  6  -0.0001248266  -0.0002303233   0.0002085980   0.0004072376   0.0004141555
14  7   0.0001109919  -0.0000768948  -0.0000781279  -0.0001786256  -0.0000990242
14  8   0.0000054498
15  1   0.0026352704  -0.0487515918  -0.3992093850  -0.0002054445  -0.0059596454
15  2  -0.0165485848  -0.0000500670  -0.0000650003   0.0010196126  -0.0002306045
15  3  -0.0000699912   0.0001705291  -0.0065957896   0.0598944492   0.4282383159
15  4   0.0019773481  -0.0072309619  -0.0166115168  -0.0012683097   0.0004772599
15  5   0.0015635833   0.0031451276   0.0019056151   0.0010531426  -0.0001317658
15  6   0.0000556921   0.0000447763   0.0006894295  -0.0003569209   0.0002494497
15  7  -0.0000007915   0.0000096775   0.0001261108   0.0000355970   0.0000914178
15  8  -0.0000960337
16  1  -0.2857109766   0.1228921035  -0.1117973685  -0.0259919533   0.0172325863
16  2  -0.0129876520  -0.0027613165  -0.0048614242   0.0044844397  -0.0014116401
16  3   0.0016173944  -0.0004411711   0.0009887442   0.0017211028   0.0019773481
16  4   0.3127105629  -0.1381782627   0.1191070662   0.0011137854  -0.0004104302
16  5  -0.0009975410   0.0010207219   0.0005335925   0.0005021239   0.0002634690
16  6  -0.0000130758   0.0001839862   0.0004209529  -0.0002281835  -0.0000792348
16  7  -0.0005731653  -0.0003524233   0.0001567389  -0.0000691844   0.0000470202
16  8  -0.0001087356
17  1   0.1665473893  -0.0984344361   0.0903220534  -0.0200578848   0.0014712252
17  2  -0.0061844547  -0.0003949786  -0.0013581323   0.0006114822  -0.0003267158
17  3   0.0007347569   0.0000293907  -0.0069902462  -0.0006612510  -0.0072309619
17  4  -0.1381782627   0.0965829570  -0.0768482276  -0.0007313320   0.0007524528
17  5  -0.0004798578   0.0007123177   0.0006635809  -0.0002877591  -0.0003379580
17  6   0.0003081219   0.0001196943  -0.0001815095  -0.0002167626  -0.0001462800
17  7  -0.0001863278   0.0000352781   0.0001211927   0.0001255086   0.0001222092
17  8  -0.0000262721
18  1  -0.1023328519   0.0636612331  -0.1093312181   0.0151778625  -0.0084551460
18  2   0.0073546989   0.0018615361   0.0020455928  -0.0017888355   0.0012995161
18  3  -0.0005521423   0.0003194712  -0.0354383210   0.0199317772  -0.0166115168
18  4   0.1191070662  -0.0768482276   0.1196946116  -0.0000721142   0.0003380331
18  5  -0.0003051033   0.0001413128  -0.0004801100   0.0000394503  -0.0001509089
18  6   0.0001367773  -0.0000117391   0.0000546846  -0.0000615182   0.0006309489
18  7   0.0003756135   0.0002232440   0.0000805316  -0.0000233958   0.0000604867
18  8  -0.0000712999
19  1  -0.0134341645  -0.0346125400   0.0000270834  -0.0493778665  -0.0112872603
19  2  -0.0052301262  -0.0003246059   0.0280620761   0.0073768974   0.0022240612
19  3   0.0001454942  -0.0001431642   0.0009441044   0.0010756988  -0.0012683097
19  4   0.0011137854  -0.0007313320  -0.0000721142   0.0613359988   0.0189144874
19  5   0.0028482304   0.0012308302  -0.0027170295  -0.0014548529  -0.0047352620
19  6   0.0027017629  -0.0019113271   0.0010804187  -0.0008684780  -0.0000237672
19  7   0.0004460092  -0.0000710790   0.0001064604  -0.0005033091  -0.0006118008
19  8  -0.0002550101
20  1  -0.0123763783  -0.0123627612   0.0034505161  -0.0092749973  -0.2628142976
20  2  -0.0576378788  -0.0003658331  -0.0199037516  -0.0057947446  -0.0007675637
20  3   0.0018886860  -0.0000760550  -0.0002076994   0.0010193420   0.0004772599
20  4  -0.0004104302   0.0007524528   0.0003380331   0.0189144874   0.2935872364
20  5   0.0587244470   0.0004518489  -0.0032168390  -0.0022142453   0.0025741333
20  6  -0.0005221014   0.0019125524  -0.0001805908   0.0007465862   0.0004962440
20  7   0.0000393913   0.0006300064   0.0000651834   0.0016036319   0.0001954409
20  8   0.0002586879
21  1   0.0064029242   0.0166383663   0.0047650613  -0.0051562405  -0.0573944576
21  2  -0.0701362073  -0.0010756265   0.0114437350   0.0030597269   0.0008056483
21  3   0.0000582928   0.0001606751  -0.0004970256   0.0012066072   0.0015635833
21  4  -0.0009975410  -0.0004798578  -0.0003051033   0.0028482304   0.0587244470
21  5   0.0667628869  -0.0019501883  -0.0313007730  -0.0072789759  -0.0016337960
21  6   0.0014414526   0.0004560556   0.0008124235  -0.0001103770   0.0007738426
21  7   0.0001924759   0.0001462003  -0.0002395232   0.0002487155  -0.0003736358
21  8   0.0004179780
22  1  -0.0017570437  -0.0006000205   0.0340294973  -0.0497633489  -0.0022618577
22  2  -0.0219909941  -0.0026737221  -0.0014032848  -0.0290762568   0.0017956134
22  3  -0.0002971684   0.0006077726  -0.0052244978  -0.0024791633   0.0031451276
22  4   0.0010207219   0.0007123177   0.0001413128   0.0012308302   0.0004518489
22  5  -0.0019501883   0.0586334477   0.0034352380   0.0156053818   0.0011665290
22  6  -0.0003953035   0.0006685943  -0.0047069522   0.0026353726  -0.0014961950
22  7   0.0002846476   0.0000459027   0.0003793805  -0.0000062252   0.0001561183
22  8  -0.0000634326
23  1   0.0002972436   0.0006291708   0.0165071902  -0.0028110053  -0.0535916785
23  2  -0.0287327696   0.0025676969   0.0002856754   0.0188655108  -0.0011298019
23  3   0.0001034333  -0.0008600213  -0.0024319822  -0.0003625312   0.0019056151
23  4   0.0005335925   0.0006635809  -0.0004801100  -0.0027170295  -0.0032168390
23  5  -0.0313007730   0.0034352380   0.0554823318   0.0218478698  -0.0007220382
23  6   0.0007680427   0.0006161642   0.0029686367  -0.0007633353   0.0018173408
23  7  -0.0002030502  -0.0000485176   0.0000163683   0.0002124996   0.0000506667
23  8  -0.0002023852
24  1   0.0026921097   0.0015640858  -0.0128218790  -0.0171294946  -0.0230308508
24  2  -0.3019351929  -0.0015921599   0.0000857115  -0.0121758323   0.0004307189
24  3  -0.0007590703   0.0016640593   0.0022535871   0.0009675987   0.0010531426
24  4   0.0005021239  -0.0002877591   0.0000394503  -0.0014548529  -0.0022142453
24  5  -0.0072789759   0.0156053818   0.0218478698   0.3296877886   0.0002274389
24  6   0.0003115601   0.0009325961  -0.0015934719   0.0013855623   0.0006734805
24  7  -0.0000250714   0.0000417022   0.0003303755   0.0000836903   0.0000878350
24  8  -0.0001690126
25  1   0.0018040901  -0.0006674440  -0.0000648433  -0.0000866405   0.0279130350
25  2   0.0088321351  -0.0483622319  -0.0017172029  -0.0006416988  -0.0048152981
25  3  -0.0327880291  -0.0073582054  -0.0000268125   0.0000639833  -0.0001317658
25  4   0.0002634690  -0.0003379580  -0.0001509089  -0.0047352620   0.0025741333
25  5  -0.0016337960   0.0011665290  -0.0007220382   0.0002274389   0.0578268605
25  6   0.0094497901   0.0007242314   0.0014024967  -0.0006331029  -0.0011456476
25  7   0.0008507801  -0.0000425961  -0.0007858718  -0.0052879804  -0.0030925705
25  8   0.0021289321
26  1  -0.0007108432   0.0020367992  -0.0002043484   0.0007433171  -0.0179347699
26  2  -0.0048673220  -0.0060432536  -0.2747951648  -0.0808615134  -0.0035633367
26  3  -0.0139440588  -0.0019973613  -0.0000376327  -0.0001248266   0.0000556921
26  4  -0.0000130758   0.0003081219   0.0001367773   0.0027017629  -0.0005221014
26  5   0.0014414526  -0.0003953035   0.0007680427   0.0003115601   0.0094497901
26  6   0.3022412542   0.0861896338   0.0006136118   0.0010248496  -0.0010986322
26  7  -0.0004241972   0.0002758372  -0.0002980949  -0.0023208391   0.0006660169
26  8   0.0011921562
27  1   0.0007945107  -0.0004014802  -0.0002902337  -0.0007315327   0.0123592409
27  2   0.0034855239  -0.0016426154  -0.0869417973  -0.0824436020   0.0006012788
27  3   0.0150103833   0.0048549117  -0.0002478673  -0.0002303233   0.0000447763
27  4   0.0001839862   0.0001196943  -0.0000117391  -0.0019113271   0.0019125524
27  5   0.0004560556   0.0006685943   0.0006161642   0.0009325961   0.0007242314
27  6   0.0861896338   0.0840357829  -0.0001493613  -0.0303190544  -0.0117098481
27  7  -0.0007102713  -0.0005440225   0.0005471662   0.0024203737   0.0022290087
27  8   0.0000986103
28  1   0.0021854102  -0.0000067505  -0.0001338557  -0.0027303690  -0.0000043556
28  2  -0.0291064172  -0.0487639656   0.0015202473  -0.0076244854  -0.0106268454
28  3  -0.0073914883   0.0350368848  -0.0005585560   0.0002085980   0.0006894295
28  4   0.0004209529  -0.0001815095   0.0000546846   0.0010804187  -0.0001805908
28  5   0.0008124235  -0.0047069522   0.0029686367  -0.0015934719   0.0014024967
28  6   0.0006136118  -0.0001493613   0.0599582272   0.0011231750   0.0020343996
28  7   0.0013049211  -0.0001990096   0.0005745258   0.0010342614   0.0015294357
28  8  -0.0005947564
29  1  -0.0011174785   0.0003436517  -0.0002713519   0.0025722763   0.0001329785
29  2   0.0184891621   0.0019777781  -0.0546838739  -0.0037057760  -0.0068988477
29  3  -0.0000992440   0.0179702944   0.0001892643   0.0004072376  -0.0003569209
29  4  -0.0002281835  -0.0002167626  -0.0000615182  -0.0008684780   0.0007465862
29  5  -0.0001103770   0.0026353726  -0.0007633353   0.0013855623  -0.0006331029
29  6   0.0010248496  -0.0303190544   0.0011231750   0.0523676216  -0.0033994650
29  7   0.0007091321  -0.0002398404  -0.0008596418   0.0005390922   0.0009801311
29  8   0.0012390864
30  1   0.0004765711  -0.0005375901   0.0017910879  -0.0006517130  -0.0005370192
30  2  -0.0145492120  -0.0096960268  -0.0037364883  -0.2789333853   0.0111057188
30  3   0.0063047592  -0.0103079093  -0.0015231372   0.0004141555   0.0002494497
30  4  -0.0000792348  -0.0001462800   0.0006309489  -0.0000237672   0.0004962440
30  5   0.0007738426  -0.0014961950   0.0018173408   0.0006734805  -0.0011456476
30  6  -0.0010986322  -0.0117098481   0.0020343996  -0.0033994650   0.3093595969
30  7   0.0006015083   0.0000623318   0.0005680105   0.0003975238   0.0003606435
30  8   0.0014539378
31  1  -0.0015495002   0.0009564345  -0.0013068368  -0.0029209882  -0.0054760863
31  2   0.0038518026  -0.0257298875   0.0187766329  -0.0118085562  -0.2839057684
31  3   0.1533211330  -0.0693202261  -0.0000699376   0.0001109919  -0.0000007915
31  4  -0.0005731653  -0.0001863278   0.0003756135   0.0004460092   0.0000393913
31  5   0.0001924759   0.0002846476  -0.0002030502  -0.0000250714   0.0008507801
31  6  -0.0004241972  -0.0007102713   0.0013049211   0.0007091321   0.0006015083
31  7   0.3078337796  -0.1636725070   0.0795093280   0.0040291097  -0.0039515471
31  8  -0.0013589751
32  1  -0.0012576264   0.0004974979  -0.0004073250  -0.0017092505  -0.0019283362
32  2   0.0016686488  -0.0176613332   0.0105716766  -0.0037771217   0.1524894721
32  3  -0.1641750552   0.0447908118   0.0000521965  -0.0000768948   0.0000096775
32  4  -0.0003524233   0.0000352781   0.0002232440  -0.0000710790   0.0006300064
32  5   0.0001462003   0.0000459027  -0.0000485176   0.0000417022  -0.0000425961
32  6   0.0002758372  -0.0005440225  -0.0001990096  -0.0002398404   0.0000623318
32  7  -0.1636725070   0.1750605924  -0.0550056961   0.0323782539  -0.0206022442
32  8   0.0127915489
33  1   0.0001793844  -0.0001219414   0.0007231786   0.0001404884   0.0008282753
33  2  -0.0010791757   0.0174405330  -0.0064677962  -0.0019962380  -0.1121318859
33  3   0.0743277674  -0.0454242090  -0.0001007393  -0.0000781279   0.0001261108
33  4   0.0001567389   0.0001211927   0.0000805316   0.0001064604   0.0000651834
33  5  -0.0002395232   0.0003793805   0.0000163683   0.0003303755  -0.0007858718
33  6  -0.0002980949   0.0005471662   0.0005745258  -0.0008596418   0.0005680105
33  7   0.0795093280  -0.0550056961   0.0460997231   0.0145316578  -0.0125274887
33  8   0.0002640497
34  1   0.0000389570   0.0014373339   0.0000504781   0.0008265201  -0.0032671524
34  2  -0.0005655704  -0.0036904884  -0.0325757915  -0.0148695071  -0.0655595467
34  3  -0.0365134245  -0.0139886843  -0.0000275034  -0.0001786256   0.0000355970
34  4  -0.0000691844   0.0001255086  -0.0000233958  -0.0005033091   0.0016036319
34  5   0.0002487155  -0.0000062252   0.0002124996   0.0000836903  -0.0052879804
34  6  -0.0023208391   0.0024203737   0.0010342614   0.0005390922   0.0003975238
34  7   0.0040291097   0.0323782539   0.0145316578   0.0692153896   0.0385595129
34  8   0.0116791216
35  1   0.0002553922  -0.0000525795  -0.0000454187   0.0002519390   0.0016556828
35  2   0.0002249778  -0.0028610921  -0.0169152441  -0.0090849923  -0.0302070546
35  3  -0.3390075654  -0.1253104636  -0.0000753530  -0.0000990242   0.0000914178
35  4   0.0000470202   0.0001222092   0.0000604867  -0.0006118008   0.0001954409
35  5  -0.0003736358   0.0001561183   0.0000506667   0.0000878350  -0.0030925705
35  6   0.0006660169   0.0022290087   0.0015294357   0.0009801311   0.0003606435
35  7  -0.0039515471  -0.0206022442  -0.0125274887   0.0385595129   0.3730065097
35  8   0.1442876295
36  1  -0.0000505365   0.0004911715   0.0000735163  -0.0006872991  -0.0012394046
36  2   0.0000183355   0.0061270711   0.0183991844   0.0008414992  -0.0169860020
36  3  -0.1771968529  -0.0866864514   0.0001696225   0.0000054498  -0.0000960337
36  4  -0.0001087356  -0.0000262721  -0.0000712999  -0.0002550101   0.0002586879
36  5   0.0004179780  -0.0000634326  -0.0002023852  -0.0001690126   0.0021289321
36  6   0.0011921562   0.0000986103  -0.0005947564   0.0012390864   0.0014539378
36  7  -0.0013589751   0.0127915489   0.0002640497   0.0116791216   0.1442876295
36  8   0.0838548709
$end
