$vibrational normal modes
 1  1  -0.0256658949   0.0648312538   0.1776281996   0.1303822372  -0.0771694056
 1  2   0.0781908960   0.0192420468  -0.0273268644  -0.0024809264  -0.0901894362
 1  3  -0.3190683812   0.0058288508   0.0416609205   0.0064686056   0.0763630347
 1  4  -0.0743834579  -0.1024149786  -0.0983305127   0.0213331118  -0.0071493420
 1  5  -0.0055026160   0.0165318209   0.0228689135  -0.0219149563  -0.0051039082
 1  6  -0.0012419470  -0.0438609866  -0.0483175092  -0.0014967950   0.0015143931
 1  7  -0.0003619053  -0.0004124286  -0.0169799697  -0.0323271629   0.0240129997
 1  8  -0.0378927171
 2  1   0.1492779117   0.1056532031  -0.2691317463   0.1342403636  -0.0969482851
 2  2   0.1103569629   0.1017805914   0.0418326989  -0.0173893415   0.0841997508
 2  3   0.0041150717   0.0159705505   0.0807922124  -0.0719256458   0.0732286185
 2  4  -0.0775827921   0.0062501489  -0.0510814773  -0.0486970416  -0.0309880596
 2  5  -0.0192111268   0.0172004908  -0.0198938733   0.0161131663  -0.0047939282
 2  6  -0.0035026173   0.0016811027  -0.0011783583  -0.0003562284   0.0004193339
 2  7   0.0000117964  -0.0002821711   0.0109654093   0.0206785285  -0.0087961630
 2  8   0.0138863392
 3  1  -0.0439918410   0.3597654428   0.0294944398  -0.1754212304   0.0370826667
 3  2   0.0956077616   0.1344893566  -0.0025757628   0.0249620788  -0.0794402221
 3  3   0.0269588009  -0.0154127639  -0.0141859188  -0.0019040693  -0.0101420304
 3  4   0.0496914926   0.0367898916   0.0758111817   0.0045906574  -0.0486329090
 3  5  -0.0201024940   0.0583794077   0.0412106188  -0.0252032097   0.0052469062
 3  6   0.0023380626   0.0225853889   0.0272583829   0.0006211745  -0.0009903748
 3  7  -0.0015817456  -0.0018618011   0.0172042034   0.0326794263   0.0345384574
 3  8  -0.0544416857
 4  1  -0.0108128893   0.0542114843   0.0987469357   0.2246485698  -0.0939645253
 4  2   0.0283591358  -0.0111623200   0.0437025490  -0.0161969649   0.0669495444
 4  3  -0.1420430481  -0.0094078595  -0.0258931934   0.0666642536   0.0192095832
 4  4   0.1162483388   0.0980771786   0.2099333587  -0.0253292195  -0.0378324870
 4  5  -0.0044737494   0.0167958456  -0.0959614254   0.1419356675  -0.0021836360
 4  6  -0.0039642557  -0.0013539903  -0.0085338777  -0.0030808841   0.0010280632
 4  7   0.0038727090   0.0045701134   0.0004105610   0.0006074674   0.0003205991
 4  8  -0.0001383359
 5  1   0.1623750181   0.0180408895  -0.0991194420  -0.0125516181  -0.2211406876
 5  2   0.0231627011  -0.1111469370  -0.0222612314   0.0045983168  -0.1276281945
 5  3  -0.0923248010   0.0386813979  -0.0011867765  -0.0401791737  -0.1579133459
 5  4   0.1156686051   0.0094079658   0.0169604328   0.0962542994   0.0718733422
 5  5  -0.0234017530   0.0151438758   0.0133700315  -0.0161884976  -0.0424486231
 5  6  -0.0449998126   0.0111554156   0.0193472832  -0.0556833633   0.0514565666
 5  7   0.0074230089   0.0156929771   0.0013172696   0.0029874616  -0.0004267773
 5  8   0.0002138134
 6  1   0.0008443663   0.2459412425   0.0417199574  -0.1311162391  -0.1279176980
 6  2  -0.1000160798  -0.1448365129   0.0879709529   0.0071393923   0.0464845333
 6  3   0.0550955528   0.0436578140   0.0458284920   0.0559348213   0.0965714443
 6  4   0.0050651860  -0.0746255912  -0.0379507728  -0.0368964104   0.1037942331
 6  5  -0.0301839190  -0.0841106551  -0.0449107064   0.0202581432   0.0362162571
 6  6   0.0402978306   0.0067620190   0.0008960858  -0.0101552186   0.0026995658
 6  7   0.0600511484   0.0588421382   0.0009563740   0.0014694286   0.0013004377
 6  8  -0.0018037211
 7  1  -0.0432630500   0.0456167544   0.1810837404   0.1266206062  -0.0822303940
 7  2   0.0786516621  -0.0081370889   0.0408446431   0.0056951201   0.0717983929
 7  3   0.1396379912   0.0155722360  -0.0308920712  -0.0630682305  -0.0220542438
 7  4   0.1080887793   0.1036344303  -0.2102869993   0.0286994557  -0.0512712077
 7  5  -0.0028865358  -0.0229549958  -0.0917457089  -0.1408524858   0.0022553563
 7  6  -0.0041789600  -0.0039769374   0.0093363789   0.0013353865   0.0026889964
 7  7  -0.0017011113   0.0016321364   0.0003527266  -0.0000947095  -0.0002095536
 7  8   0.0001033530
 8  1  -0.0448993298  -0.0797915121  -0.0796012368  -0.0793397989  -0.1398536726
 8  2   0.1810769823  -0.1138056005  -0.0874323733   0.0292379938  -0.0806598865
 8  3   0.0670282878   0.0312440130  -0.0415876358   0.0700079098   0.1333645571
 8  4   0.0165749326   0.0681409821  -0.0271123667  -0.0613438945  -0.0814048935
 8  5   0.0166475021  -0.0846652847   0.0536212099   0.0330309525   0.0442011581
 8  6  -0.0512913585  -0.0029864915  -0.0050363127  -0.0035806582  -0.0105170236
 8  7  -0.0535599164   0.0559545206  -0.0009489560   0.0002496719   0.0020208858
 8  8   0.0010422184
 9  1  -0.2310130203   0.1191512343  -0.1411440841   0.0202775160  -0.0344289617
 9  2   0.0106074544  -0.1440531408  -0.0016402838   0.0030920748   0.1060446253
 9  3  -0.0878717713   0.0468597746  -0.0074250944  -0.0194222481  -0.1266788797
 9  4  -0.1230988204   0.0007267628   0.0246823200   0.0823261754  -0.0912680739
 9  5   0.0303574868  -0.0064200667   0.0063885619   0.0014228648  -0.0312589350
 9  6   0.0346356137  -0.0147561428   0.0162292572   0.0536709347   0.0534273393
 9  7  -0.0207361453   0.0312574911  -0.0031482831   0.0018543662   0.0000322014
 9  8   0.0002365815
10  1  -0.0239645951   0.0402318847   0.1024075826   0.2205444867  -0.0974480188
10  2   0.0294051726  -0.0011045057  -0.0271347254   0.0123901235  -0.0879262884
10  3   0.3199164982  -0.0060177109   0.0373740806  -0.0126135725  -0.0714286418
10  4  -0.0734007153  -0.1056170435   0.1003589777  -0.0241930554  -0.0012475860
10  5  -0.0031316162  -0.0098960213   0.0205373385   0.0208213907   0.0051641192
10  6  -0.0013792800  -0.0521589700   0.0432582098  -0.0014305721  -0.0016463200
10  7  -0.0002184791   0.0002431368  -0.0360038722   0.0190128007  -0.0341855512
10  8  -0.0217345241
11  1  -0.0388508819  -0.1678080982   0.0857387371  -0.2236974146  -0.2575719640
11  2   0.1016589007   0.1056406382   0.0217691531   0.0212327083   0.1051011611
11  3   0.0035835853  -0.0183864963   0.0313971138   0.0152236070  -0.0221577127
11  4  -0.0627564194  -0.0275687262   0.0796789469   0.0179866764   0.0405044159
11  5   0.0189833823   0.0507690572  -0.0465935253  -0.0301216603   0.0058640850
11  6  -0.0031752178  -0.0217909011   0.0207706048  -0.0005313125  -0.0009746692
11  7   0.0014728893  -0.0018307142  -0.0246171445   0.0129940000   0.0583936460
11  8   0.0370836124
12  1  -0.1809781629   0.0053068004  -0.1252972565   0.0627108041  -0.2045661448
12  2  -0.1911025949   0.1324472246  -0.0399965879  -0.0000715403  -0.0543046795
12  3  -0.0168067744   0.0122479412  -0.0807890907  -0.0665766695   0.0733934531
12  4   0.0695083791  -0.0060617278  -0.0394385519  -0.0446493304   0.0425857793
12  5   0.0262855186   0.0294466021   0.0070192118   0.0074957703  -0.0036602083
12  6   0.0030179075  -0.0036619507   0.0010569079   0.0003082481   0.0003168982
12  7   0.0003713056  -0.0007915773  -0.0252582876   0.0132389133   0.0027852195
12  8   0.0017574340
13  1   0.0552399737   0.1760791851   0.2265762630   0.0699308834  -0.0359201579
13  2   0.1182717310   0.1651571842  -0.3574997642  -0.2316877252   0.0161669107
13  3  -0.3201651903  -0.0821099070  -0.1448816552   0.0223951628  -0.2662494991
13  4  -0.3699052023   0.0969225209  -0.2522797733  -0.2093511020   0.2526665688
13  5   0.0616802012  -0.2655835919  -0.2052029262   0.1647586693   0.0220908455
13  6   0.0167254533   0.4546347930   0.5143124126   0.0012147595   0.0082331638
13  7   0.0020040320   0.0044775377   0.0003220241   0.0010452463   0.0116134737
13  8  -0.0185694001
14  1  -0.0535301362   0.1005553119  -0.4154963698   0.2148034433   0.0976224774
14  2   0.3394768662   0.3148573424   0.4323397889   0.3565933487  -0.2170024993
14  3  -0.0713682945  -0.2269965991  -0.4713804991   0.3519347792  -0.3406642381
14  4  -0.1533241882  -0.0888523134  -0.2455170003  -0.0072724246   0.2582981599
14  5   0.0723885455  -0.2210096357  -0.1021045721   0.0460010631  -0.0131879308
14  6   0.0041340703  -0.1083854731  -0.1228284525   0.0005969476  -0.0035187408
14  7   0.0050218252   0.0052126837  -0.0492990738  -0.0932788827  -0.0586813276
14  8   0.0929123558
15  1  -0.0052321451   0.3638335231   0.0571995003  -0.1916200865   0.0032645357
15  2   0.0555440981   0.1002332422  -0.0834123678  -0.0491134167  -0.0210563861
15  3   0.0437600654   0.0200239014   0.0582796609  -0.0567282401   0.0389008465
15  4   0.0640728438   0.0506815162   0.1048923531   0.0010602285  -0.0798928616
15  5  -0.0318464926   0.0830613050   0.0477895820  -0.0275483528   0.0063726312
15  6   0.0019314714   0.0353955042   0.0414055136  -0.0058628155   0.0052472116
15  7   0.0157131014   0.0164573494  -0.3640174124  -0.6899684422  -0.3211088972
15  8   0.5046530885
16  1  -0.0116093133   0.0613615229   0.1216029498   0.1972585621  -0.0878984055
16  2   0.0431544244  -0.0033524596   0.0234761911  -0.0229410052   0.0582202260
16  3  -0.1538465801  -0.0346523411  -0.1255385961   0.2803630550   0.2021633662
16  4   0.1378716077  -0.3490368127  -0.0752077109   0.1920499216  -0.1478057053
16  5  -0.0353065576   0.1883490287   0.1849118347  -0.1342499572   0.0172149323
16  6   0.0081315794   0.1715850512   0.2063982422   0.0041232325  -0.0005628218
16  7   0.0002482955  -0.0003516095   0.2309777304   0.4400521353  -0.3444589349
16  8   0.5430849108
17  1   0.3001196144   0.1709604185  -0.2725835023   0.1733627887  -0.1635795077
17  2  -0.0094118283   0.0691843017  -0.2402375941  -0.3411597008   0.5216798147
17  3   0.3336487727  -0.0827280226  -0.3451521743   0.4587479009   0.0451473711
17  4   0.2016457939  -0.3625305185  -0.0965057342   0.2248340564  -0.0682707036
17  5  -0.0124255110   0.1150133482   0.1378442383  -0.1269515868   0.0052063260
17  6   0.0037832676  -0.0290922686  -0.0256695407  -0.0015961859   0.0026261029
17  7  -0.0023952446  -0.0041676032  -0.1134973165  -0.2158812674   0.1835863958
17  8  -0.2900396128
18  1   0.1022025520   0.4435231389   0.1454343003  -0.2729079618  -0.0178168853
18  2   0.0306566356   0.1458386644  -0.4350139835  -0.3048091240   0.1064678606
18  3   0.0434287924  -0.0295727896  -0.0954819674  -0.0234861585  -0.2694736713
18  4  -0.1096995870   0.1587140918  -0.0227770213  -0.0787021893   0.1839833953
18  5   0.0405162662  -0.1834881074  -0.1292049620   0.0606812095  -0.0247363028
18  6  -0.0061692929  -0.4195067652  -0.4873882811   0.0035461190  -0.0087141699
18  7   0.0026702393   0.0016384200   0.1236222167   0.2344056304  -0.1617981222
18  8   0.2555813069
19  1   0.0980706932   0.1589622259   0.0373415721   0.2959177984  -0.0737489685
19  2  -0.0005421691   0.1140230928   0.0998848085  -0.0488269635   0.1564073765
19  3  -0.1991455484  -0.1487298322   0.1096739119  -0.1109878012   0.2025564375
19  4   0.0801049150   0.1706619978   0.4961444253   0.1857309282   0.2239926104
19  5   0.5007750532  -0.5015736662   0.4137811181  -0.4154703939   0.0086081424
19  6  -0.0193215980   0.0161122536   0.0471572482   0.0557309958  -0.0492698830
19  7  -0.0017788469  -0.0056986483   0.0002688757   0.0026874498   0.0009803078
19  8   0.0015426725
20  1   0.1035115681   0.0085559822  -0.1269848905  -0.0020576359  -0.1748294318
20  2   0.0830726017  -0.0759121720  -0.0432299312   0.0152200225  -0.1196133958
20  3  -0.0888014263   0.1551221141   0.0395978317  -0.0044346008  -0.1639899020
20  4   0.1858902200  -0.0371363474  -0.0200520832   0.1082805446   0.1192384804
20  5  -0.0694808955   0.0092146572  -0.0420710962   0.0367643485   0.1010308404
20  6   0.0983056394   0.0093226294   0.0213888112   0.6983946082  -0.6465128767
20  7  -0.0349254546  -0.1327838583  -0.0037267129  -0.0095622343  -0.0018935603
20  8  -0.0002944192
21  1   0.2134523611   0.2437396743   0.1895900388  -0.2069320124  -0.3394562640
21  2  -0.3506528638  -0.3549929894   0.1607497592  -0.0382849751  -0.0205115424
21  3   0.0436095941  -0.4181613223  -0.1658973703  -0.0547463211   0.1108666175
21  4  -0.3281337125   0.0870052720  -0.0481263855  -0.1536554717  -0.2190651044
21  5   0.0042408910   0.0888479148   0.0298486406  -0.0259429202  -0.4855476820
21  6  -0.4803722775  -0.0044168659   0.0135030797   0.1730695104  -0.1638073150
21  7   0.0027233981  -0.0225616014  -0.0027846710  -0.0048389058  -0.0003116117
21  8   0.0004064565
22  1  -0.0885161175  -0.0578495343   0.0369703059   0.3004134984  -0.1376759582
22  2  -0.0197459181  -0.1653340725   0.0583675633  -0.0166474894   0.1788417059
22  3  -0.2447838991   0.1091567328  -0.0831961743   0.1790209854  -0.2411011053
22  4  -0.1738308414   0.3229913127   0.1908816763  -0.5255255030   0.2582927367
22  5  -0.4387307240   0.1702076524   0.4246767962  -0.4786979654   0.0739690839
22  6   0.0589293834  -0.0140025651  -0.0226915393  -0.0028090005   0.0061143160
22  7  -0.0417191403  -0.0427783312  -0.0003830012  -0.0020948789  -0.0003730607
22  8   0.0008006216
23  1   0.3911419807   0.0306013386   0.0535459721  -0.0924621346  -0.4319717911
23  2  -0.2296775936  -0.2936421846   0.0692892906  -0.0347326485  -0.1813215180
23  3  -0.0776188748  -0.4377321186  -0.1809033929  -0.1719159812  -0.0600707503
23  4  -0.2078844214   0.1533610174  -0.0461358271   0.0231803420  -0.2906357439
23  5   0.0911266424   0.1331998722   0.0483475125   0.0287911310   0.5066896228
23  6   0.4873925916  -0.0217286813  -0.0357675567  -0.0210816261   0.0275333582
23  7  -0.0585984322  -0.0540842326  -0.0014415420  -0.0025928788  -0.0007198671
23  8   0.0008485537
24  1  -0.0109086462   0.2514042132   0.0344389437  -0.1297660253  -0.1105513092
24  2  -0.0794339235  -0.1234078329   0.0810067489   0.0106892246   0.0446248791
24  3   0.0583395597   0.0678806707   0.0591091942   0.0578678988   0.1007421834
24  4   0.0405391505  -0.0945449354  -0.0273959407  -0.0032597060   0.1144594019
24  5  -0.0125622469  -0.1095311057  -0.0792875062   0.0564577493  -0.0235078792
24  6  -0.0153170198   0.0094550822   0.0063597666  -0.0484551251   0.1499159668
24  7  -0.7175184147  -0.6689231295  -0.0063108243  -0.0122109065  -0.0096757265
24  8   0.0140519727
25  1  -0.1561130449  -0.0668756606   0.2336139828   0.0660798926  -0.1062639983
25  2   0.1013733518   0.1348130868   0.0473834511  -0.0001910512   0.1868235323
25  3   0.2426698303  -0.1321858240  -0.0826421843  -0.1820168994   0.2424169689
25  4  -0.1572896454   0.3165663036  -0.1941381984   0.5243167664   0.2663746027
25  5  -0.4503039020  -0.1279576783   0.4261454006   0.4879273954  -0.0410615038
25  6   0.0275685885  -0.0160567218   0.0185845824   0.0023213780   0.0087138807
25  7   0.0230566937  -0.0197571337  -0.0003023751   0.0008702711  -0.0006715931
25  8  -0.0002305141
26  1   0.0299483724  -0.0744132286  -0.0319688213  -0.1034420557  -0.2072226467
26  2   0.0993975131  -0.0568019273  -0.0562045128   0.0356105748  -0.0992060588
26  3   0.0595513565   0.1827146219  -0.0945019969   0.1140743882   0.0945969292
26  4  -0.0810830777   0.1091518690  -0.0028476744  -0.0427121285  -0.2040876347
26  5   0.0541562425  -0.1312490234   0.0617030064   0.0157673196  -0.1424068513
26  6   0.1383421412  -0.0155063815   0.0117140598   0.0344957462   0.1395729800
26  7   0.6471599418  -0.6689497373   0.0113354451  -0.0061477234  -0.0139119067
26  8  -0.0081159355
27  1  -0.4409932016   0.1153252491  -0.2881900039   0.0983476580   0.1681225685
27  2   0.2505894357  -0.3291998481  -0.0953743695  -0.0127349606   0.1468156216
27  3  -0.0814320671  -0.3952907627   0.1635478307  -0.1407001742  -0.0513447033
27  4   0.2068228892  -0.1532790633  -0.0332774785  -0.0255861908   0.2326856294
27  5  -0.0384243263   0.1173296875  -0.0651550367  -0.0010164956   0.4765819682
27  6  -0.4850450600   0.0244607123  -0.0319164300   0.0292405301   0.0656756699
27  7   0.2260765080  -0.2333231280   0.0057804221  -0.0030725862  -0.0046639700
27  8  -0.0025863659
28  1   0.0259956814   0.1507928417   0.2511297835   0.0411229056  -0.0391141768
28  2   0.1312808225  -0.1478276978   0.0995319848   0.0185361752   0.1668240142
28  3   0.1963802348   0.1223123687   0.1274456717   0.1024140414  -0.1993336509
28  4   0.0938276610   0.1680837073  -0.4977353999  -0.1923080416   0.2394188184
28  5   0.5420754069   0.4579124288   0.4055401669   0.4109855958  -0.0422708978
28  6   0.0155512402   0.0216181820  -0.0412031234  -0.0051573317  -0.0080628088
28  7   0.0000366110  -0.0050379629   0.0027625595  -0.0026352326  -0.0003535176
28  8   0.0018652741
29  1  -0.2698558533  -0.0870647400  -0.2389950240   0.0074154881   0.0739114329
29  2   0.4338863391  -0.3181418730  -0.1762604871  -0.0002045475  -0.0223317528
29  3   0.0513979470  -0.4517854665   0.1599507242  -0.0626753543   0.1631367023
29  4   0.3597811974  -0.1054592627  -0.0067504287  -0.1655057703   0.2278634590
29  5  -0.0515834906   0.0525012610  -0.0668568174  -0.0605490477  -0.4800427864
29  6   0.5034010608   0.0041041608   0.0113457203   0.0060597336   0.0027846539
29  7  -0.0107421566   0.0120521089   0.0025486729  -0.0007480424  -0.0000393497
29  8  -0.0006034617
30  1  -0.2363145326   0.1198380664  -0.1447256316   0.0218319179  -0.0284829936
30  2   0.0176531100  -0.1513721731  -0.0052603281   0.0001144178   0.1071735957
30  3  -0.0922104154   0.0330525232  -0.0062871710  -0.0275013108  -0.1133608671
30  4  -0.1051485948  -0.0006206558   0.0110141005   0.0830045194  -0.0795736935
30  5   0.0225137673  -0.0131212782  -0.0021045538  -0.0065555176  -0.0211939812
30  6   0.0262240078  -0.0131585779   0.0263931085  -0.6841258442  -0.7067698417
30  7   0.0256332824  -0.1362374593   0.0093257954  -0.0059640050  -0.0014968103
30  8   0.0009118412
31  1  -0.0528623405   0.0262208724   0.1577367800   0.1548249961  -0.0919886316
31  2   0.0624803560   0.0208179473   0.0646318332  -0.0425963840   0.0138146698
31  3   0.1779402803   0.0275805607  -0.1010316171  -0.2477551513  -0.2226665697
31  4   0.1320144303  -0.3363758832   0.0653164345  -0.1837789925  -0.1598627065
31  5  -0.0513250726  -0.1864659431   0.1862409087   0.1313024569  -0.0185366195
31  6   0.0087465112   0.2405838609  -0.2161359165   0.0039393221   0.0002603270
31  7   0.0000966201   0.0003559961   0.4292566114  -0.2269972393   0.5391564982
31  8   0.3424261661
32  1  -0.1661240554  -0.2317506234   0.1047897139  -0.2709387897  -0.2125717520
32  2   0.1954371985   0.1270847165   0.2810933176  -0.2925749514   0.0112339482
32  3  -0.0512549966  -0.0089669654   0.0125344321  -0.1184900988  -0.2588465011
32  4   0.1452001212  -0.2197801116  -0.0030474705  -0.1192224017  -0.1868351204
32  5  -0.0537723080  -0.1848873838   0.1475993320   0.0820140811  -0.0238060975
32  6   0.0069771462   0.4476931213  -0.3930459173  -0.0036297117  -0.0093702242
32  7  -0.0029932882   0.0026368232  -0.3069356730   0.1616685773  -0.3544974602
32  8  -0.2255322290
33  1  -0.3445009045  -0.0783643827  -0.2533046234   0.1664262290  -0.1325240921
33  2  -0.1058406606   0.1075868894   0.2008832359  -0.4601034159  -0.5536966401
33  3   0.3209696383  -0.0902755273   0.3809610477   0.4486282654   0.0019638916
33  4  -0.1805342081   0.3411688920  -0.1021544156   0.2162797726   0.0354883208
33  5   0.0106288258   0.0799598717  -0.1179459678  -0.1202681619   0.0003926852
33  6  -0.0027346259   0.1317349521  -0.1078480597   0.0003084983   0.0003655707
33  7   0.0014096461  -0.0037240756   0.1145635519  -0.0605242771   0.1735901135
33  8   0.1105345097
34  1   0.0831381304   0.1503447969   0.0620335256   0.2666331367  -0.0720091153
34  2   0.0140114701  -0.1403602386  -0.2864599739   0.3317985949   0.0446435140
34  3   0.3178245673   0.0677968246  -0.1214324004  -0.0008940961   0.2475434623
34  4  -0.3624325946   0.0973578344   0.2430451440   0.2084473204   0.2453818530
34  5   0.0788229170   0.2462945662  -0.2025127399  -0.1642670555  -0.0217053029
34  6   0.0171292877   0.5233378774  -0.4456808843   0.0021148476  -0.0078860695
34  7   0.0002435832  -0.0027644919   0.0642628840  -0.0340221644  -0.0658591513
34  8  -0.0419257483
35  1  -0.1343145968  -0.1801026616   0.0349092824  -0.2017068277  -0.1785456072
35  2   0.2013618431   0.0316314011   0.1565305453  -0.1953588314  -0.0419565485
35  3   0.0389031228   0.0707006492  -0.1694145982  -0.1347569082   0.1035394111
35  4  -0.0759166227  -0.0765995354   0.1444394833  -0.0108311410   0.1257699608
35  5   0.0532403571   0.1111449990  -0.0588356467  -0.0278736778   0.0107625132
35  6  -0.0021183187  -0.1043047223   0.0900779400   0.0052943462   0.0067587745
35  7  -0.0133827043   0.0156800214   0.6463311298  -0.3399435556  -0.4620427138
35  8  -0.2924182115
36  1   0.0000000000   0.0000000000   0.0000000000   0.0000000000  -0.3882796147
36  2  -0.4087752703   0.3384374066  -0.2607270937   0.3864446050   0.2311303677
36  3  -0.0869699565  -0.2223021809   0.4679149652   0.3131805923  -0.3384672975
36  4   0.1621956522   0.0644694752  -0.2294981857  -0.0238368439  -0.2533184219
36  5  -0.0830539448  -0.2047038647   0.1048972567   0.0518994170  -0.0094824469
36  6  -0.0058637574   0.0683362241  -0.0580451788   0.0008228953  -0.0013726909
36  7  -0.0083721248   0.0099016093   0.2578592460  -0.1355123567  -0.2090628623
36  8  -0.1327808056
$end
