$coord
1.01664289292857 4.19056813667858 -2.05583786675808 o
0.35970378955803 3.22959611770081 -0.08685576843151 c
-0.04718365512916 4.51522857696097 2.04007169708686 o
-0.17725783582454 0.37727828957419 0.18290752380924 c
-0.05617703601205 -0.44164492969713 2.72964112964031 o
-2.95585466102934 0.01879002488893 -0.63730797895672 c
-3.8901905554084597 -2.61550486938715 -0.04659255981202 c
-3.05176398564873 -4.54134058642779 -0.9570279021835701 o
-5.80591082915406 -2.5950082365422 1.61135929508884 o
1.64367948295755 -1.09535974489548 -1.53988842247046 c
4.4191524923883 -0.62475675950546 -1.09362360438448 c
6.06814315369447 -1.12648519584964 -2.59214150344645 o
4.89636320899944 0.39194363518658 1.19294717526679 o
0.25544738864665 6.30239710499601 1.72436974767755 h
1.66297617536746 -0.23352666586258 3.32382226685907 h
-4.13525883158596 1.39060039425253 0.3393769514598 h
-3.1276601161999 0.32909502302209 -2.66672719221991 h
-6.35791207746363 -4.32409223117134 1.9130149729034298 h
1.26983946654187 -0.67950178899374 -3.5188006040766 h
1.30803367381508 -3.1125572719087 -1.27163032920638 h
6.7051878585586 0.6442809769804 1.40892297215427 h
$user-defined bonds 
 
$end
