$coord
-5.1024707931731 -2.64856090122654 2.07949001925783 o
-4.36326643318376 -0.86036665397434 0.83444316640308 c
-5.97140869750047 0.82120763625468 -0.19876549384918 o
-1.68093370668509 -0.30127208722111 0.30042635215523 c
-0.94261874226467 1.79880900972712 -1.12602564526929 c
1.59120469105067 2.26407398810637 -1.58421491882859 c
3.43181714820756 0.63080178642203 -0.62088173175746 c
6.65585551000474 1.34152533943134 -1.28037229690222 s
2.70691663492456 -1.4719763237916 0.80540367259108 c
0.17027418258491 -1.9252210697065002 1.25725669486601 c
-7.686739754882601 0.33129439256845 0.23831413093163 h
-2.35008696529786 3.0730057177875 -1.87953207716545 h
2.13865543750132 3.89584316551047 -2.69102098596648 h
7.67891513547763 -0.64914977561174 -0.05623941275775 h
4.11555324871917 -2.74838561402829 1.56028781839472 h
-0.39166689548345 -3.55162861024803 2.36143070789679 h
$user-defined bonds 
 
$end
