$dipgrad          cartesian dipole gradients
  -.10268028379723D+01  -.27691870603676D+00  0.22178780699438D+00
  -.38035516436589D+00  -.91268274705314D+00  0.35806959135125D+00
  0.28657707225356D+00  0.35140704635967D+00  -.66638407565495D+00
  0.24448510328921D+01  0.69498660995030D-01  -.17413226248092D+00
  0.14367042623355D-02  0.11736787258344D+01  -.60835645477796D+00
  -.12887593613982D+00  -.61174044335767D+00  0.68803213132413D+00
  -.11977189767338D+01  0.39005921943448D+00  -.21188547143283D+00
  0.46888849012769D+00  -.68843249011484D+00  0.20748684538373D+00
  -.26488946533280D+00  0.21172261902030D+00  -.46518353935403D+00
  -.93699067442372D+00  -.13522765826072D+00  0.14443217357597D+00
  -.15007937104958D+00  -.12225939009456D+00  0.78837614214753D-01
  0.15216404611374D+00  0.78550529910165D-01  -.77092385671035D-01
  0.31609971689942D+00  -.12347841827865D-01  -.13712631623310D-01
  0.21128640035179D+00  0.34494460119793D-01  -.74866864408796D-01
  -.15903850446373D+00  -.62243585647483D-01  -.11158738669646D-01
  -.64775986622265D+00  0.43635810205606D-03  0.34920407295970D-01
  0.14667705196680D+00  0.44944928262707D-01  -.78337646605833D-01
  -.59056494007209D-01  -.69685000374066D-01  -.10696840378076D-01
  0.12236120089772D+01  0.21089126923074D+00  -.21812476861667D+00
  0.13050772730154D+00  0.27210566237436D-01  -.92399288614379D-01
  -.16543564164976D+00  -.96224040780941D-01  -.26227466080935D-01
  -.69735222142502D+00  -.10792240369241D+00  0.11004082790398D+00
  0.18061432151217D-01  0.13472454009545D+00  -.12371798028684D+00
  0.26104308226394D-01  -.11575870245347D+00  0.20223213621135D-01
  -.40027106350983D+00  -.19957706385209D+00  0.15024144659372D+00
  -.30790751767418D+00  -.11120817326660D+00  0.24296408818560D-01
  0.21738659274934D+00  0.16628984091208D-01  -.12540685334631D+00
  0.35311469862237D+00  0.11143524709367D+00  -.10192747569074D+00
  -.12852753792831D+00  -.12936667909497D-01  -.55936066292550D-01
  0.56706629647811D-01  -.71544355222476D-01  -.68302116303521D-01
  0.35815299077328D+00  -.43620217066210D-01  0.28529294867942D-01
  -.99782544194560D-01  0.26904244390867D+00  0.55602826249895D-01
  0.67648950791314D-01  0.52066640110344D-01  0.30328133537316D+00
  0.50259023576040D-01  0.47068368870375D-01  -.25980840989776D-01
  0.46896833476328D-01  0.62264117163784D-01  0.42984894568687D-01
  -.25482855715071D-01  0.43144116442737D-01  0.10501484578822D+00
  0.53522244260948D-01  -.42230935000902D-01  0.32593466120737D-01
  -.32584888803856D-01  0.17475590348909D-01  0.78216419219092D-01
  0.26963959867896D-01  0.79631161506980D-01  0.79446504397604D-01
  0.43255751259880D-01  -.55922563735073D-01  0.41700747772930D-01
  0.26489683056392D-01  -.70851798026234D-02  0.90040776174799D-01
  -.90570619425881D-02  0.95139707591691D-01  0.73274582944859D-01
  -.31128854668626D-01  0.66221959696613D-01  -.34529034723705D-01
  0.56321165254936D-01  0.46602525821764D-01  0.45203337206674D-01
  -.27871957473966D-01  0.44500052583372D-01  0.92817717147163D-01
  0.95157027638075D-01  -.21843693950741D-01  0.16046314432170D-01
  -.73284639327256D-02  0.44166750391252D-01  0.52875587798931D-01
  0.61563570751697D-02  0.54405270219714D-01  0.88361684805093D-01
$end
