$hessian (projected)
 1  1   0.1733909780   0.1559338210  -0.1129922100  -0.1826940782  -0.1393821427
 1  2   0.0998591951   0.0303725628   0.0317440943  -0.0214290153  -0.0179991436
 1  3  -0.0393192202   0.0285576761  -0.0053181941   0.0051820270  -0.0028365250
 1  4  -0.0034525096  -0.0014181176   0.0010529328   0.0026412897  -0.0010295478
 1  5   0.0005232124  -0.0018125282  -0.0006152469   0.0005379171   0.0000473257
 1  6  -0.0016068488   0.0009709526   0.0002248311  -0.0022553545   0.0015237366
 1  7   0.0066120167  -0.0055787865   0.0029901692   0.0000748350  -0.0003932861
 1  8   0.0003076951  -0.0008242079  -0.0001976928   0.0001618725  -0.0000518153
 1  9  -0.0000835082   0.0000692807  -0.0002630387   0.0000713908  -0.0000343163
 1 10  -0.0009483233  -0.0010515810   0.0007374263
 2  1   0.1559338210   0.4961888167  -0.3191408051  -0.1412288669  -0.4222203784
 2  2   0.2390900745   0.0180525591  -0.0629323168   0.0601901527  -0.0279187173
 2  3  -0.0105332674   0.0216062861  -0.0002556117   0.0045565219  -0.0004934119
 2  4  -0.0027413346   0.0002683469  -0.0008108191   0.0025689183   0.0006618246
 2  5  -0.0004006555  -0.0017884358   0.0000491039   0.0002965328  -0.0026763650
 2  6  -0.0008804680  -0.0001124807   0.0076948819  -0.0045145767   0.0025351279
 2  7  -0.0060274875  -0.0028211417  -0.0014785875   0.0005291735   0.0009129067
 2  8  -0.0001656095  -0.0003240556  -0.0001837329  -0.0000332251  -0.0000850735
 2  9  -0.0000314493   0.0000531377  -0.0003461261  -0.0000333588   0.0000049462
 2 10  -0.0013872798   0.0015131693  -0.0011406634
 3  1  -0.1129922100  -0.3191408051   0.2558393855   0.1011457032   0.2389810607
 3  2  -0.2451603511  -0.0122727850   0.0593655090  -0.0108743166   0.0208692161
 3  3   0.0223033097   0.0029091856   0.0007736345  -0.0008557834   0.0043135610
 3  4   0.0019519563  -0.0008461812  -0.0007537174  -0.0018587004  -0.0002171704
 3  5   0.0005135568   0.0013206544   0.0002343985   0.0001143017   0.0017160663
 3  6  -0.0001416512  -0.0012419071  -0.0051368025   0.0031582357  -0.0016812047
 3  7   0.0033033672  -0.0015132285  -0.0047742419  -0.0003208283  -0.0001444203
 3  8   0.0007751775   0.0002608778  -0.0000468242  -0.0002490872   0.0000639096
 3  9   0.0000507096  -0.0000088562   0.0002417976  -0.0000186432  -0.0000607668
 3 10   0.0009341433  -0.0011685156   0.0003392811
 4  1  -0.1826940782  -0.1412288669   0.1011457032   0.6437294960   0.0794872441
 4  2  -0.0796846456  -0.1936581725   0.0462670254  -0.0229987843  -0.1904925703
 4  3  -0.0170954507   0.0185111075  -0.0113865105  -0.0189542484   0.0130030164
 4  4   0.0105175359  -0.0006196930   0.0001756902  -0.0079832973  -0.0006522167
 4  5   0.0008428950   0.0063033399   0.0016928909  -0.0015420106   0.0060597832
 4  6   0.0072087211  -0.0046038540  -0.0407391758   0.0065376031  -0.0019334120
 4  7  -0.0428145048   0.0358425158  -0.0213639807   0.0011156523   0.0024935388
 4  8  -0.0019352260   0.0009797093   0.0005111642  -0.0003647490   0.0001000493
 4  9   0.0003002782  -0.0002339236   0.0004147974  -0.0002111698   0.0001632585
 4 10   0.0005479463  -0.0015793359   0.0008189151
 5  1  -0.1393821427  -0.4222203784   0.2389810607   0.0794872441   0.6614315447
 5  2  -0.3100375927   0.0765973798  -0.1578239753   0.0612768405  -0.0062123896
 5  3  -0.0928463621   0.0139445387  -0.0276927852  -0.0030467164   0.0006014061
 5  4  -0.0004801332  -0.0029627551   0.0064491440  -0.0008930453  -0.0039720990
 5  5   0.0020284757   0.0012300076  -0.0002406540  -0.0006695639   0.0075980325
 5  6   0.0006413446   0.0045547397   0.0115535535   0.0125906211  -0.0096291259
 5  7  -0.0040928094   0.0132311522  -0.0069400495  -0.0005443180  -0.0025123747
 5  8  -0.0005881282  -0.0011854331   0.0000873055   0.0003682410   0.0000173826
 5  9   0.0000308610  -0.0000714080   0.0014433210   0.0005269048   0.0001085806
 5 10   0.0025561354  -0.0029144188  -0.0003771586
 6  1   0.0998591951   0.2390900745  -0.2451603511  -0.0796846456  -0.3100375927
 6  2   0.4189008781  -0.0434531824   0.0631885458  -0.0995632951   0.0113175866
 6  3   0.0145303025  -0.0824533757   0.0186398535   0.0000731402  -0.0058477695
 6  4   0.0001043222   0.0064552686   0.0025296962   0.0010212431   0.0020068711
 6  5  -0.0023737365  -0.0012667843  -0.0006885593  -0.0006165557  -0.0049229748
 6  6   0.0045675088   0.0055535568  -0.0051067186  -0.0093203394   0.0054693197
 6  7   0.0055345746  -0.0094158396   0.0085277199   0.0000974469  -0.0007403030
 6  8  -0.0029494383   0.0007475350   0.0002722851   0.0003241159  -0.0000188917
 6  9  -0.0000853839  -0.0000070272  -0.0009324550   0.0002001850   0.0007282153
 6 10  -0.0019361045  -0.0000961638  -0.0030619527
 7  1   0.0303725628   0.0180525591  -0.0122727850  -0.1936581725   0.0765973798
 7  2  -0.0434531824   0.6345463521   0.0150419557  -0.0472478544  -0.0443856161
 7  3   0.0290933926  -0.0162194776  -0.0035698164   0.0021192542  -0.0011576051
 7  4  -0.0012893521   0.0007153547  -0.0003945408   0.0020831101   0.0013804403
 7  5  -0.0010329864  -0.0018470985  -0.0007016675   0.0005631147  -0.0034299714
 7  6  -0.0004432134   0.0004795069  -0.0017321289  -0.0058821995   0.0040252056
 7  7  -0.4134180708  -0.1351535245   0.1159728796  -0.0033023199  -0.0004401481
 7  8   0.0004839658  -0.0002311152  -0.0001746825   0.0001282351  -0.0000181242
 7  9  -0.0001010097   0.0000732459  -0.0008516070  -0.0001124787   0.0001122335
 7 10   0.0007313679   0.0000085875  -0.0000599555
 8  1   0.0317440943  -0.0629323168   0.0593655090   0.0462670254  -0.1578239753
 8  2   0.0631885458   0.0150419557   0.2865710894  -0.1706494756   0.0082090820
 8  3   0.0080877779   0.0010809298  -0.0021906595  -0.0030642226   0.0031644177
 8  4   0.0016802807   0.0003575028  -0.0004922838  -0.0013294086  -0.0000233764
 8  5   0.0000077329   0.0011281896  -0.0000243416  -0.0000810040   0.0001938360
 8  6   0.0011749338  -0.0012930750  -0.0023477877   0.0005043009   0.0002814536
 8  7  -0.0962499015  -0.0744705405   0.0462165972  -0.0010686987   0.0011557729
 8  8  -0.0004570624   0.0002323272   0.0000463453  -0.0000408731  -0.0000352274
 8  9   0.0000558288  -0.0000415822  -0.0000467125  -0.0001043006  -0.0000890801
 8 10  -0.0012283951   0.0004895221  -0.0001607497
 9  1  -0.0214290153   0.0601901527  -0.0108743166  -0.0229987843   0.0612768405
 9  2  -0.0995632951  -0.0472478544  -0.1706494756   0.1522880726  -0.0022496276
 9  3  -0.0001939755   0.0107032361   0.0017516966   0.0029571463  -0.0004756678
 9  4  -0.0010566110  -0.0004503466   0.0001258118   0.0007438165  -0.0001282608
 9  5  -0.0001141538  -0.0006431442   0.0000168545  -0.0000283999   0.0000093921
 9  6  -0.0012755909   0.0000682973   0.0017461043   0.0005189671   0.0003244948
 9  7   0.0897252201   0.0486553447  -0.0531533654   0.0009037713  -0.0005189778
 9  8   0.0006273837  -0.0001421414  -0.0000099712   0.0000266661   0.0000256341
 9  9  -0.0000346814   0.0000220568   0.0000670341  -0.0000874967  -0.0001982444
 9 10   0.0007945092  -0.0002665291   0.0002214237
10  1  -0.0179991436  -0.0279187173   0.0208692161  -0.1904925703  -0.0062123896
10  2   0.0113175866  -0.0443856161   0.0082090820  -0.0022496276   0.6408750951
10  3  -0.0240582374  -0.0155108045  -0.1331222643  -0.0547687065   0.0406303014
10  4  -0.0082924616  -0.0282007069   0.0194014707   0.0039995176   0.0154878025
10  5  -0.0106651532  -0.0072809365  -0.0021097235   0.0017636471  -0.0529022876
10  6   0.0038495346   0.0008167171  -0.2033396715   0.1038680643  -0.0592543819
10  7   0.0008634437   0.0022696396  -0.0013095775   0.0101219931   0.0179965173
10  8  -0.0122919646  -0.0053447023  -0.0005550492   0.0011450814   0.0001419424
10  9  -0.0003245096   0.0002272591  -0.0041780463  -0.0015266222   0.0017258500
10 10   0.0113357083  -0.0060059780   0.0033843797
11  1  -0.0393192202  -0.0105332674   0.0223033097  -0.0170954507  -0.0928463621
11  2   0.0145303025   0.0290933926   0.0080877779  -0.0001939755  -0.0240582374
11  3   0.5173568664  -0.2598603494  -0.0102839007  -0.2216946712   0.1122203514
11  4  -0.0665193416   0.0069899568   0.0029252755   0.0146749484  -0.0460355808
11  5   0.0258171033  -0.0017099396   0.0013279296  -0.0010680620   0.0425743219
11  6   0.0340054211  -0.0223265500   0.0593206767  -0.1779734756   0.0788147328
11  7   0.0041128123  -0.0022393226   0.0041103410  -0.0056160928  -0.0112633939
11  8   0.0087665803   0.0002950089   0.0036061584   0.0025391145  -0.0000578570
11  9   0.0000681770  -0.0000279247  -0.0023373500   0.0030106390   0.0031707295
11 10   0.0169262292  -0.0118668525   0.0082790211
12  1   0.0285576761   0.0216062861   0.0029091856   0.0185111075   0.0139445387
12  2  -0.0824533757  -0.0162194776   0.0010809298   0.0107032361  -0.0155108045
12  3  -0.2598603494   0.2928527802   0.0113826425   0.1149950532  -0.1281487847
12  4   0.0446875624   0.0004445045   0.0020678396  -0.0103054000   0.0257898130
12  5  -0.0218456673   0.0015517715  -0.0010178981   0.0002335935  -0.0245026430
12  6  -0.0198566412   0.0186159349  -0.0300091382   0.0759700507  -0.1007561982
12  7  -0.0025386597   0.0042068388   0.0015508264   0.0031664572   0.0073646147
12  8  -0.0034676552   0.0005909843   0.0025931453   0.0057752620   0.0000328879
12  9  -0.0000326639  -0.0000084393   0.0022706726   0.0031252515   0.0053663671
12 10  -0.0116656390   0.0096465263  -0.0033949050
13  1  -0.0053181941  -0.0002556117   0.0007736345  -0.0113865105  -0.0276927852
13  2   0.0186398535  -0.0035698164  -0.0021906595   0.0017516966  -0.1331222643
13  3  -0.0102839007   0.0113826425   0.7140374045  -0.0514156650  -0.0011725013
13  4  -0.3309447774  -0.0646572371   0.0591779889  -0.0550321533   0.0497832493
13  5  -0.0293371073   0.0058544225   0.0009344483  -0.0007198328  -0.0327844832
13  6  -0.0231002674   0.0171179605   0.0526273662   0.0046901510  -0.0061582223
13  7   0.0006859853  -0.0003482239   0.0001695745  -0.1921286956   0.1224030005
13  8  -0.0712594593  -0.0046526846  -0.0002862744   0.0005830868  -0.0004256876
13  9  -0.0001699566   0.0001847880  -0.0003253476  -0.0008648253   0.0005275087
13 10  -0.0035145638   0.0034545578  -0.0016616116
14  1   0.0051820270   0.0045565219  -0.0008557834  -0.0189542484  -0.0030467164
14  2   0.0000731402   0.0021192542  -0.0030642226   0.0029571463  -0.0547687065
14  3  -0.2216946712   0.1149950532  -0.0514156650   0.5237664256  -0.2577499649
14  4  -0.0089317055  -0.1126372928   0.0406238916   0.0079236637   0.0382807223
14  5  -0.0242733239   0.0036933939  -0.0030101428   0.0035864508  -0.0262255618
14  6  -0.0205660474   0.0140618544   0.0397907185  -0.0379745290   0.0230277271
14  7   0.0002206111  -0.0005616629   0.0000188066   0.1237199030  -0.1644088004
14  8   0.0762301538  -0.0261016909  -0.0010681486   0.0035992776   0.0014910792
14  9   0.0007137603   0.0004770754  -0.0007370903  -0.0003990028  -0.0002375118
14 10   0.0029940176   0.0011138066   0.0034660070
15  1  -0.0028365250  -0.0004934119   0.0043135610   0.0130030164   0.0006014061
15  2  -0.0058477695  -0.0011576051   0.0031644177  -0.0004756678   0.0406303014
15  3   0.1122203514  -0.1281487847  -0.0011725013  -0.2577499649   0.2971079889
15  4   0.0224889371   0.0440775991  -0.0821936075  -0.0016471973  -0.0269796378
15  5   0.0197401174  -0.0025819882   0.0037810679   0.0004276663   0.0190507615
15  6   0.0139062642  -0.0113446957  -0.0291667954   0.0253108694  -0.0147231998
15  7  -0.0002133440   0.0000548790  -0.0005219435  -0.0720972181   0.0762627235
15  8  -0.0830714661   0.0175431704   0.0021020702  -0.0003309147  -0.0008822515
15  9   0.0005797074   0.0012786421   0.0004126645  -0.0003254635  -0.0007465798
15 10  -0.0013734255   0.0034871223   0.0045366536
16  1  -0.0034525096  -0.0027413346   0.0019519563   0.0105175359  -0.0004801332
16  2   0.0001043222  -0.0012893521   0.0016802807  -0.0010566110  -0.0082924616
16  3  -0.0665193416   0.0446875624  -0.3309447774  -0.0089317055   0.0224889371
16  4   0.6704627411   0.0171999622  -0.0446107314  -0.1956223762   0.0571108159
16  5  -0.0290271038  -0.0361353636   0.0174339998  -0.0091206782   0.0526271208
16  6   0.0361834367  -0.0269219917  -0.0575030962   0.0168797160  -0.0077977482
16  7   0.0003187842  -0.0002389226   0.0001314295  -0.0164573593  -0.0058145554
16  8   0.0050273507  -0.0781798101  -0.0580035577   0.0408488049  -0.0056532109
16  9  -0.0014611884   0.0014171197   0.0005618747  -0.0025694454   0.0020509570
16 10  -0.0009577398   0.0002719731  -0.0001735754
17  1  -0.0014181176   0.0002683469  -0.0008461812  -0.0006196930  -0.0029627551
17  2   0.0064552686   0.0007153547   0.0003575028  -0.0004503466  -0.0282007069
17  3   0.0069899568   0.0004445045  -0.0646572371  -0.1126372928   0.0440775991
17  4   0.0171999622   0.5369575522  -0.2790253696   0.1021766785  -0.1779416600
17  5   0.0765452092   0.0001219033   0.0087779815  -0.0037838214   0.0053116510
17  6  -0.0336637598   0.0211264406   0.0134782031  -0.0052412536   0.0023283772
17  7  -0.0002260468   0.0002210834  -0.0001609011   0.0191333922   0.0075548445
17  8  -0.0038893488  -0.0581023916  -0.2281999077   0.1317500513  -0.0032713507
17  9   0.0003533646   0.0010156488  -0.0020012331  -0.0008824538   0.0052119397
17 10   0.0003596318   0.0000484502  -0.0007990702
18  1   0.0010529328  -0.0008108191  -0.0007537174   0.0001756902   0.0064491440
18  2   0.0025296962  -0.0003945408  -0.0004922838   0.0001258118   0.0194014707
18  3   0.0029252755   0.0020678396   0.0591779889   0.0406238916  -0.0821936075
18  4  -0.0446107314  -0.2790253696   0.3008830856  -0.0586903248   0.0794255357
18  5  -0.1002630010   0.0023031123  -0.0048698158   0.0059985435  -0.0067445007
18  6   0.0190598010  -0.0142228987  -0.0054658488   0.0021687628  -0.0008892652
18  7   0.0001274144  -0.0001685071   0.0000489309  -0.0113955694  -0.0023600017
18  8   0.0057161662   0.0409306620   0.1316778101  -0.1226560629   0.0026061751
18  9   0.0008961308   0.0008650881   0.0017387320   0.0053662461   0.0034124819
18 10  -0.0002126626  -0.0008658007  -0.0006690909
19  1   0.0026412897   0.0025689183  -0.0018587004  -0.0079832973  -0.0008930453
19  2   0.0010212431   0.0020831101  -0.0013294086   0.0007438165   0.0039995176
19  3   0.0146749484  -0.0103054000  -0.0550321533   0.0079236637  -0.0016471973
19  4  -0.1956223762   0.1021766785  -0.0586903248   0.5190181694  -0.0319113054
19  5  -0.0036051659  -0.1364289811  -0.0151870255   0.0170673092  -0.1235844593
19  6  -0.0535989087   0.0398264131  -0.0034495205  -0.0326296086   0.0217086304
19  7  -0.0002755847   0.0000005397   0.0000226249  -0.0042226862  -0.0016784614
19  8   0.0018263870   0.0094196910  -0.0067632345   0.0039395145  -0.0122865997
19  9  -0.0011789294   0.0012757379   0.0065169748   0.0179165333  -0.0121753838
19 10  -0.0047930942  -0.0000913546   0.0008504955
20  1  -0.0010295478   0.0006618246  -0.0002171704  -0.0006522167  -0.0039720990
20  2   0.0020068711   0.0013804403  -0.0000233764  -0.0001282608   0.0154878025
20  3  -0.0460355808   0.0257898130   0.0497832493   0.0382807223  -0.0269796378
20  4   0.0571108159  -0.1779416600   0.0794255357  -0.0319113054   0.4721228504
20  5  -0.2366501925  -0.0402800049  -0.0553062795   0.0257818645  -0.0058785873
20  6  -0.2178038419   0.1125042442  -0.0755665863   0.0054311463   0.0012239244
20  7  -0.0000935922  -0.0000220633   0.0001199369  -0.0014144020   0.0029767077
20  8   0.0034186767   0.0186619660  -0.0122265231   0.0072808737   0.0218872855
20  9   0.0033514982  -0.0053173696  -0.0069979510  -0.0129895106   0.0086412224
20 10  -0.0004873658   0.0034961852   0.0030996682
21  1   0.0005232124  -0.0004006555   0.0005135568   0.0008428950   0.0020284757
21  2  -0.0023737365  -0.0010329864   0.0000077329  -0.0001141538  -0.0106651532
21  3   0.0258171033  -0.0218456673  -0.0293371073  -0.0242733239   0.0197401174
21  4  -0.0290271038   0.0765452092  -0.1002630010  -0.0036051659  -0.2366501925
21  5   0.2640901921   0.0332757881   0.0242528568  -0.0372344100   0.0085499221
21  6   0.1155277394  -0.1229845570   0.0498540576  -0.0016067781  -0.0019810148
21  7   0.0000864414   0.0001302354   0.0000900034   0.0016723439   0.0034387277
21  8   0.0056409330  -0.0128048997   0.0088079238  -0.0044766426  -0.0136033450
21  9  -0.0038584644   0.0006052167   0.0041915016   0.0071085864  -0.0055292112
21 10   0.0010795992   0.0031248239   0.0061223750
22  1  -0.0018125282  -0.0017884358   0.0013206544   0.0063033399   0.0012300076
22  2  -0.0012667843  -0.0018470985   0.0011281896  -0.0006431442  -0.0072809365
22  3  -0.0017099396   0.0015517715   0.0058544225   0.0036933939  -0.0025819882
22  4  -0.0361353636   0.0001219033   0.0023031123  -0.1364289811  -0.0402800049
22  5   0.0332757881   0.2430686070  -0.0309172437   0.0055032855  -0.0274020239
22  6  -0.0095694511   0.0081618136   0.0062123572  -0.0007959548   0.0004401267
22  7   0.0002792625  -0.0001150867   0.0000763149  -0.0002558974  -0.0001928011
22  8   0.0001375460   0.0004812441   0.0003659738  -0.0003554583  -0.0518934949
22  9   0.0779030907  -0.0471005469   0.0014118252   0.0007995604  -0.0007692364
22 10  -0.0005547341   0.0001267983  -0.0000532548
23  1  -0.0006152469   0.0000491039   0.0002343985   0.0016928909  -0.0002406540
23  2  -0.0006885593  -0.0007016675  -0.0000243416   0.0000168545  -0.0021097235
23  3   0.0013279296  -0.0010178981   0.0009344483  -0.0030101428   0.0037810679
23  4   0.0174339998   0.0087779815  -0.0048698158  -0.0151870255  -0.0553062795
23  5   0.0242528568  -0.0309172437   0.2228895732  -0.1364105171  -0.0267951410
23  6  -0.0038075026   0.0065685063   0.0041879571  -0.0016348668   0.0040483805
23  7   0.0001168186   0.0002179735  -0.0000241152   0.0008116255   0.0001928166
23  8  -0.0001273517   0.0008301340  -0.0004057274  -0.0004570078   0.0524564712
23  9  -0.1685229155   0.1057851997  -0.0013974135  -0.0004182595  -0.0011256312
23 10  -0.0007408839  -0.0000846885   0.0000336319
24  1   0.0005379171   0.0002965328   0.0001143017  -0.0015420106  -0.0006695639
24  2  -0.0006165557   0.0005631147  -0.0000810040  -0.0000283999   0.0017636471
24  3  -0.0010680620   0.0002335935  -0.0007198328   0.0035864508   0.0004276663
24  4  -0.0091206782  -0.0037838214   0.0059985435   0.0170673092   0.0257818645
24  5  -0.0372344100   0.0055032855  -0.1364105171   0.0973868857   0.0194833000
24  6   0.0055451613  -0.0010256318  -0.0028375060   0.0043855642   0.0021967802
24  7  -0.0000796109  -0.0000111665   0.0002045130  -0.0005040061  -0.0000657873
24  8   0.0001378602  -0.0006494577  -0.0004111091  -0.0007093674  -0.0306803916
24  9   0.1042066711  -0.0654816699   0.0006982629  -0.0012824306  -0.0014909170
24 10   0.0005166573  -0.0000187827  -0.0001131924
25  1   0.0000473257  -0.0026763650   0.0017160663   0.0060597832   0.0075980325
25  2  -0.0049229748  -0.0034299714   0.0001938360   0.0000093921  -0.0529022876
25  3   0.0425743219  -0.0245026430  -0.0327844832  -0.0262255618   0.0190507615
25  4   0.0526271208   0.0053116510  -0.0067445007  -0.1235844593  -0.0058785873
25  5   0.0085499221  -0.0274020239  -0.0267951410   0.0194833000   0.7100219577
25  6  -0.0552677499  -0.0000289840  -0.3334935113  -0.0604189228   0.0570442084
25  7   0.0002040993   0.0001708102  -0.0001318895  -0.0003312294  -0.0006625970
25  8   0.0004333709  -0.0033251605   0.0033903974  -0.0016164220   0.0017074400
25  9  -0.0020276698   0.0011983455  -0.1888999340   0.1205088364  -0.0698439467
25 10  -0.0045146662   0.0002047092   0.0003059940
26  1  -0.0016068488  -0.0008804680  -0.0001416512   0.0072087211   0.0006413446
26  2   0.0045675088  -0.0004432134   0.0011749338  -0.0012755909   0.0038495346
26  3   0.0340054211  -0.0198566412  -0.0231002674  -0.0205660474   0.0139062642
26  4   0.0361834367  -0.0336637598   0.0190598010  -0.0535989087  -0.2178038419
26  5   0.1155277394  -0.0095694511  -0.0038075026   0.0055451613  -0.0552677499
26  6   0.5092226400  -0.2606503104  -0.0047037224  -0.1104977475   0.0406692302
26  7   0.0006853414  -0.0003181933  -0.0000186144  -0.0007567986  -0.0002137497
26  8  -0.0003065991   0.0027495018   0.0012882992   0.0035124805   0.0014621116
26  9   0.0000256345  -0.0004180165   0.1214049349  -0.1589678535   0.0767134339
26 10  -0.0244966218   0.0003608907   0.0031658044
27  1   0.0009709526  -0.0001124807  -0.0012419071  -0.0046038540   0.0045547397
27  2   0.0055535568   0.0004795069  -0.0012930750   0.0000682973   0.0008167171
27  3  -0.0223265500   0.0186159349   0.0171179605   0.0140618544  -0.0113446957
27  4  -0.0269219917   0.0211264406  -0.0142228987   0.0398264131   0.1125042442
27  5  -0.1229845570   0.0081618136   0.0065685063  -0.0010256318  -0.0000289840
27  6  -0.2606503104   0.2791065262   0.0204047818   0.0442629060  -0.0794410579
27  7  -0.0004767896  -0.0000163988  -0.0002857493   0.0004455356  -0.0003809824
27  8  -0.0005923471  -0.0012178133   0.0035261218   0.0047327391  -0.0011206897
27  9  -0.0002150359  -0.0003115746  -0.0704474354   0.0767145976  -0.0774512522
27 10   0.0165938765   0.0016754226   0.0008246171
28  1   0.0002248311   0.0076948819  -0.0051368025  -0.0407391758   0.0115535535
28  2  -0.0051067186  -0.0017321289  -0.0023477877   0.0017461043  -0.2033396715
28  3   0.0593206767  -0.0300091382   0.0526273662   0.0397907185  -0.0291667954
28  4  -0.0575030962   0.0134782031  -0.0054658488  -0.0034495205  -0.0755665863
28  5   0.0498540576   0.0062123572   0.0041879571  -0.0028375060  -0.3334935113
28  6  -0.0047037224   0.0204047818   0.6797413078   0.0119706582  -0.0413133344
28  7  -0.0011535004   0.0008470162  -0.0004702323   0.0002173419  -0.0025697952
28  8   0.0020406443  -0.0010654685   0.0005306855  -0.0003268239  -0.0000853159
28  9   0.0003299545  -0.0002372398  -0.0179222589  -0.0051752830   0.0045582722
28 10  -0.0785395563  -0.0593411306   0.0414665795
29  1  -0.0022553545  -0.0045145767   0.0031582357   0.0065376031   0.0125906211
29  2  -0.0093203394  -0.0058821995   0.0005043009   0.0005189671   0.1038680643
29  3  -0.1779734756   0.0759700507   0.0046901510  -0.0379745290   0.0253108694
29  4   0.0168797160  -0.0052412536   0.0021687628  -0.0326296086   0.0054311463
29  5  -0.0016067781  -0.0007959548  -0.0016348668   0.0043855642  -0.0604189228
29  6  -0.1104977475   0.0442629060   0.0119706582   0.5450560464  -0.2763036924
29  7  -0.0005167034   0.0008255207   0.0002148926  -0.0021741048  -0.0011147417
29  8   0.0051171962   0.0004220758   0.0001187113  -0.0006413886   0.0001447745
29  9   0.0000325708  -0.0003452145   0.0203959283   0.0065210803  -0.0046861133
29 10  -0.0602361228  -0.2321288069   0.1317960815
30  1   0.0015237366   0.0025351279  -0.0016812047  -0.0019334120  -0.0096291259
30  2   0.0054693197   0.0040252056   0.0002814536   0.0003244948  -0.0592543819
30  3   0.0788147328  -0.1007561982  -0.0061582223   0.0230277271  -0.0147231998
30  4  -0.0077977482   0.0023283772  -0.0008892652   0.0217086304   0.0012239244
30  5  -0.0019810148   0.0004401267   0.0040483805   0.0021967802   0.0570442084
30  6   0.0406692302  -0.0794410579  -0.0413133344  -0.2763036924   0.3106987602
30  7   0.0004615513   0.0001485819   0.0009894179   0.0018530633   0.0052370213
30  8   0.0030436518  -0.0002489425  -0.0007022002  -0.0004554873  -0.0001257616
30  9  -0.0003366358  -0.0002327584  -0.0122364631  -0.0030812349   0.0041812980
30 10   0.0420117437   0.1317383324  -0.1267435360
31  1   0.0066120167  -0.0060274875   0.0033033672  -0.0428145048  -0.0040928094
31  2   0.0055345746  -0.4134180708  -0.0962499015   0.0897252201   0.0008634437
31  3   0.0041128123  -0.0025386597   0.0006859853   0.0002206111  -0.0002133440
31  4   0.0003187842  -0.0002260468   0.0001274144  -0.0002755847  -0.0000935922
31  5   0.0000864414   0.0002792625   0.0001168186  -0.0000796109   0.0002040993
31  6   0.0006853414  -0.0004767896  -0.0011535004  -0.0005167034   0.0004615513
31  7   0.4488370475   0.1021749617  -0.0960049540   0.0000311076  -0.0001960317
31  8   0.0001128789   0.0000076035   0.0000140927  -0.0000094780   0.0000134613
31  9   0.0000137607  -0.0000100050  -0.0000758748  -0.0000470470   0.0000342459
31 10  -0.0001152760   0.0001112210  -0.0000528526
32  1  -0.0055787865  -0.0028211417  -0.0015132285   0.0358425158   0.0132311522
32  2  -0.0094158396  -0.1351535245  -0.0744705405   0.0486553447   0.0022696396
32  3  -0.0022393226   0.0042068388  -0.0003482239  -0.0005616629   0.0000548790
32  4  -0.0002389226   0.0002210834  -0.0001685071   0.0000005397  -0.0000220633
32  5   0.0001302354  -0.0001150867   0.0002179735  -0.0000111665   0.0001708102
32  6  -0.0003181933  -0.0000163988   0.0008470162   0.0008255207   0.0001485819
32  7   0.1021749617   0.0654831756  -0.0417094558   0.0000271748   0.0004057668
32  8  -0.0004285361  -0.0000341765   0.0000030385   0.0000150474  -0.0000154276
32  9   0.0000040247   0.0000040291   0.0000826172   0.0000060611  -0.0000512543
32 10   0.0000688732   0.0000351278   0.0000994303
33  1   0.0029901692  -0.0014785875  -0.0047742419  -0.0213639807  -0.0069400495
33  2   0.0085277199   0.1159728796   0.0462165972  -0.0531533654  -0.0013095775
33  3   0.0041103410   0.0015508264   0.0001695745   0.0000188066  -0.0005219435
33  4   0.0001314295  -0.0001609011   0.0000489309   0.0000226249   0.0001199369
33  5   0.0000900034   0.0000763149  -0.0000241152   0.0002045130  -0.0001318895
33  6  -0.0000186144  -0.0002857493  -0.0004702323   0.0002148926   0.0009894179
33  7  -0.0960049540  -0.0417094558   0.0471870614  -0.0000330878  -0.0004164957
33  8   0.0000216173   0.0000214431   0.0000136539   0.0000128867   0.0000103827
33  9   0.0000027547   0.0000066935  -0.0000556261  -0.0000434597  -0.0000312512
33 10  -0.0000254706   0.0000946957   0.0001268809
34  1   0.0000748350   0.0005291735  -0.0003208283   0.0011156523  -0.0005443180
34  2   0.0000974469  -0.0033023199  -0.0010686987   0.0009037713   0.0101219931
34  3  -0.0056160928   0.0031664572  -0.1921286956   0.1237199030  -0.0720972181
34  4  -0.0164573593   0.0191333922  -0.0113955694  -0.0042226862  -0.0014144020
34  5   0.0016723439  -0.0002558974   0.0008116255  -0.0005040061  -0.0003312294
34  6  -0.0007567986   0.0004455356   0.0002173419  -0.0021741048   0.0018530633
34  7   0.0000311076   0.0000271748  -0.0000330878   0.2040331591  -0.1319718214
34  8   0.0761442629   0.0010183533  -0.0002413717  -0.0001621361  -0.0004230912
34  9  -0.0000595984   0.0000504849  -0.0000145556   0.0000328557  -0.0000742401
34 10   0.0005233923  -0.0004069183   0.0002537200
35  1  -0.0003932861   0.0009129067  -0.0001444203   0.0024935388  -0.0025123747
35  2  -0.0007403030  -0.0004401481   0.0011557729  -0.0005189778   0.0179965173
35  3  -0.0112633939   0.0073646147   0.1224030005  -0.1644088004   0.0762627235
35  4  -0.0058145554   0.0075548445  -0.0023600017  -0.0016784614   0.0029767077
35  5   0.0034387277  -0.0001928011   0.0001928166  -0.0000657873  -0.0006625970
35  6  -0.0002137497  -0.0003809824  -0.0025697952  -0.0011147417   0.0052370213
35  7  -0.0001960317   0.0004057668  -0.0004164957  -0.1319718214   0.1677920445
35  8  -0.0852564493   0.0000776825  -0.0007189812  -0.0023776354  -0.0001492885
35  9  -0.0000644250  -0.0000822407   0.0000626663  -0.0002636880  -0.0004643776
35 10   0.0010353804  -0.0004307051   0.0005045841
36  1   0.0003076951  -0.0001656095   0.0007751775  -0.0019352260  -0.0005881282
36  2  -0.0029494383   0.0004839658  -0.0004570624   0.0006273837  -0.0122919646
36  3   0.0087665803  -0.0034676552  -0.0712594593   0.0762301538  -0.0830714661
36  4   0.0050273507  -0.0038893488   0.0057161662   0.0018263870   0.0034186767
36  5   0.0056409330   0.0001375460  -0.0001273517   0.0001378602   0.0004333709
36  6  -0.0003065991  -0.0005923471   0.0020406443   0.0051171962   0.0030436518
36  7   0.0001128789  -0.0004285361   0.0000216173   0.0761442629  -0.0852564493
36  8   0.0775860742  -0.0003695540  -0.0023621903  -0.0027464015   0.0001119816
36  9  -0.0000864551  -0.0001512743  -0.0000923403  -0.0004600176  -0.0006665111
36 10  -0.0006775392   0.0005951411   0.0000962297
37  1  -0.0008242079  -0.0003240556   0.0002608778   0.0009797093  -0.0011854331
37  2   0.0007475350  -0.0002311152   0.0002323272  -0.0001421414  -0.0053447023
37  3   0.0002950089   0.0005909843  -0.0046526846  -0.0261016909   0.0175431704
37  4  -0.0781798101  -0.0581023916   0.0409306620   0.0094196910   0.0186619660
37  5  -0.0128048997   0.0004812441   0.0008301340  -0.0006494577  -0.0033251605
37  6   0.0027495018  -0.0012178133  -0.0010654685   0.0004220758  -0.0002489425
37  7   0.0000076035  -0.0000341765   0.0000214431   0.0010183533   0.0000776825
37  8  -0.0003695540   0.0810981116   0.0619311207  -0.0441697431  -0.0000120891
37  9  -0.0003383201   0.0001709177   0.0005506065   0.0009862856  -0.0006672979
37 10   0.0000799188  -0.0001000348   0.0000042595
38  1  -0.0001976928  -0.0001837329  -0.0000468242   0.0005111642   0.0000873055
38  2   0.0002722851  -0.0001746825   0.0000463453  -0.0000099712  -0.0005550492
38  3   0.0036061584   0.0025931453  -0.0002862744  -0.0010681486   0.0021020702
38  4  -0.0580035577  -0.2281999077   0.1316778101  -0.0067632345  -0.0122265231
38  5   0.0088079238   0.0003659738  -0.0004057274  -0.0004111091   0.0033903974
38  6   0.0012882992   0.0035261218   0.0005306855   0.0001187113  -0.0007022002
38  7   0.0000140927   0.0000030385   0.0000136539  -0.0002413717  -0.0007189812
38  8  -0.0023621903   0.0619311207   0.2385657804  -0.1449742942  -0.0001736731
38  9  -0.0000808845  -0.0005559864  -0.0002748537  -0.0005315662   0.0004702291
38 10  -0.0000730447  -0.0003001668  -0.0004006635
39  1   0.0001618725  -0.0000332251  -0.0002490872  -0.0003647490   0.0003682410
39  2   0.0003241159   0.0001282351  -0.0000408731   0.0000266661   0.0011450814
39  3   0.0025391145   0.0057752620   0.0005830868   0.0035992776  -0.0003309147
39  4   0.0408488049   0.1317500513  -0.1226560629   0.0039395145   0.0072808737
39  5  -0.0044766426  -0.0003554583  -0.0004570078  -0.0007093674  -0.0016164220
39  6   0.0035124805   0.0047327391  -0.0003268239  -0.0006413886  -0.0004554873
39  7  -0.0000094780   0.0000150474   0.0000128867  -0.0001621361  -0.0023776354
39  8  -0.0027464015  -0.0441697431  -0.1449742942   0.1220795238   0.0000638224
39  9  -0.0005345661  -0.0005773920   0.0001512898   0.0003923364  -0.0000991706
39 10  -0.0000168969  -0.0003984321  -0.0006506674
40  1  -0.0000518153  -0.0000850735   0.0000639096   0.0001000493   0.0000173826
40  2  -0.0000188917  -0.0000181242  -0.0000352274   0.0000256341   0.0001419424
40  3  -0.0000578570   0.0000328879  -0.0004256876   0.0014910792  -0.0008822515
40  4  -0.0056532109  -0.0032713507   0.0026061751  -0.0122865997   0.0218872855
40  5  -0.0136033450  -0.0518934949   0.0524564712  -0.0306803916   0.0017074400
40  6   0.0014621116  -0.0011206897  -0.0000853159   0.0001447745  -0.0001257616
40  7   0.0000134613  -0.0000154276   0.0000103827  -0.0004230912  -0.0001492885
40  8   0.0001119816  -0.0000120891  -0.0001736731   0.0000638224   0.0686320134
40  9  -0.0727498741   0.0428734367   0.0001686940  -0.0009014759   0.0006406302
40 10   0.0000858286  -0.0000198570   0.0000024708
41  1  -0.0000835082  -0.0000314493   0.0000507096   0.0003002782   0.0000308610
41  2  -0.0000853839  -0.0001010097   0.0000558288  -0.0000346814  -0.0003245096
41  3   0.0000681770  -0.0000326639  -0.0001699566   0.0007137603   0.0005797074
41  4  -0.0014611884   0.0003533646   0.0008961308  -0.0011789294   0.0033514982
41  5  -0.0038584644   0.0779030907  -0.1685229155   0.1042066711  -0.0020276698
41  6   0.0000256345  -0.0002150359   0.0003299545   0.0000325708  -0.0003366358
41  7   0.0000137607   0.0000040247   0.0000027547  -0.0000595984  -0.0000644250
41  8  -0.0000864551  -0.0003383201  -0.0000808845  -0.0005345661  -0.0727498741
41  9   0.1637862312  -0.1007275316  -0.0000499895   0.0003183038   0.0001901110
41 10  -0.0000025300  -0.0000405809  -0.0000146667
42  1   0.0000692807   0.0000531377  -0.0000088562  -0.0002339236  -0.0000714080
42  2  -0.0000070272   0.0000732459  -0.0000415822   0.0000220568   0.0002272591
42  3  -0.0000279247  -0.0000084393   0.0001847880   0.0004770754   0.0012786421
42  4   0.0014171197   0.0010156488   0.0008650881   0.0012757379  -0.0053173696
42  5   0.0006052167  -0.0471005469   0.1057851997  -0.0654816699   0.0011983455
42  6  -0.0004180165  -0.0003115746  -0.0002372398  -0.0003452145  -0.0002327584
42  7  -0.0000100050   0.0000040291   0.0000066935   0.0000504849  -0.0000822407
42  8  -0.0001512743   0.0001709177  -0.0005559864  -0.0005773920   0.0428734367
42  9  -0.1007275316   0.0635991666   0.0000496172   0.0002641844   0.0004544069
42 10  -0.0000085179  -0.0000120009  -0.0000522785
43  1  -0.0002630387  -0.0003461261   0.0002417976   0.0004147974   0.0014433210
43  2  -0.0009324550  -0.0008516070  -0.0000467125   0.0000670341  -0.0041780463
43  3  -0.0023373500   0.0022706726  -0.0003253476  -0.0007370903   0.0004126645
43  4   0.0005618747  -0.0020012331   0.0017387320   0.0065169748  -0.0069979510
43  5   0.0041915016   0.0014118252  -0.0013974135   0.0006982629  -0.1888999340
43  6   0.1214049349  -0.0704474354  -0.0179222589   0.0203959283  -0.0122364631
43  7  -0.0000758748   0.0000826172  -0.0000556261  -0.0000145556   0.0000626663
43  8  -0.0000923403   0.0005506065  -0.0002748537   0.0001512898   0.0001686940
43  9  -0.0000499895   0.0000496172   0.2018675564  -0.1289500241   0.0740959537
43 10   0.0010383341  -0.0002507240  -0.0001532058
44  1   0.0000713908  -0.0000333588  -0.0000186432  -0.0002111698   0.0005269048
44  2   0.0002001850  -0.0001124787  -0.0001043006  -0.0000874967  -0.0015266222
44  3   0.0030106390   0.0031252515  -0.0008648253  -0.0003990028  -0.0003254635
44  4  -0.0025694454  -0.0008824538   0.0053662461   0.0179165333  -0.0129895106
44  5   0.0071085864   0.0007995604  -0.0004182595  -0.0012824306   0.1205088364
44  6  -0.1589678535   0.0767145976  -0.0051752830   0.0065210803  -0.0030812349
44  7  -0.0000470470   0.0000060611  -0.0000434597   0.0000328557  -0.0002636880
44  8  -0.0004600176   0.0009862856  -0.0005315662   0.0003923364  -0.0009014759
44  9   0.0003183038   0.0002641844  -0.1289500241   0.1649123887  -0.0856006947
44 10   0.0000429091  -0.0007053839  -0.0022719466
45  1  -0.0000343163   0.0000049462  -0.0000607668   0.0001632585   0.0001085806
45  2   0.0007282153   0.0001122335  -0.0000890801  -0.0001982444   0.0017258500
45  3   0.0031707295   0.0053663671   0.0005275087  -0.0002375118  -0.0007465798
45  4   0.0020509570   0.0052119397   0.0034124819  -0.0121753838   0.0086412224
45  5  -0.0055292112  -0.0007692364  -0.0011256312  -0.0014909170  -0.0698439467
45  6   0.0767134339  -0.0774512522   0.0045582722  -0.0046861133   0.0041812980
45  7   0.0000342459  -0.0000512543  -0.0000312512  -0.0000742401  -0.0004643776
45  8  -0.0006665111  -0.0006672979   0.0004702291  -0.0000991706   0.0006406302
45  9   0.0001901110   0.0004544069   0.0740959537  -0.0856006947   0.0747742752
45 10  -0.0003444885  -0.0022565296  -0.0026431399
46  1  -0.0009483233  -0.0013872798   0.0009341433   0.0005479463   0.0025561354
46  2  -0.0019361045   0.0007313679  -0.0012283951   0.0007945092   0.0113357083
46  3   0.0169262292  -0.0116656390  -0.0035145638   0.0029940176  -0.0013734255
46  4  -0.0009577398   0.0003596318  -0.0002126626  -0.0047930942  -0.0004873658
46  5   0.0010795992  -0.0005547341  -0.0007408839   0.0005166573  -0.0045146662
46  6  -0.0244966218   0.0165938765  -0.0785395563  -0.0602361228   0.0420117437
46  7  -0.0001152760   0.0000688732  -0.0000254706   0.0005233923   0.0010353804
46  8  -0.0006775392   0.0000799188  -0.0000730447  -0.0000168969   0.0000858286
46  9  -0.0000025300  -0.0000085179   0.0010383341   0.0000429091  -0.0003444885
46 10   0.0795954573   0.0646690672  -0.0456697846
47  1  -0.0010515810   0.0015131693  -0.0011685156  -0.0015793359  -0.0029144188
47  2  -0.0000961638   0.0000085875   0.0004895221  -0.0002665291  -0.0060059780
47  3  -0.0118668525   0.0096465263   0.0034545578   0.0011138066   0.0034871223
47  4   0.0002719731   0.0000484502  -0.0008658007  -0.0000913546   0.0034961852
47  5   0.0031248239   0.0001267983  -0.0000846885  -0.0000187827   0.0002047092
47  6   0.0003608907   0.0016754226  -0.0593411306  -0.2321288069   0.1317383324
47  7   0.0001112210   0.0000351278   0.0000946957  -0.0004069183  -0.0004307051
47  8   0.0005951411  -0.0001000348  -0.0003001668  -0.0003984321  -0.0000198570
47  9  -0.0000405809  -0.0000120009  -0.0002507240  -0.0007053839  -0.0022565296
47 10   0.0646690672   0.2414144515  -0.1452793098
48  1   0.0007374263  -0.0011406634   0.0003392811   0.0008189151  -0.0003771586
48  2  -0.0030619527  -0.0000599555  -0.0001607497   0.0002214237   0.0033843797
48  3   0.0082790211  -0.0033949050  -0.0016616116   0.0034660070   0.0045366536
48  4  -0.0001735754  -0.0007990702  -0.0006690909   0.0008504955   0.0030996682
48  5   0.0061223750  -0.0000532548   0.0000336319  -0.0001131924   0.0003059940
48  6   0.0031658044   0.0008246171   0.0414665795   0.1317960815  -0.1267435360
48  7  -0.0000528526   0.0000994303   0.0001268809   0.0002537200   0.0005045841
48  8   0.0000962297   0.0000042595  -0.0004006635  -0.0006506674   0.0000024708
48  9  -0.0000146667  -0.0000522785  -0.0001532058  -0.0022719466  -0.0026431399
48 10  -0.0456697846  -0.1452793098   0.1250613019
$end
