$vibrational normal modes
 1  1   0.0740633226   0.1049427096   0.2206419053  -0.0421961369  -0.1616368466
 1  2  -0.0136712791  -0.0130700185  -0.0209355547   0.0003050985  -0.2866868436
 1  3   0.0076990223  -0.2263120570  -0.2747107696   0.0004867059   0.0042917228
 1  4  -0.0251657597  -0.3803906052  -0.0001231365  -0.0009567678  -0.0000054288
 1  5   0.1412895120   0.0050414123  -0.0098390067   0.0025630264   0.0005703267
 1  6   0.0033177759  -0.0003119302  -0.0000755047  -0.0064367058  -0.0391548508
 1  7   0.0483572589  -0.0153679675  -0.0049872713  -0.0035095713   0.0220858461
 1  8  -0.0109065754   0.0211043354   0.0150456500  -0.0036552050   0.0336500217
 1  9  -0.0026391207   0.1432617450   0.0000269021  -0.0000019206  -0.0001106614
 1 10   0.0001415591  -0.0001952615  -0.0002432747
 2  1   0.0273805950   0.0390792210  -0.0848228189   0.3637034028   0.0680129186
 2  2  -0.1233518776  -0.1603919551  -0.2061807045   0.0109673962   0.0960392009
 2  3   0.0647900175  -0.0270118030  -0.0048553115   0.0050791840   0.0204543651
 2  4  -0.1585432297  -0.0653820174  -0.0024112983  -0.0131681730   0.0303642231
 2  5  -0.1669981799   0.0553122767   0.1343204241   0.0256859258   0.0059371883
 2  6   0.0056247598  -0.0029495331  -0.0003735544  -0.0134463727  -0.0519359874
 2  7   0.0752148782  -0.0218306585  -0.0347635709   0.0181356053   0.0382314543
 2  8  -0.0177532306  -0.0719649540   0.0113719829  -0.0174434662   0.0450129280
 2  9  -0.0026974569   0.3235796095   0.0000200380  -0.0000536532   0.0001008110
 2 10  -0.0003960053  -0.0000054884   0.0006272410
 3  1   0.1202614551   0.0029665161  -0.0965211011  -0.0046492834  -0.2376263394
 3  2  -0.2736744765  -0.2382350620  -0.3094105754   0.0157041461  -0.0460051345
 3  3   0.0948485341   0.0325094505   0.0193644699   0.0074702718   0.0249353526
 3  4   0.1083199128   0.0670870487  -0.0027104587   0.0098447428   0.0413543322
 3  5   0.1043809493   0.0822622326  -0.0897636568   0.0387495608   0.0092757801
 3  6  -0.0040280388  -0.0043847626  -0.0003360036   0.0094639723   0.0371821754
 3  7  -0.0533728275   0.0156401932   0.0235781104  -0.0119526142  -0.0270909688
 3  8   0.0126080254   0.0469779030  -0.0085931367   0.0119094884  -0.0323571752
 3  9   0.0020172687  -0.2258177530  -0.0000157039   0.0000346881  -0.0000603664
 3 10   0.0002531660   0.0000153129  -0.0004080202
 4  1   0.0878851489   0.1399558524   0.1831192253  -0.0032709809  -0.0716730177
 4  2  -0.0030249207  -0.0009369007  -0.0051501708   0.0000298755  -0.0107488308
 4  3  -0.0053831924  -0.0424738647  -0.2524055367  -0.0001835917  -0.0055695343
 4  4   0.0008582567  -0.0120106772  -0.0038232292  -0.0032837349  -0.0032931324
 4  5  -0.2101169414  -0.0158321635   0.1254978431  -0.0088940902  -0.0021872785
 4  6   0.0039954100   0.0014246975  -0.0000166206   0.0199593563   0.0839069199
 4  7  -0.1711110819   0.0185258409   0.0606170105  -0.0153036257   0.0101665260
 4  8   0.0045642887  -0.3113213142  -0.0594306315  -0.0462072386  -0.0680491166
 4  9   0.0336696550  -0.2798579988  -0.0001364483   0.0000370908   0.0000474405
 4 10   0.0002445763   0.0005163196   0.0028993491
 5  1   0.0750854994  -0.0053874274  -0.0751792763   0.3227385871   0.0563870772
 5  2  -0.0201184037  -0.0117917760  -0.0539492144  -0.0005577411   0.0067141430
 5  3  -0.0580742555  -0.0845142396  -0.0071502932  -0.0013464937  -0.0588138948
 5  4  -0.1542823592  -0.1521534368  -0.0383074419  -0.0053160582  -0.0661667898
 5  5  -0.0507761400  -0.1793558988   0.0646444014  -0.0967098078  -0.0231042418
 5  6   0.0023684940   0.0157645624  -0.0003203679  -0.0124124974  -0.0619298151
 5  7   0.0886003164  -0.0131735690  -0.0165122870   0.0009109222  -0.0122984499
 5  8  -0.0010110683   0.1378455608   0.0169789061   0.0233168967  -0.0315701967
 5  9   0.0168712606  -0.5257471816  -0.0000363762   0.0001432690  -0.0001917370
 5 10   0.0009078229  -0.0006243975   0.0000294449
 6  1   0.1969837003  -0.0401106877  -0.1049484154  -0.0403743669  -0.2009109407
 6  2  -0.1190848413  -0.0176718528  -0.0814037652  -0.0010211798  -0.0031641563
 6  3  -0.0893323331   0.0580566019   0.0201944789  -0.0021225959  -0.0941680317
 6  4   0.1006582678   0.1005653944  -0.0565310677   0.0016939836  -0.0991069770
 6  5   0.0455439303  -0.2673701484  -0.0506255948  -0.1440395190  -0.0342327336
 6  6  -0.0015395129   0.0235707285  -0.0003622973   0.0067986824   0.0366434601
 6  7  -0.0494346839   0.0075004997   0.0077762965   0.0000703015   0.0080433486
 6  8   0.0001272059  -0.0736080504  -0.0074207782  -0.0128803496   0.0257265586
 6  9  -0.0133352293   0.3694894661   0.0000334662  -0.0000973501   0.0001246232
 6 10  -0.0006188265   0.0003822538  -0.0001958053
 7  1   0.1030890974   0.1735504457   0.1453366274   0.0336957584   0.0059935058
 7  2   0.0084828322   0.0194877362  -0.0027782704   0.0011861702   0.2365819491
 7  3   0.0011385635   0.1061519288  -0.3767985021  -0.0008304805  -0.0044977532
 7  4   0.3200448884   0.0769446516  -0.0028885928   0.0152277403   0.0048736189
 7  5  -0.0507562797   0.0047774404   0.0968037362   0.0014347052   0.0002996825
 7  6   0.0001263705  -0.0001249816  -0.0000960444  -0.0182571159  -0.0871028066
 7  7   0.1124687417  -0.0194024890  -0.0075153831  -0.0086415419  -0.0203684533
 7  8   0.0091599068   0.1037425159   0.0091740861   0.0059071741  -0.0010071831
 7  9   0.0013315926   0.0147892365   0.0000257538  -0.0000604293   0.0000164982
 7 10  -0.0002144944   0.0001130184   0.0579849002
 8  1   0.1566455813   0.0087316885  -0.1418638564   0.3411771733   0.0805697852
 8  2   0.0955954930   0.2319641128  -0.0473633136   0.0062994730   0.1804053313
 8  3   0.0372423563   0.0182336064  -0.0790002792  -0.0070298271   0.0056963079
 8  4  -0.0017900629  -0.1515417467  -0.0293206405  -0.0256752498   0.0366706555
 8  5   0.1764190939   0.0473312487  -0.1204245272   0.0207463980   0.0051977834
 8  6   0.0000526400  -0.0026215182  -0.0000234711   0.0190571801   0.0839895815
 8  7  -0.1411359583   0.0164172473   0.0800972148  -0.0458112029  -0.0161536526
 8  8   0.0082480778   0.0008319376  -0.0046381911  -0.0022545613   0.0002119524
 8  9  -0.0073504257   0.0616598337  -0.0000235112  -0.0000537094   0.0000281471
 8 10  -0.0000709581   0.0002874423   0.0151738381
 9  1   0.3060606264  -0.0694199107  -0.1546724305  -0.0679021302  -0.2824373565
 9  2   0.0513312775   0.3471572646  -0.0744516686   0.0081956737  -0.1319037563
 9  3   0.0555272244  -0.0170638649   0.0747757219  -0.0103879818   0.0070996319
 9  4  -0.0179078797   0.0971480888  -0.0439123005   0.0179763430   0.0591828064
 9  5  -0.1138333540   0.0709037174   0.0747540829   0.0298522674   0.0072976123
 9  6  -0.0000877817  -0.0036393007  -0.0001094419  -0.0116591704  -0.0512416358
 9  7   0.0881615589  -0.0098661841  -0.0535478217   0.0314048360   0.0120361435
 9  8  -0.0060645605  -0.0069620467   0.0025241911   0.0011409340  -0.0001112822
 9  9   0.0048735936  -0.0423456482   0.0000146866   0.0000397535  -0.0000204318
 9 10   0.0000613211  -0.0001958277  -0.0138392674
10  1   0.0898859623   0.1501992178   0.1740141715   0.0085180328  -0.0362520670
10  2  -0.0012700436  -0.0033688156   0.0106732124  -0.0012157323   0.0521663711
10  3  -0.0175457519  -0.0084870073  -0.1318122549  -0.0003651099  -0.0103657362
10  4  -0.1359573423   0.0744956356   0.0013411944   0.0315043190  -0.0106875819
10  5  -0.1356230076   0.0046639776  -0.1068806005   0.0077203343   0.0019152582
10  6  -0.0057381720  -0.0013107026   0.0005184900   0.0422016045   0.2009548512
10  7  -0.1946534090   0.0675133878  -0.1140319902   0.0885158341   0.0488819430
10  8  -0.0346085429   0.1419588362   0.0461761636   0.1403223657   0.1064692493
10  9  -0.2129140817   0.0348551406   0.0001829665  -0.0002955273  -0.0004482352
10 10   0.0021335463   0.0013793536  -0.0008269793
11  1   0.0508598673  -0.0787799984   0.0084754690   0.2493431117   0.0153817909
11  2  -0.0078287555  -0.0356913599   0.1158498455  -0.0161302915  -0.1802744453
11  3  -0.1926855161  -0.1089710734  -0.0004337274  -0.0044959865  -0.1283436744
11  4   0.0937718908   0.1111710943   0.0168560365  -0.1029464929  -0.1259762729
11  5  -0.0326426984   0.0558140180  -0.0171916154   0.0810743425   0.0200760455
11  6  -0.0140857054  -0.0134691747   0.0009731270   0.0041048857   0.0113315864
11  7   0.0029617318   0.0465101574  -0.0299674800   0.0312976685  -0.2277977498
11  8   0.1269053576   0.0174326240  -0.1002510224   0.0229660877  -0.3003114921
11  9  -0.0347847389   0.0984740270  -0.0000249520   0.0002173194  -0.0001360496
11 10  -0.0016048906   0.0021941943  -0.0001079974
12  1   0.1816703770  -0.0654980411  -0.0630993026  -0.0580010670  -0.0659246620
12  2  -0.0974034272  -0.0548557064   0.1759997007  -0.0231616830   0.1164278868
12  3  -0.2913483934   0.0699907259   0.0096606952  -0.0069256774  -0.1908300866
12  4  -0.0615957059  -0.0842018438   0.0253902661   0.0579455319  -0.1962615547
12  5   0.0254361271   0.0850613505   0.0188493250   0.1236058688   0.0302343260
12  6   0.0096167248  -0.0207986164   0.0011161782  -0.0045810362  -0.0198332129
12  7   0.0101906236  -0.0347793904   0.0263953837  -0.0259410264   0.1469993272
12  8  -0.0814535467  -0.0201099521   0.0632390059  -0.0235793222   0.1912179848
12  9   0.0355881804  -0.0672396678   0.0000056914  -0.0001269498   0.0001165070
12 10   0.0009222834  -0.0015274242   0.0001208355
13  1   0.1066916906   0.1914929847   0.1292982324   0.0543264662   0.0676015023
13  2   0.0116218966  -0.0117490677   0.0115053481  -0.0004861070   0.0209100406
13  3  -0.0070297898  -0.1208340359   0.0712262588   0.0109022586   0.0055797071
13  4  -0.0885063923   0.2177272116   0.0020657575   0.3311012085   0.0040729630
13  5   0.0987083462   0.0021935435   0.0359071616  -0.0015581794  -0.0039451837
13  6  -0.0240675512   0.0029791874   0.0045940084  -0.1005239865   0.1496352928
13  7   0.0636108944   0.0751864231   0.0366153629   0.0463171407   0.1450995072
13  8   0.0196475421   0.0510070025  -0.1709938213  -0.0371821036   0.0677690065
13  9   0.2717543462   0.0326709519   0.0000036875  -0.0096926069  -0.0022687938
13 10  -0.0040912405   0.0588319935  -0.0000804580
14  1   0.1075670704  -0.1272315997   0.0158733072   0.2049726563   0.0037157109
14  2   0.1119146154  -0.1297972333   0.1243166307  -0.0085899094  -0.1744351590
14  3  -0.0785887787  -0.0693836193  -0.0420021899   0.1218753952   0.0651101944
14  4   0.1143814767   0.1698304212   0.0172750823  -0.1219736203   0.1138471210
14  5  -0.1000788500   0.0199039072  -0.1930166875  -0.0193653416  -0.0425242139
14  6  -0.0055941092   0.0353848940   0.0589574268   0.1782722808  -0.0819627212
14  7  -0.0172057001  -0.0181465139   0.0178800652   0.0195638627   0.1469926836
14  8  -0.0059293307   0.0354584672  -0.0045832623  -0.0886364418   0.2092522177
14  9   0.1239733332  -0.0191776980   0.0000492485   0.0119130874   0.0027969595
14 10   0.0030490517  -0.0530145484  -0.0000319887
15  1   0.2738554953  -0.1154573009  -0.0753523520  -0.0996151577  -0.0293465435
15  2   0.0855603897  -0.1977586907   0.1888327970  -0.0117753168   0.1138321053
15  3  -0.1176551319   0.0512702519   0.0232067950   0.1848630136   0.1040600835
15  4  -0.0690239486  -0.1252694719   0.0258797731   0.0659737713   0.1652023199
15  5   0.0630795720   0.0304477767   0.1239014503  -0.0298060107  -0.0656089797
15  6   0.0049604023   0.0530083173   0.0865417832  -0.1146704880   0.0449979658
15  7   0.0070745035   0.0070560493  -0.0138267814  -0.0156121315  -0.1052528848
15  8   0.0027424759  -0.0264562280   0.0132915185   0.0605402072  -0.1417186254
15  9  -0.0975982716   0.0105830951  -0.0000362224  -0.0072562280  -0.0017061016
15 10  -0.0017501151   0.0313393310   0.0000245518
16  1   0.1081355646   0.1999501961   0.1219715457   0.0641006641   0.0977729550
16  2   0.0129322854  -0.0117754571   0.0103111279   0.0014448076  -0.0137986767
16  3   0.0111101636  -0.1556932889   0.1299152623  -0.0103590593   0.0017409551
16  4  -0.0271759261   0.2498766297  -0.0012836410   0.2265997929  -0.0135012472
16  5   0.0959960700   0.0039557314  -0.0032335940  -0.0015073952  -0.0051407913
16  6  -0.0187724286  -0.0019490250  -0.0041132487   0.0215223236  -0.0123195977
16  7   0.0147380518  -0.0696030885  -0.0271966310  -0.0618351141  -0.1921601026
16  8   0.0516838396  -0.0549241290   0.1671454701  -0.1453920878   0.1285059007
16  9  -0.2734078690  -0.0527214007   0.0002904264  -0.0221422045  -0.0020646148
16 10   0.0000310206  -0.0080795531  -0.0000293372
17  1   0.0823912579  -0.1955393002   0.0954615136   0.1365146221  -0.0350055726
17  2   0.1193166088  -0.1309646712   0.1119052188   0.0149012915  -0.1338637832
17  3   0.1198540872   0.1254967463  -0.1011925191  -0.1124422452   0.0330411603
17  4  -0.0295192560   0.0752249442  -0.0210634204   0.2280926897  -0.1086401812
17  5  -0.0706527199   0.0380370080  -0.2276444689  -0.0162780777  -0.0569955791
17  6   0.0358228467  -0.0234759441  -0.0472065076  -0.1663191707  -0.1144423644
17  7  -0.0083581082  -0.0578228685   0.0296025463  -0.0114931561   0.1060946166
17  8  -0.0204637297  -0.0270329818   0.0478373342   0.0637647136  -0.1593242503
17  9  -0.0047915211   0.0152820835  -0.0005037666  -0.0669279063  -0.0085380957
17 10  -0.0014133203  -0.0155418577   0.0000444296
18  1   0.2562756380  -0.1380508035  -0.0350522494  -0.1150782745   0.0981847631
18  2   0.1003232454  -0.1991074773   0.1700558585   0.0237096716   0.0867666604
18  3   0.1846156124  -0.0727981819   0.0584959104  -0.1705851817   0.0506458854
18  4   0.0238105409  -0.0615814672  -0.0324607273  -0.1692918486  -0.1599336165
18  5   0.0377205423   0.0584961308   0.1484590152  -0.0269091471  -0.0869630123
18  6  -0.0224414085  -0.0350376598  -0.0679214344   0.1106403038   0.0761371829
18  7   0.0048742680   0.0424117429  -0.0178857327   0.0112491548  -0.0581192577
18  8   0.0105077543   0.0211058321  -0.0414753553  -0.0332960358   0.0969265603
18  9   0.0194203504  -0.0068344774   0.0003173976   0.0453874751   0.0057486705
18 10   0.0009253313   0.0107117776  -0.0000273445
19  1   0.0927238423   0.1671251280   0.1593983530   0.0280898826   0.0243627291
19  2   0.0013180147  -0.0011303190   0.0077438837   0.0016300600   0.0226669230
19  3   0.0130832281  -0.0254676128   0.2093082333  -0.0008065813  -0.0165034550
19  4  -0.0208685369   0.1012046551   0.0037421429  -0.0328436515   0.0124710142
19  5   0.1402555899  -0.0042160443   0.1752886892   0.0016754428   0.0009390474
19  6   0.0071433381  -0.0009502979   0.0008478920   0.0641226694  -0.4516762955
19  7  -0.1994969519  -0.0084884139  -0.0316173547   0.0009400140   0.0955820286
19  8   0.0107458034  -0.0026537772   0.0282501165   0.1251039292  -0.0725238560
19  9   0.1235762289   0.0249972102  -0.0009310427  -0.0021394437  -0.0020636522
19 10  -0.0008825455  -0.0011046189   0.0000640135
20  1  -0.0000997279  -0.2165400864   0.1691080241   0.1112693863  -0.0627490879
20  2   0.0068135515  -0.0133599922   0.0835272429   0.0153947719  -0.0951874172
20  3   0.1406208947   0.2169419103  -0.0504739476  -0.0085325778  -0.1770206722
20  4  -0.0663231542  -0.0266320898   0.0380382068   0.1081721216   0.1480756735
20  5   0.0317739073  -0.0528295555   0.0320736025   0.0253488528   0.0121405317
20  6  -0.0148380951  -0.0092662379   0.0029671414   0.0061894547  -0.0990305245
20  7  -0.0059052296   0.0390118694  -0.0050415752   0.0014004915  -0.3436509339
20  8  -0.0356639105  -0.0186831525  -0.1142846132   0.0185975186   0.2774703657
20  9   0.0184991807  -0.0178779004   0.0009526077   0.0016754073  -0.0016808169
20 10  -0.0011844016   0.0005784973   0.0000358496
21  1   0.1458639681  -0.1109384511   0.0183005795  -0.0890752763   0.1914101034
21  2  -0.0682277263  -0.0199613071   0.1269252139   0.0243429568   0.0588788711
21  3   0.2156985673  -0.1395445337   0.0202953599  -0.0131733803  -0.2716776673
21  4   0.0359174933   0.0049847316   0.0579749066  -0.0617126627   0.2307315966
21  5  -0.0254053342  -0.0807642353  -0.0303875348   0.0390875089   0.0187607601
21  6   0.0100775214  -0.0135655104   0.0037069559  -0.0075906930   0.0919356039
21  7   0.0159032324  -0.0248823821   0.0052013795  -0.0009337188   0.2196966532
21  8   0.0227565603   0.0124446151   0.0732665994  -0.0196787918  -0.1777599619
21  9  -0.0195478722   0.0102340475  -0.0005691126  -0.0009660688   0.0012260175
21 10   0.0008279867  -0.0003110020  -0.0000270175
22  1   0.0955775956   0.1802406484   0.1474727354   0.0431271124   0.0684148299
22  2   0.0037592614   0.0027904772  -0.0144624347  -0.0021501874  -0.0793522289
22  3  -0.0039395289   0.1300856804   0.3130088943   0.0000096941   0.0011874463
22  4   0.1274877235  -0.2019058680  -0.0003092483  -0.0054343325   0.0007139551
22  5  -0.0789685487   0.0001283398  -0.0448270279  -0.0000630618  -0.0000039110
22  6  -0.0162597084   0.0000540324  -0.0001864146  -0.0093503713   0.0565259461
22  7   0.0189900100  -0.0010331903   0.0046421984   0.0012084254   0.0073145842
22  8   0.0008081263   0.0001094583   0.0017974397  -0.0042733900  -0.0031700335
22  9   0.0019875300  -0.0011309514  -0.0125177413   0.0001392264   0.0000964354
22 10   0.0000541995   0.0000543259  -0.0000172236
23  1  -0.0283446722  -0.3051437283   0.2694417993   0.0227184910  -0.1120407484
23  2   0.0231882508   0.0310602413  -0.1594908299  -0.0160140398   0.1824807473
23  3  -0.0424825177  -0.1026457197   0.1166409860  -0.0011968354   0.0144778952
23  4   0.0426967407  -0.0351872006  -0.0007493160   0.0200853072  -0.0043249338
23  5  -0.0170773130   0.0035407297  -0.0060043750  -0.0025390239  -0.0001685355
23  6  -0.0311019672  -0.0001589936  -0.0002374636  -0.0040065592   0.0119619369
23  7   0.0000806858  -0.0061202987   0.0007265699   0.0000283954   0.0119505033
23  8   0.0024544457  -0.0007593631   0.0088846206  -0.0005000570  -0.0086884794
23  9   0.0005018903   0.0001977898   0.0244953744  -0.0001224870   0.0000475093
23 10   0.0000274987  -0.0000318514  -0.0000117261
24  1   0.1293758823  -0.1423077461   0.0681283256  -0.1109931049   0.3536458119
24  2  -0.0386464725   0.0472986525  -0.2434535098  -0.0261414928  -0.1138230257
24  3  -0.0662218365   0.0593711543  -0.0954290784  -0.0018326417   0.0229987879
24  4  -0.0351687504   0.0355387291  -0.0011283225  -0.0131098669  -0.0068190888
24  5   0.0158469119   0.0056201937   0.0065862294  -0.0041267485  -0.0002583930
24  6   0.0211431627  -0.0005387306   0.0000468877   0.0031360451  -0.0112608291
24  7  -0.0012099055   0.0040550416  -0.0007355801  -0.0000867611  -0.0081673828
24  8  -0.0016503886   0.0004904895  -0.0059087909   0.0005860582   0.0058589112
24  9  -0.0004392644  -0.0000652776  -0.0150690637   0.0000725217  -0.0000359926
24 10  -0.0000205467   0.0000179895   0.0000087094
25  1   0.0758644886   0.1257686122   0.2042079865  -0.0177826444  -0.0795235168
25  2  -0.0116122120   0.0067580172   0.0156812761  -0.0007709270   0.0840158857
25  3   0.0113196393   0.0661794762   0.0262948496   0.0109042530   0.0037088453
25  4  -0.1983790685   0.1297236749  -0.0023688498  -0.3328713848  -0.0059395691
25  5   0.0489325887   0.0031869081  -0.1291130742  -0.0052224777   0.0031916886
25  6  -0.0053770908  -0.0024557752   0.0024891390  -0.0849436892  -0.1385927311
25  7   0.0928879556   0.0514647396   0.0137805737  -0.0623681083   0.1258001348
25  8  -0.0357776711   0.0045417694  -0.1861044660  -0.0903592981  -0.0491374058
25  9  -0.2425505195  -0.0201322032   0.0011938156   0.0080550172  -0.0549944328
25 10  -0.0222276356  -0.0024410317  -0.0000697991
26  1  -0.0570521166  -0.1684002356   0.1621591327   0.1553200880  -0.0512873345
26  2  -0.1130960885   0.0742231966   0.1700510697  -0.0121596729  -0.1163673562
26  3   0.1198064630   0.1930269731  -0.0194138140   0.1173652157   0.0202816258
26  4  -0.0209406538   0.0215609854  -0.0245860531   0.1207589654  -0.1094521651
26  5   0.1002517448   0.0472864188   0.1960855314  -0.0603026829   0.0334876906
26  6   0.0289096150  -0.0256284585   0.0344342369   0.1652696992   0.1132023207
26  7  -0.0082927622   0.0076229457  -0.0342216418  -0.0177231637   0.1556261013
26  8  -0.0384679386   0.0485066371  -0.0086543894  -0.0999924025  -0.1960999616
26  9  -0.0820967471   0.0127297638  -0.0001194028  -0.0066802078   0.0510078494
26 10   0.0168114512   0.0022850147  -0.0001112918
27  1   0.0533301805  -0.0609848689   0.0308300139  -0.0474455768   0.1555086851
27  2  -0.2515826799   0.1131578934   0.2585545324  -0.0173928076   0.0709785342
27  3   0.1842695028  -0.1304359939   0.0101752105   0.1782908681   0.0301733716
27  4   0.0280882274  -0.0194540202  -0.0377164121  -0.0645855468  -0.1601384026
27  5  -0.0717774306   0.0700856870  -0.1223520491  -0.0900824067   0.0513237783
27  6  -0.0192157416  -0.0390361206   0.0485787268  -0.1058255717  -0.0656475012
27  7  -0.0004080938  -0.0088173598   0.0217954853   0.0155143056  -0.1095853678
27  8   0.0274598743  -0.0321725856   0.0170725658   0.0711430305   0.1316240612
27  9   0.0685353295  -0.0071177873  -0.0000003485   0.0038969232  -0.0302428820
27 10  -0.0097152174  -0.0013580168   0.0000772842
28  1   0.0745461198   0.1175566442   0.2112455526  -0.0272898324  -0.1091926652
28  2  -0.0128289315   0.0047604772   0.0162015231  -0.0013574846   0.0774115445
28  3  -0.0072467338   0.1255944451  -0.0459866077  -0.0109030598   0.0098509135
28  4  -0.2393679146   0.1052683874   0.0023115259  -0.2267675451   0.0115532758
28  5   0.0403482730   0.0006472904  -0.0787747782  -0.0035658116   0.0020581229
28  6   0.0082114226   0.0045377661  -0.0046576357   0.0134320807   0.1142217501
28  7   0.0215189434  -0.0547123067   0.0073331730   0.0530151604  -0.2222392141
28  8  -0.0190096016   0.0306826514   0.1787646071  -0.0769231751  -0.1606056924
28  9   0.3180263757   0.0378328238  -0.0003055684   0.0001372278  -0.0049134847
28 10   0.0231730728   0.0007025973   0.0001253406
29  1  -0.0315091928  -0.1001676972   0.0823987582   0.2237249686  -0.0125250011
29  2  -0.1198837074   0.0534876978   0.1764241075  -0.0181902487  -0.1652572845
29  3  -0.0800675178   0.0014595019   0.0360776027  -0.1191450945   0.0781111464
29  4   0.1099168148   0.1550427252   0.0258874522  -0.2286589614   0.1029991578
29  5   0.1001003217   0.0164022824   0.1833144846  -0.0403907787   0.0210783672
29  6   0.0164543159   0.0488646105  -0.0513629217  -0.1867449158   0.1653675936
29  7  -0.0216701901  -0.0287449766  -0.0005364359  -0.0105148997   0.0866514693
29  8  -0.0077863667  -0.0212287360   0.0491636297   0.0647837159   0.1638453838
29  9  -0.0234457933  -0.0364126540  -0.0000352936   0.0007025854  -0.0218496472
29 10   0.0656806983   0.0038940752   0.0000181786
30  1   0.0715506314  -0.0386430627  -0.0096680707  -0.0322020889   0.0278317757
30  2  -0.2652217055   0.0810173446   0.2681073367  -0.0264056480   0.1046013341
30  3  -0.1197894608  -0.0096764786  -0.0210921163  -0.1806377998   0.1234760356
30  4  -0.0564117156  -0.1087646970   0.0387010209   0.1693380064   0.1506514446
30  5  -0.0654509371   0.0236196439  -0.1160980417  -0.0612265644   0.0326308497
30  6  -0.0108510189   0.0745513442  -0.0741581038   0.1237610506  -0.1160106155
30  7   0.0130375106   0.0230408775  -0.0002120785   0.0035826290  -0.0437843715
30  8   0.0060209297   0.0121810156  -0.0431691354  -0.0380524732  -0.0979331828
30  9  -0.0036037697   0.0216845642   0.0000386770  -0.0004617368   0.0146816913
30 10  -0.0446303913  -0.0026057037  -0.0000170849
31  1   0.1008410883   0.1644245255   0.1538750587   0.0232842073  -0.0234896635
31  2   0.0066095669   0.0170102158  -0.0154971530   0.0021696750   0.1538045068
31  3   0.0156413020   0.0539107266  -0.3207431640   0.0041419729   0.0138341131
31  4   0.1552024823   0.0705486077   0.0494164481   0.0124998598  -0.0291184295
31  5  -0.2482041713  -0.0118253449   0.2294814474  -0.0028590388  -0.0009932798
31  6   0.0068835934   0.0003173188   0.0000632181  -0.0095051175  -0.0271827058
31  7  -0.0596192028  -0.0196592659   0.2416925011  -0.1785352287  -0.0934796909
31  8   0.0451218441   0.3419244274   0.0211219468   0.0132700629   0.0153537059
31  9  -0.0142270727   0.2067347103   0.0000581529  -0.0002972384  -0.0004153025
31 10  -0.0000721814   0.0005736696  -0.9397174552
32  1   0.1674033458   0.0577760522  -0.1941929418   0.3899184600   0.1068206862
32  2   0.0790438469   0.1954706784  -0.1773833799   0.0193277021   0.3661552933
32  3   0.1832967216   0.1372505287  -0.2102374027   0.0462885133   0.1744661798
32  4   0.3771444306  -0.1374834769   0.5420334864  -0.0339435568  -0.3608496824
32  5   0.6090197340  -0.1402361821  -0.4170735568  -0.0273245159  -0.0082015365
32  6  -0.0150120671   0.0034558468   0.0034236234  -0.0012957552  -0.0578128044
32  7   0.2582504603   0.0151976850  -0.5074764271   0.3567568749   0.1592949230
32  8  -0.0770473296  -0.6027014979  -0.0377480561  -0.0271785962  -0.0437562995
32  9   0.0398404714  -0.4149255767  -0.0000084942  -0.0004594379  -0.0003073379
32 10   0.0003962105   0.0013339751  -0.2488609926
33  1   0.3092964021  -0.0502620536  -0.1798176787  -0.0541294796  -0.3687207923
33  2   0.0254272082   0.2964305857  -0.2701136771   0.0266443315  -0.2496783829
33  3   0.2761513050  -0.0906230083   0.1572752631   0.0689545987   0.2683356568
33  4  -0.2509565834   0.0920392303   0.8017415048   0.0020034865  -0.5197296989
33  5  -0.4124281003  -0.2044100058   0.2698520717  -0.0407830280  -0.0127821947
33  6   0.0097725716   0.0048456022   0.0043639406   0.0013853123   0.0406012265
33  7  -0.1701313216  -0.0088403594   0.3274550617  -0.2294763907  -0.1015275051
33  8   0.0492274313   0.3855976189   0.0240454221   0.0176541189   0.0282035345
33  9  -0.0263507934   0.2668429978   0.0000009250   0.0003231810   0.0002329181
33 10  -0.0002674214  -0.0009106901   0.2262829071
34  1   0.1186836763   0.2170919075   0.1001353356   0.0824150948   0.1249713406
34  2   0.0206614282  -0.0182126706   0.0100540341   0.0000165509  -0.0053083934
34  3  -0.0105450325  -0.2191276726   0.1801656201   0.0241762202   0.0196011001
34  4   0.0111096243   0.3203002450  -0.0008374459   0.2329596918   0.0083955778
34  5   0.2223009022  -0.0188748708   0.1906807559   0.0047236090   0.0248603245
34  6  -0.0692767842  -0.0253743134  -0.0285766730   0.1126817251   0.0787553745
34  7   0.4350371644   0.3028413127   0.4231215734   0.2285890940  -0.1852645543
34  8  -0.3560872409  -0.1751696277   0.1788831523   0.3561231442  -0.3402092398
34  9  -0.2620079387   0.0359819501  -0.0003038358   0.1445478710   0.0323828872
34 10   0.0454151665  -0.6691358511  -0.0009765521
35  1   0.1714814242  -0.1115453489  -0.0406483243   0.2239583503   0.0249254499
35  2   0.1994770684  -0.2024538952   0.1074940767  -0.0025720485  -0.1993256524
35  3  -0.1187865466  -0.1477770886   0.0482365680   0.2666606256   0.2368642974
35  4   0.1932679170   0.2557980868  -0.0157977013  -0.1952922562   0.1596269671
35  5  -0.0052258472  -0.2224281314  -0.0791223483   0.0578041057   0.2764017827
35  6  -0.0393677674  -0.2792415376  -0.3351546545   0.3593168507  -0.1576168640
35  7   0.2722840239   0.1491508201   0.3182324519   0.1558149586  -0.1019695077
35  8  -0.2974954490  -0.1389357944   0.2855895826   0.2000881236  -0.0859889592
35  9  -0.2929742791  -0.0295738268  -0.0002606774  -0.1342162875  -0.0299569296
35 10  -0.0407131527   0.6050301586   0.0003488010
36  1   0.3595364101  -0.1367474990  -0.1164586053  -0.1199764216  -0.1006410176
36  2   0.2167456480  -0.3085040072   0.1631156214  -0.0025127136   0.1313567742
36  3  -0.1790906537   0.1079411421  -0.0428286148   0.4048863682   0.3682309951
36  4  -0.1165695605  -0.1805455024  -0.0245899836   0.1240849016   0.2344670103
36  5  -0.0041785653  -0.3399117733   0.0486931255   0.0889239961   0.4198161439
36  6   0.0303194450  -0.4260715488  -0.5179437160  -0.2254185045   0.0984113722
36  7  -0.2029870769  -0.1144752431  -0.2348315525  -0.1157984774   0.0777602045
36  8   0.2167047839   0.1019109485  -0.1985765356  -0.1527293049   0.0770904510
36  9   0.2075005992   0.0172565343   0.0001974503   0.0796034334   0.0177617201
36 10   0.0240351879  -0.3577869211  -0.0001822523
37  1   0.1212185378   0.2320431174   0.0871989768   0.0996980378   0.1783893183
37  2   0.0229662286  -0.0186472032   0.0077792170   0.0044233697  -0.0533377646
37  3   0.0162156622  -0.3422440520   0.0885720901  -0.0201254935   0.0157342815
37  4   0.0511381221   0.4209008485  -0.0059124019   0.0995702289  -0.0151643384
37  5  -0.0150708083  -0.0199502115  -0.2727754772   0.0167198174   0.0351770869
37  6  -0.0487788620   0.0188355336   0.0244247955   0.3280995579   0.4773590133
37  7   0.1579897455  -0.4638393866  -0.2461152858  -0.5192507983  -0.2967576893
37  8  -0.4394436602  -0.1105002649  -0.4486355909   0.5211133857  -0.3218299800
37  9   0.2737845844   0.0648434790   0.0021103069   0.2552829764   0.0307381961
37 10   0.0044000682   0.0602345130  -0.0000212333
38  1   0.1268714915  -0.2325498741   0.1003470397   0.1026868448  -0.0436703763
38  2   0.2125711087  -0.2097832605   0.0848156952   0.0502269947  -0.1244246598
38  3   0.1748533176   0.1739905944  -0.0891125103  -0.2238069996   0.2103539350
38  4  -0.0431541644   0.0359032713  -0.0753736081   0.2610286193  -0.1766099203
38  5  -0.0430890831  -0.2215158936  -0.1591564499   0.1821788060   0.3835347658
38  6   0.0449252749   0.1965554082   0.2517996140  -0.2547318826  -0.2611617614
38  7  -0.0515247181   0.0365521025   0.0864372462   0.1040085394   0.1393179181
38  8   0.1043432848  -0.0170363572   0.2224337344  -0.1009078745  -0.0551772423
38  9  -0.1565567334  -0.0152959631   0.0000354143   0.7697356471   0.0953299705
38 10   0.0142734451   0.1712790461  -0.0001707541
39  1   0.3283241747  -0.1767417913  -0.0450487774  -0.1473434713   0.1252848392
39  2   0.2427717853  -0.3186776918   0.1288482173   0.0772127668   0.0808019038
39  3   0.2682120377  -0.0925285088   0.0528880651  -0.3396254081   0.3189423006
39  4   0.0393250188  -0.0379465850  -0.1147982979  -0.1843380090  -0.2609121820
39  5   0.0251950308  -0.3359166968   0.1292606646   0.2745941263   0.5822903776
39  6  -0.0259363890   0.2996034653   0.3869511395   0.1351933068   0.1433191901
39  7   0.0232360896   0.0022867769  -0.0422861653  -0.0376896923  -0.0741665686
39  8  -0.0429116241   0.0176579507  -0.1195171375   0.0356652362   0.0554776458
39  9   0.0869015371   0.0062435715  -0.0001263133  -0.5220451892  -0.0646122195
39 10  -0.0096426875  -0.1163653743   0.0001160188
40  1   0.0775950041   0.1404757000   0.1921821790  -0.0006320739  -0.0235786364
40  2  -0.0098528923   0.0122339189   0.0023303537   0.0519672050   0.2078478805
40  3  -0.0244974656  -0.2801921205   0.4337847655   0.0065423990   0.0062816760
40  4   0.1972493888  -0.0405229575  -0.0008542924   0.0180940841  -0.0028207664
40  5  -0.0509081514   0.0036791904  -0.1067124671  -0.0016099468  -0.0027661995
40  6   0.9159463535  -0.0030748571   0.0030546887   0.0641201318   0.0618861281
40  7   0.0664904428   0.0990665479   0.0022201391   0.0226412231  -0.2990827950
40  8  -0.0422504089   0.0069831556  -0.1195816764  -0.0165611772   0.1433878416
40  9   0.0100808637  -0.0092359233   0.3949682884   0.0002802821   0.0031957833
40 10   0.0008624455   0.0004516083  -0.0000071525
41  1  -0.1083078678  -0.3016104611   0.3187885100   0.0216954247  -0.1272571262
41  2  -0.1019764423   0.1231705208   0.0363769911   0.5372879972   0.2652775598
41  3  -0.2495853408  -0.2374817587   0.1563878625   0.0664836999   0.0637503008
41  4   0.0653041711   0.0194700255  -0.0061710739   0.0255165458  -0.0228492617
41  5  -0.0079959406   0.0153983008  -0.0284716045   0.0002108588  -0.0290119905
41  6   0.2795071827   0.0007327962  -0.0065988577   0.0209498450   0.0164146105
41  7   0.0181020529   0.0271734952  -0.0009509415   0.0061715329  -0.0965894471
41  8  -0.0142889814   0.0026326106  -0.0380104680  -0.0072828671   0.0457912106
41  9  -0.0028829378  -0.0023551241  -0.7818905613   0.0013805195  -0.0015722412
41 10  -0.0001152237   0.0002064138  -0.0000484532
42  1   0.0143691849  -0.1033287260   0.1110099792  -0.0760854044   0.4057838905
42  2  -0.2308120438   0.1891939219   0.0609676513   0.8283176479  -0.2145576593
42  3  -0.3858530068   0.1743096723  -0.1246534454   0.1027584430   0.0987870850
42  4  -0.0507603159  -0.0111228971  -0.0094591629  -0.0195385925  -0.0340056598
42  5   0.0070087270   0.0220951876   0.0240074111   0.0014738871  -0.0448233519
42  6  -0.2376728781   0.0034308912  -0.0129142206  -0.0169337280  -0.0134372601
42  7  -0.0154194306  -0.0237557517   0.0002356373  -0.0055147142   0.0806213687
42  8   0.0118138698  -0.0019638233   0.0319800939   0.0056121384  -0.0386236232
42  9   0.0008199038   0.0022414791   0.4812955955  -0.0009280492   0.0007906404
42 10   0.0000078729  -0.0001700705   0.0000337727
43  1   0.0638527903   0.1001255751   0.2334202660  -0.0459198651  -0.1369964662
43  2  -0.0206666870   0.0147031986   0.0165880753  -0.0030231003   0.1201194963
43  3   0.0182036765   0.1596240559  -0.0804921445   0.0223921307   0.0197067531
43  4  -0.3289641238   0.0924843177  -0.0075526849  -0.2287391950  -0.0088418169
43  5  -0.0106032315  -0.0272877013  -0.3250179484   0.0410286963  -0.0189580407
43  6   0.0060243741   0.0182975548  -0.0128707751   0.1285942247  -0.0254792891
43  7   0.4511896040   0.3424618644  -0.0542698172  -0.3673026602   0.2453555245
43  8   0.3782386434  -0.2691401853   0.2283314007   0.3848968895   0.3335465323
43  9   0.1311527694  -0.0446283713  -0.0029231370  -0.0899547075   0.6421295989
43 10   0.2228307693   0.0268423009  -0.0001531977
44  1  -0.1210567866  -0.1840828997   0.2187368727   0.1363328418  -0.0725144575
44  2  -0.2007996391   0.1622369845   0.1797267775  -0.0381244333  -0.0887893132
44  3   0.1964449758   0.2652453314  -0.1045818671   0.2401561048   0.1749672968
44  4  -0.1163031949  -0.0007011407  -0.0796164262   0.2018222635  -0.1290375338
44  5   0.0556811626  -0.2827871773   0.0553970017   0.4528691506  -0.2154438159
44  6   0.0440212621   0.2061985909  -0.1679058858   0.3390276189   0.2343473170
44  7   0.2696934237   0.2303007434  -0.0886500140  -0.2509710327   0.2536133780
44  8   0.2782119306  -0.1586411929   0.3316288505   0.2554442151   0.0847650043
44  9   0.2169618682  -0.0072232763   0.0002172668   0.0811127458  -0.5823170165
44 10  -0.1980072411  -0.0240097432   0.0001987932
45  1  -0.0324790627  -0.0396514989   0.0719844967  -0.0270455963   0.2268626857
45  2  -0.3829818653   0.2471494409   0.2732035634  -0.0570080310   0.0512775331
45  3   0.3010001907  -0.1827307865   0.0713565239   0.3644896390   0.2618587180
45  4   0.1093168043   0.0077826424  -0.1210954026  -0.1226097092  -0.1878326767
45  5  -0.0366135488  -0.4312546606  -0.0087878146   0.6913659658  -0.3282309688
45  6  -0.0254967337   0.3142192932  -0.2649611774  -0.2196426249  -0.1540751948
45  7  -0.2034172965  -0.1691161192   0.0609334450   0.1864629107  -0.1826628201
45  8  -0.2053559507   0.1204057412  -0.2318329331  -0.1907605755  -0.0751356687
45  9  -0.1499720919   0.0074602833   0.0001011372  -0.0479276828   0.3444279928
45 10   0.1168426356   0.0141742364  -0.0001260189
46  1   0.0615222427   0.0855740583   0.2458856340  -0.0627675944  -0.1895947620
46  2  -0.0228189814   0.0101211618   0.0172281646  -0.0021806970   0.1244354914
46  3  -0.0098105497   0.3179033015   0.0051553605  -0.0223161913   0.0280699664
46  4  -0.3684647747   0.0527623005  -0.0002698632  -0.1098556179   0.0110113064
46  5   0.2420569132  -0.0213208296   0.1071976953   0.0158218851  -0.0132410520
46  6   0.0641219301  -0.0309044158   0.0265850381   0.3541362983   0.2825410769
46  7   0.2309002187  -0.6280398041   0.3335636556   0.3810463520   0.2366519792
46  8   0.4492598563  -0.1025471108  -0.3471040300   0.3980519793   0.3193305129
46  9  -0.3975811301  -0.0768186271  -0.0000994119  -0.0029957702   0.0852736939
46 10  -0.2547079448  -0.0128749057   0.0000858069
47  1  -0.0755852897  -0.0628824578   0.0769939307   0.2578450278  -0.0036403168
47  2  -0.2127028650   0.1177379517   0.1904592999  -0.0289489969  -0.1795860216
47  3  -0.1072098502  -0.0523860566   0.0195275831  -0.2466496878   0.2615204530
47  4   0.1503735531   0.1706833301  -0.0055773830  -0.2591977796   0.1432233688
47  5   0.0477572564  -0.2379996208   0.1428853573   0.1868819218  -0.1515697220
47  6   0.0008396324  -0.3699441418   0.2868557281  -0.2861684346   0.1404435307
47  7  -0.0820487787   0.1170826950  -0.0879712517  -0.0935663387  -0.0310782025
47  8  -0.1304485725   0.0147860514   0.2025802592  -0.0487899756   0.0506769733
47  9   0.1696278846  -0.0186528878  -0.0006083382  -0.0094171600   0.2601582709
47 10  -0.7493596104  -0.0396023127  -0.0004330600
48  1   0.0000000000   0.0000000000   0.0000000000   0.0000000000   0.0000000000
48  2  -0.4070250765   0.1783199007   0.2892904778  -0.0426495065   0.1115991564
48  3  -0.1610823075   0.0129795762  -0.0137699849  -0.3742274995   0.4027853118
48  4  -0.0639183405  -0.1075611606  -0.0089410392   0.1834394745   0.2096070826
48  5  -0.0420352225  -0.3622255392  -0.0976182511   0.2833592410  -0.2293721797
48  6  -0.0079773688  -0.5602565584   0.4398519178   0.1588295273  -0.1080752119
48  7   0.0402642795  -0.0441362892   0.0391225999   0.0398472969   0.0076393346
48  8   0.0602300176  -0.0039310114  -0.1131885625   0.0087641975  -0.0526654437
48  9  -0.0886920699   0.0166979795   0.0004091341   0.0063573778  -0.1763984553
48 10   0.5086239314   0.0268477696   0.0002754253
$end
