$dipgrad          cartesian dipole gradients
  -.56986322541726D+00  0.15360199424287D+00  -.11214402724175D+00
  0.90422759813570D-01  -.38853253895186D+00  0.23694624835944D+00
  -.15726870094858D+00  0.26092006193074D+00  -.52846651017863D+00
  0.48531116140610D+00  -.14415518971633D+00  0.96306730919986D-01
  -.18297073848208D+00  0.14708676339088D-01  -.13543403906448D+00
  -.16003050959858D-01  -.11102189945177D+00  0.21310952006528D+00
  0.10982410095595D-01  -.16386016491643D-01  -.76452211363499D-02
  0.39343562733786D-01  0.91135465733465D-01  -.16207554836173D-01
  -.84184430888940D-01  -.63073306377135D-01  0.48890338382792D-01
  -.20124532793603D-01  -.60419085729502D-02  0.37967283377601D-02
  0.61883351199746D-01  -.32601424476257D-01  0.34178024814462D-01
  0.59962841390073D-01  -.32840369840079D-02  0.51964928335542D-01
  0.58269883759406D+00  0.22289017674897D+00  -.58046749516190D-01
  0.22049593010861D+00  0.39052284810697D+00  -.41532333588374D-01
  0.51675582351992D-01  0.15731064557058D+00  0.12708823641072D+00
  -.74210554966825D+00  -.89985777661886D-01  0.46591726918082D-01
  -.32051476347174D+00  -.11683715461300D+01  0.27954520155626D+00
  0.11389650150899D+00  0.13764219046504D+00  -.35063570791080D+00
  0.84159346295705D+00  0.26589623264648D+00  0.60171320155938D+00
  0.61935606706475D+00  0.15451819725286D+01  -.37408113840653D+00
  0.49525534234248D+00  -.40132571081123D+00  0.98289299510238D+00
  -.65994081374762D+00  0.20810127955160D+00  -.26749593960249D+00
  0.56143897428391D-01  -.57407696217804D+00  0.22883551109829D+00
  -.10426572928691D+00  0.33713211630572D+00  -.92262551625955D+00
  -.61380723347994D+00  -.22270724141004D+00  -.13155698510120D+00
  -.46533550376362D+00  -.60572322772519D+00  -.30440063730330D+00
  -.36413975390332D+00  -.36457842727631D+00  -.71718158307310D+00
  0.19032147287375D+01  -.30439356287679D+00  -.22199266116291D+00
  -.11540566951425D+00  0.88000295571274D+00  0.19179420829205D+00
  -.28846792170014D+00  0.39442400011637D+00  0.31732552369808D+00
  -.95665842310728D+00  0.15932943098756D+00  0.83042768007010D-01
  0.37629885387346D+00  -.91438742807271D+00  -.16707468983826D+00
  0.33142360545701D+00  -.26854586779806D+00  -.46624365370040D+00
  -.13804282094494D+01  0.35414218724555D+00  0.98748837896830D-01
  0.53192417901323D-01  -.37545274238925D+00  0.10784378161412D+00
  -.84774856523810D-01  0.14498518905343D+00  -.41080814944288D+00
  0.36421683872090D+00  -.11299496423097D+00  -.79315316850009D-01
  -.21195969868352D+00  0.26340753118098D+00  0.62960350330749D-01
  -.30059880767323D+00  0.13488685049173D+00  0.13126565192781D+00
  0.62492969703564D+00  -.39321690992991D+00  -.26294082894350D+00
  -.50970742845653D+00  0.64240988436386D+00  0.30897391117990D+00
  -.23870076939358D-01  -.31948666934831D-03  0.17072468999317D+01
  -.71585487586104D+00  0.27441345549083D+00  0.32947559268069D+00
  0.38130608294213D+00  -.63267755949452D+00  -.32371584952981D+00
  0.80764261270676D-01  -.42748547062674D-01  -.87992120857612D+00
  -.58754294757748D+00  0.14256548889612D-01  -.30407429591868D+00
  -.99051749367162D-02  -.53840884838724D+00  0.45929505726723D-01
  -.13151451163108D+00  0.11166303060955D+00  -.12935481801776D+01
  0.25848656034092D+00  -.88409791274244D-01  0.18993693328919D+00
  -.14211912853509D+00  0.28360284581863D+00  -.36277532146618D+00
  0.26624089428878D-02  -.22018615193259D+00  0.24784879210229D+00
  -.46431258640237D-02  0.11505097274519D+00  -.89522786264327D-01
  0.15462891308685D+00  -.98193122062375D-01  0.19073577248346D+00
  -.11475943282706D+00  0.15898589994008D+00  -.15508007652381D+00
  0.97026681941640D+00  -.47752935244746D+00  -.39868665731138D+00
  -.52340316754132D+00  0.11455599614533D+01  -.16297421199826D+00
  -.39856684617594D+00  -.18266294417311D+00  0.13762978018468D+01
  -.52883026063216D+00  0.67969102756933D-01  0.17540309881466D+00
  0.60307472016371D-01  -.60167605935224D+00  0.25093412984576D+00
  0.26861718697995D+00  0.17071068078846D+00  -.10354420965234D+01
  -.79263681022225D+00  0.34824505036443D+00  0.28142413886304D+00
  0.42757640417808D+00  -.78412840049846D+00  -.20799230976037D+00
  0.21394730834123D+00  -.19924347114490D+00  -.44559650450349D+00
  0.69427733257287D+00  0.34925860624603D+00  0.27421476320069D+00
  0.35873619868182D+00  0.13680055676283D+01  -.44716981129497D+00
  0.44197267100031D+00  -.40981746209746D+00  0.11638312321791D+01
  -.55393013612101D+00  -.14204758903164D-03  -.28378902637929D+00
  -.65954567336336D-01  -.66542602947453D+00  0.21147778369076D+00
  -.29208330492919D+00  0.31148337966927D+00  -.91056779973944D+00
  -.52002372849949D+00  -.34558183884374D+00  0.53399384536084D-01
  -.26861916583350D+00  -.11179454263301D+01  0.34597760315485D+00
  -.75432494784716D-01  0.17116892585019D+00  -.48099283702342D+00
  0.80388504434990D-01  -.55368548596822D-01  0.23628231468291D-01
  -.11217748280723D+00  0.42295050711739D-01  -.83515611893353D-01
  0.75027844838547D-01  -.71425956820319D-01  0.32734311195271D+00
  0.14743641183575D+00  -.23099838307222D-01  0.14481175501750D-01
  0.52931230968536D-02  0.29309315741740D+00  -.86120329057378D-01
  0.86564940180837D-01  -.10379521174217D+00  0.11989768648554D+00
  -.42189267618588D-01  0.44504684109338D-02  0.74785994478154D-01
  0.46592467795058D-01  0.47786070949914D-02  -.56500430317675D-02
  0.11034418454683D+00  -.27531365824299D-01  -.83493597460217D-01
  -.16178776597814D-01  -.79555694217058D-01  -.82019725643379D-01
  -.81756644352721D-01  -.48974255194977D-01  -.27600069803017D-01
  -.50339378714617D-01  -.12594605164953D-01  0.50417550343920D-02
  -.17647112527446D+00  0.83564619491599D-01  0.35896800839260D-01
  0.10713500596425D+00  0.10288349256326D-01  0.31004938440525D-01
  0.71933019832530D-01  0.20109507817934D-01  -.13812743879217D-01
  -.11830975797190D+00  -.13127477460659D+00  -.19466338884642D-01
  -.16412815523425D+00  -.29024565179852D-01  -.69719527680766D-01
  -.36510798142226D-01  -.42872400066194D-01  0.28512466444250D-02
  0.92690714652684D-01  0.50128093679708D-01  0.65484284766605D-02
  0.99523677318806D-01  -.18519363444902D-01  0.27010249857509D-01
  -.18499113731281D-01  0.34779548558101D-01  -.13222704141873D-01
  -.74393272099431D-02  -.43932852316818D-01  0.24591339330313D-01
  -.15699234028325D-01  0.72918168798790D-01  0.31486652574627D-01
  0.64040678161559D-02  -.50330136667781D-01  -.74199503346130D-01
  -.89200475906670D-02  0.21204382613939D-01  -.36552477555987D-01
  0.15320264756352D-01  -.96445474699070D-01  0.43069719588441D-01
  -.46307717795089D-01  0.72495651956705D-01  0.75346347165338D-01
  0.25965819076150D+00  -.68714527658629D-01  -.40393423844888D-01
  -.55134335946981D-01  0.13863016484840D+00  -.32774196475389D-01
  -.13050735165782D+00  -.43057927599239D-02  0.10267390295842D+00
  0.16307088741009D+00  -.15906251666532D+00  0.35502124575366D-01
  -.10890481878734D+00  -.29769490660048D-01  0.38820049365503D-01
  -.21246549771605D-01  -.56610573062956D-01  0.24722301631074D+00
  0.16464441267538D+00  -.45863849951001D-01  -.65195747536452D-01
  0.21939586775990D-01  0.21808708925613D+00  0.70283764627251D-01
  0.14893061879792D-01  0.13903881177720D+00  0.18784487255041D+00
  0.12625617637125D+00  0.12154728230108D-01  -.12002224990294D+00
  0.84398806236901D-01  0.12966131889620D+00  0.63668566120232D-01
  0.87645878407953D-03  0.41882957867130D-01  0.27640117798887D+00
  0.10556639662394D+00  0.89833642518310D-02  0.34512894943115D-01
  -.72749254390353D-02  0.22339188240267D+00  -.71761472460668D-01
  0.73472183278057D-01  -.98869777560750D-01  0.21068224363397D+00
  0.46366366638774D-01  0.20776980329883D-01  -.79616366664743D-01
  0.30052226523588D-01  0.13385159524381D-01  -.42512875048230D-01
  -.23050550021341D-01  -.38227626672371D-01  0.67473836885794D-01
  -.58111260377119D-01  0.71750613379291D-02  0.57081084567974D-01
  0.18615690437492D-04  0.27073007127876D-02  0.56190967185474D-01
  0.53733558655220D-01  -.15294548932798D-02  0.69802930604280D-01
  0.34561098266360D+00  0.29160657020247D-01  0.80044070961620D-01
  0.25606420059983D-02  0.24843927760028D+00  0.22442438378805D-01
  0.83690620001822D-01  -.31426962364264D-01  0.13556619361649D+00
  -.54276016067867D-02  0.19905274318499D-01  -.41027403992913D-01
  0.34391836600771D-01  0.29089296665470D-01  0.16922598564868D-01
  0.45223382521764D-01  -.50490441508723D-01  0.12213273598642D+00
  0.58644660064857D-01  0.13797655049250D-01  0.38772549766543D-01
  0.57730353505244D-01  -.35226598218010D-01  0.19547380062485D-02
  0.81270167695942D-01  -.18171129057377D-01  0.70771325020948D-01
  0.45830203565926D-01  -.42143602737505D-01  -.31972680830711D-01
  -.76067926291070D-01  0.23693747481429D-01  -.31946567257256D-01
  -.58533236224602D-01  -.20382732054334D-01  -.20160100132028D-01
  0.31171190885909D+00  -.21281145319636D-01  0.12859840307360D-02
  -.38235674475186D-01  0.36246740546870D+00  0.57917499404604D-01
  0.12564925273948D-01  0.71038578057131D-01  0.13767410686013D+00
  0.39558337124752D+00  0.67385628770749D-01  0.72292326320660D-01
  0.70625686617335D-01  0.31809737791563D+00  0.38054375534471D-01
  0.44748490339908D-01  0.24713451173399D-01  0.27551006290935D+00
$end
