$coord
9.68549515339861 0.36776165591048 -0.73053656753568 c
7.80838173665771 1.41173003803701 1.20287398492393 c
5.69532772903887 3.02267494280115 0.04527019905536 c
4.01228059061944 1.65309533926171 -1.88119503661968 c
2.728989690359 -0.7604858659502 -0.91834210201275 c
0.96762422218899 -0.34552256608346 1.3360441017394 c
-0.32272878645928 -2.7578598293811 2.29206730345704 c
-2.0151138317144 -4.112210033042 0.36216315114341 c
-4.10056291161844 -2.47437829139389 -0.80428492787607 c
-5.97581683843878 -1.41859538722925 1.12633463136422 c
-8.23885262263776 -0.0399939415313 -0.04784875280655 c
-7.48067796306979 2.36261238610586 -1.44569978442794 c
-10.36155420867491 3.98798255592087 -2.60843782239646 s
8.77942735898074 -0.93864293093977 -2.04753566336879 h
11.2206687691412 -0.65288056383359 0.20002914340764 h
10.52588215197724 1.8947228337344701 -1.84281898167574 h
6.98539200932282 -0.15435539161446 2.27457038455737 h
8.82945103685909 2.56824236877825 2.58092716903431 h
4.52313906432588 3.77653514115164 1.57254351193397 h
6.54454507939711 4.66644883192106 -0.8851155427684 h
5.13165374044974 1.18384364164987 -3.55566114221859 h
2.5520851012241 2.97254348686943 -2.52574698000824 h
1.66242991478856 -1.58703798575924 -2.48442387570587 h
4.16076304779063 -2.16444538472163 -0.40549368307896 h
2.0355449301564 0.47433279191681 2.9044819736356 h
-0.46011601372753 1.06447195528141 0.82755669938056 h
1.1336097264138 -4.08575449017039 2.92745104936273 h
-1.43674066467025 -2.29141781429876 3.97066867569999 h
-2.88651644075043 -5.74494052752779 1.29047029924734 h
-0.8470510554446 -4.87974138393509 -1.16096135490915 h
-5.14042788210565 -3.61298973163409 -2.18617033281265 h
-3.24104398784815 -0.92768790183597 -1.87242543793366 h
-5.009858029097 -0.13376195852444 2.42793343231699 h
-6.69406366037038 -2.97945231179307 2.28014210701718 h
-9.2246029692617 -1.31285096893716 -1.34774950069234 h
-9.5806655086653 0.44502513484045 1.44811281528377 h
-6.47489928475162 3.6473755880797 -0.18923216868915 h
-6.29194357001611 1.94754365196827 -3.07072878502013 h
-9.19945482376986 5.92806291590782 -3.7923621079505 h
$user-defined bonds 
 
$end
