$dipgrad          cartesian dipole gradients
  0.47919086422192D-01  0.40573344671681D-01  0.29133727866666D-01
  0.45936936684794D-01  0.89931155824455D-01  -.45400119911419D-01
  0.43110963198364D-01  -.42656659633364D-01  0.50402652125681D-01
  0.14061306158823D+00  0.18087186894425D-01  -.13654910355457D-01
  0.16325795537460D-01  0.10317831775549D+00  0.21959035792346D-01
  -.53934013366015D-01  0.20762260081505D-01  0.10286668062791D+00
  0.11750991213538D+00  0.16648198229738D-01  -.18463270095353D-01
  -.11208775108677D-01  0.97105014835275D-01  -.15939486211860D-01
  0.16160912674695D-01  -.17293670924631D-01  0.74955790453648D-01
  0.13413772593244D+00  -.17824669149045D-01  -.12980482580298D-01
  0.23243641529295D-01  0.10397503003466D+00  -.52737209837513D-02
  -.12514824381177D-01  0.19262586779634D-02  0.10313572633580D+00
  0.12218677394456D+00  -.26417703529978D-01  0.21226742240387D-01
  -.60719240117821D-01  0.43484821794258D-01  0.11073903094557D-01
  0.28069082347840D-01  -.10209326220564D-01  0.54783786862660D-01
  0.13934188605573D+00  -.26001866511401D-01  0.27701909142081D-01
  -.83234372367430D-01  0.43151477685725D-01  0.60711969441628D-02
  0.37787552533178D-01  -.87022192450788D-02  0.61832594153530D-01
  0.12185327777491D+00  -.20348762959444D-01  -.70853282745343D-02
  0.34329798953601D-01  0.95640279292711D-01  -.89533918000984D-02
  -.14904167812907D-01  0.43525927185359D-04  0.98509027063504D-01
  0.13093872854521D+00  0.41938097729142D-02  -.26039977559452D-01
  -.13207601713926D-01  0.10595495092346D+00  -.13733386952122D-01
  0.17449794481195D-01  -.25572530767881D-01  0.96668155182325D-01
  0.62153958490737D-01  0.61504987005059D-01  -.51718724759994D-03
  0.56555168726065D-01  0.87982597338062D-01  0.26918505217633D-01
  -.53785768563939D-01  0.47783772335988D-01  0.53837775709569D-01
  0.13168270189649D+00  -.17388220940027D-01  0.25456549487800D-01
  0.76077457507990D-01  0.90101586769107D-01  -.11686566356395D-02
  -.21155356520218D-01  0.78234343596589D-02  0.84924413418795D-01
  0.12171560291652D-01  0.14547690796647D+00  -.83551677904498D-01
  -.14017956419399D-01  0.11716644020220D+00  0.28091962597473D-01
  0.14754483085018D-01  0.29716900702819D-01  0.12345504699972D+00
  0.23254392559881D+00  -.17452327976586D+00  0.12612895490551D+00
  -.23869295611721D+00  0.19425189738207D+00  -.62616036977015D-01
  0.16655407152138D+00  -.55896457072042D-01  0.14018283962767D+00
  -.37601661409941D-02  0.10136609531349D+00  -.55478315766340D-01
  0.18762161465142D+00  -.18747245208531D+00  -.31019743681835D-01
  -.98367939298952D-01  -.23867368447812D-01  -.21740826978493D+00
  0.21554550738224D-01  -.76052392578473D-01  -.63243980204448D-01
  -.62065449633361D-01  -.27216759758868D-01  -.84775342272540D-01
  -.40060224063624D-01  -.86378173611480D-01  -.46665154905715D-01
  -.11165797939173D+00  0.94004351420160D-01  -.42745629144344D-01
  0.11030279463756D+00  0.80278614871653D-02  0.37790711194766D-01
  -.84807264883634D-01  0.51070054687196D-01  0.12598816719653D-01
  0.10065190315080D-01  -.30859924330896D-01  0.50010735334978D-01
  -.90007651340094D-01  -.72660793430404D-01  0.99326982281839D-01
  0.78567410701734D-01  0.61108374926058D-01  -.17609716829245D-01
  -.89126029276658D-02  -.37851597995220D-01  0.80663130635545D-01
  -.46340130083515D-01  -.94504727855161D-01  0.91943737872246D-01
  0.94586402525142D-01  0.72581585277093D-01  -.23779063924783D-01
  -.75174796619694D-01  -.43877194184422D-01  -.84969976703394D-01
  -.53095649125393D-01  -.24264473774269D-01  -.11081412521588D+00
  -.70892899651989D-01  -.91950568512025D-01  -.73815254474685D-01
  -.72340758250107D-01  0.82489498804731D-01  0.72783677221008D-01
  0.83402203700545D-01  0.30817890325950D-01  -.47514190519220D-01
  0.63196746194782D-01  -.70701915083749D-01  -.86685538203058D-01
  -.53033516084968D-01  -.11573645210101D+00  0.23100654432789D-01
  -.86415618771057D-01  -.11516906537156D+00  0.72340647891633D-01
  0.12298854249058D-01  0.99266596720410D-01  -.22816378284662D-02
  -.48032629461881D-01  -.22447903185244D-01  0.12271792691786D+00
  -.29283680400190D-01  -.16413551905398D-02  -.51634633723426D-01
  0.11387977853703D+00  -.26187673936693D-01  -.10507295175704D+00
  -.11576914787805D+00  0.97929992603120D-01  -.91654796250939D-01
  0.64383104579592D-01  -.62571741842087D-01  0.51412981805958D-01
  -.64020280010774D-01  0.26778969597492D-01  0.19165097166572D-01
  -.39919901107829D-01  -.71233195019170D-01  -.78798590160172D-01
  -.60912211366438D-01  -.72807219886042D-02  -.63795188068363D-01
  -.91781143196365D-01  -.73050152631833D-01  -.73925171874758D-01
  -.69143948419646D-01  0.93220108371145D-01  0.22194412195487D-02
  0.11780221291752D+00  -.59106100125777D-01  0.38586950483568D-01
  -.12591529096550D-01  0.68582707046683D-01  0.96878484818115D-02
  -.47526163313180D-01  -.61627766303080D-01  -.80237938663833D-01
  -.54497559631874D-01  -.50349490541511D-02  -.65152779695122D-01
  -.90821302870890D-01  -.74018366472449D-01  -.72599077880932D-01
  -.69456661401265D-01  0.90716167261819D-01  0.39787327399093D-02
  0.13289096811617D+00  -.70976551988801D-01  0.43536427762247D-01
  -.16164508920968D-01  0.68058982444603D-01  0.21734556481126D-02
  -.11960809245090D+00  0.10991856955733D+00  -.95057488124501D-01
  0.63622723416767D-01  -.61047841826693D-01  0.54207587527523D-01
  -.62234481521296D-01  0.28998528551444D-01  0.23604794130761D-01
  -.44698116744176D-01  -.27556766125572D-01  0.12554717908775D+00
  -.31577016724590D-01  -.92543137716385D-03  -.52185823958387D-01
  0.11785000622579D+00  -.30831504032716D-01  -.99351795952219D-01
  -.58087473230847D-01  -.11856276346788D+00  0.28042353985807D-01
  -.75334548006597D-01  -.11326143394550D+00  0.68304051597377D-01
  0.27719055681125D-02  0.10338468264352D+00  -.24661180428125D-02
  -.81016187758707D-01  0.96374170470481D-01  0.59474724903509D-01
  0.88111446078485D-01  0.24498418158025D-01  -.41116278759390D-01
  0.61469490009197D-01  -.72720032788818D-01  -.85255353390694D-01
  -.79408721104052D-01  -.56469530358629D-01  -.97360844350447D-01
  -.48730700425701D-01  -.84818513422429D-02  -.85481868904491D-01
  -.67680995459038D-01  -.80060654001946D-01  -.62083442688246D-01
  0.31561629656274D-01  -.45815965991213D-01  0.66122273250326D-01
  -.46415016635147D-01  -.95773281973538D-01  0.83215221039058D-01
  0.77916848543552D-01  0.69471285542236D-01  -.23419741306912D-01
  -.12732583827558D-01  -.32287897779291D-01  -.64843748052501D-01
  -.70155631967256D-01  -.38357126011286D-01  -.93748216028083D-01
  -.56352661485371D-01  -.68951018384693D-01  -.43250527196336D-01
  -.19137343889693D-01  0.15205623896460D-02  0.27405690564628D-01
  -.18980986656385D-01  -.11237714934693D+00  0.13045276536010D+00
  0.34067665466709D-01  0.94441152780400D-01  -.32552203295309D-01
  -.83327052706643D-03  -.51869256772228D-01  -.36903007802673D-01
  -.50132140893832D-01  -.44649135969779D-01  -.47026191092606D-01
  -.93234828806214D-01  -.59657372192726D-01  -.34463318128834D-01
  -.70121151826670D-01  0.29718072319622D-01  0.83928629372583D-01
  0.77744079817688D-01  0.11752593503357D-01  -.31536072666610D-01
  0.90161411528272D-01  -.11670313832077D-01  -.40253865090450D-01
  -.92613994145124D-01  -.10095076944164D-01  -.10356645692919D+00
  -.70163243039473D-02  -.28832610086232D-01  0.27135391897146D-02
  -.12068072735850D+00  -.23600362087383D-01  -.27600870850081D-01
  -.10213552034083D+00  0.68370521615460D-01  0.45673359503712D-01
  0.70156443358275D-01  0.29484299971977D-02  -.56709204729910D-02
  0.64654228759640D-01  0.49660939294046D-02  -.21090989470811D-01
  -.61113242570837D-01  -.67264358674737D-01  0.35837213357151D-01
  0.35348275947132D-02  -.18363208987883D-01  0.96609966878333D-01
  -.93226908805805D-02  0.97211173647664D-01  0.78845562145214D-01
$end
