$coord
4.87790778501177 0.29016041923055 -3.4602603251334 n
3.57551266596519 1.13820175097087 -1.16639918822084 c
0.9488472620545999 -0.0672654464646 -0.99956052854048 c
-0.57928624615054 0.78293181676386 1.30385941011306 c
-3.16284371634936 -0.50604219901411 1.52860937178558 c
-5.01702639939532 0.16239094342719 -0.59129686616689 c
-7.55398645456616 -0.94220104992703 -0.32605608279798 n
5.10513017256787 0.62292606951839 1.2206223504128 c
5.87860930382583 2.23405308419024 2.65825706010443 o
5.55689699016332 -1.8522513512732 1.57242043040621 o
6.59438577738336 1.13400990277238 -3.61804266403946 h
5.19122107269538 -1.60254021161146 -3.39097860238054 h
3.37929620908503 3.18752404270805 -1.26696626855763 h
-0.03363171318187 0.41986061722941 -2.74657497816431 h
1.15907895830145 -2.12481696252184 -0.97413890001236 h
-0.83838085080639 2.8360189576061 1.23552476076803 h
0.49197986781165004 0.39175034538689 3.02947918415634 h
-2.90808890994508 -2.56130035826105 1.57985210184986 h
-4.02209620446337 0.02850429210451 3.33410543926733 h
-5.22317222619348 2.21816342193965 -0.69159421139 h
-4.26479031882143 -0.44446594567581 -2.4154694671053 h
-7.41759242278032 -2.85736994193941 -0.26286057378587 h
-8.31201603869548 -0.41764510616208 1.35973445149158 h
6.57404543648411 -2.07059709099757 3.08773409593985 h
$user-defined bonds 
 
$end
