$hessian (projected)
 1  1   0.5169143521   0.0765746275  -0.1388228745  -0.0962054507   0.0079082017
 1  2   0.0709779730  -0.0228069815   0.0107433636   0.0354007342  -0.0052000323
 1  3  -0.0043359877  -0.0014092519  -0.0002201207   0.0011893098   0.0017681342
 1  4   0.0003881000  -0.0000797247   0.0001755105  -0.0004725514  -0.0000404056
 1  5  -0.0001753556   0.0089343866  -0.0029818623   0.0003120777  -0.0032154427
 1  6  -0.0011626728  -0.0015742156   0.0010463602   0.0008680525  -0.0019242758
 1  7  -0.3424978935  -0.1358101642   0.0128530101  -0.0594991699   0.0433271715
 1  8   0.0160389974  -0.0018647211   0.0025288107   0.0046161943   0.0030111446
 1  9   0.0013878441   0.0009257838   0.0021955361   0.0008170622  -0.0000986442
 1 10  -0.0000765838   0.0001025304  -0.0001508778  -0.0001089203  -0.0001502939
 1 11   0.0004964354   0.0000293987  -0.0001286170  -0.0000630135  -0.0008259351
 1 12  -0.0002829595   0.0001390102   0.0000122010   0.0000013641  -0.0000093729
 1 13   0.0000480433   0.0000257004  -0.0000382277   0.0000877603   0.0000109130
 1 14   0.0000561692   0.0001286757  -0.0000517943   0.0000373551   0.0001978443
 1 15  -0.0004604692   0.0004687244
 2  1   0.0765746275   0.6449486653   0.0343344290   0.0081030159  -0.1109845188
 2  2  -0.0445113171  -0.0092958218   0.0058160953   0.0150972072  -0.0028275481
 2  3  -0.0019669495  -0.0007072486  -0.0005644322   0.0009887134   0.0008325737
 2  4   0.0001456403  -0.0002603762  -0.0000152102  -0.0001448153  -0.0000793175
 2  5  -0.0001105712  -0.0019407890  -0.0004441229  -0.0029973650  -0.0001920157
 2  6   0.0026305475  -0.0002407227  -0.0004971345   0.0007668196   0.0005030186
 2  7  -0.1610358097  -0.1275920857  -0.0149617162   0.0733228712  -0.4075728944
 2  8   0.0456161444   0.0186165027  -0.0091788691  -0.0341366138   0.0008194068
 2  9   0.0001086690   0.0003587194   0.0002439339   0.0016134991   0.0005577832
 2 10  -0.0003272687   0.0005682369   0.0001856629   0.0000852509  -0.0000722910
 2 11  -0.0000149875   0.0001791997  -0.0000007144  -0.0000372282  -0.0003641404
 2 12  -0.0001817533   0.0000308633  -0.0000512087   0.0000868016  -0.0000131674
 2 13   0.0000188119  -0.0000460418   0.0000111385  -0.0000018696   0.0000825493
 2 14   0.0000428195   0.0000710389   0.0000721025   0.0000575126  -0.0009374457
 2 15   0.0006972352   0.0001182756
 3  1  -0.1388228745   0.0343344290   0.2564868959   0.0408603766  -0.0213595714
 3  2  -0.1505075952   0.0101689397  -0.0029442830  -0.0069991413   0.0005706153
 3  3   0.0011142180   0.0007088250  -0.0001096466  -0.0005214583  -0.0001489361
 3  4  -0.0001581736   0.0001063400  -0.0004504177   0.0003706352  -0.0000109703
 3  5   0.0003506297   0.0242707298  -0.0119329532  -0.0380764084  -0.0099608193
 3  6  -0.0018260837  -0.0044831950  -0.0029127888   0.0022739605  -0.0012079586
 3  7   0.0520773810   0.0025274853  -0.0255154839   0.0216891725   0.0037760602
 3  8  -0.0292522207   0.0036862276  -0.0046050042  -0.0038493820   0.0001686063
 3  9  -0.0000889966   0.0012312348  -0.0014072607  -0.0001466104   0.0002433326
 3 10   0.0000538029  -0.0000341919  -0.0000462529  -0.0001503329  -0.0000568088
 3 11   0.0005145705  -0.0000003398   0.0000822928   0.0000233194   0.0002515659
 3 12   0.0001001097  -0.0000308182   0.0000257742  -0.0000355859  -0.0000127584
 3 13  -0.0000294901   0.0000157417   0.0000311919  -0.0000431225  -0.0000215713
 3 14  -0.0001196519  -0.0000750220   0.0000449571  -0.0000388918  -0.0005239563
 3 15  -0.0007915052   0.0011491123
 4  1  -0.0962054507   0.0081030159   0.0408603766   0.4446058271  -0.0141628454
 4  2   0.0032605836  -0.1464384528  -0.0394652268  -0.0128397256  -0.0169690877
 4  3  -0.0035199186   0.0055335557   0.0003931351   0.0008207682   0.0006775265
 4  4  -0.0000574546  -0.0000666912  -0.0000246958   0.0002240779  -0.0000166350
 4  5   0.0001386407  -0.1149947596   0.0114428858  -0.0308740722   0.0124628424
 4  6  -0.0018848691  -0.0254148550   0.0015154743   0.0065444054  -0.0110668030
 4  7  -0.0149894536   0.0132537260   0.0294756882  -0.0027516449   0.0034703262
 4  8   0.0064694974  -0.0509570991   0.0271529909  -0.0022334194  -0.0219592649
 4  9  -0.0114344419  -0.0001856150   0.0004222034   0.0000337518  -0.0003904674
 4 10   0.0007200407  -0.0004336957  -0.0007031232   0.0011434457  -0.0001012601
 4 11  -0.0015391842  -0.0000364747  -0.0000593782   0.0000956556   0.0000929108
 4 12  -0.0002496459  -0.0001812541  -0.0000088785   0.0000164373  -0.0000099823
 4 13   0.0000422707   0.0000535424   0.0000493031  -0.0000538553  -0.0000145211
 4 14  -0.0000746558  -0.0000586871   0.0000027155  -0.0000491281   0.0038583352
 4 15   0.0005145634  -0.0009738463
 5  1   0.0079082017  -0.1109845188  -0.0213595714  -0.0141628454   0.6445888947
 5  2  -0.0038300851  -0.0344421565  -0.1026488762  -0.0021226875   0.0097827260
 5  3   0.0053253953   0.0029930929   0.0009702087  -0.0019985667  -0.0022684586
 5  4  -0.0001001040   0.0003989837  -0.0001023978   0.0003201147  -0.0001031431
 5  5   0.0000956273   0.0136839195  -0.0869623788   0.0262651312  -0.0178095655
 5  6   0.0013584473  -0.0319283110   0.0245055183  -0.0161924047   0.0330653664
 5  7  -0.0072932869   0.0074149843   0.0152157067   0.0197099717  -0.0128841070
 5  8  -0.0363888381   0.0193899251  -0.3071472636   0.0193671412   0.0069087772
 5  9   0.0027861542  -0.0001879008  -0.0334103049  -0.0169072780   0.0010417277
 5 10   0.0015422554  -0.0001048985  -0.0007872488  -0.0003010483   0.0002181106
 5 11   0.0000997179  -0.0000876535   0.0004554233  -0.0000096904   0.0008378810
 5 12   0.0007032122  -0.0002561622  -0.0000052855  -0.0000473322  -0.0000247882
 5 13   0.0000002971  -0.0001382518  -0.0001056454  -0.0000212766   0.0000092981
 5 14  -0.0000159247  -0.0000461601   0.0001056525  -0.0000104299   0.0021198907
 5 15  -0.0072455368   0.0012546287
 6  1   0.0709779730  -0.0445113171  -0.1505075952   0.0032605836  -0.0038300851
 6  2   0.4328426053   0.0044122832   0.0043200304  -0.0758667453   0.0248079824
 6  3   0.0124668813  -0.0015979808   0.0014559890  -0.0023135917  -0.0044440964
 6  4  -0.0002428337  -0.0002137436  -0.0010410295  -0.0000924042   0.0000645017
 6  5   0.0005211115  -0.0422004307   0.0265305653  -0.1205853316  -0.0186613973
 6  6  -0.0069915800  -0.0141285930  -0.0054087143   0.0055058673  -0.0044252634
 6  7  -0.0059964568  -0.0005597627  -0.0089224240  -0.0059273909   0.0028009432
 6  8  -0.0052289179  -0.0022401561   0.0203478819  -0.0504986065  -0.0273161151
 6  9  -0.0132093965  -0.0003575361   0.0011992975  -0.0000123553  -0.0009930146
 6 10  -0.0003907010   0.0001695253   0.0007443782   0.0003827012   0.0006465452
 6 11   0.0002843373  -0.0002153659  -0.0000554339  -0.0000059308   0.0014626289
 6 12   0.0005031123  -0.0000834984   0.0000204787   0.0000247138   0.0000522014
 6 13   0.0001451403   0.0002098556   0.0006784443   0.0000127114  -0.0000000289
 6 14  -0.0000252911  -0.0001643307  -0.0000470396   0.0000387646   0.0007185277
 6 15  -0.0018460888   0.0035500121
 7  1  -0.0228069815  -0.0092958218   0.0101689397  -0.1464384528  -0.0344421565
 7  2   0.0044122832   0.4712200375  -0.0263526335   0.0479650072  -0.1039392888
 7  3   0.0151487714   0.0362294584  -0.0195194215   0.0087511578   0.0273552751
 7  4   0.0000362090   0.0000344924   0.0005140561   0.0001855645   0.0000772104
 7  5  -0.0000597153  -0.0258261060  -0.0067335828  -0.0108370841   0.0004312274
 7  6   0.0008734286   0.0007942657   0.0003404152  -0.0011927193  -0.0000280025
 7  7  -0.0014952459   0.0009196876   0.0007787941   0.0010291547  -0.0000119921
 7  8  -0.0012240708   0.0013263822  -0.0015279663  -0.0005160041  -0.1053118000
 7  9   0.0328855901  -0.1063045340  -0.0516519233   0.0258455856  -0.0018572290
 7 10  -0.0037868744   0.0021661560   0.0052003913   0.0093971956  -0.0059152062
 7 11  -0.0124995471   0.0019144684   0.0011442363  -0.0003465654  -0.0049491667
 7 12  -0.0020199537   0.0002002308  -0.0000931078   0.0002575675  -0.0000357424
 7 13  -0.0009317038  -0.0001338982   0.0002564214   0.0000722501   0.0000267720
 7 14  -0.0000009099   0.0002155001  -0.0001151080  -0.0000886765   0.0005816680
 7 15  -0.0003896172  -0.0000770421
 8  1   0.0107433636   0.0058160953  -0.0029442830  -0.0394652268  -0.1026488762
 8  2   0.0043200304  -0.0263526335   0.5636254834  -0.0253102795   0.0157106346
 8  3  -0.0920562599  -0.0266414045  -0.0063373079   0.0052678825   0.0135891666
 8  4   0.0000809214  -0.0004744315  -0.0000514145  -0.0005291644   0.0001420316
 8  5  -0.0002563864   0.0037844314   0.0064703840  -0.0078786551   0.0000342191
 8  6   0.0007652556   0.0029125687   0.0001271496  -0.0029053970   0.0017009317
 8  7   0.0028958811  -0.0008507989  -0.0025610320   0.0022404804   0.0014784808
 8  8  -0.0002280035  -0.0312556057  -0.0131920050   0.0015385695   0.0318819606
 8  9  -0.0660999632   0.0549040383   0.0281937326  -0.2961660599   0.0080167989
 8 10   0.0179356416  -0.0105365632  -0.0288968994  -0.0042235329   0.0020048710
 8 11   0.0056866706  -0.0009749552   0.0004850224   0.0010733006  -0.0042769318
 8 12  -0.0013766715   0.0005805162  -0.0000903701   0.0001270264   0.0000094623
 8 13  -0.0001949618   0.0003706444   0.0002690709   0.0000272706   0.0000458022
 8 14   0.0001044267   0.0001662676  -0.0001301012   0.0000794840  -0.0001212640
 8 15  -0.0001618522  -0.0000166776
 9  1   0.0354007342   0.0150972072  -0.0069991413  -0.0128397256  -0.0021226875
 9  2  -0.0758667453   0.0479650072  -0.0253102795   0.5403884886   0.0350652660
 9  3  -0.0273119681  -0.1469447062   0.0066545797   0.0027251387  -0.0015860284
 9  4  -0.0004343238   0.0001278209   0.0029976359  -0.0005579728  -0.0000566199
 9  5  -0.0012087448  -0.0276393992  -0.0138726102   0.0083000312   0.0012270882
 9  6  -0.0001077278  -0.0082463493   0.0000929538   0.0016739083  -0.0020728682
 9  7   0.0046567695  -0.0023505594  -0.0044906343  -0.0004782714   0.0002032090
 9  8   0.0011885180   0.0024093236   0.0011743254  -0.0000067708  -0.1048855683
 9  9   0.0556627554  -0.2309822866  -0.0016253320   0.0066794253  -0.0493618805
 9 10  -0.0002487408  -0.0005911492  -0.0002000455   0.0163532302  -0.0097099083
 9 11  -0.0253135195  -0.0007472357  -0.0005541005   0.0000776054  -0.0015215120
 9 12  -0.0006607882   0.0013051939   0.0000284016   0.0000473467   0.0000511008
 9 13   0.0003121044  -0.0006412186  -0.0008176155   0.0001066200   0.0000712687
 9 14   0.0001519771   0.0002812257   0.0000950131  -0.0001887803   0.0004247774
 9 15  -0.0002678015  -0.0001744346
10  1  -0.0052000323  -0.0028275481   0.0005706153  -0.0169690877   0.0097827260
10  2   0.0248079824  -0.1039392888   0.0157106346   0.0350652660   0.4769144663
10  3  -0.0252200442   0.0499524916  -0.1544546750  -0.0398872789   0.0070275399
10  4  -0.0228193609  -0.0096590642  -0.0007156005  -0.0017590546   0.0002379570
10  5  -0.0025709708  -0.0012126475  -0.0006512976   0.0005580302  -0.0003388781
10  6   0.0007051653   0.0005140971   0.0002476436   0.0003150829  -0.0003424984
10  7  -0.0006063300   0.0008118154   0.0014619771  -0.0003240974  -0.0001491600
10  8  -0.0001613930   0.0016582532   0.0008245699  -0.0002130170   0.0098865331
10  9  -0.0055245826  -0.0115517034  -0.0033799671   0.0020626998   0.0046142551
10 10  -0.0529263059   0.0333168844  -0.0025586927  -0.1140079662   0.0277023148
10 11  -0.1081727934   0.0020616973   0.0006641571   0.0000285218  -0.0147263680
10 12  -0.0079969203   0.0003530223   0.0012089490  -0.0003945470   0.0011258918
10 13   0.0008440585  -0.0000798962   0.0005692530  -0.0003105088   0.0002090077
10 14  -0.0002188118   0.0003014489   0.0000042831  -0.0002127297  -0.0001484817
10 15   0.0000430413   0.0000692671
11  1  -0.0043359877  -0.0019669495   0.0011142180  -0.0035199186   0.0053253953
11  2   0.0124668813   0.0151487714  -0.0920562599  -0.0273119681  -0.0252200442
11  3   0.5564849452  -0.0228676541  -0.0385978859  -0.1014281067   0.0034598992
11  4   0.0032485037   0.0034898016  -0.0051518027   0.0034139441   0.0006843117
11  5   0.0021494263   0.0006685181  -0.0004870342   0.0004749601  -0.0007306613
11  6  -0.0001817960   0.0000548561   0.0000570219   0.0003009254  -0.0001255083
11  7  -0.0012061484   0.0009411016   0.0006134789  -0.0004752770   0.0000989399
11  8   0.0000973538  -0.0007299019   0.0003569380   0.0006748804  -0.0048382492
11  9   0.0022284749   0.0060728569   0.0181412023  -0.0106305768  -0.0282636659
11 10   0.0328639249  -0.2914809264   0.0117719927   0.0275285304  -0.0600373946
11 11   0.0420942345  -0.0312659962  -0.0159722066   0.0021725053   0.0088033023
11 12   0.0035901550  -0.0003886347   0.0015038940   0.0003609155   0.0005513065
11 13  -0.0001472737   0.0000504266   0.0001998760   0.0002637960   0.0002250578
11 14   0.0002164895  -0.0006129400   0.0001435775  -0.0000566928   0.0000388749
11 15  -0.0000397153  -0.0000192885
12  1  -0.0014092519  -0.0007072486   0.0007088250   0.0055335557   0.0029930929
12  2  -0.0015979808   0.0362294584  -0.0266414045  -0.1469447062   0.0499524916
12  3  -0.0228676541   0.5217690138   0.0034383757   0.0044758233  -0.0820912551
12  4  -0.0193645878  -0.0129278165   0.0063892804  -0.0061980299   0.0000352205
12  5  -0.0035204684  -0.0009244239  -0.0002791003   0.0049920309   0.0003671227
12  6  -0.0002276187  -0.0024631224   0.0000937908   0.0004882313  -0.0015632134
12  7  -0.0006664522  -0.0002121543   0.0008562756   0.0004051556  -0.0000599842
12  8  -0.0000290041  -0.0008103517  -0.0003189852   0.0001498624   0.0163859420
12  9  -0.0099419598  -0.0230025428   0.0001891595  -0.0008801953  -0.0005930047
12 10  -0.0020167526   0.0107348214  -0.0500473037  -0.1083430282   0.0421664058
12 11  -0.2216889622   0.0010550139   0.0002905393  -0.0003759208   0.0261240905
12 12   0.0140864879  -0.0014563754   0.0002615784  -0.0002701448   0.0007640863
12 13   0.0003951357  -0.0005038458  -0.0002258724   0.0000649918   0.0003140793
12 14   0.0000275460  -0.0002615110   0.0001309059  -0.0002047085  -0.0005014731
12 15   0.0001225047   0.0001475203
13  1  -0.0002201207  -0.0005644322  -0.0001096466   0.0003931351   0.0009702087
13  2   0.0014559890  -0.0195194215  -0.0063373079   0.0066545797  -0.1544546750
13  3  -0.0385978859   0.0034383757   0.4613554307  -0.0250881189  -0.0447683006
13  4  -0.1021643324   0.0171215591  -0.0337284109  -0.0386483749   0.0003987797
13  5  -0.0241167440   0.0003393605   0.0001730633  -0.0000432968   0.0000145847
13  6  -0.0001101775   0.0000567470   0.0000846533  -0.0001048235   0.0000669588
13  7  -0.0000729054   0.0000972715   0.0001180863  -0.0000046910  -0.0000107785
13  8  -0.0000190030  -0.0001608793  -0.0001951468   0.0000597386   0.0008519727
13  9   0.0000748064  -0.0008148014   0.0009520590  -0.0007552991  -0.0012027812
13 10   0.0026707483   0.0000534933  -0.0002072451  -0.0193564691  -0.0103765133
13 11   0.0020915666  -0.0515697245   0.0324071819   0.0002967716  -0.0884370729
13 12   0.0294198790   0.0903732597  -0.0038109675   0.0024214282  -0.0061538005
13 13   0.0083844321  -0.0022747314   0.0072907768   0.0017426917   0.0015784310
13 14   0.0009745697   0.0016403953  -0.0003256214  -0.0017155839  -0.0000098291
13 15   0.0000247343   0.0000021945
14  1   0.0011893098   0.0009887134  -0.0005214583   0.0008207682  -0.0019985667
14  2  -0.0023135917   0.0087511578   0.0052678825   0.0027251387  -0.0398872789
14  3  -0.1014281067   0.0044758233  -0.0250881189   0.5609223393   0.0241391656
14  4   0.0192859592  -0.0910711885   0.0233780308  -0.0165847642   0.0030237236
14  5  -0.0116237764  -0.0005434721   0.0005175801  -0.0008118772   0.0001504683
14  6  -0.0001323111   0.0003058433   0.0000064967  -0.0003397512   0.0003593237
14  7   0.0003205947  -0.0001904918  -0.0002989736  -0.0000720101   0.0000941920
14  8   0.0000777825  -0.0000353322   0.0003690214  -0.0000663314  -0.0003612973
14  9   0.0000300562  -0.0000197576   0.0015814360   0.0006094464  -0.0006207162
14 10  -0.0313101422  -0.0159794844   0.0026827204   0.0067052168   0.0027410504
14 11  -0.0008431478   0.0325717970  -0.2902932570   0.0017143720   0.0283587226
14 12  -0.0683141071  -0.0591798252   0.0210000150  -0.0094161111   0.0263780003
14 13  -0.0064262896   0.0031202982  -0.0082941889  -0.0018728567   0.0018760638
14 14  -0.0014319714   0.0014297919  -0.0005059931  -0.0001049259   0.0000098285
14 15   0.0001090014  -0.0001056590
15  1   0.0017681342   0.0008325737  -0.0001489361   0.0006775265  -0.0022684586
15  2  -0.0044440964   0.0273552751   0.0135891666  -0.0015860284   0.0070275399
15  3   0.0034598992  -0.0820912551  -0.0447683006   0.0241391656   0.5286465963
15  4  -0.0414348689   0.0216081214  -0.1409889749   0.0020992805  -0.0015388172
15  5   0.0046842238   0.0002260249  -0.0004308209  -0.0018087594  -0.0003914736
15  6   0.0002537322   0.0011311324  -0.0001093640  -0.0000349909   0.0004405468
15  7   0.0004769703  -0.0002477897  -0.0003761416  -0.0000361833   0.0000035637
15  8  -0.0000155572  -0.0001071072  -0.0000023760  -0.0000834584  -0.0005114444
15  9   0.0008089941   0.0003087088  -0.0004979223   0.0005553726   0.0011701732
15 10   0.0011090854   0.0007638731  -0.0002663693  -0.0255563563  -0.0139467248
15 11   0.0028426300   0.0007444394   0.0027421850  -0.0488114574   0.0902633313
15 12  -0.0594687925  -0.2360437647  -0.0016335241   0.0008143476  -0.0020793509
15 13  -0.0194378517   0.0089447811  -0.0234450986   0.0005596930  -0.0006600987
15 14   0.0002055610   0.0019877599   0.0002078554   0.0027601934   0.0001893360
15 15  -0.0001247619  -0.0000005175
16  1   0.0003881000   0.0001456403  -0.0001581736  -0.0000574546  -0.0001001040
16  2  -0.0002428337   0.0000362090   0.0000809214  -0.0004343238  -0.0228193609
16  3   0.0032485037  -0.0193645878  -0.1021643324   0.0192859592  -0.0414348689
16  4   0.4483781345  -0.0241039582  -0.0587211769  -0.1730410653  -0.0544112488
16  5   0.0439341939  -0.0002865660   0.0000287766  -0.0004998449   0.0001936695
16  6   0.0001455001   0.0003268819   0.0002006273  -0.0000726641   0.0001254418
16  7   0.0000998859  -0.0000489675   0.0000165538  -0.0000805218   0.0000110392
16  8   0.0000110834   0.0000449598   0.0000132702  -0.0000000613  -0.0011209897
16  9  -0.0001123434   0.0000785384  -0.0000642433   0.0001282361   0.0000471078
16 10   0.0015925941   0.0014651251  -0.0000568676  -0.0027128647  -0.0009752896
16 11   0.0007254650  -0.0046298348   0.0003472704  -0.0052961695   0.0058371317
16 12  -0.0031487702   0.0102077151  -0.0514153512   0.0302017229   0.0002043705
16 13  -0.0766564617   0.0308011385   0.0794802440  -0.0019417691   0.0035140954
16 14  -0.0050452925  -0.0197215746  -0.0064915220  -0.0038934306  -0.0000589216
16 15   0.0000476686  -0.0000099645
17  1  -0.0000797247  -0.0002603762   0.0001063400  -0.0000666912   0.0003989837
17  2  -0.0002137436   0.0000344924  -0.0004744315   0.0001278209  -0.0096590642
17  3   0.0034898016  -0.0129278165   0.0171215591  -0.0910711885   0.0216081214
17  4  -0.0241039582   0.5916973627   0.0331063631  -0.0256803987  -0.1115078961
17  5  -0.0017772187   0.0005608241  -0.0003818995   0.0001629125  -0.0002896041
17  6   0.0000720015  -0.0000781106  -0.0003011401  -0.0000090143  -0.0000772933
17  7  -0.0000320871   0.0000556147  -0.0000157422   0.0000437717  -0.0000086581
17  8   0.0000272785  -0.0000423507  -0.0000811792  -0.0000199413  -0.0003506481
17  9   0.0005441674  -0.0001555858  -0.0000814252   0.0000569008   0.0000425371
17 10  -0.0013694231   0.0002145414  -0.0010655337  -0.0040883342  -0.0014951725
17 11   0.0001477307   0.0220697746  -0.0102791582   0.0277306439  -0.0060254245
17 12   0.0025172101  -0.0071093886   0.0365736172  -0.2943192667   0.0064924274
17 13   0.0266123726  -0.0783893657  -0.0699830820  -0.0405608528  -0.0170752300
17 14   0.0042995764   0.0096308583   0.0062987627  -0.0004761733   0.0000838568
17 15   0.0000074900   0.0000478777
18  1   0.0001755105  -0.0000152102  -0.0004504177  -0.0000246958  -0.0001023978
18  2  -0.0010410295   0.0005140561  -0.0000514145   0.0029976359  -0.0007156005
18  3  -0.0051518027   0.0063892804  -0.0337284109   0.0233780308  -0.1409889749
18  4  -0.0587211769   0.0331063631   0.5454336703   0.0005779294  -0.0172823962
18  5  -0.0761361173  -0.0003919041   0.0000038340   0.0006766802   0.0001071653
18  6   0.0000123695  -0.0005683872   0.0001569858   0.0000237601  -0.0003337795
18  7   0.0000420052  -0.0000694783  -0.0000513856   0.0000890951   0.0000082425
18  8   0.0001319892  -0.0000317141  -0.0000598052   0.0000382923   0.0000487224
18  9   0.0005817151  -0.0011169557  -0.0000464425  -0.0000902352   0.0000483289
18 10   0.0004304605   0.0004821027  -0.0000064015   0.0035415309   0.0016270089
18 11   0.0009977233  -0.0013623307   0.0005861488  -0.0020156902  -0.0206950281
18 12   0.0085740237  -0.0266598617   0.0013899205   0.0084936612  -0.0516751624
18 13   0.0757959348  -0.0732122410  -0.2478096596  -0.0007883979   0.0035605446
18 14  -0.0011826129   0.0337802532   0.0155385540  -0.0067432561  -0.0001438681
18 15   0.0000586220   0.0000660914
19  1  -0.0004725514  -0.0001448153   0.0003706352   0.0002240779   0.0003201147
19  2  -0.0000924042   0.0001855645  -0.0005291644  -0.0005579728  -0.0017590546
19  3   0.0034139441  -0.0061980299  -0.0386483749  -0.0165847642   0.0020992805
19  4  -0.1730410653  -0.0256803987   0.0005779294   0.3643692480   0.0107900017
19  5  -0.1803062041   0.0004916156  -0.0002394355   0.0004252011  -0.0003451911
19  6   0.0000173867  -0.0002961779  -0.0002674950   0.0002722664  -0.0000963553
19  7  -0.0001176569   0.0000819575  -0.0000322686   0.0000548717  -0.0000303070
19  8  -0.0000720696   0.0000153561   0.0000077577  -0.0000289593   0.0000569348
19  9   0.0001338452  -0.0000884706  -0.0000231848   0.0000884057   0.0000616267
19 10   0.0000354402  -0.0003841773   0.0001165136  -0.0023497565  -0.0013332692
19 11   0.0001464076   0.0021381164   0.0001131674   0.0022161604   0.0030944307
19 12  -0.0007113855   0.0011397040  -0.0026512802  -0.0048056626   0.0009821540
19 13  -0.0212255632  -0.0090775384   0.0043059007  -0.0469643357   0.0200259161
19 14   0.0198655177  -0.0829437977   0.0243774571   0.1554484711   0.0001436514
19 15  -0.0001213022   0.0000134104
20  1  -0.0000404056  -0.0000793175  -0.0000109703  -0.0000166350  -0.0001031431
20  2   0.0000645017   0.0000772104   0.0001420316  -0.0000566199   0.0002379570
20  3   0.0006843117   0.0000352205   0.0003987797   0.0030237236  -0.0015388172
20  4  -0.0544112488  -0.1115078961  -0.0172823962   0.0107900017   0.6067970229
20  5   0.0919168811   0.0006546678  -0.0001079589   0.0000470521  -0.0003062142
20  6   0.0003310261  -0.0000797006  -0.0003757771   0.0000928244  -0.0000024068
20  7   0.0000313619   0.0000198126  -0.0000011479   0.0000008999   0.0000211261
20  8   0.0000112346   0.0000100092   0.0000081932  -0.0000053243   0.0000287499
20  9  -0.0001809185   0.0000797106  -0.0000562278   0.0000477306   0.0000255524
20 10   0.0004600249   0.0006400444   0.0000939648  -0.0001118018   0.0002945442
20 11   0.0001300263   0.0000726783   0.0024046630  -0.0003918676   0.0002450466
20 12  -0.0004598545   0.0003835469  -0.0378420378  -0.0145809939   0.0039390424
20 13   0.0096400198   0.0055510769   0.0001126009   0.0484597507  -0.4101292090
20 14   0.0339160138   0.0219480625  -0.0829725155  -0.1114146187   0.0001051278
20 15   0.0000636757   0.0000285214
21  1  -0.0001753556  -0.0001105712   0.0003506297   0.0001386407   0.0000956273
21  2   0.0005211115  -0.0000597153  -0.0002563864  -0.0012087448  -0.0025709708
21  3   0.0021494263  -0.0035204684  -0.0241167440  -0.0116237764   0.0046842238
21  4   0.0439341939  -0.0017772187  -0.0761361173  -0.1803062041   0.0919168811
21  5   0.4268326519   0.0005491734   0.0000661542  -0.0004461224  -0.0003714852
21  6   0.0000040708   0.0003875973  -0.0001022259   0.0000483286   0.0002264170
21  7  -0.0000642776   0.0000430084   0.0000327094  -0.0000296784  -0.0000130205
21  8  -0.0000446740   0.0000419480   0.0000335309  -0.0000341300  -0.0000673745
21  9  -0.0002067047   0.0007134933  -0.0000517288   0.0000559405   0.0000296911
21 10   0.0000794718  -0.0001270921   0.0000020204  -0.0015406553  -0.0004689266
21 11   0.0000472868   0.0010210484  -0.0005761045   0.0005809378  -0.0003414549
21 12  -0.0000106897   0.0032522487  -0.0015181455  -0.0009754276   0.0011583959
21 13   0.0294834581   0.0134122336  -0.0008808005   0.0234140766  -0.0085338645
21 14  -0.0327936616   0.1126259922  -0.0830887808  -0.3237688191   0.0000280127
21 15  -0.0000566380   0.0000141234
22  1   0.0089343866  -0.0019407890   0.0242707298  -0.1149947596   0.0136839195
22  2  -0.0422004307  -0.0258261060   0.0037844314  -0.0276393992  -0.0012126475
22  3   0.0006685181  -0.0009244239   0.0003393605  -0.0005434721   0.0002260249
22  4  -0.0002865660   0.0005608241  -0.0003919041   0.0004916156   0.0006546678
22  5   0.0005491734   0.3916646923   0.0612220276   0.2421045250  -0.1635067943
22  6  -0.1371673188  -0.1518656844  -0.0876265687   0.0290702222  -0.0392288483
22  7   0.0017950235   0.0001607102   0.0024686224   0.0003800039  -0.0008582674
22  8   0.0001441692  -0.0021025550  -0.0009463142  -0.0028123246  -0.0037676435
22  9  -0.0026139363   0.0012228652   0.0016669764   0.0006857566   0.0003867737
22 10   0.0003635308  -0.0000916771   0.0003340174  -0.0010250281   0.0001769665
22 11   0.0015146819   0.0000304332   0.0001572506   0.0000717545   0.0003743447
22 12   0.0000674695  -0.0001164914  -0.0000155950   0.0000338298   0.0000264485
22 13  -0.0000486643   0.0000362249   0.0001132254  -0.0000952719   0.0000223232
22 14  -0.0000607755  -0.0001257986   0.0000810930  -0.0000261297  -0.0054063688
22 15   0.0330955398  -0.0081665996
23  1  -0.0029818623  -0.0004441229  -0.0119329532   0.0114428858  -0.0869623788
23  2   0.0265305653  -0.0067335828   0.0064703840  -0.0138726102  -0.0006512976
23  3  -0.0004870342  -0.0002791003   0.0001730633   0.0005175801  -0.0004308209
23  4   0.0000287766  -0.0003818995   0.0000038340  -0.0002394355  -0.0001079589
23  5   0.0000661542   0.0612220276   0.7282275006   0.1659851385  -0.1281096423
23  6  -0.3728783008  -0.2421832084   0.0435967204  -0.2512761931   0.0409471227
23  7  -0.0004062250   0.0011235906   0.0016325652  -0.0014818582  -0.0007734279
23  8  -0.0058038789   0.0206416414  -0.0110531853   0.0296547370  -0.0034554461
23  9  -0.0025059385  -0.0003527548  -0.0019299498  -0.0026728465  -0.0016669756
23 10   0.0012698086  -0.0009248099   0.0006041035   0.0000481205   0.0021581344
23 11   0.0004142963  -0.0004200826  -0.0005730405  -0.0000894731   0.0000179343
23 12   0.0000315178   0.0000406601   0.0000996264  -0.0001183253   0.0000520153
23 13   0.0000235271   0.0000446498   0.0000850244  -0.0000324626  -0.0000401597
23 14   0.0000535223  -0.0000260814   0.0000009341  -0.0000190164   0.0079037942
23 15  -0.0073746694   0.0105610531
24  1   0.0003120777  -0.0029973650  -0.0380764084  -0.0308740722   0.0262651312
24  2  -0.1205853316  -0.0108370841  -0.0078786551   0.0083000312   0.0005580302
24  3   0.0004749601   0.0049920309  -0.0000432968  -0.0008118772  -0.0018087594
24  4  -0.0004998449   0.0001629125   0.0006766802   0.0004252011   0.0000470521
24  5  -0.0004461224   0.2421045250   0.1659851385   0.6246146964  -0.1525287276
24  6  -0.2541757029  -0.3487275584  -0.0396441534   0.0197742071  -0.1152988605
24  7  -0.0002800542   0.0007553448  -0.0001513521   0.0000216993   0.0000346886
24  8   0.0000492302  -0.0036688521  -0.0007666655  -0.0023566973   0.0048739658
24  9   0.0025692017  -0.0002390965   0.0009646265   0.0012681594   0.0000507667
24 10   0.0000783389  -0.0002953757  -0.0001739066   0.0003502821   0.0006534019
24 11  -0.0018674194  -0.0000930684  -0.0000545036   0.0001216402   0.0008020400
24 12   0.0000244468  -0.0002650875   0.0000035363   0.0000124568   0.0000581880
24 13  -0.0001467884  -0.0001329676  -0.0005427931  -0.0000569163   0.0000110261
24 14  -0.0000822725   0.0000229159   0.0000775572  -0.0001034727  -0.0118443805
24 15   0.0489974278  -0.0081381256
25  1  -0.0032154427  -0.0001920157  -0.0099608193   0.0124628424  -0.0178095655
25  2  -0.0186613973   0.0004312274   0.0000342191   0.0012270882  -0.0003388781
25  3  -0.0007306613   0.0003671227   0.0000145847   0.0001504683  -0.0003914736
25  4   0.0001936695  -0.0002896041   0.0001071653  -0.0003451911  -0.0003062142
25  5  -0.0003714852  -0.1635067943  -0.1281096423  -0.1525287276   0.1282996198
25  6   0.1593737562   0.1744069155   0.0303668827  -0.0071119332   0.0025097446
25  7  -0.0003094389  -0.0005386023  -0.0000108529   0.0002065737   0.0004203599
25  8   0.0001667572   0.0002454418  -0.0003471787   0.0008539793  -0.0001067621
25  9   0.0002735295  -0.0003265801  -0.0000837599  -0.0000857751  -0.0001115062
25 10   0.0000753211  -0.0000295015   0.0000409804  -0.0006725386   0.0001335864
25 11  -0.0004299475  -0.0000251691  -0.0000882599  -0.0000447922  -0.0001329474
25 12  -0.0000044511   0.0000768536  -0.0000014227   0.0000029679  -0.0000108985
25 13   0.0000328277   0.0000176421   0.0000384273   0.0000643628   0.0000083969
25 14   0.0000482709   0.0000578638  -0.0000577279   0.0000387905  -0.0037128725
25 15  -0.0047137934   0.0029663849
26  1  -0.0011626728   0.0026305475  -0.0018260837  -0.0018848691   0.0013584473
26  2  -0.0069915800   0.0008734286   0.0007652556  -0.0001077278   0.0007051653
26  3  -0.0001817960  -0.0002276187  -0.0001101775  -0.0001323111   0.0002537322
26  4   0.0001455001   0.0000720015   0.0000123695   0.0000173867   0.0003310261
26  5   0.0000040708  -0.1371673188  -0.3728783008  -0.2541757029   0.1593737562
26  6   0.4605888803   0.3102336912  -0.0145479822  -0.1015997994  -0.0415035498
26  7   0.0000715892  -0.0008328886  -0.0003471133   0.0001885985   0.0006171932
26  8   0.0016466958  -0.0010759904   0.0030792828  -0.0013571627  -0.0003907306
26  9   0.0002621379   0.0000585339   0.0005644572   0.0009736014   0.0002738791
26 10  -0.0005784714   0.0005102417  -0.0001966766  -0.0001155129  -0.0008310502
26 11   0.0001342937   0.0001796188   0.0002502635  -0.0000025033  -0.0001135668
26 12  -0.0000391455   0.0000685556  -0.0000407002   0.0000398700   0.0000074453
26 13   0.0000045967   0.0000300555   0.0000490351  -0.0000042926  -0.0000696052
26 14  -0.0000651436  -0.0000201486  -0.0001198186  -0.0000097829  -0.0049116635
26 15   0.0051759112  -0.0059316569
27  1  -0.0015742156  -0.0002407227  -0.0044831950  -0.0254148550  -0.0319283110
27  2  -0.0141285930   0.0007942657   0.0029125687  -0.0082463493   0.0005140971
27  3   0.0000548561  -0.0024631224   0.0000567470   0.0003058433   0.0011311324
27  4   0.0003268819  -0.0000781106  -0.0005683872  -0.0002961779  -0.0000797006
27  5   0.0003875973  -0.1518656844  -0.2421832084  -0.3487275584   0.1744069155
27  6   0.3102336912   0.3490197717   0.0016397494  -0.0313467144   0.0268079531
27  7   0.0002290649  -0.0003728021   0.0004796554   0.0000877397   0.0003112186
27  8   0.0001994974   0.0015547478  -0.0006701533   0.0011091255  -0.0028793347
27  9  -0.0011842337   0.0001665587  -0.0001835752  -0.0002098271   0.0001904141
27 10  -0.0003230273   0.0003186586  -0.0000725491   0.0002048535  -0.0007141991
27 11   0.0011811590   0.0001220185   0.0001049130  -0.0000781415  -0.0004744215
27 12  -0.0000216589   0.0001637936  -0.0000085793   0.0000364281  -0.0000640107
27 13   0.0001169934   0.0000829575   0.0003542849   0.0000741479   0.0000436112
27 14   0.0000282413   0.0000363145   0.0000067230   0.0000737840   0.0028553340
27 15  -0.0053818273  -0.0024610617
28  1   0.0010463602  -0.0004971345  -0.0029127888   0.0015154743   0.0245055183
28  2  -0.0054087143   0.0003404152   0.0001271496   0.0000929538   0.0002476436
28  3   0.0000570219   0.0000937908   0.0000846533   0.0000064967  -0.0001093640
28  4   0.0002006273  -0.0003011401   0.0001569858  -0.0002674950  -0.0003757771
28  5  -0.0001022259  -0.0876265687   0.0435967204  -0.0396441534   0.0303668827
28  6  -0.0145479822   0.0016397494   0.2139661728  -0.0639244620   0.2630692012
28  7  -0.0001855424   0.0005271020  -0.0005334367  -0.0003271683  -0.0000908607
28  8  -0.0001017503  -0.0019580221   0.0011141273  -0.0041493324   0.0000157904
28  9   0.0005556530   0.0000300498  -0.0005825552   0.0007424560  -0.0000890080
28 10  -0.0002088865   0.0000597524  -0.0002402740  -0.0002331164  -0.0002025980
28 11  -0.0003623617   0.0000647847  -0.0000141009  -0.0000107150  -0.0001144665
28 12  -0.0000139874   0.0000554404  -0.0000098711  -0.0000251008  -0.0000035074
28 13   0.0000255169  -0.0000018537   0.0000402348   0.0000447316  -0.0000213015
28 14   0.0000653912   0.0000509733  -0.0000654395   0.0000454112  -0.1564563343
28 15   0.0087897406  -0.2116215765
29  1   0.0008680525   0.0007668196   0.0022739605   0.0065444054  -0.0161924047
29  2   0.0055058673  -0.0011927193  -0.0029053970   0.0016739083   0.0003150829
29  3   0.0003009254   0.0004882313  -0.0001048235  -0.0003397512  -0.0000349909
29  4  -0.0000726641  -0.0000090143   0.0000237601   0.0002722664   0.0000928244
29  5   0.0000483286   0.0290702222  -0.2512761931   0.0197742071  -0.0071119332
29  6  -0.1015997994  -0.0313467144  -0.0639244620   0.4184535078  -0.0461758770
29  7   0.0001984405  -0.0005751758  -0.0001841061   0.0000479050   0.0002477001
29  8   0.0008775919   0.0007064960   0.0007846260   0.0012861940   0.0006816684
29  9   0.0010515114  -0.0002311284   0.0006653524   0.0015231508   0.0003844140
29 10  -0.0004792583   0.0005446439  -0.0002096134  -0.0000970900  -0.0008254099
29 11  -0.0003622804   0.0002358946   0.0003797135   0.0001014212   0.0001423239
29 12   0.0000265403  -0.0000436323  -0.0000641159   0.0000580453  -0.0000397982
29 13  -0.0000464900  -0.0000845861  -0.0000938095  -0.0000273832  -0.0000546344
29 14  -0.0000433060  -0.0000186082  -0.0000550942  -0.0000290285   0.0333914373
29 15  -0.0503125483   0.0463564006
30  1  -0.0019242758   0.0005030186  -0.0012079586  -0.0110668030   0.0330653664
30  2  -0.0044252634  -0.0000280025   0.0017009317  -0.0020728682  -0.0003424984
30  3  -0.0001255083  -0.0015632134   0.0000669588   0.0003593237   0.0004405468
30  4   0.0001254418  -0.0000772933  -0.0003337795  -0.0000963553  -0.0000024068
30  5   0.0002264170  -0.0392288483   0.0409471227  -0.1152988605   0.0025097446
30  6  -0.0415035498   0.0268079531   0.2630692012  -0.0461758770   0.4333230112
30  7  -0.0001155553  -0.0003092318   0.0000165921   0.0003175266   0.0011776227
30  8   0.0002415342  -0.0038441636   0.0015716896  -0.0053439657  -0.0007143910
30  9  -0.0003163105   0.0003631304  -0.0002741969   0.0001206501  -0.0002147072
30 10   0.0002554287  -0.0000897047   0.0002125576   0.0002126046   0.0002044893
30 11   0.0007109982  -0.0000954206  -0.0000856510  -0.0000615282  -0.0002363292
30 12   0.0000450171   0.0001021930   0.0000561758  -0.0000778766  -0.0000305290
30 13   0.0000584814   0.0000391001   0.0001224204   0.0000298396  -0.0000706522
30 14  -0.0000208030  -0.0000186632  -0.0000480311  -0.0000339332  -0.2087159000
30 15   0.0091477613  -0.3319599442
31  1  -0.3424978935  -0.1610358097   0.0520773810  -0.0149894536  -0.0072932869
31  2  -0.0059964568  -0.0014952459   0.0028958811   0.0046567695  -0.0006063300
31  3  -0.0012061484  -0.0006664522  -0.0000729054   0.0003205947   0.0004769703
31  4   0.0000998859  -0.0000320871   0.0000420052  -0.0001176569   0.0000313619
31  5  -0.0000642776   0.0017950235  -0.0004062250  -0.0002800542  -0.0003094389
31  6   0.0000715892   0.0002290649  -0.0001855424   0.0001984405  -0.0001155553
31  7   0.3528169585   0.1590188578  -0.0461564358   0.0047426184   0.0069279194
31  8  -0.0041408068   0.0000396334   0.0004628919  -0.0002026052   0.0006411464
31  9   0.0001013328   0.0000480740   0.0002907376  -0.0000152269  -0.0001463437
31 10  -0.0000310410   0.0001086828  -0.0000136209  -0.0000108503   0.0000131162
31 11   0.0001646735   0.0000186031  -0.0000183273  -0.0000239054  -0.0002047986
31 12  -0.0000796008   0.0000170366  -0.0000076692   0.0000153580  -0.0000006756
31 13   0.0000096363   0.0000017266   0.0000017352   0.0000198902   0.0000078119
31 14   0.0000203113   0.0000282942  -0.0000131331   0.0000118026   0.0000263981
31 15  -0.0000757197   0.0000613653
32  1  -0.1358101642  -0.1275920857   0.0025274853   0.0132537260   0.0074149843
32  2  -0.0005597627   0.0009196876  -0.0008507989  -0.0023505594   0.0008118154
32  3   0.0009411016  -0.0002121543   0.0000972715  -0.0001904918  -0.0002477897
32  4  -0.0000489675   0.0000556147  -0.0000694783   0.0000819575   0.0000198126
32  5   0.0000430084   0.0001607102   0.0011235906   0.0007553448  -0.0005386023
32  6  -0.0008328886  -0.0003728021   0.0005271020  -0.0005751758  -0.0003092318
32  7   0.1590188578   0.1372675186  -0.0022300064  -0.0387922063  -0.0172422270
32  8   0.0026776832   0.0003633702   0.0001497273   0.0003026579  -0.0002008890
32  9  -0.0001596577  -0.0000937643   0.0001991659   0.0004290718  -0.0001242727
32 10  -0.0000341282  -0.0000304714   0.0001078950  -0.0000099077  -0.0000039175
32 11   0.0000153854  -0.0000191141  -0.0000052752  -0.0000008327   0.0001357481
32 12   0.0000232228  -0.0000327970   0.0000044615  -0.0000086683  -0.0000010909
32 13  -0.0000109013   0.0000017801  -0.0000019071  -0.0000162610   0.0000017613
32 14  -0.0000168684  -0.0000187868   0.0000214456  -0.0000050587  -0.0000739450
32 15   0.0000420266   0.0001989165
33  1   0.0128530101  -0.0149617162  -0.0255154839   0.0294756882   0.0152157067
33  2  -0.0089224240   0.0007787941  -0.0025610320  -0.0044906343   0.0014619771
33  3   0.0006134789   0.0008562756   0.0001180863  -0.0002989736  -0.0003761416
33  4   0.0000165538  -0.0000157422  -0.0000513856  -0.0000322686  -0.0000011479
33  5   0.0000327094   0.0024686224   0.0016325652  -0.0001513521  -0.0000108529
33  6  -0.0003471133   0.0004796554  -0.0005334367  -0.0001841061   0.0000165921
33  7  -0.0461564358  -0.0022300064   0.0392475064   0.0000857143   0.0032069590
33  8  -0.0021167435  -0.0005403945  -0.0001627035   0.0010808694   0.0002209213
33  9  -0.0002302996   0.0001821821  -0.0002707503  -0.0000404881  -0.0001756654
33 10   0.0000047709   0.0000014258   0.0000175851  -0.0001093880   0.0001117506
33 11   0.0000664327  -0.0000173505   0.0000178413  -0.0000081265   0.0001178639
33 12   0.0000588147  -0.0000032455  -0.0000035928   0.0000080778   0.0000081856
33 13   0.0000129864   0.0000035893   0.0000312920   0.0000121115   0.0000014241
33 14   0.0000025872   0.0000003246  -0.0000087471   0.0000107485   0.0000470453
33 15   0.0001704426  -0.0002214193
34  1  -0.0594991699   0.0733228712   0.0216891725  -0.0027516449   0.0197099717
34  2  -0.0059273909   0.0010291547   0.0022404804  -0.0004782714  -0.0003240974
34  3  -0.0004752770   0.0004051556  -0.0000046910  -0.0000720101  -0.0000361833
34  4  -0.0000805218   0.0000437717   0.0000890951   0.0000548717   0.0000008999
34  5  -0.0000296784   0.0003800039  -0.0014818582   0.0000216993   0.0002065737
34  6   0.0001885985   0.0000877397  -0.0003271683   0.0000479050   0.0003175266
34  7   0.0047426184  -0.0387922063   0.0000857143   0.0587136655  -0.0543913346
34  8  -0.0199814020  -0.0016528139   0.0011533737   0.0038186064  -0.0003144495
34  9   0.0001394621   0.0000237956  -0.0004644277  -0.0010941830   0.0005495223
34 10   0.0001828191  -0.0002960234  -0.0002608415   0.0000340212   0.0000117958
34 11  -0.0001762637  -0.0000547768  -0.0000453515   0.0000491642   0.0000493426
34 12  -0.0000083124  -0.0000298482   0.0000133595  -0.0000200371  -0.0000070234
34 13  -0.0000108131   0.0000042556  -0.0000539359  -0.0000194415  -0.0000030772
34 14   0.0000109442  -0.0000065954   0.0000119864  -0.0000192776   0.0001041808
34 15  -0.0001957013  -0.0001480197
35  1   0.0433271715  -0.4075728944   0.0037760602   0.0034703262  -0.0128841070
35  2   0.0028009432  -0.0000119921   0.0014784808   0.0002032090  -0.0001491600
35  3   0.0000989399  -0.0000599842  -0.0000107785   0.0000941920   0.0000035637
35  4   0.0000110392  -0.0000086581   0.0000082425  -0.0000303070   0.0000211261
35  5  -0.0000130205  -0.0008582674  -0.0007734279   0.0000346886   0.0004203599
35  6   0.0006171932   0.0003112186  -0.0000908607   0.0002477001   0.0011776227
35  7   0.0069279194  -0.0172422270   0.0032069590  -0.0543913346   0.4340104800
35  8  -0.0092085930   0.0010828960   0.0015691964  -0.0022175283   0.0000271656
35  9  -0.0000238792  -0.0000758939   0.0006306466   0.0001546439   0.0000748846
35 10  -0.0001322548  -0.0000207722   0.0001144722   0.0000091774  -0.0000079167
35 11  -0.0000311092   0.0000058409  -0.0000194800  -0.0000046172  -0.0000115434
35 12  -0.0000106461   0.0000002215   0.0000016719   0.0000023793   0.0000008129
35 13   0.0000021541   0.0000062350   0.0000035707  -0.0000011774   0.0000083991
35 14   0.0000087052   0.0000044933   0.0000048768   0.0000049582  -0.0002331862
35 15   0.0002501662  -0.0001193867
36  1   0.0160389974   0.0456161444  -0.0292522207   0.0064694974  -0.0363888381
36  2  -0.0052289179  -0.0012240708  -0.0002280035   0.0011885180  -0.0001613930
36  3   0.0000973538  -0.0000290041  -0.0000190030   0.0000777825  -0.0000155572
36  4   0.0000110834   0.0000272785   0.0001319892  -0.0000720696   0.0000112346
36  5  -0.0000446740   0.0001441692  -0.0058038789   0.0000492302   0.0001667572
36  6   0.0016466958   0.0001994974  -0.0001017503   0.0008775919   0.0002415342
36  7  -0.0041408068   0.0026776832  -0.0021167435  -0.0199814020  -0.0092085930
36  8   0.0390593348   0.0027328226  -0.0009925195  -0.0042343759  -0.0001859718
36  9   0.0003347700  -0.0000760591   0.0005809424   0.0006569943   0.0002035536
36 10  -0.0000957581   0.0001108259   0.0000653635   0.0000255647  -0.0000340634
36 11  -0.0001618255   0.0000318826  -0.0000021578  -0.0000053776  -0.0000176511
36 12  -0.0000212152   0.0000010517   0.0000023867  -0.0000048806  -0.0000058591
36 13   0.0000004627   0.0000079413  -0.0000231305   0.0000100573  -0.0000003475
36 14   0.0000323641   0.0000179900  -0.0000103566   0.0000003582  -0.0002327370
36 15   0.0005525579   0.0000209499
37  1  -0.0018647211   0.0186165027   0.0036862276  -0.0509570991   0.0193899251
37  2  -0.0022401561   0.0013263822  -0.0312556057   0.0024093236   0.0016582532
37  3  -0.0007299019  -0.0008103517  -0.0001608793  -0.0000353322  -0.0001071072
37  4   0.0000449598  -0.0000423507  -0.0000317141   0.0000153561   0.0000100092
37  5   0.0000419480  -0.0021025550   0.0206416414  -0.0036688521   0.0002454418
37  6  -0.0010759904   0.0015547478  -0.0019580221   0.0007064960  -0.0038441636
37  7   0.0000396334   0.0003633702  -0.0005403945  -0.0016528139   0.0010828960
37  8   0.0027328226   0.0598635439  -0.0277974038   0.0004374006   0.0012434592
37  9   0.0005769694  -0.0001276847  -0.0053748047  -0.0025989317   0.0005050710
37 10  -0.0003106414   0.0006672202   0.0002610123  -0.0000697968   0.0000886347
37 11   0.0000594964   0.0000814906   0.0002715173  -0.0000223400  -0.0000034806
37 12   0.0001053454   0.0000063371  -0.0000387276   0.0000466503   0.0000046142
37 13   0.0000258786  -0.0000351900   0.0000368476   0.0000192366   0.0000060662
37 14  -0.0000125009  -0.0000012358  -0.0000041894   0.0000051612  -0.0000688581
37 15   0.0010016518  -0.0003357450
38  1   0.0025288107  -0.0091788691  -0.0046050042   0.0271529909  -0.3071472636
38  2   0.0203478819  -0.0015279663  -0.0131920050   0.0011743254   0.0008245699
38  3   0.0003569380  -0.0003189852  -0.0001951468   0.0003690214  -0.0000023760
38  4   0.0000132702  -0.0000811792  -0.0000598052   0.0000077577   0.0000081932
38  5   0.0000335309  -0.0009463142  -0.0110531853  -0.0007666655  -0.0003471787
38  6   0.0030792828  -0.0006701533   0.0011141273   0.0007846260   0.0015716896
38  7   0.0004628919   0.0001497273  -0.0001627035   0.0011533737   0.0015691964
38  8  -0.0009925195  -0.0277974038   0.3328319043  -0.0155025650  -0.0000419156
38  9   0.0006159363  -0.0003510925  -0.0021027220   0.0004731130  -0.0001882566
38 10  -0.0005154705   0.0005395740   0.0005249458  -0.0000608416  -0.0000062135
38 11   0.0000085251   0.0002245634   0.0001153455  -0.0000651534  -0.0000513436
38 12   0.0000151651   0.0000163033  -0.0000327176   0.0000362449   0.0000063993
38 13   0.0000225006  -0.0000182074   0.0000423791   0.0000060565   0.0000042030
38 14  -0.0000126856  -0.0000037617  -0.0000038813   0.0000052171   0.0001118697
38 15  -0.0002676668  -0.0000332320
39  1   0.0046161943  -0.0341366138  -0.0038493820  -0.0022334194   0.0193671412
39  2  -0.0504986065  -0.0005160041   0.0015385695  -0.0000067708  -0.0002130170
39  3   0.0006748804   0.0001498624   0.0000597386  -0.0000663314  -0.0000834584
39  4  -0.0000000613  -0.0000199413   0.0000382923  -0.0000289593  -0.0000053243
39  5  -0.0000341300  -0.0028123246   0.0296547370  -0.0023566973   0.0008539793
39  6  -0.0013571627   0.0011091255  -0.0041493324   0.0012861940  -0.0053439657
39  7  -0.0002026052   0.0003026579   0.0010808694   0.0038186064  -0.0022175283
39  8  -0.0042343759   0.0004374006  -0.0155025650   0.0633260997   0.0000933186
39  9  -0.0006912432   0.0001735775   0.0005275387  -0.0001114096   0.0006160498
39 10   0.0002391441  -0.0001349996   0.0001023968  -0.0000079156   0.0000580066
39 11  -0.0000070685  -0.0000195629  -0.0000697422  -0.0000298271   0.0000182920
39 12   0.0000144254  -0.0000035548   0.0000015018   0.0000083488   0.0000129023
39 13  -0.0000046692  -0.0000209777  -0.0000177537   0.0000058663   0.0000086520
39 14   0.0000061117   0.0000109084   0.0000071004  -0.0000003043  -0.0004946183
39 15   0.0014131259  -0.0001493926
40  1   0.0030111446   0.0008194068   0.0001686063  -0.0219592649   0.0069087772
40  2  -0.0273161151  -0.1053118000   0.0318819606  -0.1048855683   0.0098865331
40  3  -0.0048382492   0.0163859420   0.0008519727  -0.0003612973  -0.0005114444
40  4  -0.0011209897  -0.0003506481   0.0000487224   0.0000569348   0.0000287499
40  5  -0.0000673745  -0.0037676435  -0.0034554461   0.0048739658  -0.0001067621
40  6  -0.0003907306  -0.0028793347   0.0000157904   0.0006816684  -0.0007143910
40  7   0.0006411464  -0.0002008890   0.0002209213  -0.0003144495   0.0000271656
40  8  -0.0001859718   0.0012434592  -0.0000419156   0.0000933186   0.1213664560
40  9  -0.0324392299   0.1140565685  -0.0016761408   0.0009367812  -0.0020031768
40 10   0.0006453935  -0.0002680546  -0.0008816101  -0.0017120278   0.0010955858
40 11   0.0035400933  -0.0001009888  -0.0000389768   0.0000156159   0.0001205742
40 12   0.0001200460  -0.0002285814  -0.0000179227   0.0001030529  -0.0000401071
40 13  -0.0019256293  -0.0001666044   0.0002756823   0.0000107130   0.0000090882
40 14  -0.0000080035   0.0000418258   0.0000114007   0.0000360027   0.0001216756
40 15  -0.0000716417   0.0000062396
41  1   0.0013878441   0.0001086690  -0.0000889966  -0.0114344419   0.0027861542
41  2  -0.0132093965   0.0328855901  -0.0660999632   0.0556627554  -0.0055245826
41  3   0.0022284749  -0.0099419598   0.0000748064   0.0000300562   0.0008089941
41  4  -0.0001123434   0.0005441674   0.0005817151   0.0001338452  -0.0001809185
41  5  -0.0002067047  -0.0026139363  -0.0025059385   0.0025692017   0.0002735295
41  6   0.0002621379  -0.0011842337   0.0005556530   0.0010515114  -0.0003163105
41  7   0.0001013328  -0.0001596577  -0.0002302996   0.0001394621  -0.0000238792
41  8   0.0003347700   0.0005769694   0.0006159363  -0.0006912432  -0.0324392299
41  9   0.0677569592  -0.0583443933   0.0158916028  -0.0073392045   0.0271120366
41 10  -0.0007841025   0.0005508066   0.0001489790   0.0010519407   0.0002802465
41 11  -0.0023269294   0.0000373938   0.0000241017   0.0000454235  -0.0001588841
41 12  -0.0000504056  -0.0000445547   0.0001119102  -0.0002239883  -0.0001186432
41 13  -0.0002888764   0.0001001232  -0.0003134285  -0.0000446604  -0.0000192845
41 14   0.0000470911   0.0000550206   0.0000594850  -0.0000521816   0.0001241567
41 15   0.0002044104  -0.0002416911
42  1   0.0009257838   0.0003587194   0.0012312348  -0.0001856150  -0.0001879008
42  2  -0.0003575361  -0.1063045340   0.0549040383  -0.2309822866  -0.0115517034
42  3   0.0060728569  -0.0230025428  -0.0008148014  -0.0000197576   0.0003087088
42  4   0.0000785384  -0.0001555858  -0.0011169557  -0.0000884706   0.0000797106
42  5   0.0007134933   0.0012228652  -0.0003527548  -0.0002390965  -0.0003265801
42  6   0.0000585339   0.0001665587   0.0000300498  -0.0002311284   0.0003631304
42  7   0.0000480740  -0.0000937643   0.0001821821   0.0000237956  -0.0000758939
42  8  -0.0000760591  -0.0001276847  -0.0003510925   0.0001735775   0.1140565685
42  9  -0.0583443933   0.2529567791   0.0000654534   0.0005561657   0.0000713568
42 10  -0.0002591137  -0.0003121921   0.0010686425   0.0032278461  -0.0019972064
42 11  -0.0029487417   0.0000869833   0.0000039132   0.0000170713   0.0000720294
42 12  -0.0000711941   0.0002215050   0.0000920708  -0.0000500607  -0.0000323085
42 13  -0.0000680072   0.0004079793   0.0012567618  -0.0000408968  -0.0000334033
42 14  -0.0000351099  -0.0002177358  -0.0001239853   0.0000688318   0.0000550842
42 15  -0.0000416040  -0.0000091969
43  1   0.0021955361   0.0002439339  -0.0014072607   0.0004222034  -0.0334103049
43  2   0.0011992975  -0.0516519233   0.0281937326  -0.0016253320  -0.0033799671
43  3   0.0181412023   0.0001891595   0.0009520590   0.0015814360  -0.0004979223
43  4  -0.0000642433  -0.0000814252  -0.0000464425  -0.0000231848  -0.0000562278
43  5  -0.0000517288   0.0016669764  -0.0019299498   0.0009646265  -0.0000837599
43  6   0.0005644572  -0.0001835752  -0.0005825552   0.0006653524  -0.0002741969
43  7   0.0002907376   0.0001991659  -0.0002707503  -0.0004644277   0.0006306466
43  8   0.0005809424  -0.0053748047  -0.0021027220   0.0005275387  -0.0016761408
43  9   0.0158916028   0.0000654534   0.0584285973  -0.0278349103  -0.0023419393
43 10  -0.0014010553   0.0007740855   0.0034173932   0.0005688163  -0.0007008958
43 11  -0.0002033536  -0.0001965409  -0.0007110827   0.0001820468   0.0002189351
43 12  -0.0002712174  -0.0000826209   0.0001889629  -0.0001449943   0.0000097905
43 13  -0.0000503129   0.0001216326  -0.0001169845  -0.0000608338  -0.0000198946
43 14   0.0000245182   0.0000004358   0.0000120380   0.0000069220   0.0000764898
43 15   0.0002443390  -0.0000655817
44  1   0.0008170622   0.0016134991  -0.0001466104   0.0000337518  -0.0169072780
44  2  -0.0000123553   0.0258455856  -0.2961660599   0.0066794253   0.0020626998
44  3  -0.0106305768  -0.0008801953  -0.0007552991   0.0006094464   0.0005553726
44  4   0.0001282361   0.0000569008  -0.0000902352   0.0000884057   0.0000477306
44  5   0.0000559405   0.0006857566  -0.0026728465   0.0012681594  -0.0000857751
44  6   0.0009736014  -0.0002098271   0.0007424560   0.0015231508   0.0001206501
44  7  -0.0000152269   0.0004290718  -0.0000404881  -0.0010941830   0.0001546439
44  8   0.0006569943  -0.0025989317   0.0004731130  -0.0001114096   0.0009367812
44  9  -0.0073392045   0.0005561657  -0.0278349103   0.3252586606  -0.0060431390
44 10   0.0005471655   0.0008046332  -0.0018194598  -0.0002110648   0.0004370963
44 11  -0.0002751705   0.0006956761   0.0006377960  -0.0001211022  -0.0000724230
44 12   0.0003848480  -0.0000065957  -0.0001139895   0.0000960217  -0.0000125310
44 13   0.0001067554  -0.0001596140   0.0000528656   0.0000306652   0.0000147799
44 14  -0.0000451754  -0.0000005265   0.0000062418   0.0000064254   0.0000613330
44 15   0.0003543445  -0.0001377040
45  1  -0.0000986442   0.0005577832   0.0002433326  -0.0003904674   0.0010417277
45  2  -0.0009930146  -0.0018572290   0.0080167989  -0.0493618805   0.0046142551
45  3  -0.0282636659  -0.0005930047  -0.0012027812  -0.0006207162   0.0011701732
45  4   0.0000471078   0.0000425371   0.0000483289   0.0000616267   0.0000255524
45  5   0.0000296911   0.0003867737  -0.0016669756   0.0000507667  -0.0001115062
45  6   0.0002738791   0.0001904141  -0.0000890080   0.0003844140  -0.0002147072
45  7  -0.0001463437  -0.0001242727  -0.0001756654   0.0005495223   0.0000748846
45  8   0.0002035536   0.0005050710  -0.0001882566   0.0006160498  -0.0020031768
45  9   0.0271120366   0.0000713568  -0.0023419393  -0.0060431390   0.0518481685
45 10   0.0031584324  -0.0017828547  -0.0039605229  -0.0007840565   0.0001391667
45 11   0.0009246974   0.0002145539   0.0007448689   0.0001023447  -0.0004324519
45 12   0.0001760042   0.0000265327  -0.0000579577   0.0000182764  -0.0001540147
45 13  -0.0000022166   0.0000955206  -0.0000589404   0.0000016527  -0.0000126600
45 14   0.0000258614  -0.0000049533  -0.0000108090   0.0000113746  -0.0000162640
45 15   0.0000098994  -0.0000508956
46  1  -0.0000765838  -0.0003272687   0.0000538029   0.0007200407   0.0015422554
46  2  -0.0003907010  -0.0037868744   0.0179356416  -0.0002487408  -0.0529263059
46  3   0.0328639249  -0.0020167526   0.0026707483  -0.0313101422   0.0011090854
46  4   0.0015925941  -0.0013694231   0.0004304605   0.0000354402   0.0004600249
46  5   0.0000794718   0.0003635308   0.0012698086   0.0000783389   0.0000753211
46  6  -0.0005784714  -0.0003230273  -0.0002088865  -0.0004792583   0.0002554287
46  7  -0.0000310410  -0.0000341282   0.0000047709   0.0001828191  -0.0001322548
46  8  -0.0000957581  -0.0003106414  -0.0005154705   0.0002391441   0.0006453935
46  9  -0.0007841025  -0.0002591137  -0.0014010553   0.0005471655   0.0031584324
46 10   0.0592630813  -0.0347793740  -0.0016683043  -0.0026611715   0.0170894767
46 11  -0.0005405718  -0.0052002611  -0.0029941710   0.0001654828   0.0010306380
46 12   0.0006626414   0.0001383121  -0.0001883309   0.0007387201  -0.0001711915
46 13  -0.0000894995   0.0000442761  -0.0000719326   0.0001978956   0.0002438837
46 14   0.0000555071   0.0000078129  -0.0000368441   0.0000242025   0.0000953358
46 15  -0.0000569099  -0.0000063464
47  1   0.0001025304   0.0005682369  -0.0000341919  -0.0004336957  -0.0001048985
47  2   0.0001695253   0.0021661560  -0.0105365632  -0.0005911492   0.0333168844
47  3  -0.2914809264   0.0107348214   0.0000534933  -0.0159794844   0.0007638731
47  4   0.0014651251   0.0002145414   0.0004821027  -0.0003841773   0.0006400444
47  5  -0.0001270921  -0.0000916771  -0.0009248099  -0.0002953757  -0.0000295015
47  6   0.0005102417   0.0003186586   0.0000597524   0.0005446439  -0.0000897047
47  7   0.0001086828  -0.0000304714   0.0000014258  -0.0002960234  -0.0000207722
47  8   0.0001108259   0.0006672202   0.0005395740  -0.0001349996  -0.0002680546
47  9   0.0005508066  -0.0003121921   0.0007740855   0.0008046332  -0.0017828547
47 10  -0.0347793740   0.3200553691  -0.0107340987   0.0012438797  -0.0064880445
47 11   0.0010960171  -0.0028858170   0.0000322510   0.0005852005  -0.0002664330
47 12   0.0004612980   0.0003956146  -0.0008553012   0.0006118693  -0.0006916253
47 13  -0.0000412158   0.0000420906  -0.0000020176   0.0003438843   0.0000860349
47 14   0.0000937774   0.0000795829  -0.0001159148   0.0000576774  -0.0000500064
47 15   0.0000202502  -0.0000142182
48  1  -0.0001508778   0.0001856629  -0.0000462529  -0.0007031232  -0.0007872488
48  2   0.0007443782   0.0052003913  -0.0288968994  -0.0002000455  -0.0025586927
48  3   0.0117719927  -0.0500473037  -0.0002072451   0.0026827204  -0.0002663693
48  4  -0.0000568676  -0.0010655337  -0.0000064015   0.0001165136   0.0000939648
48  5   0.0000020204   0.0003340174   0.0006041035  -0.0001739066   0.0000409804
48  6  -0.0001966766  -0.0000725491  -0.0002402740  -0.0002096134   0.0002125576
48  7  -0.0000136209   0.0001078950   0.0000175851  -0.0002608415   0.0001144722
48  8   0.0000653635   0.0002610123   0.0005249458   0.0001023968  -0.0008816101
48  9   0.0001489790   0.0010686425   0.0034173932  -0.0018194598  -0.0039605229
48 10  -0.0016683043  -0.0107340987   0.0529615366  -0.0032926712   0.0271204003
48 11  -0.0010680910   0.0007568265  -0.0000366077   0.0006188911  -0.0001422492
48 12   0.0002503080  -0.0000734480  -0.0000353846   0.0000408768   0.0001958832
48 13  -0.0000105561  -0.0000755475   0.0000320964  -0.0000378888   0.0000640914
48 14  -0.0000890659   0.0000130883   0.0000393499  -0.0000242548   0.0001199840
48 15   0.0000719228   0.0000068597
49  1  -0.0001089203   0.0000852509  -0.0001503329   0.0011434457  -0.0003010483
49  2   0.0003827012   0.0093971956  -0.0042235329   0.0163532302  -0.1140079662
49  3   0.0275285304  -0.1083430282  -0.0193564691   0.0067052168  -0.0255563563
49  4  -0.0027128647  -0.0040883342   0.0035415309  -0.0023497565  -0.0001118018
49  5  -0.0015406553  -0.0010250281   0.0000481205   0.0003502821  -0.0006725386
49  6  -0.0001155129   0.0002048535  -0.0002331164  -0.0000970900   0.0002126046
49  7  -0.0000108503  -0.0000099077  -0.0001093880   0.0000340212   0.0000091774
49  8   0.0000255647  -0.0000697968  -0.0000608416  -0.0000079156  -0.0017120278
49  9   0.0010519407   0.0032278461   0.0005688163  -0.0002110648  -0.0007840565
49 10  -0.0026611715   0.0012438797  -0.0032926712   0.1314170494  -0.0280577068
49 11   0.1150414119   0.0010451339  -0.0003159809   0.0000648991   0.0007257012
49 12   0.0008497009   0.0002447089   0.0002780251   0.0000810560   0.0003622752
49 13   0.0001850696  -0.0000957222  -0.0001934396   0.0000056058   0.0000735806
49 14   0.0000345132   0.0001432582  -0.0000386119  -0.0000242527  -0.0000228156
49 15   0.0000507019  -0.0000443254
50  1  -0.0001502939  -0.0000722910  -0.0000568088  -0.0001012601   0.0002181106
50  2   0.0006465452  -0.0059152062   0.0020048710  -0.0097099083   0.0277023148
50  3  -0.0600373946   0.0421664058  -0.0103765133   0.0027410504  -0.0139467248
50  4  -0.0009752896  -0.0014951725   0.0016270089  -0.0013332692   0.0002945442
50  5  -0.0004689266   0.0001769665   0.0021581344   0.0006534019   0.0001335864
50  6  -0.0008310502  -0.0007141991  -0.0002025980  -0.0008254099   0.0002044893
50  7   0.0000131162  -0.0000039175   0.0001117506   0.0000117958  -0.0000079167
50  8  -0.0000340634   0.0000886347  -0.0000062135   0.0000580066   0.0010955858
50  9   0.0002802465  -0.0019972064  -0.0007008958   0.0004370963   0.0001391667
50 10   0.0170894767  -0.0064880445   0.0271204003  -0.0280577068   0.0602970562
50 11  -0.0453427168   0.0005982640   0.0003625683  -0.0003998173   0.0008059569
50 12   0.0005091527   0.0001449811  -0.0002896927   0.0004052147  -0.0002450309
50 13   0.0001296923  -0.0000064201   0.0000463619   0.0001255021   0.0000593301
50 14   0.0000163489   0.0000349398  -0.0000533593   0.0000011564   0.0000968934
50 15   0.0000598146  -0.0000206212
51  1   0.0004964354  -0.0000149875   0.0005145705  -0.0015391842   0.0000997179
51  2   0.0002843373  -0.0124995471   0.0056866706  -0.0253135195  -0.1081727934
51  3   0.0420942345  -0.2216889622   0.0020915666  -0.0008431478   0.0028426300
51  4   0.0007254650   0.0001477307   0.0009977233   0.0001464076   0.0001300263
51  5   0.0000472868   0.0015146819   0.0004142963  -0.0018674194  -0.0004299475
51  6   0.0001342937   0.0011811590  -0.0003623617  -0.0003622804   0.0007109982
51  7   0.0001646735   0.0000153854   0.0000664327  -0.0001762637  -0.0000311092
51  8  -0.0001618255   0.0000594964   0.0000085251  -0.0000070685   0.0035400933
51  9  -0.0023269294  -0.0029487417  -0.0002033536  -0.0002751705   0.0009246974
51 10  -0.0005405718   0.0010960171  -0.0010680910   0.1150414119  -0.0453427168
51 11   0.2442023041  -0.0002495570  -0.0003760559  -0.0000458278  -0.0001634620
51 12  -0.0001196327   0.0010296525   0.0000542672  -0.0000208342  -0.0000111224
51 13   0.0002051444   0.0000472707   0.0002622932   0.0000080789   0.0000066507
51 14  -0.0000141678   0.0000018966  -0.0000210772   0.0000078982   0.0002874233
51 15  -0.0001468774   0.0000547627
52  1   0.0000293987   0.0001791997  -0.0000003398  -0.0000364747  -0.0000876535
52  2  -0.0002153659   0.0019144684  -0.0009749552  -0.0007472357   0.0020616973
52  3  -0.0312659962   0.0010550139  -0.0515697245   0.0325717970   0.0007444394
52  4  -0.0046298348   0.0220697746  -0.0013623307   0.0021381164   0.0000726783
52  5   0.0010210484   0.0000304332  -0.0004200826  -0.0000930684  -0.0000251691
52  6   0.0001796188   0.0001220185   0.0000647847   0.0002358946  -0.0000954206
52  7   0.0000186031  -0.0000191141  -0.0000173505  -0.0000547768   0.0000058409
52  8   0.0000318826   0.0000814906   0.0002245634  -0.0000195629  -0.0001009888
52  9   0.0000373938   0.0000869833  -0.0001965409   0.0006956761   0.0002145539
52 10  -0.0052002611  -0.0028858170   0.0007568265   0.0010451339   0.0005982640
52 11  -0.0002495570   0.0587709101  -0.0337073635   0.0025982380  -0.0021220683
52 12   0.0133364948  -0.0005062801  -0.0023003391   0.0005867957  -0.0034233681
52 13   0.0007738868  -0.0008768265   0.0003652724  -0.0005492922  -0.0007705157
52 14  -0.0002981213  -0.0001210581   0.0002271188   0.0000305415  -0.0000223948
52 15  -0.0000127860   0.0000011825
53  1  -0.0001286170  -0.0000007144   0.0000822928  -0.0000593782   0.0004554233
53  2  -0.0000554339   0.0011442363   0.0004850224  -0.0005541005   0.0006641571
53  3  -0.0159722066   0.0002905393   0.0324071819  -0.2902932570   0.0027421850
53  4   0.0003472704  -0.0102791582   0.0005861488   0.0001131674   0.0024046630
53  5  -0.0005761045   0.0001572506  -0.0005730405  -0.0000545036  -0.0000882599
53  6   0.0002502635   0.0001049130  -0.0000141009   0.0003797135  -0.0000856510
53  7  -0.0000183273  -0.0000052752   0.0000178413  -0.0000453515  -0.0000194800
53  8  -0.0000021578   0.0002715173   0.0001153455  -0.0000697422  -0.0000389768
53  9   0.0000241017   0.0000039132  -0.0007110827   0.0006377960   0.0007448689
53 10  -0.0029941710   0.0000322510  -0.0000366077  -0.0003159809   0.0003625683
53 11  -0.0003760559  -0.0337073635   0.3188474870  -0.0045160746   0.0014161337
53 12  -0.0087262403  -0.0005215666   0.0006633427   0.0010555965   0.0016511532
53 13  -0.0000752507   0.0007371453   0.0004826319   0.0010014136   0.0002623942
53 14   0.0001387691   0.0000354464  -0.0001275917  -0.0000108871  -0.0000242571
53 15  -0.0000528074   0.0000136289
54  1  -0.0000630135  -0.0000372282   0.0000233194   0.0000956556  -0.0000096904
54  2  -0.0000059308  -0.0003465654   0.0010733006   0.0000776054   0.0000285218
54  3   0.0021725053  -0.0003759208   0.0002967716   0.0017143720  -0.0488114574
54  4  -0.0052961695   0.0277306439  -0.0020156902   0.0022161604  -0.0003918676
54  5   0.0005809378   0.0000717545  -0.0000894731   0.0001216402  -0.0000447922
54  6  -0.0000025033  -0.0000781415  -0.0000107150   0.0001014212  -0.0000615282
54  7  -0.0000239054  -0.0000008327  -0.0000081265   0.0000491642  -0.0000046172
54  8  -0.0000053776  -0.0000223400  -0.0000651534  -0.0000298271   0.0000156159
54  9   0.0000454235   0.0000170713   0.0001820468  -0.0001211022   0.0001023447
54 10   0.0001654828   0.0005852005   0.0006188911   0.0000648991  -0.0003998173
54 11  -0.0000458278   0.0025982380  -0.0045160746   0.0511411133   0.0033366316
54 12  -0.0282429877   0.0004956440  -0.0037197532   0.0015236201  -0.0031109663
54 13   0.0009189947  -0.0001467357   0.0011266131  -0.0003278302  -0.0007479833
54 14   0.0002774853  -0.0001530197  -0.0001338825  -0.0000431982  -0.0000318329
54 15  -0.0000365378   0.0000093268
55  1  -0.0008259351  -0.0003641404   0.0002515659   0.0000929108   0.0008378810
55  2   0.0014626289  -0.0049491667  -0.0042769318  -0.0015215120  -0.0147263680
55  3   0.0088033023   0.0261240905  -0.0884370729   0.0283587226   0.0902633313
55  4   0.0058371317  -0.0060254245  -0.0206950281   0.0030944307   0.0002450466
55  5  -0.0003414549   0.0003743447   0.0000179343   0.0008020400  -0.0001329474
55  6  -0.0001135668  -0.0004744215  -0.0001144665   0.0001423239  -0.0002363292
55  7  -0.0002047986   0.0001357481   0.0001178639   0.0000493426  -0.0000115434
55  8  -0.0000176511  -0.0000034806  -0.0000513436   0.0000182920   0.0001205742
55  9  -0.0001588841   0.0000720294   0.0002189351  -0.0000724230  -0.0004324519
55 10   0.0010306380  -0.0002664330  -0.0001422492   0.0007257012   0.0008059569
55 11  -0.0001634620  -0.0021220683   0.0014161337   0.0033366316   0.1022304855
55 12  -0.0299146870  -0.0965097010   0.0007271018  -0.0003026016   0.0009487810
55 13  -0.0025617006   0.0006837288  -0.0034619258  -0.0000598765  -0.0000985417
55 14  -0.0000709604  -0.0003383640   0.0002419392   0.0006277405  -0.0000253510
55 15  -0.0000321965   0.0000421520
56  1  -0.0002829595  -0.0001817533   0.0001001097  -0.0002496459   0.0007032122
56  2   0.0005031123  -0.0020199537  -0.0013766715  -0.0006607882  -0.0079969203
56  3   0.0035901550   0.0140864879   0.0294198790  -0.0683141071  -0.0594687925
56  4  -0.0031487702   0.0025172101   0.0085740237  -0.0007113855  -0.0004598545
56  5  -0.0000106897   0.0000674695   0.0000315178   0.0000244468  -0.0000044511
56  6  -0.0000391455  -0.0000216589  -0.0000139874   0.0000265403   0.0000450171
56  7  -0.0000796008   0.0000232228   0.0000588147  -0.0000083124  -0.0000106461
56  8  -0.0000212152   0.0001053454   0.0000151651   0.0000144254   0.0001200460
56  9  -0.0000504056  -0.0000711941  -0.0002712174   0.0003848480   0.0001760042
56 10   0.0006626414   0.0004612980   0.0002503080   0.0008497009   0.0005091527
56 11  -0.0001196327   0.0133364948  -0.0087262403  -0.0282429877  -0.0299146870
56 12   0.0694120624   0.0638731132  -0.0007500713   0.0005805270  -0.0000503387
56 13   0.0009815468   0.0007707855   0.0016012386   0.0001579563  -0.0000868653
56 14  -0.0002012550  -0.0002499808   0.0002138205  -0.0004128926   0.0000008631
56 15   0.0000061717  -0.0000256562
57  1   0.0001390102   0.0000308633  -0.0000308182  -0.0001812541  -0.0002561622
57  2  -0.0000834984   0.0002002308   0.0005805162   0.0013051939   0.0003530223
57  3  -0.0003886347  -0.0014563754   0.0903732597  -0.0591798252  -0.2360437647
57  4   0.0102077151  -0.0071093886  -0.0266598617   0.0011397040   0.0003835469
57  5   0.0032522487  -0.0001164914   0.0000406601  -0.0002650875   0.0000768536
57  6   0.0000685556   0.0001637936   0.0000554404  -0.0000436323   0.0001021930
57  7   0.0000170366  -0.0000327970  -0.0000032455  -0.0000298482   0.0000002215
57  8   0.0000010517   0.0000063371   0.0000163033  -0.0000035548  -0.0002285814
57  9  -0.0000445547   0.0002215050  -0.0000826209  -0.0000065957   0.0000265327
57 10   0.0001383121   0.0003956146  -0.0000734480   0.0002447089   0.0001449811
57 11   0.0010296525  -0.0005062801  -0.0005215666   0.0004956440  -0.0965097010
57 12   0.0638731132   0.2596189540   0.0001330214   0.0004091602   0.0009586497
57 13  -0.0037217206   0.0020165806  -0.0026408432  -0.0001008424  -0.0001601415
57 14  -0.0001793815  -0.0016024058  -0.0002367786   0.0002763337  -0.0000049065
57 15   0.0000199607  -0.0000118739
58  1   0.0000122010  -0.0000512087   0.0000257742  -0.0000088785  -0.0000052855
58  2   0.0000204787  -0.0000931078  -0.0000903701   0.0000284016   0.0012089490
58  3   0.0015038940   0.0002615784  -0.0038109675   0.0210000150  -0.0016335241
58  4  -0.0514153512   0.0365736172   0.0013899205  -0.0026512802  -0.0378420378
58  5  -0.0015181455  -0.0000155950   0.0000996264   0.0000035363  -0.0000014227
58  6  -0.0000407002  -0.0000085793  -0.0000098711  -0.0000641159   0.0000561758
58  7  -0.0000076692   0.0000044615  -0.0000035928   0.0000133595   0.0000016719
58  8   0.0000023867  -0.0000387276  -0.0000327176   0.0000015018  -0.0000179227
58  9   0.0001119102   0.0000920708   0.0001889629  -0.0001139895  -0.0000579577
58 10  -0.0001883309  -0.0008553012  -0.0000353846   0.0002780251  -0.0002896927
58 11   0.0000542672  -0.0023003391   0.0006633427  -0.0037197532   0.0007271018
58 12  -0.0007500713   0.0001330214   0.0633838987  -0.0279735291   0.0034241201
58 13  -0.0008715591   0.0116870023  -0.0010215433  -0.0056398693  -0.0037732732
58 14   0.0022032924   0.0012471301   0.0002280156   0.0003072040   0.0000112639
58 15   0.0000087359  -0.0000052494
59  1   0.0000013641   0.0000868016  -0.0000355859   0.0000164373  -0.0000473322
59  2   0.0000247138   0.0002575675   0.0001270264   0.0000473467  -0.0003945470
59  3   0.0003609155  -0.0002701448   0.0024214282  -0.0094161111   0.0008143476
59  4   0.0302017229  -0.2943192667   0.0084936612  -0.0048056626  -0.0145809939
59  5  -0.0009754276   0.0000338298  -0.0001183253   0.0000124568   0.0000029679
59  6   0.0000398700   0.0000364281  -0.0000251008   0.0000580453  -0.0000778766
59  7   0.0000153580  -0.0000086683   0.0000080778  -0.0000200371   0.0000023793
59  8  -0.0000048806   0.0000466503   0.0000362449   0.0000083488   0.0001030529
59  9  -0.0002239883  -0.0000500607  -0.0001449943   0.0000960217   0.0000182764
59 10   0.0007387201   0.0006118693   0.0000408768   0.0000810560   0.0004052147
59 11  -0.0000208342   0.0005867957   0.0010555965   0.0015236201  -0.0003026016
59 12   0.0005805270   0.0004091602  -0.0279735291   0.3233517255  -0.0114278131
59 13   0.0017057661  -0.0090620330  -0.0004890064  -0.0025133657   0.0009269496
59 14   0.0014349789  -0.0000249688   0.0000462274   0.0004729685  -0.0000079097
59 15  -0.0000086957   0.0000063684
60  1  -0.0000093729  -0.0000131674  -0.0000127584  -0.0000099823  -0.0000247882
60  2   0.0000522014  -0.0000357424   0.0000094623   0.0000511008   0.0011258918
60  3   0.0005513065   0.0007640863  -0.0061538005   0.0263780003  -0.0020793509
60  4   0.0002043705   0.0064924274  -0.0516751624   0.0009821540   0.0039390424
60  5   0.0011583959   0.0000264485   0.0000520153   0.0000581880  -0.0000108985
60  6   0.0000074453  -0.0000640107  -0.0000035074  -0.0000397982  -0.0000305290
60  7  -0.0000006756  -0.0000010909   0.0000081856  -0.0000070234   0.0000008129
60  8  -0.0000058591   0.0000046142   0.0000063993   0.0000129023  -0.0000401071
60  9  -0.0001186432  -0.0000323085   0.0000097905  -0.0000125310  -0.0001540147
60 10  -0.0001711915  -0.0006916253   0.0001958832   0.0003622752  -0.0002450309
60 11  -0.0000111224  -0.0034233681   0.0016511532  -0.0031109663   0.0009487810
60 12  -0.0000503387   0.0009586497   0.0034241201  -0.0114278131   0.0516921127
60 13   0.0025552920  -0.0282300717   0.0019063224   0.0005961304   0.0011991205
60 14   0.0004083360  -0.0003777325   0.0005523015  -0.0001031044   0.0000035341
60 15   0.0000154119   0.0000128224
61  1   0.0000480433   0.0000188119  -0.0000294901   0.0000422707   0.0000002971
61  2   0.0001451403  -0.0009317038  -0.0001949618   0.0003121044   0.0008440585
61  3  -0.0001472737   0.0003951357   0.0083844321  -0.0064262896  -0.0194378517
61  4  -0.0766564617   0.0266123726   0.0757959348  -0.0212255632   0.0096400198
61  5   0.0294834581  -0.0000486643   0.0000235271  -0.0001467884   0.0000328277
61  6   0.0000045967   0.0001169934   0.0000255169  -0.0000464900   0.0000584814
61  7   0.0000096363  -0.0000109013   0.0000129864  -0.0000108131   0.0000021541
61  8   0.0000004627   0.0000258786   0.0000225006  -0.0000046692  -0.0019256293
61  9  -0.0002888764  -0.0000680072  -0.0000503129   0.0001067554  -0.0000022166
61 10  -0.0000894995  -0.0000412158  -0.0000105561   0.0001850696   0.0001296923
61 11   0.0002051444   0.0007738868  -0.0000752507   0.0009189947  -0.0025617006
61 12   0.0009815468  -0.0037217206  -0.0008715591   0.0017057661   0.0025552920
61 13   0.0979945188  -0.0279528600  -0.0879633030   0.0011640202  -0.0000189397
61 14   0.0001586642  -0.0051609770  -0.0040544518   0.0012349320   0.0000027252
61 15   0.0000094702  -0.0000091217
62  1   0.0000257004  -0.0000460418   0.0000157417   0.0000535424  -0.0001382518
62  2   0.0002098556  -0.0001338982   0.0003706444  -0.0006412186  -0.0000798962
62  3   0.0000504266  -0.0005038458  -0.0022747314   0.0031202982   0.0089447811
62  4   0.0308011385  -0.0783893657  -0.0732122410  -0.0090775384   0.0055510769
62  5   0.0134122336   0.0000362249   0.0000446498  -0.0001329676   0.0000176421
62  6   0.0000300555   0.0000829575  -0.0000018537  -0.0000845861   0.0000391001
62  7   0.0000017266   0.0000017801   0.0000035893   0.0000042556   0.0000062350
62  8   0.0000079413  -0.0000351900  -0.0000182074  -0.0000209777  -0.0001666044
62  9   0.0001001232   0.0004079793   0.0001216326  -0.0001596140   0.0000955206
62 10   0.0000442761   0.0000420906  -0.0000755475  -0.0000957222  -0.0000064201
62 11   0.0000472707  -0.0008768265   0.0007371453  -0.0001467357   0.0006837288
62 12   0.0007707855   0.0020165806   0.0116870023  -0.0090620330  -0.0282300717
62 13  -0.0279528600   0.0770437715   0.0750692779   0.0005943056   0.0005285284
62 14   0.0006366906  -0.0033842953  -0.0005115654   0.0019695781   0.0000082402
62 15   0.0000184742   0.0000045077
63  1  -0.0000382277   0.0000111385   0.0000311919   0.0000493031  -0.0001056454
63  2   0.0006784443   0.0002564214   0.0002690709  -0.0008176155   0.0005692530
63  3   0.0001998760  -0.0002258724   0.0072907768  -0.0082941889  -0.0234450986
63  4   0.0794802440  -0.0699830820  -0.2478096596   0.0043059007   0.0001126009
63  5  -0.0008808005   0.0001132254   0.0000850244  -0.0005427931   0.0000384273
63  6   0.0000490351   0.0003542849   0.0000402348  -0.0000938095   0.0001224204
63  7   0.0000017352  -0.0000019071   0.0000312920  -0.0000539359   0.0000035707
63  8  -0.0000231305   0.0000368476   0.0000423791  -0.0000177537   0.0002756823
63  9  -0.0003134285   0.0012567618  -0.0001169845   0.0000528656  -0.0000589404
63 10  -0.0000719326  -0.0000020176   0.0000320964  -0.0001934396   0.0000463619
63 11   0.0002622932   0.0003652724   0.0004826319   0.0011266131  -0.0034619258
63 12   0.0016012386  -0.0026408432  -0.0010215433  -0.0004890064   0.0019063224
63 13  -0.0879633030   0.0750692779   0.2696717409   0.0001654460   0.0003459733
63 14  -0.0003160325  -0.0000813283   0.0009003161   0.0013242532   0.0000138508
63 15   0.0000117245  -0.0000191746
64  1   0.0000877603  -0.0000018696  -0.0000431225  -0.0000538553  -0.0000212766
64  2   0.0000127114   0.0000722501   0.0000272706   0.0001066200  -0.0003105088
64  3   0.0002637960   0.0000649918   0.0017426917  -0.0018728567   0.0005596930
64  4  -0.0019417691  -0.0405608528  -0.0007883979  -0.0469643357   0.0484597507
64  5   0.0234140766  -0.0000952719  -0.0000324626  -0.0000569163   0.0000643628
64  6  -0.0000042926   0.0000741479   0.0000447316  -0.0000273832   0.0000298396
64  7   0.0000198902  -0.0000162610   0.0000121115  -0.0000194415  -0.0000011774
64  8   0.0000100573   0.0000192366   0.0000060565   0.0000058663   0.0000107130
64  9  -0.0000446604  -0.0000408968  -0.0000608338   0.0000306652   0.0000016527
64 10   0.0001978956   0.0003438843  -0.0000378888   0.0000056058   0.0001255021
64 11   0.0000080789  -0.0005492922   0.0010014136  -0.0003278302  -0.0000598765
64 12   0.0001579563  -0.0001008424  -0.0056398693  -0.0025133657   0.0005961304
64 13   0.0011640202   0.0005943056   0.0001654460   0.0541127037  -0.0231504117
64 14  -0.0200719486  -0.0018145355   0.0172261464  -0.0035943992  -0.0000322720
64 15   0.0000101230   0.0000008197
65  1   0.0000109130   0.0000825493  -0.0000215713  -0.0000145211   0.0000092981
65  2  -0.0000000289   0.0000267720   0.0000458022   0.0000712687   0.0002090077
65  3   0.0002250578   0.0003140793   0.0015784310   0.0018760638  -0.0006600987
65  4   0.0035140954  -0.0170752300   0.0035605446   0.0200259161  -0.4101292090
65  5  -0.0085338645   0.0000223232  -0.0000401597   0.0000110261   0.0000083969
65  6  -0.0000696052   0.0000436112  -0.0000213015  -0.0000546344  -0.0000706522
65  7   0.0000078119   0.0000017613   0.0000014241  -0.0000030772   0.0000083991
65  8  -0.0000003475   0.0000060662   0.0000042030   0.0000086520   0.0000090882
65  9  -0.0000192845  -0.0000334033  -0.0000198946   0.0000147799  -0.0000126600
65 10   0.0002438837   0.0000860349   0.0000640914   0.0000735806   0.0000593301
65 11   0.0000066507  -0.0007705157   0.0002623942  -0.0007479833  -0.0000985417
65 12  -0.0000868653  -0.0001601415  -0.0037732732   0.0009269496   0.0011991205
65 13  -0.0000189397   0.0005285284   0.0003459733  -0.0231504117   0.4358121183
65 14  -0.0004756187   0.0021344225  -0.0124697489   0.0050917751  -0.0000002320
65 15   0.0000014670  -0.0000018470
66  1   0.0000561692   0.0000428195  -0.0001196519  -0.0000746558  -0.0000159247
66  2  -0.0000252911  -0.0000009099   0.0001044267   0.0001519771  -0.0002188118
66  3   0.0002164895   0.0000275460   0.0009745697  -0.0014319714   0.0002055610
66  4  -0.0050452925   0.0042995764  -0.0011826129   0.0198655177   0.0339160138
66  5  -0.0327936616  -0.0000607755   0.0000535223  -0.0000822725   0.0000482709
66  6  -0.0000651436   0.0000282413   0.0000653912  -0.0000433060  -0.0000208030
66  7   0.0000203113  -0.0000168684   0.0000025872   0.0000109442   0.0000087052
66  8   0.0000323641  -0.0000125009  -0.0000126856   0.0000061117  -0.0000080035
66  9   0.0000470911  -0.0000351099   0.0000245182  -0.0000451754   0.0000258614
66 10   0.0000555071   0.0000937774  -0.0000890659   0.0000345132   0.0000163489
66 11  -0.0000141678  -0.0002981213   0.0001387691   0.0002774853  -0.0000709604
66 12  -0.0002012550  -0.0001793815   0.0022032924   0.0014349789   0.0004083360
66 13   0.0001586642   0.0006366906  -0.0003160325  -0.0200719486  -0.0004756187
66 14   0.0359746074   0.0023840620  -0.0387060025  -0.0022802817  -0.0000397510
66 15   0.0000047420  -0.0000023463
67  1   0.0001286757   0.0000710389  -0.0000750220  -0.0000586871  -0.0000461601
67  2  -0.0001643307   0.0002155001   0.0001662676   0.0002812257   0.0003014489
67  3  -0.0006129400  -0.0002615110   0.0016403953   0.0014297919   0.0019877599
67  4  -0.0197215746   0.0096308583   0.0337802532  -0.0829437977   0.0219480625
67  5   0.1126259922  -0.0001257986  -0.0000260814   0.0000229159   0.0000578638
67  6  -0.0000201486   0.0000363145   0.0000509733  -0.0000186082  -0.0000186632
67  7   0.0000282942  -0.0000187868   0.0000003246  -0.0000065954   0.0000044933
67  8   0.0000179900  -0.0000012358  -0.0000037617   0.0000109084   0.0000418258
67  9   0.0000550206  -0.0002177358   0.0000004358  -0.0000005265  -0.0000049533
67 10   0.0000078129   0.0000795829   0.0000130883   0.0001432582   0.0000349398
67 11   0.0000018966  -0.0001210581   0.0000354464  -0.0001530197  -0.0003383640
67 12  -0.0002499808  -0.0016024058   0.0012471301  -0.0000249688  -0.0003777325
67 13  -0.0051609770  -0.0033842953  -0.0000813283  -0.0018145355   0.0021344225
67 14   0.0023840620   0.1064688377  -0.0311964145  -0.1482099473  -0.0000398279
67 15   0.0000127479   0.0000039183
68  1  -0.0000517943   0.0000721025   0.0000449571   0.0000027155   0.0001056525
68  2  -0.0000470396  -0.0001151080  -0.0001301012   0.0000950131   0.0000042831
68  3   0.0001435775   0.0001309059  -0.0003256214  -0.0005059931   0.0002078554
68  4  -0.0064915220   0.0062987627   0.0155385540   0.0243774571  -0.0829725155
68  5  -0.0830887808   0.0000810930   0.0000009341   0.0000775572  -0.0000577279
68  6  -0.0001198186   0.0000067230  -0.0000654395  -0.0000550942  -0.0000480311
68  7  -0.0000131331   0.0000214456  -0.0000087471   0.0000119864   0.0000048768
68  8  -0.0000103566  -0.0000041894  -0.0000038813   0.0000071004   0.0000114007
68  9   0.0000594850  -0.0001239853   0.0000120380   0.0000062418  -0.0000108090
68 10  -0.0000368441  -0.0001159148   0.0000393499  -0.0000386119  -0.0000533593
68 11  -0.0000210772   0.0002271188  -0.0001275917  -0.0001338825   0.0002419392
68 12   0.0002138205  -0.0002367786   0.0002280156   0.0000462274   0.0005523015
68 13  -0.0040544518  -0.0005115654   0.0009003161   0.0172261464  -0.0124697489
68 14  -0.0387060025  -0.0311964145   0.0901015109   0.1048476461   0.0000266640
68 15  -0.0000090532  -0.0000127892
69  1   0.0000373551   0.0000575126  -0.0000388918  -0.0000491281  -0.0000104299
69  2   0.0000387646  -0.0000886765   0.0000794840  -0.0001887803  -0.0002127297
69  3  -0.0000566928  -0.0002047085  -0.0017155839  -0.0001049259   0.0027601934
69  4  -0.0038934306  -0.0004761733  -0.0067432561   0.1554484711  -0.1114146187
69  5  -0.3237688191  -0.0000261297  -0.0000190164  -0.0001034727   0.0000387905
69  6  -0.0000097829   0.0000737840   0.0000454112  -0.0000290285  -0.0000339332
69  7   0.0000118026  -0.0000050587   0.0000107485  -0.0000192776   0.0000049582
69  8   0.0000003582   0.0000051612   0.0000052171  -0.0000003043   0.0000360027
69  9  -0.0000521816   0.0000688318   0.0000069220   0.0000064254   0.0000113746
69 10   0.0000242025   0.0000576774  -0.0000242548  -0.0000242527   0.0000011564
69 11   0.0000078982   0.0000305415  -0.0000108871  -0.0000431982   0.0006277405
69 12  -0.0004128926   0.0002763337   0.0003072040   0.0004729685  -0.0001031044
69 13   0.0012349320   0.0019695781   0.0013242532  -0.0035943992   0.0050917751
69 14  -0.0022802817  -0.1482099473   0.1048476461   0.3289611138  -0.0000209815
69 15   0.0000072896  -0.0000006489
70  1   0.0001978443  -0.0009374457  -0.0005239563   0.0038583352   0.0021198907
70  2   0.0007185277   0.0005816680  -0.0001212640   0.0004247774  -0.0001484817
70  3   0.0000388749  -0.0005014731  -0.0000098291   0.0000098285   0.0001893360
70  4  -0.0000589216   0.0000838568  -0.0001438681   0.0001436514   0.0001051278
70  5   0.0000280127  -0.0054063688   0.0079037942  -0.0118443805  -0.0037128725
70  6  -0.0049116635   0.0028553340  -0.1564563343   0.0333914373  -0.2087159000
70  7   0.0000263981  -0.0000739450   0.0000470453   0.0001041808  -0.0002331862
70  8  -0.0002327370  -0.0000688581   0.0001118697  -0.0004946183   0.0001216756
70  9   0.0001241567   0.0000550842   0.0000764898   0.0000613330  -0.0000162640
70 10   0.0000953358  -0.0000500064   0.0001199840  -0.0000228156   0.0000968934
70 11   0.0002874233  -0.0000223948  -0.0000242571  -0.0000318329  -0.0000253510
70 12   0.0000008631  -0.0000049065   0.0000112639  -0.0000079097   0.0000035341
70 13   0.0000027252   0.0000082402   0.0000138508  -0.0000322720  -0.0000002320
70 14  -0.0000397510  -0.0000398279   0.0000266640  -0.0000209815   0.1607847593
70 15  -0.0377229205   0.2178277598
71  1  -0.0004604692   0.0006972352  -0.0007915052   0.0005145634  -0.0072455368
71  2  -0.0018460888  -0.0003896172  -0.0001618522  -0.0002678015   0.0000430413
71  3  -0.0000397153   0.0001225047   0.0000247343   0.0001090014  -0.0001247619
71  4   0.0000476686   0.0000074900   0.0000586220  -0.0001213022   0.0000636757
71  5  -0.0000566380   0.0330955398  -0.0073746694   0.0489974278  -0.0047137934
71  6   0.0051759112  -0.0053818273   0.0087897406  -0.0503125483   0.0091477613
71  7  -0.0000757197   0.0000420266   0.0001704426  -0.0001957013   0.0002501662
71  8   0.0005525579   0.0010016518  -0.0002676668   0.0014131259  -0.0000716417
71  9   0.0002044104  -0.0000416040   0.0002443390   0.0003543445   0.0000098994
71 10  -0.0000569099   0.0000202502   0.0000719228   0.0000507019   0.0000598146
71 11  -0.0001468774  -0.0000127860  -0.0000528074  -0.0000365378  -0.0000321965
71 12   0.0000061717   0.0000199607   0.0000087359  -0.0000086957   0.0000154119
71 13   0.0000094702   0.0000184742   0.0000117245   0.0000101230   0.0000014670
71 14   0.0000047420   0.0000127479  -0.0000090532   0.0000072896  -0.0377229205
71 15   0.0584621065  -0.0519097511
72  1   0.0004687244   0.0001182756   0.0011491123  -0.0009738463   0.0012546287
72  2   0.0035500121  -0.0000770421  -0.0000166776  -0.0001744346   0.0000692671
72  3  -0.0000192885   0.0001475203   0.0000021945  -0.0001056590  -0.0000005175
72  4  -0.0000099645   0.0000478777   0.0000660914   0.0000134104   0.0000285214
72  5   0.0000141234  -0.0081665996   0.0105610531  -0.0081381256   0.0029663849
72  6  -0.0059316569  -0.0024610617  -0.2116215765   0.0463564006  -0.3319599442
72  7   0.0000613653   0.0001989165  -0.0002214193  -0.0001480197  -0.0001193867
72  8   0.0000209499  -0.0003357450  -0.0000332320  -0.0001493926   0.0000062396
72  9  -0.0002416911  -0.0000091969  -0.0000655817  -0.0001377040  -0.0000508956
72 10  -0.0000063464  -0.0000142182   0.0000068597  -0.0000443254  -0.0000206212
72 11   0.0000547627   0.0000011825   0.0000136289   0.0000093268   0.0000421520
72 12  -0.0000256562  -0.0000118739  -0.0000052494   0.0000063684   0.0000128224
72 13  -0.0000091217   0.0000045077  -0.0000191746   0.0000008197  -0.0000018470
72 14  -0.0000023463   0.0000039183  -0.0000127892  -0.0000006489   0.2178277598
72 15  -0.0519097511   0.3381674507
$end
