$vibrational normal modes
 1  1  -0.0930670620   0.0756321655   0.0848333083   0.0977163420   0.1483034743
 1  2   0.0671840682  -0.0383179865  -0.0455917970   0.1821973010  -0.0391470292
 1  3   0.0791432327   0.0404316071   0.1112291708   0.1458643825   0.0356031111
 1  4   0.0077132700  -0.0251615700   0.0301634736  -0.2192777987  -0.1060436080
 1  5  -0.0808398024   0.0021108996  -0.0114668193  -0.0078395095   0.0171014829
 1  6   0.0088641538  -0.0050138226  -0.0059016661   0.0342373648   0.0130067672
 1  7   0.0444234409   0.0666813006   0.0012773925   0.0358355763   0.0176534284
 1  8  -0.0672441745  -0.0923987577   0.0119538466  -0.0356998234   0.0105296028
 1  9  -0.0125852132  -0.0036450169   0.0102259781   0.0164522848  -0.0109006208
 1 10  -0.0059284982  -0.0063923546   0.0006260511  -0.0026397290   0.0191729838
 1 11   0.0022465864  -0.0000510436  -0.0001782681   0.0003493858  -0.0001126485
 1 12  -0.0555035978  -0.0005920756   0.0038111093   0.0000359947  -0.0002468321
 1 13  -0.0000035797  -0.0000171592  -0.0001062104   0.0000328103   0.0001272948
 1 14   0.0003056386   0.0000475816  -0.0000133242   0.0495617258  -0.0000077753
 1 15  -0.0368558304  -0.0000224307
 2  1   0.2043950217   0.0277904476   0.1036569651   0.1595280635  -0.1948551311
 2  2   0.2341641003  -0.0834508070  -0.0388965313  -0.0571761911  -0.0883218198
 2  3   0.0673861366   0.1551436726  -0.0058740091  -0.1083380217   0.0564126943
 2  4   0.0107145710  -0.0295135956  -0.0165292809  -0.0748205974   0.0015498295
 2  5  -0.0046913569   0.0169202232   0.0075823849   0.0041925419  -0.0085519528
 2  6  -0.0104645453   0.0019452176  -0.0057366368   0.0046568770  -0.0046314536
 2  7  -0.0054793015  -0.0125325100   0.0121699331  -0.0060347225  -0.0088015081
 2  8   0.0240911464   0.0916046169   0.0153626265  -0.0009421812   0.0286947043
 2  9  -0.0287565255  -0.0218641681   0.0138424680   0.0251409186   0.0192474449
 2 10  -0.0006371575   0.0166860905   0.0075827303  -0.0054085125   0.0666798435
 2 11   0.0126889941  -0.0006362861  -0.0009632661   0.0015315311  -0.0003909448
 2 12   0.0284569828   0.0003402091  -0.0048724375   0.0000324578  -0.0001420689
 2 13  -0.0000182379   0.0000170416  -0.0000237548  -0.0000219330   0.0005611718
 2 14   0.0017705744   0.0014887371  -0.0000049555  -0.0254686746  -0.0000306043
 2 15  -0.0720054718   0.0001530401
 3  1  -0.1908691687   0.0380704437   0.1143493285   0.0251612653  -0.0858355083
 3  2   0.0177717408  -0.0112519651  -0.0104846439  -0.0076670501  -0.0086400332
 3  3   0.0474993535  -0.0483212186   0.0621490395   0.1527399939   0.0142920530
 3  4  -0.0067314050  -0.0297529681  -0.1662717325   0.0176931479   0.1208867352
 3  5   0.1132456910  -0.0293214206   0.0351239249   0.0278136001  -0.0562862577
 3  6  -0.0390899161  -0.0573353348  -0.0940975818   0.1421615054   0.0242354093
 3  7   0.0126791793  -0.0998280469  -0.0057267577  -0.0185644789  -0.0016720603
 3  8   0.0408330310   0.0791620596  -0.0045886878  -0.0069721984   0.0067594818
 3  9  -0.0013958999  -0.0004392991   0.0053046323   0.0056681552  -0.0085373107
 3 10  -0.0027181320   0.0020992164   0.0007413889  -0.0011527376  -0.0063512943
 3 11  -0.0050446458  -0.0001141874  -0.0012578947   0.0012163656  -0.0006282927
 3 12   0.0412528074   0.0005202404  -0.0050905487  -0.0000289237   0.0000210011
 3 13  -0.0000301545  -0.0002333913  -0.0000359814  -0.0000580496  -0.0001339502
 3 14  -0.0004404723  -0.0006147103   0.0000043780  -0.0067973375   0.0000032787
 3 15   0.0059684908   0.0001373434
 4  1  -0.0362938018   0.0449437151   0.0821783053   0.1134724853   0.1422021954
 4  2   0.0031984917  -0.0252734075   0.0160047445   0.0831187277   0.0029766064
 4  3   0.0220942095  -0.0509735910  -0.0116039527  -0.0467761772  -0.0411226168
 4  4   0.0038266661   0.0078895307   0.1692108549  -0.0562460563  -0.0414994075
 4  5   0.1132909955   0.0656371329  -0.0309814814  -0.0001317790  -0.0280211673
 4  6   0.0114655308  -0.0866626781  -0.0275438239   0.0209628347  -0.0291062370
 4  7   0.0067711336   0.1201328715   0.0312904203  -0.0056783235  -0.0447539618
 4  8   0.0732535290   0.2221826159   0.0012990126   0.0923215955   0.0166307436
 4  9   0.0122023362  -0.0192687660  -0.0235036144  -0.0494076472   0.0837648097
 4 10   0.0318415721   0.0549721231   0.0049646148   0.0102567527  -0.0908289927
 4 11  -0.0358414812  -0.0017259171   0.0075815983  -0.0029636520   0.0030046786
 4 12  -0.0178671710  -0.0002826623  -0.0400214949  -0.0000352426   0.0002545893
 4 13   0.0000460937   0.0007830074   0.0002041161   0.0003002510   0.0021602538
 4 14   0.0062131027   0.0054727957  -0.0000003148   0.0009585128   0.0000028551
 4 15  -0.0001441843   0.0003578899
 5  1   0.0780825476  -0.0460169880   0.0068856803   0.1381380935  -0.1056808166
 5  2   0.1608428768  -0.0777279823  -0.0033836869   0.0077763800  -0.0104330962
 5  3  -0.0261146515  -0.0546521737  -0.0197513655   0.0480710324  -0.0667691040
 5  4  -0.0035362833  -0.0283901316   0.0420152039   0.0388300249   0.0178471436
 5  5   0.1022972264  -0.2072501882  -0.0007177564  -0.0295745090   0.0150448196
 5  6   0.0198534885   0.1328413543   0.0150736619   0.0490124966  -0.0385725285
 5  7   0.0864529526   0.1045403363   0.0246649378   0.0449264476   0.0114530795
 5  8  -0.0470540828  -0.0300936285  -0.0153992006  -0.0042921128  -0.0452633361
 5  9   0.1074137439   0.0291027138  -0.0471133834  -0.0617439000  -0.0443733929
 5 10  -0.0181930295  -0.0092525914  -0.0050973228   0.0004066543  -0.0505354349
 5 11  -0.0076023993   0.0024388173   0.0017927443  -0.0027070628   0.0006769241
 5 12   0.0080509275   0.0002247942  -0.0233128961   0.0002504273  -0.0004695666
 5 13  -0.0008031153  -0.0094431569  -0.0009846716  -0.0013056552  -0.0225611974
 5 14  -0.0635071817  -0.0489168490   0.0000067441  -0.0016525295  -0.0000077805
 5 15  -0.0022796237   0.0000860114
 6  1  -0.1119370081   0.0479329710   0.1486182670   0.0420150766  -0.1222674348
 6  2   0.0085492669  -0.0093272837   0.0086243594  -0.0915935722  -0.0138179167
 6  3   0.0531349014  -0.0260132474   0.0014408764  -0.0031621275   0.0130516383
 6  4  -0.0034822213  -0.0068680078  -0.0845923233   0.0419531644   0.0808374066
 6  5   0.1287529501   0.0982725680   0.0074129456   0.0183368307  -0.0374094834
 6  6  -0.0165945810  -0.0825344103   0.0197889262  -0.0891777887  -0.0168840713
 6  7  -0.0338486823   0.1871363081   0.0083489893   0.0206807574  -0.0101491941
 6  8  -0.0633303995  -0.1857064142   0.0038363202   0.0668468827  -0.0439206712
 6  9   0.0147593829  -0.0022137876  -0.0473542180  -0.0534620137   0.1008235217
 6 10   0.0347687752   0.0046472008  -0.0020739360   0.0126899556   0.0587938527
 6 11   0.0460268732   0.0015124626   0.0122929845  -0.0103602562   0.0056300942
 6 12  -0.0203688068  -0.0004737049  -0.0606482613  -0.0001581560   0.0000602544
 6 13   0.0002289333   0.0013466323   0.0002452600   0.0006577625   0.0012246484
 6 14   0.0040830285   0.0043544359   0.0000102373   0.0023344347  -0.0000085669
 6 15  -0.0001095650   0.0007529329
 7  1  -0.0299624173   0.0697091127   0.0522850981   0.1297233662   0.1231933072
 7  2   0.0169754696   0.0163468463  -0.0215136256   0.0418729939  -0.0177806998
 7  3   0.0469651231   0.0350354865  -0.0605581577  -0.0120557546  -0.1040174455
 7  4  -0.0023099868  -0.0162540809   0.1232400959  -0.0152304594   0.0752743269
 7  5   0.1525915473  -0.0362794536  -0.0279614631   0.0308728282  -0.0155336285
 7  6   0.0810807016  -0.0752625584   0.0279371424  -0.0524240255  -0.0571934861
 7  7  -0.0230573776  -0.2025971515   0.0243719649  -0.0387452807   0.0953643807
 7  8  -0.0144017607  -0.0364114987   0.0247727318  -0.0671372565   0.0092484989
 7  9  -0.0382116976   0.0695046629   0.0150523268  -0.0457365282  -0.0296555472
 7 10   0.0023455768  -0.0439527711  -0.0381300631   0.0244179043   0.0143352541
 7 11   0.1090360465   0.0039026346   0.0112738867  -0.0239717600   0.0094586736
 7 12   0.0050276445   0.0000621955  -0.0106941894  -0.0014868598  -0.0015338806
 7 13   0.0018697434   0.0059335044   0.0011216569   0.0131162992  -0.0118092049
 7 14  -0.0196896235   0.0296967638  -0.0000618462  -0.0000737827   0.0000374699
 7 15   0.0001417272   0.0000344099
 8  1   0.0644953716  -0.1053298990   0.0591922207   0.1064006430  -0.0620992010
 8  2   0.1186826607  -0.1669319800   0.0755318243   0.0746980291   0.0408875280
 8  3  -0.0965532797  -0.2213470194   0.0423148246  -0.0372937550   0.0593023139
 8  4   0.0049180021   0.0336132287   0.0302743297  -0.0548585419   0.0005735372
 8  5   0.0669510097  -0.0492617971  -0.0167482033  -0.0190630385   0.0467326893
 8  6  -0.0048959857  -0.0433433124  -0.0005223129  -0.0328944842   0.0903372072
 8  7  -0.0623888619  -0.0747585532  -0.0768718460   0.0052464725  -0.0284162287
 8  8  -0.0152722752  -0.0615823230  -0.0093445236  -0.0165149132   0.0818158552
 8  9  -0.0749527297  -0.0474980411   0.0028645472  -0.0186082625   0.0234589295
 8 10  -0.0298126511   0.0142872836  -0.0045524372   0.0085791740  -0.0092029998
 8 11   0.0041358090   0.0027911044   0.0354727879  -0.0350740662   0.0200947768
 8 12   0.0015133941   0.0000115045  -0.0037207087  -0.0026993793  -0.0132619662
 8 13   0.0070910336   0.0638874595   0.0040782065  -0.0000205169   0.0183877740
 8 14   0.0163450934  -0.0440810317   0.0000096445  -0.0001390469  -0.0000068720
 8 15   0.0002906905   0.0000225965
 9  1  -0.1104293625   0.0092767289   0.0559201215   0.0685507194  -0.1066462400
 9  2  -0.0791716884   0.0559927400   0.0375750301  -0.1888248893   0.0201433911
 9  3   0.0070188163   0.0072288330  -0.0986567201   0.0320429458  -0.1045144865
 9  4  -0.0144016927   0.0276201642   0.0280828024  -0.1897179755   0.0029275084
 9  5   0.0137293839   0.0066275786  -0.0054231406   0.0516555962   0.0058058654
 9  6  -0.0013926364  -0.0266363006   0.0625044103  -0.0365770897   0.0807795049
 9  7   0.0867528216  -0.0008549678  -0.0648392121   0.1334845848  -0.0053055092
 9  8  -0.0827471072   0.0684647448  -0.0707598245  -0.0219643507   0.0307781156
 9  9   0.0427937637  -0.0050658554   0.0504369413   0.0581309566  -0.0308943786
 9 10   0.0079727468   0.0300634275   0.0152917546  -0.0226006673   0.0070340702
 9 11  -0.0466232550  -0.0014940856   0.0397538797  -0.0290706066   0.0234820792
 9 12   0.0024672766   0.0001628031   0.0007724224  -0.0024292243  -0.0054469011
 9 13   0.0048167870   0.0215323412   0.0017855272   0.0239070739  -0.0183686860
 9 14  -0.0333424890   0.0474665950  -0.0001024798  -0.0001708334   0.0000544266
 9 15   0.0000556091   0.0000133240
10  1   0.0270498188   0.0389221382   0.0495867339   0.1455615931   0.1170464148
10  2  -0.0472567001   0.0117716401  -0.0328809596   0.0684699002   0.0070811416
10  3  -0.0917400012   0.0641418047   0.0314577941  -0.0438332174  -0.0602317548
10  4  -0.0166566274  -0.0091603833   0.0227063831   0.0181150230   0.2284304126
10  5  -0.0751516085   0.0039616092   0.0109457129   0.0543968260   0.0116287581
10  6   0.0571127177   0.0582040265  -0.0345721411   0.0169032391   0.0042002087
10  7  -0.0987755238  -0.0376678312  -0.0023164787   0.1160038224  -0.1550641777
10  8  -0.0706688294  -0.0073457917   0.0252101120   0.0167587325   0.0037951147
10  9  -0.0095190147   0.0001499762  -0.0558822666  -0.0299013011  -0.0098733086
10 10   0.0323574456  -0.0511770918   0.0420384530  -0.0436343513   0.0380149382
10 11  -0.1118711519  -0.0042012235  -0.0072415965  -0.0157493752   0.0088323463
10 12  -0.0020041910  -0.0007037914  -0.0019726272   0.0075906995   0.0136577758
10 13   0.0039368289   0.0100694694   0.0154384375  -0.0341695265  -0.0072341720
10 14  -0.0048153987   0.0078225918  -0.0000312095   0.0000140001   0.0000055663
10 15   0.0000045270  -0.0000228889
11  1  -0.0627263301  -0.1841387800  -0.0328185479   0.0822953432   0.0306745181
11  2   0.0418514452  -0.1727995069   0.2184842386   0.0137346177   0.0295689159
11  3   0.0684347345  -0.0269881274  -0.1115330693   0.0358807929   0.0775441006
11  4   0.0197986637   0.0314993615  -0.0253355384  -0.0951540714   0.0575807384
11  5  -0.0961613303   0.0239177778   0.0054487256  -0.0328397815   0.0035583706
11  6  -0.0394563480  -0.0267182692  -0.0374894222  -0.0079418012  -0.0754867321
11  7  -0.0353032414  -0.0616090679   0.0963066980   0.0431901625  -0.0117861787
11  8  -0.0407702552   0.0209521068   0.0203884216  -0.0279867780  -0.1178472160
11  9   0.0132843532   0.0373028840   0.0081862560   0.0336347868   0.0309015829
11 10   0.0049092159   0.0172105546   0.0122274323  -0.0002619002   0.0017704645
11 11  -0.0164409947  -0.0136517717  -0.0333132375  -0.0393148455   0.0157530769
11 12  -0.0024295576  -0.0006628494  -0.0027100932  -0.0040594098   0.0538150714
11 13  -0.0047567546  -0.0014729003   0.0000292505   0.0579369723   0.0158026876
11 14   0.0038637742  -0.0137450022   0.0000367364   0.0001125957  -0.0000724442
11 15  -0.0000283530   0.0000271461
12  1  -0.0256485340   0.0179405801   0.0880913473   0.0879554248  -0.1449671874
12  2  -0.0934259896   0.0541187660  -0.0225426981  -0.1473912311   0.0409504290
12  3  -0.1428336801  -0.0399764227   0.0329279174  -0.0026444119  -0.0693412976
12  4  -0.0234586649   0.0315694832   0.0263472105  -0.2164143128  -0.0076262696
12  5  -0.0900027520   0.0075156755  -0.0035196441   0.0313879195   0.0086420568
12  6   0.0553238987   0.0487920135  -0.0248573177   0.0496616350  -0.0592622976
12  7  -0.0470355050   0.0079286140   0.0579176821  -0.1346118578   0.0272984023
12  8   0.0813061151  -0.0682729945   0.0751805886   0.0421508328  -0.0082540411
12  9   0.0180951941  -0.0585068028  -0.0245942873   0.0289972184  -0.0219339041
12 10  -0.0182088457   0.0267428562  -0.0092818131  -0.0038029942  -0.0313286758
12 11   0.0678690634  -0.0072641203  -0.0414878376  -0.0434712638   0.0100232589
12 12   0.0005812089   0.0003894072   0.0010977293   0.0127689546   0.0329189473
12 13   0.0052713892   0.0160468974   0.0263967793  -0.0468004191  -0.0089253618
12 14  -0.0074444806   0.0104584562  -0.0000324869   0.0001209050  -0.0000386036
12 15  -0.0001373848  -0.0000537417
13  1   0.0349968424   0.0651480901   0.0171674038   0.1634609044   0.0963463464
13  2  -0.0335690897  -0.0377104407  -0.0137101143   0.1065163245   0.0082274189
13  3  -0.0736505559   0.0136956851  -0.0871935563   0.0047839449   0.0275360242
13  4   0.0161979078   0.0088738888  -0.0563886121   0.0193405845   0.1926722737
13  5  -0.0874521662   0.0146988613   0.0169236932   0.0406902204   0.0391602270
13  6  -0.0254336018   0.0276941559   0.0027176199  -0.0100144236   0.1025697569
13  7   0.0328840323   0.1146241245  -0.0161426509  -0.0831827908   0.1555999086
13  8   0.0654775756   0.0073550336   0.0164007539   0.0091846752  -0.0010078221
13  9   0.0370747836   0.0196084635   0.0735226987  -0.0008263134   0.0379530280
13 10  -0.0648436214  -0.0023784434  -0.0390908969   0.1096223412   0.0129188821
13 11  -0.0354964509  -0.0157740380   0.0005593208   0.0010244832   0.0043506010
13 12   0.0002425444  -0.0003843694   0.0000694553   0.0113567111   0.0070752003
13 13   0.0111239133   0.0046095585  -0.0275506573  -0.0028923057  -0.0118322788
13 14   0.0041663553  -0.0006375894  -0.0004413502   0.0000033033   0.0000813169
13 15   0.0000014707  -0.0000068870
14  1  -0.0793703608  -0.2436960623   0.0152638246   0.0509236893   0.0753941313
14  2  -0.0010545921  -0.0872058364   0.1946684248  -0.0428413596   0.0200919313
14  3   0.0289406667   0.1190042503   0.1106197873  -0.0577393690  -0.0678547198
14  4  -0.0476988255  -0.0111677038   0.0037902364   0.0183115327   0.0724031124
14  5  -0.0320742378   0.0054912231   0.0079157358  -0.0318138780  -0.0442857128
14  6  -0.0028121392  -0.0088468200   0.0553314535   0.0126317461  -0.0336120630
14  7   0.0916215423   0.0274268567  -0.0693977934  -0.0911053690   0.0006135395
14  8   0.0554008936  -0.0420513466   0.0102894808   0.0351919982   0.1111989941
14  9   0.0118623961   0.0521512924  -0.0255807834   0.0118923488  -0.0133285904
14 10   0.0206638224   0.0022032061  -0.0242017732   0.0097010946   0.0106492518
14 11  -0.0105026656  -0.0430721557   0.0016545184   0.0147903177   0.0260132205
14 12   0.0003513789   0.0000222098  -0.0007488537   0.0491649244  -0.0219682790
14 13  -0.0072933930  -0.0111534778   0.0522407960   0.0188043512   0.0267967317
14 14  -0.0077950099  -0.0002989071  -0.0003374059  -0.0000098188  -0.0001329862
14 15   0.0000370323  -0.0000216547
15  1  -0.0297514527  -0.0221552454  -0.0088175632   0.1137914819  -0.1264461469
15  2  -0.1821558792  -0.0191058815   0.0610710488  -0.0727069206   0.0152516499
15  3  -0.1009904193   0.0884927475   0.0514766072   0.0848321701   0.1231008240
15  4   0.0280614030  -0.0394228918   0.1330113270   0.0363303672  -0.0523236412
15  5   0.0292899399  -0.0056143143  -0.0047117852  -0.0190791943  -0.0352881490
15  6   0.0538985961   0.0345027335  -0.0913977039  -0.0158300245  -0.0565498902
15  7  -0.0901149450   0.0468722890  -0.0539627071   0.0441115361   0.1157810689
15  8  -0.0150961824   0.0388721404  -0.0790871160  -0.0353810972   0.0193943780
15  9  -0.0223850976   0.0561626246  -0.0028780447  -0.0024070430   0.0428230198
15 10  -0.0405130183  -0.0228060185  -0.0116621080   0.0197480586   0.0168387598
15 11  -0.0448986144   0.0513010844  -0.0076934337  -0.0254047575  -0.0303167783
15 12   0.0004515701  -0.0006301764  -0.0024382395  -0.0418437838  -0.0095346112
15 13  -0.0227122595  -0.0064996206   0.0475332460  -0.0000122356   0.0186727258
15 14  -0.0074132969   0.0017520439   0.0002765994  -0.0000389217  -0.0001124163
15 15   0.0000272323   0.0000300868
16  1  -0.0199946622   0.0625699436   0.0536576680   0.1315892730   0.1232607484
16  2   0.0044422445  -0.0093573274   0.0163802586  -0.0417916788  -0.0269858864
16  3  -0.1962461522   0.0482746165  -0.0602819234   0.0283184675   0.0555043320
16  4  -0.0056016818   0.0016720864  -0.0969066046   0.0368236614  -0.0715440164
16  5   0.0249330466  -0.0024151770  -0.0019248040  -0.0045899306   0.0157423904
16  6  -0.0286321961  -0.0136328396  -0.0251545884  -0.0313197703  -0.0140045772
16  7   0.0843505561  -0.0109022339  -0.0011443356  -0.2439890621  -0.0989184008
16  8  -0.1204865059   0.0299339176  -0.0417013753  -0.0069528614   0.0128526706
16  9  -0.0057978692   0.0424926790   0.0063845620   0.0045783359   0.0492111404
16 10  -0.0405995677  -0.0197861266   0.0609964588  -0.0891458274  -0.0217481940
16 11   0.0395971578   0.0083438476  -0.0022284025   0.0152035759   0.0224278303
16 12  -0.0001508403   0.0129344886   0.0000187475   0.0001444166  -0.0022930865
16 13   0.0036268243  -0.0010384387   0.0109624117   0.0071206733  -0.0243262423
16 14   0.0119624360  -0.0047050430  -0.0012629864  -0.0000018337  -0.0009700217
16 15   0.0000095412  -0.0000117275
17  1   0.0320491914  -0.2406345751   0.1763671139   0.0342412510   0.0377826895
17  2   0.0222300769   0.1091759968  -0.0748691978   0.0403373103   0.1508653574
17  3   0.0683807383   0.0681566964   0.0252038442  -0.0362096249  -0.0697631176
17  4   0.0200444511   0.0107512202  -0.0798079903   0.0100994519  -0.0604070795
17  5   0.0244173057  -0.0024661119  -0.0028495424  -0.0061323842  -0.0447621768
17  6   0.0711168183   0.0386516670  -0.0397827368  -0.0154516792   0.0762550180
17  7  -0.0474215202   0.0329338909   0.0230432722  -0.0881131356   0.0447700000
17  8  -0.0686883802   0.0507656629  -0.0367903410  -0.0340768579  -0.0712602682
17  9  -0.0174340511  -0.0585166843   0.0452668304  -0.0473934957  -0.0046471503
17 10   0.0103738284  -0.0091377658  -0.0447774984  -0.0386572606   0.0054545533
17 11  -0.0114265532   0.0249077489  -0.0108062476   0.0178897237   0.0394602063
17 12   0.0001116352  -0.0092245931  -0.0002414013  -0.0116025916   0.0006482784
17 13   0.0592134386  -0.0109773545  -0.0065989967  -0.0083830352   0.0527628905
17 14  -0.0227639232   0.0069890790   0.0013094520  -0.0000010985   0.0024730490
17 15  -0.0000030161   0.0000180029
18  1   0.0534790289  -0.0189349359   0.0100640086   0.1364079220  -0.1618462751
18  2  -0.2080606632   0.0162271604  -0.0494311705   0.0876812219   0.0878383975
18  3   0.0166612694   0.0487630812  -0.0011656411   0.0695581802   0.1011282396
18  4   0.0672495836  -0.0255967691   0.0975347126   0.0484614071   0.0230393006
18  5   0.0133602747  -0.0024602084   0.0005170341  -0.0460936541  -0.0355041860
18  6  -0.0210171457  -0.0486145208   0.0794288563  -0.0047374366   0.0376395871
18  7   0.1028093881  -0.0706043747   0.0413971440   0.0004268778  -0.1174648108
18  8   0.0304982725  -0.0470604795   0.0762659759   0.0386608193   0.0044660379
18  9   0.0331845183  -0.0153204207   0.0682885569  -0.0292736716   0.0148686361
18 10  -0.0114428705  -0.0099176539  -0.0245376179  -0.0580343693  -0.0022763312
18 11   0.0040614657  -0.0308523245   0.0142016714  -0.0146183850  -0.0478968408
18 12  -0.0000733528   0.0214825241   0.0005027268   0.0067352134   0.0043373182
18 13  -0.0309586613   0.0065487845  -0.0295456389  -0.0155335338   0.0488915603
18 14  -0.0253231172   0.0108657906  -0.0029288982  -0.0000040652   0.0016757962
18 15  -0.0000062072  -0.0000018831
19  1  -0.0113399010   0.0846447374   0.0251622569   0.1477472450   0.1049350644
19  2   0.0145362662  -0.0585659082   0.0457274267  -0.0097739994   0.0695334945
19  3  -0.1358146064   0.0831795488  -0.0283603174  -0.0144951156  -0.0171058766
19  4   0.0037306120   0.0132877205  -0.1769517355   0.0429538050  -0.1556128548
19  5   0.0572367428  -0.0079544506  -0.0051651431  -0.0261949274  -0.0091475524
19  6  -0.0276745790  -0.0409667919   0.1307508644   0.0813202933  -0.0271803908
19  7  -0.0770552709  -0.0073870132  -0.0068836869   0.1537102300   0.0355766115
19  8   0.0619310556  -0.0158819185   0.0257918007   0.0035035568  -0.0056655260
19  9   0.0018183787  -0.0059256144   0.0032276807  -0.0044194280   0.0001353172
19 10   0.0008663179   0.0008088566  -0.0214602838  -0.0147046026   0.0020905116
19 11  -0.0060860773   0.0052523955  -0.0021541678   0.0002951240   0.0020279784
19 12   0.0006091592  -0.0505504945   0.0001552428  -0.0005530043   0.0001283251
19 13   0.0007829230  -0.0001791899   0.0002494289  -0.0000437771   0.0005805683
19 14  -0.0002648271   0.0000878169   0.0195500381   0.0000006476  -0.0231575042
19 15  -0.0000021437   0.0000182982
20  1   0.0132964476  -0.3000120927   0.2211102773   0.0033215302   0.0830568635
20  2  -0.0209580608   0.2083271604  -0.1308329088  -0.0044058822  -0.1142426674
20  3  -0.0644582579  -0.0227022381  -0.0667007323   0.0448737863   0.0805209640
20  4  -0.0281466817  -0.0070679812   0.0110364802   0.0107461455  -0.0162042782
20  5   0.0079193229  -0.0003270217  -0.0012521175  -0.0034470531   0.0044694098
20  6  -0.0133055936  -0.0099994303   0.0091609756   0.0017174292  -0.0073392347
20  7   0.0057475020  -0.0146394240   0.0142124191   0.0955954162   0.0067153669
20  8   0.0610738943  -0.0311175882   0.0157769624   0.0160214996   0.0300563139
20  9   0.0115683521   0.0208631111  -0.0016450755   0.0113939936   0.0062816682
20 10  -0.0126948373  -0.0076985540   0.0652799960   0.0229468397  -0.0071090855
20 11   0.0151514094   0.0031373586   0.0018928178   0.0009704928   0.0004020485
20 12   0.0004302559  -0.0398476165  -0.0000763516  -0.0001986273  -0.0000003271
20 13  -0.0010356657   0.0002232161   0.0001188532   0.0001188135  -0.0017663444
20 14   0.0007855406  -0.0002418792   0.0328322149   0.0000050213   0.0647372846
20 15  -0.0000090767   0.0000142304
21  1   0.0581640284  -0.0550721394  -0.0761549330   0.1621899811  -0.1485829992
21  2  -0.2913704061  -0.0423751095  -0.0018401829   0.2151700134  -0.0976612462
21  3   0.0797039976  -0.0274350232  -0.0104573427  -0.0582360527  -0.0716798026
21  4  -0.0651505436   0.0167304572  -0.1077940838  -0.0068424213  -0.0627178578
21  5   0.0205673557  -0.0015470869  -0.0015365534   0.0003470743   0.0031967078
21  6  -0.0089081767  -0.0107153369   0.0562936704   0.0422884184  -0.0074046937
21  7  -0.0520985828   0.0151425974   0.0091712178  -0.0573895022   0.0104660385
21  8  -0.0470508328   0.0227649260  -0.0431317103  -0.0166833954  -0.0032231417
21  9  -0.0141498611  -0.0014520458  -0.0266341956   0.0082206462  -0.0142671591
21 10   0.0126509940   0.0009086538   0.0377895073   0.0324072254  -0.0011863429
21 11   0.0056038799  -0.0031725586   0.0014104363  -0.0016843955  -0.0021540435
21 12  -0.0004904359   0.0317062525  -0.0002188971   0.0002046992   0.0001095502
21 13   0.0007115894  -0.0001454199   0.0003905404   0.0003298220  -0.0013942804
21 14   0.0008293725  -0.0004333689  -0.0410657071  -0.0000006076   0.0419738010
21 15  -0.0000111732   0.0000034991
22  1   0.0252142820   0.0427891238   0.0466540420   0.1465303595   0.1153744038
22  2  -0.0430551534   0.0053638127   0.0024762779  -0.0905576661   0.0005529504
22  3   0.0747382679  -0.0629173868  -0.0100146072  -0.0519390047  -0.0238866923
22  4   0.0009713609   0.0127389920   0.1066836479   0.0153413015  -0.0566226349
22  5   0.0539513487   0.1018666703   0.0368608551   0.0118067731  -0.1109090317
22  6  -0.2099022356   0.1599607723  -0.0294446498   0.0268576787   0.0288022716
22  7  -0.0290767513  -0.0126400463  -0.0142920100  -0.0196450289  -0.0260012755
22  8   0.0202047990  -0.0671698933   0.0020409656  -0.0612262322  -0.0133639555
22  9  -0.0081430108   0.0257519269  -0.0010587270  -0.0356287367  -0.0543652422
22 10  -0.0390073817   0.0517074176   0.0110851798  -0.0075215754   0.0277178883
22 11  -0.0037936972  -0.0007482724  -0.0069136887   0.0011160711  -0.0013694215
22 12   0.0029349201  -0.0001390770   0.2615799196  -0.0000767161   0.0000383835
22 13  -0.0000966395  -0.0004294532  -0.0000637668  -0.0001451692  -0.0000069265
22 14  -0.0002926420  -0.0010990254   0.0000074567  -0.0003094198  -0.0000008402
22 15   0.0000535541  -0.0016214571
23  1  -0.0483463077  -0.0613570346  -0.1614338020   0.1502686314  -0.0551519768
23  2   0.1265051952   0.0411881651  -0.0576960740  -0.0023293916   0.0013793161
23  3  -0.0201892764  -0.0254040577  -0.0082587283   0.0823525526  -0.0788737279
23  4  -0.0092532792  -0.0184508203   0.0338352689   0.0799323846  -0.0395108735
23  5  -0.0694299410   0.0380589546   0.0058163440   0.0073648126  -0.0113157028
23  6  -0.0218057247   0.0204230455  -0.0004265470   0.0094044332   0.0042926015
23  7   0.0132503649  -0.0543388560   0.0005669675   0.0130532679   0.0486704286
23  8  -0.0433620270   0.0081421094  -0.0030939476   0.1046483433   0.0085685564
23  9  -0.0111602369  -0.0449730081  -0.0036857085   0.0602032973   0.1244164583
23 10   0.0792273315  -0.1104289740  -0.0222283277   0.0207859864  -0.0216370480
23 11   0.0240381669   0.0022543936   0.0154877719  -0.0080816334   0.0049074617
23 12  -0.0032673624  -0.0003278052   0.4419926308   0.0001158722   0.0000992981
23 13   0.0000800065   0.0004345740   0.0001470681   0.0002337241  -0.0003754231
23 14  -0.0016301591  -0.0016688648   0.0000019149  -0.0001083079   0.0000058026
23 15  -0.0000428066   0.0014914889
24  1  -0.1786433841   0.0460022585   0.1350480497   0.0234499606  -0.0941685924
24  2   0.0307765539  -0.0035182271   0.0067501660   0.0187328620  -0.0106626760
24  3   0.0261651032  -0.0159279685  -0.0011657722  -0.0310496118   0.0085402483
24  4  -0.0012202662  -0.0045494514  -0.0253176693   0.1088952175   0.0169533873
24  5  -0.0372530178   0.1035158912  -0.0435406050  -0.0816416067   0.1360108220
24  6   0.1355909685  -0.0040830659   0.0215208030  -0.0059129067  -0.0118585395
24  7   0.0104150977   0.0133230677   0.0042241750  -0.0013809395  -0.0192394735
24  8   0.0232295686   0.0327264803   0.0016204675  -0.0557594429   0.0034653483
24  9   0.0137010044   0.0234763245  -0.0007823996  -0.0455816753  -0.0639200438
24 10  -0.0452450754   0.0788440514   0.0154205120  -0.0121114119   0.0147166287
24 11  -0.0145207732  -0.0024057005  -0.0108450905   0.0003793008  -0.0011165117
24 12   0.0004550609  -0.0001357318   0.4603999004   0.0000968593   0.0004984131
24 13  -0.0001537735  -0.0005515717   0.0001891551  -0.0005377807  -0.0001807472
24 14  -0.0008601306  -0.0007524462  -0.0000079814  -0.0000550490   0.0000052033
24 15  -0.0000041002  -0.0022632159
25  1   0.0589196237   0.0005533865   0.0702950996   0.1435355816   0.1273683685
25  2  -0.0988603173  -0.2474279165  -0.1415472686  -0.2470776894  -0.0091405968
25  3   0.1278224235  -0.0937030179   0.0249683144   0.0471521084  -0.0198082560
25  4  -0.0037253711  -0.0150098344  -0.0093538699   0.1311205809  -0.0424242931
25  5  -0.1173478243  -0.0036828983   0.0130376647  -0.0135547635   0.0428213480
25  6   0.0517581241  -0.0213204585   0.0066707119  -0.0015759853  -0.0016033786
25  7   0.0054721580  -0.0149586503   0.0005010508   0.0013025839   0.0073952061
25  8  -0.0026275249   0.0148117912  -0.0008035538   0.0253390741   0.0000525044
25  9  -0.0133435582  -0.0002063578   0.0070218760   0.0121948567  -0.0056937410
25 10   0.0009432526  -0.0087133233  -0.0013943870  -0.0001988626  -0.0064259729
25 11  -0.0025129447   0.0001797509   0.0004774824   0.0016515082  -0.0006413510
25 12   0.0002671852   0.0000911177  -0.1507972084   0.0000450500   0.0000318716
25 13   0.0000337709   0.0001165460   0.0000378385  -0.0000328163   0.0000241311
25 14   0.0001923048   0.0002970643  -0.0000019448   0.0000897235  -0.0000036915
25 15   0.0000022748   0.0000090941
26  1  -0.1247475811  -0.0737441551  -0.2593443921   0.1558130822  -0.0225549715
26  2   0.1036753224   0.0907306415  -0.1013554792  -0.0143403441   0.0076553057
26  3  -0.0129631664  -0.0089546044   0.0116048867  -0.0057551633   0.0061808949
26  4  -0.0007961404  -0.0083409806  -0.0115326041  -0.0258000325   0.0319012014
26  5   0.0936843568   0.1756501926  -0.0187282117  -0.0624667670   0.0554426221
26  6   0.0053339290   0.0835749195   0.0041685910   0.0168788937   0.0041541045
26  7   0.0088165452  -0.0209282281  -0.0016132875   0.0030589109   0.0101464044
26  8  -0.0097792917  -0.0036699439  -0.0025328635   0.0526613591  -0.0124655666
26  9  -0.0365352250   0.0182906542   0.0147229207   0.0032194778  -0.0481467612
26 10  -0.0209138137   0.0133906499   0.0034590890  -0.0054742840  -0.0006446679
26 11  -0.0078506345  -0.0001469586  -0.0031102288   0.0039116996  -0.0019671317
26 12   0.0012148619   0.0001443686  -0.2926927832  -0.0000434704  -0.0001220711
26 13   0.0000051333  -0.0000409813  -0.0000766901  -0.0000155735   0.0001238006
26 14   0.0006108848   0.0006289818   0.0000047580   0.0000905192   0.0000118519
26 15   0.0000117017  -0.0008133034
27  1  -0.1111562982   0.0826080009   0.2320549813   0.0188476675  -0.1371523886
27  2   0.0863859197   0.0771059461   0.1330110469   0.1158514672  -0.0127051686
27  3  -0.0093461980  -0.0189176950  -0.0419840141   0.0083347121  -0.0870573429
27  4  -0.0076060840  -0.0022084464   0.0907998830   0.1778356358  -0.0827939316
27  5  -0.1505193665   0.0314454355  -0.0041247012  -0.0002976158  -0.0087304906
27  6  -0.0376453694   0.0449481035  -0.0037953182   0.0092184245   0.0112820518
27  7  -0.0037717475  -0.0380886694  -0.0059221203  -0.0020709148   0.0113429505
27  8  -0.0080031163  -0.0098839933  -0.0017736437   0.0412924270  -0.0065172656
27  9  -0.0315272024   0.0053899640   0.0132718992   0.0192237207  -0.0176373974
27 10  -0.0021050575  -0.0153703802  -0.0021723347  -0.0004425075  -0.0035286706
27 11  -0.0013305780   0.0005336534   0.0004082236   0.0026190647  -0.0011650175
27 12   0.0009091277   0.0001800768  -0.2752819491  -0.0000552369  -0.0002565134
27 13   0.0000418619   0.0000912180  -0.0001305103   0.0002074776   0.0000664830
27 14   0.0004168003   0.0003287452  -0.0000013089   0.0000436378  -0.0000071149
27 15   0.0000434998  -0.0001221089
28  1   0.0384488285   0.0935889642  -0.0148161302   0.1800022494   0.0762690457
28  2  -0.0149747987   0.3601472843   0.1657896044  -0.0755680035   0.0002556159
28  3   0.1135692306  -0.0809035410   0.0531683350  -0.0905093702   0.1044575427
28  4   0.0099653696   0.0081171043  -0.0419991768   0.0028771140  -0.0031752658
28  5  -0.0114949734  -0.0702008695   0.0542985348  -0.0198345578   0.0423213765
28  6   0.0473533063   0.0073569439   0.0071428874   0.0076626802  -0.0048110526
28  7   0.0158810419  -0.0141114528   0.0023899142   0.0054438947   0.0111682866
28  8  -0.0085061707   0.0090536223  -0.0003043657  -0.0067925190   0.0068146118
28  9   0.0171924309  -0.0130728995  -0.0053406850   0.0095654179   0.0271237693
28 10   0.0154719643  -0.0211308981  -0.0042332656   0.0034446002  -0.0059483168
28 11   0.0035276402   0.0003524529   0.0022768871  -0.0009863927   0.0006322804
28 12  -0.0006555951  -0.0000119834  -0.0218039032   0.0000126630   0.0000289674
28 13  -0.0000018210  -0.0000683513   0.0000016361  -0.0000220411  -0.0000514146
28 14  -0.0000898925  -0.0000134088   0.0000015380  -0.0001680836   0.0000002019
28 15  -0.0000795630  -0.0339310744
29  1  -0.0665859991  -0.0587956728  -0.1915455525   0.1547543966  -0.0510210851
29  2   0.1247365594   0.0921499137  -0.0500876017  -0.0003434127   0.0030698354
29  3  -0.0154861839  -0.0232733321   0.0009740802   0.0428898351  -0.0423839481
29  4  -0.0053573500  -0.0164115370   0.0169162926   0.0699304816  -0.0453484606
29  5  -0.1103756449  -0.0244161921   0.0156122531   0.0631780018  -0.0530787863
29  6   0.0016546308  -0.1477894841  -0.0091538955  -0.0440322817   0.0009746704
29  7  -0.0477728633   0.0748983627  -0.0042277826  -0.0270109406  -0.0692650879
29  8   0.0676014876  -0.0027595432   0.0071042357  -0.1571649613   0.0108911557
29  9   0.0409113841   0.0021558212  -0.0060217739  -0.0164185530  -0.0183499723
29 10  -0.0151501072   0.0257731109   0.0055257596  -0.0049372045   0.0056373005
29 11  -0.0055613296  -0.0007726798  -0.0046622187   0.0015045719  -0.0010458041
29 12   0.0008032496   0.0000147078  -0.0500428650  -0.0000441532   0.0000071733
29 13  -0.0000441021  -0.0002205461  -0.0000377643  -0.0001368428   0.0000227162
29 14   0.0002952644   0.0004573777   0.0000019110   0.0000806086   0.0000081724
29 15   0.0000312481   0.0085651567
30  1  -0.3239693654  -0.0012119200   0.0021259464   0.0120274294  -0.0148867695
30  2  -0.0177270076  -0.1009396323  -0.1516513327   0.0122185995   0.0015813723
30  3   0.0132544322   0.0250195971  -0.0122151427  -0.2226836472   0.1021716648
30  4   0.0123260194   0.0329074522   0.0270523472   0.0014182347  -0.0128892065
30  5  -0.0340902195  -0.1146107621  -0.0273038540   0.0100866390  -0.0216977135
30  6  -0.0305396796   0.0468423658   0.0002095928   0.0110918478   0.0012431064
30  7   0.0078945449  -0.0194887388  -0.0006507381   0.0009782561   0.0063752816
30  8  -0.0038189078  -0.0026633226   0.0005399038  -0.0343082471   0.0096865760
30  9   0.0280784230  -0.0183864701  -0.0088157228   0.0123760200   0.0387095670
30 10   0.0211713687  -0.0296096745  -0.0059795018   0.0051620277  -0.0065087374
30 11   0.0056485863   0.0007950518   0.0039893971  -0.0009202645   0.0007184079
30 12   0.0002532692   0.0000122200  -0.0390922354  -0.0000313086  -0.0000906348
30 13   0.0000102611  -0.0000096941  -0.0000720817   0.0001607186   0.0000205459
30 14  -0.0000255761  -0.0001749743   0.0000050420  -0.0001217505   0.0000126994
30 15  -0.0000407181  -0.0504919390
31  1  -0.0985400456   0.0585214565   0.1061617629   0.0858782031   0.1619411172
31  2   0.0584629450  -0.0669528065  -0.0172631310   0.2073960415  -0.0184947527
31  3   0.0514932234  -0.0501252156   0.0595483541   0.0223472357   0.0041579459
31  4   0.0345011745  -0.3228163018  -0.0188399852  -0.3341702014  -0.1444526572
31  5  -0.1151349851  -0.0191605132  -0.0064554013  -0.0072548335   0.0153201835
31  6  -0.0064415302   0.1138416808   0.0856056941  -0.1143661296  -0.0418202217
31  7   0.0124417647   0.1436406483   0.0442527197   0.0334879590  -0.0004366728
31  8  -0.0502711246   0.0151386180   0.0517503778  -0.0261192401   0.0480576192
31  9  -0.0629597817  -0.0355459515   0.0237970662   0.0425602686   0.0425155434
31 10   0.0053211237   0.0285946313   0.0145649669  -0.0084497067   0.1108322992
31 11   0.0164061992  -0.0010345588   0.0014323732   0.0016095461   0.0004448197
31 12   0.2684517549   0.0029829974  -0.0085607910   0.0001908272   0.0003997289
31 13   0.0001815127   0.0008918032   0.0001970812  -0.0002853502  -0.0002216922
31 14  -0.0007612029  -0.0007763018   0.0000772212  -0.6146393847   0.0001805397
31 15   0.6284594778   0.0012083305
32  1   0.2159106734   0.0675293447   0.0721813194   0.1803925687  -0.2248247539
32  2   0.2628708390  -0.0337209491  -0.0994379584  -0.0952426103  -0.1365578045
32  3   0.1320639930   0.3461461029   0.1062306729   0.1329189910   0.1338000032
32  4  -0.0358219634   0.5016971837   0.0480525530   0.0815341011   0.0496185190
32  5   0.0098272184   0.0566503034   0.0068529616   0.0065436441   0.0066173115
32  6  -0.0005962449  -0.1409945872  -0.0817803941   0.1050260700   0.0930476141
32  7  -0.0256045171  -0.2177775219  -0.1012048899  -0.0398474772  -0.0003760564
32  8   0.0592335875  -0.0888210601  -0.1054723579   0.0445297110  -0.0852744654
32  9   0.1207554118   0.0562752239  -0.0405388827  -0.0667923149  -0.0795750088
32 10  -0.0158034069  -0.0512897460  -0.0238091059   0.0117809619  -0.1684747592
32 11  -0.0243411569   0.0015767943  -0.0034957302  -0.0023030158  -0.0011249888
32 12  -0.6079589808  -0.0067335066   0.0137941485   0.0000086953   0.0013460010
32 13  -0.0002099634  -0.0021653735   0.0001738268  -0.0001971070  -0.0011056691
32 14  -0.0023338774  -0.0005040157   0.0000721186  -0.3408683537   0.0000722395
32 15   0.3098837184   0.0009129416
33  1  -0.1888206448   0.0644580121   0.1780390644   0.0079641383  -0.0977578622
33  2   0.0764256477  -0.0561419638  -0.0275503055   0.0644577931  -0.0420833243
33  3   0.0909156427  -0.0091310020   0.1013992397   0.0988749809   0.0899310441
33  4   0.0337611591  -0.3982620879  -0.3491559781  -0.3611389752  -0.0134499777
33  5  -0.1545756008  -0.0222462648   0.0801985306   0.0505248771  -0.0136584074
33  6  -0.1311190271   0.2718487107   0.2783245290  -0.5515004713   0.0286674643
33  7  -0.3118921637  -0.4451172554  -0.1638097462  -0.1841618396  -0.0942197777
33  8   0.3237435010   0.1647138223  -0.2094043746   0.2282987976  -0.1655252664
33  9   0.2281358625   0.0803072791  -0.0986023168  -0.1527010881  -0.0453079428
33 10   0.0077657435  -0.0229177230  -0.0226504030   0.0209646792  -0.2932559547
33 11  -0.0675709745   0.0021270056   0.0030733128  -0.0041281412   0.0009433353
33 12  -0.1857631540  -0.0020858798   0.0154847776   0.0000584368   0.0005321252
33 13  -0.0002257235  -0.0016315694  -0.0000190313  -0.0009083543  -0.0008896848
33 14  -0.0022919931  -0.0031901439  -0.0000025705   0.0771835035  -0.0000279147
33 15  -0.0610671092  -0.0004898426
34  1  -0.0880185897   0.1155762827   0.0397906158   0.1210592816   0.1200137533
34  2   0.0931536254   0.0279767933  -0.1053315621   0.1393274819  -0.0870709614
34  3   0.1466994670   0.2388045174   0.2364860954   0.4458182826   0.1076629121
34  4  -0.0483037149   0.5846212736   0.1068272047  -0.0288830285  -0.0508113906
34  5  -0.0509783512  -0.0138413742   0.0011800375  -0.0104426376   0.0447901674
34  6  -0.0071780435   0.0764991203   0.1407900148  -0.2662078250   0.0136604897
34  7  -0.1189276553  -0.0551700489  -0.0730782979  -0.0502262201  -0.0438546667
34  8   0.0852116566  -0.0679999503  -0.0956227551   0.1212834202  -0.1073171815
34  9   0.1127768471   0.0435069219  -0.0638945477  -0.0935809584   0.0274206161
34 10   0.0278804563   0.0049087134  -0.0058307215   0.0134284939  -0.1273129799
34 11  -0.0297116494   0.0001379458   0.0064782208  -0.0035852155   0.0027228482
34 12   0.6558681698   0.0072485690  -0.0062200933  -0.0001283265   0.0000377984
34 13   0.0004838883   0.0044176221   0.0006340127   0.0007316028   0.0015173397
34 14   0.0017838992  -0.0001162267  -0.0000050226  -0.0810415793  -0.0000066919
34 15  -0.1168707111   0.0004115864
35  1   0.2011928456   0.0330746780   0.0924685750   0.1630857421  -0.1973285014
35  2   0.2370789056  -0.0709308997  -0.0488938376  -0.0622816529  -0.0948566133
35  3   0.0769872834   0.1848299394   0.0175629376  -0.0458884609   0.0653167297
35  4  -0.0000819239   0.0809944484  -0.0026802129  -0.0352065188   0.0144315335
35  5   0.0060067676   0.0047766259   0.0099560730   0.0032297030  -0.0048337139
35  6  -0.0127745658   0.0204496286   0.0145213846  -0.0332388364  -0.0067638004
35  7  -0.0244015754  -0.0274779342   0.0051462329  -0.0158268946  -0.0167880209
35  8   0.0434881251   0.1016400288   0.0038232019   0.0147595764   0.0162176998
35  9  -0.0143818541  -0.0158167398   0.0058383237   0.0125355247   0.0200769832
35 10   0.0017708574   0.0169190528   0.0063434956  -0.0035743115   0.0474035566
35 11   0.0089014548  -0.0005901665  -0.0005313468   0.0010963515  -0.0001616097
35 12   0.1088049120   0.0012361433  -0.0041862691  -0.0000275700  -0.0004476395
35 13  -0.0002183409  -0.0018579092  -0.0002837569  -0.0004772559  -0.0057963991
35 14  -0.0168885284  -0.0135223239  -0.0000662475   0.7000503100   0.0001256365
35 15   0.6958732036  -0.0045335348
36  1  -0.3011798518   0.0017902196   0.0123917177   0.0167891771  -0.0254704396
36  2  -0.0200413139   0.0286410800  -0.0162789243   0.0383885818   0.0280695206
36  3   0.0096252604  -0.1281129728   0.1280971494   0.4856000426  -0.0633408018
36  4  -0.0473097281   0.2354920305  -0.1232346649   0.2125185980   0.1895323077
36  5   0.2469609049  -0.3620978600   0.0590301647   0.0005906055  -0.0402703800
36  6  -0.0765279996   0.5112647772   0.2707913047  -0.4017898530  -0.2212401725
36  7  -0.0768114314   0.2202624479   0.2021723934  -0.0024755564  -0.0616816331
36  8   0.0699767667   0.5202511442   0.2073677591  -0.1149208063   0.2192200091
36  9  -0.2718478045  -0.1061274927   0.1186360969   0.1613340657   0.0468349196
36 10  -0.0194408052   0.0736608157   0.0316655818  -0.0261694795   0.2874263154
36 11   0.0533352824  -0.0047713345  -0.0167324521   0.0126578505  -0.0069245512
36 12  -0.2655445007  -0.0031658118  -0.0315103507   0.0001479127   0.0001748369
36 13  -0.0000806109  -0.0008306584   0.0000194871  -0.0001989662   0.0013425849
36 14   0.0049077581   0.0058456612  -0.0000185563  -0.0082381592   0.0000154998
36 15  -0.0219226229  -0.0003515699
37  1  -0.0424088748   0.0018347911   0.1311992887   0.0879097867   0.1730392702
37  2  -0.0243446971  -0.1093209760   0.0717132086   0.1394807643   0.0453196581
37  3  -0.0368864976  -0.2057653335   0.0103136175  -0.0845434516   0.0050750310
37  4   0.0102631858   0.0338434722   0.1995078185  -0.1000600883  -0.0421430950
37  5   0.2318979954  -0.0401615207  -0.0653291973  -0.0759918956   0.0652017249
37  6   0.0684200566  -0.1335963857  -0.0489526347   0.0269291863   0.0646144633
37  7  -0.0818306056   0.2773414660  -0.1467547899  -0.1174498833  -0.3659167378
37  8   0.4455183578   0.1143846611  -0.2615297727   0.1945874939  -0.3510297275
37  9   0.1220572905   0.0860191635   0.0716944587   0.3616753439  -0.3027717206
37 10  -0.0167635851  -0.4753078813  -0.0436388495  -0.0352530300   0.4504296919
37 11   0.2073838968   0.0151400724  -0.0110250891   0.0176872322  -0.0122654560
37 12  -0.0057219744   0.0004048420   0.1337547460  -0.0000281594  -0.0022340730
37 13  -0.0010967135  -0.0132513333  -0.0019301876  -0.0027712536  -0.0283423085
37 14  -0.0755704381  -0.0542580402  -0.0000058011  -0.0009323645  -0.0000119792
37 15  -0.0017428602  -0.0003348328
38  1   0.0831800930  -0.0481782033   0.0170656674   0.1360562449  -0.1058790222
38  2   0.1603729029  -0.0877355950   0.0024805867   0.0114623522  -0.0082653084
38  3  -0.0299316413  -0.0660498561  -0.0178423782   0.0361307343  -0.0577280702
38  4  -0.0021288460  -0.0278761809   0.0424385615   0.0329777716   0.0203054435
38  5   0.1161118472  -0.2162306035  -0.0032441441  -0.0363428139   0.0229390083
38  6   0.0237096956   0.1301317613   0.0116401395   0.0507088918  -0.0302463956
38  7   0.0759162769   0.1264482706   0.0101347898   0.0338910998  -0.0263757424
38  8  -0.0079212468  -0.0382852438  -0.0354587024  -0.0079173987  -0.0789119051
38  9   0.1003508026   0.0458846465  -0.0242419534  -0.0025170551  -0.1100242282
38 10  -0.0250399511  -0.0892526954  -0.0165975259  -0.0019952972  -0.0447713051
38 11   0.0034403036   0.0043884156  -0.0001262009  -0.0008649573  -0.0009536856
38 12   0.0148863936   0.0004051220   0.0430125381  -0.0048377176   0.0055068279
38 13   0.0104233882   0.1210403665   0.0121978067   0.0124481013   0.2695067323
38 14   0.7546102900   0.5725337710  -0.0000186945   0.0132765660  -0.0000140014
38 15   0.0174932564  -0.0002645877
39  1   0.0038701866   0.0880022828   0.2604177821   0.0494672519  -0.1864726257
39  2   0.0527118181  -0.0524810128   0.0177628651  -0.1262026478  -0.0516319544
39  3   0.0900484850   0.0450930356   0.0010897855  -0.1437006509   0.0963096075
39  4   0.0085809136  -0.0214536533  -0.1203925618  -0.0089311430   0.1347311628
39  5   0.2163799271   0.0969367436   0.0109045956   0.0235721472  -0.0600016514
39  6  -0.0237990032  -0.0595697081   0.0285670980  -0.1298179183  -0.0716613326
39  7  -0.0699145921   0.4477895433   0.0920751205   0.0142455524  -0.1405394181
39  8  -0.0085304532  -0.1609137980   0.1442788626  -0.2090472973   0.0164240225
39  9  -0.3896720002   0.1303930761   0.2360731128   0.2915191116  -0.3282238377
39 10   0.0491355085  -0.3796868497  -0.0816616257   0.0302428593  -0.6508270119
39 11  -0.1961183311   0.0033100049   0.0011453940   0.0109334224  -0.0052220468
39 12   0.0567977874   0.0009375271   0.2622377179   0.0005206849   0.0002017194
39 13  -0.0007183978  -0.0068353246  -0.0005914535  -0.0007765018  -0.0151457467
39 14  -0.0436969750  -0.0350393873  -0.0000176491  -0.0024101026  -0.0000098758
39 15  -0.0001012275  -0.0003075906
40  1  -0.0751701564   0.0689422655   0.0808629905   0.1042176408   0.1444397526
40  2   0.0492275601  -0.0175256949   0.0150766839   0.0613124387  -0.0272919162
40  3   0.1237931609   0.0057796820  -0.0641607238  -0.0265085749  -0.0431452729
40  4   0.0116923356  -0.0126164232   0.1144342798   0.1060761901   0.0487055281
40  5   0.2940841695   0.0740951127  -0.0254954149  -0.0255264951  -0.1128277475
40  6  -0.0562933598  -0.2847516572   0.0000950633  -0.2141255542  -0.1341431946
40  7  -0.1130113943  -0.1583741635   0.0751657191  -0.0995594730   0.3722010590
40  8  -0.2397229663  -0.0530720649   0.0642737094   0.1543670711   0.1962746114
40  9   0.3984636118  -0.3671450712  -0.0702513928   0.3161024246  -0.2942244754
40 10  -0.2602652000  -0.0511463339   0.0732246444  -0.1593183199   0.0350259531
40 11  -0.2980827878   0.0053981839  -0.0328850040   0.0401189609  -0.0170815245
40 12   0.0145868883   0.0036807323   0.0421782054   0.0211970944   0.0393113271
40 13  -0.0337773402  -0.1603115777  -0.0133807069  -0.1728735231   0.1238726910
40 14   0.2303376821  -0.3279408900   0.0004507154  -0.0007343252  -0.0003146323
40 15   0.0004508351   0.0003013897
41  1   0.1572642990  -0.0911835511   0.1791704546   0.0991558498  -0.1010877418
41  2   0.1458066864  -0.2345491595   0.0267477797   0.1709636343   0.0650487216
41  3  -0.2664976476  -0.4068197206   0.2816809832  -0.1820053194   0.2052265311
41  4  -0.0072838689   0.0710843615  -0.0075219115   0.0353770103  -0.0173354297
41  5   0.0570531162   0.3494340186   0.0163607920   0.3676573450  -0.1737269363
41  6   0.1733082256   0.0018245439   0.1796113525  -0.0684006079  -0.0968390236
41  7   0.2313675750  -0.1602031247   0.0370261596   0.1675766861   0.1546659978
41  8  -0.1729603784   0.0950408395  -0.0602773787  -0.0455767643  -0.0239913920
41  9   0.1363157831   0.0461488664   0.0361726303   0.0550839104  -0.0259664282
41 10   0.0391229234  -0.0318477292   0.0032072676   0.0060518572   0.0130403352
41 11  -0.0091788637  -0.0484834057  -0.5000422019   0.4080278782  -0.2606980488
41 12   0.0083767402  -0.0000169101   0.0249035990  -0.0117365652  -0.0239609603
41 13   0.0198499545   0.0957293525   0.0086855113   0.0869598426  -0.0607662040
41 14  -0.1159260789   0.1593423712  -0.0002438789   0.0000683013   0.0001934105
41 15  -0.0001608968  -0.0004199732
42  1  -0.0591385357   0.0136524603   0.0733025458   0.0808744362  -0.1294660400
42  2  -0.0897464040   0.0562661109   0.0036927911  -0.1737263601   0.0327142731
42  3  -0.0858939111  -0.0269193265  -0.0301147745   0.0009778020  -0.0977583283
42  4  -0.0252502401   0.0369233716   0.0220269835  -0.2311650125   0.0136695107
42  5  -0.0685466980   0.0532169151   0.0018466149   0.1887873788   0.0017013842
42  6   0.1269745084   0.1022587742   0.1255457531   0.0447654702   0.0728836859
42  7   0.2159298179  -0.0418697567  -0.0640062501   0.2124998859  -0.1162736832
42  8   0.0012716536   0.1193654999  -0.1067104825  -0.1513939232  -0.1045439222
42  9  -0.1483353883   0.2716050254   0.1090539075  -0.1299303552   0.1131873597
42 10   0.1839718289   0.0210766799  -0.0458315344   0.0837595020   0.0041587837
42 11   0.1846666818  -0.0188023273  -0.1003466255   0.0705312980  -0.0481631814
42 12  -0.0017074311  -0.0015350462  -0.0304615884   0.0363605346   0.0691185695
42 13  -0.0579135492  -0.2762882835  -0.0252470238  -0.2942542118   0.2186665001
42 14   0.4045017431  -0.5686153635   0.0009461577  -0.0003075363  -0.0004865725
42 15  -0.0003061462   0.0002152131
43  1  -0.0257411793   0.1134068007   0.0038093633   0.1545368350   0.0928425662
43  2   0.0463303983   0.0846651208  -0.0757263628  -0.0072317966  -0.0482740248
43  3   0.0996268995   0.1326164910  -0.1513069761   0.0719840951  -0.2417863356
43  4  -0.0054435283  -0.0687281306   0.1811562169   0.0354447552   0.0890125817
43  5   0.3072533415  -0.3822599803  -0.0488828418  -0.1323824574   0.0837982463
43  6   0.1279040065   0.0305931475  -0.0249281882   0.0330578591  -0.0294662181
43  7  -0.0954778005  -0.1323496968  -0.1270393598  -0.2469896386  -0.0506600276
43  8   0.2753049983  -0.5278372378  -0.1758432263  -0.0334499665  -0.1936618837
43  9  -0.1365870102  -0.0663184186   0.2274321751   0.3240342203   0.3322991163
43 10   0.2220483207   0.4106457652   0.1504692402  -0.0624324308  -0.0224351166
43 11  -0.3311248366  -0.0540628995  -0.2295054847   0.2166154488  -0.1141718972
43 12  -0.0242137458  -0.0014929842   0.0124514337  -0.0037026230  -0.0207511706
43 13   0.0115062731   0.0927011089   0.0075916991   0.0142733583   0.0177302650
43 14   0.0080189100  -0.0312586638   0.0000491394   0.0008373575   0.0000142206
43 15   0.0015593983  -0.0000044837
44  1   0.0634859534  -0.1013612151   0.0528539243   0.1088416894  -0.0644025296
44  2   0.1211378681  -0.1601057502   0.0704396426   0.0685190730   0.0373262749
44  3  -0.0882260043  -0.2072378443   0.0297023015  -0.0247394801   0.0426773027
44  4   0.0047072960   0.0285179990   0.0368375182  -0.0511576667   0.0023676690
44  5   0.0805035323  -0.0858427643  -0.0182156472  -0.0374902559   0.0571738974
44  6  -0.0029852051  -0.0317410403  -0.0067430139  -0.0246476408   0.0922911970
44  7  -0.0701201785  -0.0680340764  -0.0900080868  -0.0117523297  -0.0427816068
44  8   0.0072017624  -0.1123372920  -0.0276400084  -0.0119157338   0.0606230650
44  9  -0.0835617296  -0.0604248640   0.0196329013   0.0141206890   0.0647228814
44 10  -0.0102567613   0.0523353277   0.0114127733   0.0047299886  -0.0157110229
44 11  -0.0376728874  -0.0071594240  -0.0102045256   0.0064349948  -0.0031757888
44 12   0.0043954434  -0.0003563512   0.0010483352   0.0429396212   0.1878782980
44 13  -0.1047628175  -0.8642382261  -0.0606742986  -0.0812841440  -0.1602605446
44 14  -0.0789163366   0.3705618293  -0.0000570069   0.0007264826  -0.0000678109
44 15   0.0008268886  -0.0008041570
45  1  -0.2270374662  -0.0308807107  -0.0561984061   0.0609194706  -0.0420763994
45  2  -0.1232137395   0.0919958755   0.1262058135  -0.2704453533   0.0027456961
45  3   0.1899280968   0.1926798762  -0.3317044626   0.1567853504  -0.1925522143
45  4   0.0030846589  -0.0004174274   0.0278846250  -0.2983578007   0.0324469697
45  5  -0.0632894465  -0.2529906925  -0.0227050731  -0.3262839747   0.1885987630
45  6  -0.2567137219  -0.1512989599  -0.1432415512  -0.0454873139   0.2549403308
45  7  -0.2394037233   0.1140125300  -0.0895819555   0.0724323786  -0.1393040861
45  8  -0.1149660051   0.1095092461   0.1208776048   0.0759095254   0.2504231108
45  9  -0.0863041347  -0.0917280872  -0.1775037722  -0.2400962429  -0.0275687548
45 10  -0.1283681047  -0.2341967018  -0.0779870595   0.0904479797  -0.0279595712
45 11   0.1697413325  -0.0207888581  -0.4411680945   0.3416301325  -0.2387168887
45 12   0.0130886205  -0.0000891777   0.0011273028  -0.0032572336  -0.0052718969
45 13   0.0036077533   0.0249245024   0.0004787848   0.0046069824  -0.0009428213
45 14  -0.0050319030  -0.0003649767   0.0000298511   0.0002340288   0.0000232009
45 15  -0.0004515651  -0.0001002283
46  1   0.0217466673  -0.0044443347   0.0983793511   0.1203174626   0.1476783283
46  2  -0.0755804244   0.0791257962  -0.0582167905   0.0295348915   0.0160909417
46  3  -0.1387418294   0.1537151955   0.2234670108  -0.1482781502  -0.2066231315
46  4  -0.0801884794  -0.0246718764   0.0182348298   0.0375068808   0.4097241049
46  5  -0.1989498174   0.0153122980   0.0383323469  -0.1318453515  -0.0682369347
46  6  -0.1127265753  -0.0695918323   0.0145566257  -0.0278982978  -0.2672499487
46  7   0.1461181569  -0.0727448221   0.0551047677   0.3621399370  -0.2472932325
46  8  -0.0447923552  -0.0323939128  -0.3807128524  -0.0796908653  -0.1711015697
46  9  -0.1140762683  -0.3595583107   0.0310731604   0.1154627984   0.1371010364
46 10  -0.4732916587   0.1279971301  -0.1413735837   0.1869046632  -0.1730337152
46 11   0.3181851488   0.0870067362   0.2158440753   0.2154630827  -0.1023300438
46 12   0.0062381447   0.0036348785   0.0225971799   0.0007337211   0.1067482726
46 13  -0.0065502501   0.0074534391   0.0103459292   0.0686879856   0.0183209986
46 14   0.0029105938  -0.0200013024  -0.0003510279  -0.0001485185  -0.0004009099
46 15  -0.0003360171   0.0001242901
47  1  -0.0594811465  -0.1882868606  -0.0229535228   0.0793815511   0.0323824636
47  2   0.0397028064  -0.1628754409   0.2101482255   0.0100084932   0.0315335669
47  3   0.0564365684  -0.0200278700  -0.0793203947   0.0190478669   0.0555489470
47  4   0.0102090977   0.0304343483  -0.0253817292  -0.0919954409   0.0832085931
47  5  -0.1116884567   0.0221919141   0.0087147080  -0.0646098049  -0.0038728898
47  6  -0.0696527908  -0.0500467445  -0.0312006464  -0.0168624235  -0.1058795534
47  7  -0.0063688217  -0.0689814822   0.1034409567   0.0738407258  -0.0168871801
47  8  -0.0415381003   0.0204415221  -0.0257045050  -0.0433178570  -0.1405548522
47  9  -0.0003546907   0.0051790796   0.0154704135   0.0523208738   0.0499365180
47 10  -0.0478912788   0.0446330348  -0.0139344569   0.0288232645  -0.0237815393
47 11   0.0324985712   0.0065726350   0.0242797600   0.0196384334  -0.0067804526
47 12  -0.0014905535  -0.0003715518   0.0058249268   0.0141883855  -0.7672177112
47 13   0.0394874256  -0.0251299206  -0.0686166835  -0.5740074261  -0.1642648763
47 14  -0.0230513611   0.1342401251  -0.0003825053  -0.0005451728   0.0002194632
47 15   0.0003476487  -0.0002490770
48  1   0.0919588968   0.0577395448   0.1994821603   0.0961262276  -0.2097952456
48  2  -0.0505900125   0.0991935346  -0.1709837269  -0.1076521530   0.0742710984
48  3  -0.3392202658  -0.1889947675   0.2764440991  -0.1342110446  -0.1795043192
48  4  -0.0759389149   0.0487337711   0.0361542774  -0.2640321347   0.1050813971
48  5  -0.1690424720  -0.0776915440  -0.0002968104  -0.3303116597   0.0887767763
48  6  -0.3358521096  -0.2628813184  -0.0913428589  -0.1124763731   0.0051540912
48  7  -0.0855803108  -0.0710206841   0.1552217032  -0.0658413284   0.2788673196
48  8  -0.0728733802   0.1279826015   0.1892601080  -0.0702010659  -0.1230264013
48  9   0.0948049996   0.3379621187   0.0295515292   0.0034504325  -0.0377417322
48 10   0.2698850147   0.0186300726   0.0367201835  -0.0610410064   0.1006826183
48 11  -0.1492892691   0.1129020161   0.4134698463   0.4324227100  -0.1287317766
48 12  -0.0091380409   0.0028131329   0.0201383290   0.0033728064   0.0391860725
48 13  -0.0007796551   0.0040907856   0.0087229165   0.0145586507   0.0047650273
48 14   0.0003955995  -0.0011330243  -0.0001140714   0.0001979603  -0.0000888604
48 15   0.0003074548   0.0001320276
49  1   0.0715475548   0.0377625288   0.0234677968   0.1696823793   0.0973784558
49  2  -0.0804225744  -0.0233771425  -0.0332831613   0.1179865048   0.0124288959
49  3  -0.1457352518   0.0679858809   0.0471651684  -0.0074045600   0.0614347492
49  4   0.0121167633  -0.0268395421   0.0028043118   0.1146771656   0.2038730745
49  5  -0.0981824491  -0.0089935581   0.0205281102  -0.0038781036   0.0094693000
49  6   0.0379263705   0.1288044880  -0.1974069787   0.0292049348   0.0144277574
49  7  -0.4111965392   0.1410085368  -0.0484911024   0.1284073429  -0.1216236175
49  8  -0.2095428183  -0.0027083061   0.0022880326   0.1569081178   0.2408832502
49  9   0.3085077932   0.0401533437   0.2700660980   0.1770087533  -0.2067648419
49 10   0.2949561902   0.3104681502  -0.0766234470  -0.0558506666  -0.1426056765
49 11   0.4796487929  -0.0290275186  -0.0285868896  -0.0167566527   0.0098722980
49 12   0.0030582546   0.0032313933   0.0074376399  -0.0920622666  -0.2695804518
49 13  -0.0433412958  -0.1252331672  -0.2005225144   0.3410209886   0.0655114182
49 14   0.0524578588  -0.0738680087  -0.0003490196  -0.0002824172   0.0000047139
49 15   0.0002454805   0.0001168138
50  1  -0.1541839617  -0.1959638677  -0.1536905287   0.0906532154   0.0677084780
50  2   0.0165260167  -0.2457401593   0.3597246628   0.0123390096  -0.0040771832
50  3   0.2562413010   0.0609327971  -0.4017078137   0.2044279183   0.2596231857
50  4   0.1012502992   0.0175749586  -0.0184807905  -0.0301503323  -0.1391307628
50  5   0.0696420150   0.0816935654  -0.0098727847   0.3628103571  -0.0244220058
50  6   0.3945577602   0.2999373710  -0.0197535657   0.1417349706   0.0189728038
50  7  -0.1794709856   0.0376979275  -0.0520794500  -0.1272684303  -0.1425698903
50  8   0.0530318446  -0.1302864466   0.1105040520   0.1008026527   0.1245367171
50  9   0.0268522061  -0.0761835136  -0.0714418911   0.0155408477  -0.0815489270
50 10   0.0117154815   0.0586164843  -0.0379245802  -0.0205842733  -0.0290111686
50 11   0.0963250788   0.1366826932   0.4507553670   0.4696009149  -0.1617748487
50 12  -0.0008442679   0.0053502995   0.0390565166   0.0390596885   0.1175190456
50 13   0.0143557943   0.0482386152   0.0759772163  -0.1202912523  -0.0235647532
50 14  -0.0200139963   0.0269625799  -0.0001573556   0.0000903220  -0.0000077320
50 15  -0.0000890025  -0.0000407198
51  1  -0.0740053325   0.0159798324   0.0769054839   0.0748758713  -0.1243620591
51  2  -0.0785776207   0.0591096201   0.0093486654  -0.1795202957   0.0296268301
51  3  -0.0660132996  -0.0231290763  -0.0410868103   0.0123625808  -0.1053233870
51  4  -0.0234684512   0.0396774758   0.0403840777  -0.2609676563  -0.0339299117
51  5  -0.0375582937   0.0287418488  -0.0122759396   0.1539725139   0.0054084574
51  6   0.1637026867   0.0740488501   0.0806033875   0.0722665028  -0.0448922301
51  7   0.1137578545  -0.0795181538   0.0541960141  -0.1760853139  -0.0152030501
51  8   0.1876546928  -0.1007011267   0.1078050935  -0.0180719635  -0.1030057045
51  9  -0.1752100124  -0.1084490571  -0.2464027287  -0.1037728555   0.0727722961
51 10  -0.1824228128  -0.1874802223   0.0516945211  -0.0001529216   0.0733368701
51 11  -0.2720606403   0.0508782765   0.0979188125   0.0887225324  -0.0383005446
51 12  -0.0020551935  -0.0006096070   0.0113168062  -0.1552221635  -0.4299594652
51 13  -0.0678176107  -0.2000006642  -0.3205571229   0.5455035599   0.1059626579
51 14   0.0885445396  -0.1250455358  -0.0000763523  -0.0006684359   0.0000180750
51 15   0.0006521719   0.0008256886
52  1   0.0398697591   0.1086548542  -0.0315082105   0.1885381892   0.0658206653
52  2  -0.0048289301  -0.1223644104   0.0271563434   0.1479928326   0.0174284317
52  3  -0.0446476594  -0.0919886472  -0.2382351248   0.0551895596   0.1121239941
52  4   0.0660143698   0.0520015385  -0.0996970743  -0.0954453767   0.3346379587
52  5  -0.2775864138   0.0650467806   0.0405015410  -0.0914213281  -0.0502900341
52  6  -0.1080663260  -0.0245335770  -0.0407771297  -0.0489942210  -0.2089342064
52  7   0.2467918170   0.1275065704   0.0460792521   0.0301030391   0.3245457089
52  8   0.3152919614  -0.1214004104  -0.3851905114  -0.0507560490   0.1718024193
52  9  -0.1720016749  -0.3356145702   0.0278579957  -0.3138932858  -0.2930620433
52 10   0.3974807285  -0.0965982793   0.1642785665  -0.3429231323   0.0074157464
52 11   0.0666350735   0.2362513645  -0.0152870614  -0.0503117879  -0.1183581173
52 12   0.0005858507   0.0011410540  -0.0059065874   0.1021766464  -0.0290404973
52 13   0.0020105471  -0.0154934175   0.0543175523   0.0252042191   0.0316467884
52 14  -0.0088532418   0.0009226819   0.0016999766   0.0000043428   0.0011685254
52 15   0.0000335113  -0.0000249809
53  1  -0.0816987769  -0.2392972512   0.0064490321   0.0538294497   0.0732274965
53  2   0.0014361008  -0.1006015681   0.2052482294  -0.0410343975   0.0173173952
53  3   0.0307286289   0.1094735094   0.0951139011  -0.0506099074  -0.0547307641
53  4  -0.0447176857  -0.0079595583   0.0035091799   0.0081320753   0.0873117198
53  5  -0.0499157768   0.0101313116   0.0098766087  -0.0378899173  -0.0403699703
53  6  -0.0215633871  -0.0170445979   0.0500728936   0.0075052242  -0.0651388442
53  7   0.1165404229   0.0278782483  -0.0506122617  -0.0808394265   0.0242765631
53  8   0.0846481607  -0.0576857663  -0.0405503382   0.0261550038   0.1232853395
53  9  -0.0142702786  -0.0010147790  -0.0235595674  -0.0296082549  -0.0566290254
53 10   0.0851755394  -0.0060986618   0.0000597574  -0.0553531011   0.0081515712
53 11   0.0047364340  -0.0074122510  -0.0003635085   0.0072159749   0.0097160269
53 12   0.0003791461  -0.0003602354  -0.0000808828  -0.7599282736   0.2342688012
53 13   0.0075972696   0.1066646156  -0.4597625086  -0.2201371122  -0.2464576695
53 14   0.0650121284   0.0122352333  -0.0005372655  -0.0000053600  -0.0001985269
53 15  -0.0001666682   0.0000881302
54  1  -0.1473660907  -0.0620216792  -0.1203714851   0.1056640629  -0.0615867994
54  2  -0.2251410408  -0.1317361833   0.2842410401  -0.1992049809  -0.1330644795
54  3  -0.1753013259   0.2246291861   0.2073425456   0.0803528098   0.1552587028
54  4  -0.0732283894  -0.1131638842   0.2931513337   0.1820429833  -0.1052778740
54  5   0.2116492048  -0.0545446798  -0.0286775732   0.2750967155   0.4171174921
54  6  -0.2322557846  -0.0340531591  -0.0920974734  -0.0456267389   0.1303703522
54  7  -0.0576194746   0.0091308563   0.2494777522   0.1334964843   0.1844063318
54  8   0.0863780872   0.0057311978  -0.1078638251  -0.0677305385  -0.1647537549
54  9  -0.0668368109  -0.2721488784   0.0883329121  -0.1786897519  -0.1120687544
54 10   0.0858596439  -0.0721839437   0.0732773359  -0.0951211534  -0.0122727825
54 11   0.0669377958  -0.5222788014   0.0589373864   0.2215895876   0.3059383443
54 12   0.0003005004  -0.0231493194   0.0013512243   0.0016320787  -0.0074881710
54 13  -0.0047914464  -0.0028601885   0.0179122362   0.0031278829   0.0084864286
54 14  -0.0027941286  -0.0002136236   0.0012882628   0.0000091978   0.0011919422
54 15  -0.0000414195   0.0000014892
55  1   0.0799140657   0.0438257460   0.0119615895   0.1774473203   0.0895962265
55  2  -0.0819983626  -0.0190618346  -0.0604784368   0.2072792489   0.0373502636
55  3  -0.0066254404   0.0567202420  -0.0540470347   0.0155398994   0.0636401818
55  4   0.0526654736  -0.0260601827   0.0272794621   0.1402642320   0.2606056661
55  5  -0.0273376303  -0.0042735593   0.0166837483  -0.0198427113  -0.0480037550
55  6   0.0100285945  -0.0132804774   0.0629032712  -0.1017379871   0.3502288586
55  7   0.1799499722   0.0905388940  -0.2203016560   0.1178365342   0.2711559079
55  8   0.0602448110   0.1592675644   0.2406249042  -0.1199139841  -0.3198415188
55  9  -0.1605300310  -0.0286341244  -0.5326091629   0.3166143742  -0.0494276572
55 10   0.0408842466   0.1855640121   0.0773871188  -0.2753324575  -0.1487421695
55 11   0.2887549377  -0.0155919665  -0.0229199771   0.0094229744   0.0349247819
55 12  -0.0022924743  -0.0083727190   0.0098454780  -0.2368234298  -0.0534599636
55 13  -0.1331674883  -0.0403326746   0.2784619423   0.0046434254   0.1071354529
55 14  -0.0408243992   0.0071379233   0.0016075300   0.0001007473  -0.0012892163
55 15  -0.0001379030   0.0001508891
56  1  -0.1785025546  -0.2982560347  -0.0647923225   0.0360647976   0.1431530982
56  2  -0.0563531849  -0.1516594646   0.3685828767  -0.1583772009  -0.1094602811
56  3  -0.0439813508   0.2870232979   0.3012180234  -0.0660009311  -0.0436414937
56  4  -0.1437526597  -0.0994981966   0.1752600091   0.2200888346  -0.0426809338
56  5   0.2239910224  -0.0605040898  -0.0233889422   0.2681493325   0.3790190722
56  6  -0.2166770006  -0.0538783706   0.0591433053  -0.0245648475   0.2949163033
56  7   0.0484275119  -0.0099879833   0.1363728943  -0.0343560787   0.0143291048
56  8   0.0064161752   0.0250291233   0.1409584720  -0.0057231865  -0.1703121886
56  9   0.0215094630  -0.0805657203   0.0147300037   0.0465760070  -0.0154812796
56 10   0.0393271523   0.0759522513   0.0310786767  -0.0396304973  -0.0393586156
56 11   0.0598939331   0.5537432025  -0.0630106308  -0.2160845683  -0.3181066233
56 12  -0.0008220684   0.0202669214   0.0019441201   0.1684022212   0.0349069420
56 13   0.0853606717   0.0229208361  -0.1714001768  -0.0002554743  -0.0674179254
56 14   0.0260305833  -0.0051667016  -0.0000618479   0.0000897243   0.0003879496
56 15  -0.0000722828  -0.0000915041
57  1   0.0209747737  -0.0161493809   0.0124068661   0.1248469649  -0.1497197370
57  2  -0.1888317754   0.0086249835  -0.0124651284   0.0095470973   0.0670972836
57  3  -0.0473438513   0.0594931295   0.0118195398   0.0920536285   0.1330398406
57  4   0.0721083103  -0.0301529334   0.1232967339   0.0348213617   0.0125129090
57  5  -0.0153253791   0.0045487611   0.0039828976  -0.1346765003  -0.1982416846
57  6   0.1321238165   0.0272957195  -0.0654868998  -0.0494569507  -0.0355787047
57  7  -0.0071634265   0.0435538368  -0.2069026835   0.1271968653   0.1685364511
57  8   0.0028557495   0.0885107178  -0.0060039664  -0.0840696669  -0.0527923039
57  9  -0.1181173135   0.0703482436  -0.3009056404   0.1350459337   0.0019185670
57 10   0.0036007260   0.0434390897   0.0203666338  -0.1484773397  -0.0435314236
57 11   0.0846628805  -0.1468380381  -0.0006779111   0.0522841756   0.0985277587
57 12  -0.0004737919  -0.0102209312   0.0026543825   0.4949686006   0.1216845548
57 13   0.2796250572   0.0843343241  -0.5855663590  -0.0085756489  -0.2316201171
57 14   0.0895467958  -0.0181909010   0.0020571981   0.0000707166  -0.0009937426
57 15  -0.0000036849  -0.0001815895
58  1  -0.0261140954   0.0193221098   0.1028271849   0.1059527271   0.1541901472
58  2  -0.0232008367   0.0823540532  -0.0461806302  -0.0767733918  -0.2062046809
58  3  -0.2983053055  -0.0139723986  -0.1313520330   0.0890690255   0.1702201592
58  4  -0.0558763873  -0.0121898475  -0.0529199055   0.0449330647  -0.1109468304
58  5   0.0439569958  -0.0074244179  -0.0054634276  -0.0565675905  -0.0546438301
58  6   0.0269136473  -0.0162024446  -0.0357948575  -0.0789445280   0.1834712547
58  7   0.1019025653  -0.0873623910   0.3705701535  -0.1359707733  -0.1549876668
58  8  -0.0555133040  -0.0464038123  -0.2548675879  -0.0219967723   0.0962479833
58  9  -0.0961295056  -0.0151920551  -0.3528815096   0.1344251709  -0.2023914442
58 10   0.2285850815   0.1948882981  -0.6482819520   0.1403161101   0.1042812150
58 11  -0.2011368682  -0.1595409102   0.0322605571  -0.1152905396  -0.2164914341
58 12   0.0006544274  -0.0531951836   0.0006440851  -0.0200981540   0.0000321603
58 13   0.0927354506  -0.0178827202   0.0080822495  -0.0005444081   0.0466821591
58 14  -0.0174047650   0.0029537304   0.0036692613   0.0000159697   0.0016456728
58 15  -0.0000041830  -0.0000026571
59  1   0.0371148941  -0.2430127585   0.1867648621   0.0320403508   0.0377382025
59  2   0.0216092848   0.1237992214  -0.0915587124   0.0426411249   0.1464836084
59  3   0.0640972185   0.0616758876   0.0138171705  -0.0283635394  -0.0564061599
59  4   0.0185167228   0.0100806218  -0.0778028716   0.0118908959  -0.0668625012
59  5   0.0286733737  -0.0029893631  -0.0036219700   0.0024193419  -0.0274411012
59  6   0.0565304376   0.0339203652  -0.0421811974  -0.0174332602   0.0764420032
59  7  -0.0436467758   0.0259510657   0.0564013512  -0.0748503294   0.0398929429
59  8  -0.0586830732   0.0402210569  -0.0661318346  -0.0353192680  -0.0515042349
59  9  -0.0300365452  -0.0565208060  -0.0077862296  -0.0268699259  -0.0353061907
59 10   0.0454759463   0.0178248760  -0.1291859845  -0.0065348283   0.0218654646
59 11  -0.0433958365   0.0140747682  -0.0134867132   0.0067537296   0.0269853712
59 12   0.0001696256  -0.0174228333  -0.0000981264   0.1772415376   0.0091604779
59 13  -0.8401660821   0.1578728894  -0.0393953844   0.0342942806  -0.4222150611
59 14   0.1640426153  -0.0371835694  -0.0121703786  -0.0000366309  -0.0171571008
59 15   0.0000341546   0.0000053964
60  1   0.1698871737   0.0212092615   0.1221239430   0.1439885506  -0.2263287553
60  2  -0.1639687843   0.1285354576  -0.2615403123   0.2078999430   0.3685634359
60  3   0.1503572084   0.0469637675  -0.0736513370   0.0898342143   0.0958006353
60  4   0.1745109024  -0.0069509128   0.0458453430   0.0555900058  -0.0131186157
60  5   0.0554975616  -0.0037023634  -0.0077910304   0.2187284547   0.4162994568
60  6  -0.3605307880  -0.1051237899  -0.0382891650  -0.0073304883  -0.2877327091
60  7   0.1494093164  -0.0738685202   0.0013671387   0.0088486858  -0.1587440457
60  8   0.0418729911  -0.0881030697  -0.0706085829   0.0432511798   0.1901833988
60  9  -0.0197648411   0.1176771887  -0.2447944346   0.1537340878  -0.0735085143
60 10   0.0801282737   0.1042942680  -0.1408983245   0.2016461437   0.0296596732
60 11  -0.0543445231   0.3385280931  -0.1400605163   0.1747953396   0.4873898981
60 12  -0.0002960739  -0.0160869125   0.0007030038  -0.0063207068   0.0021977249
60 13   0.0283910122  -0.0053441444  -0.0035527930  -0.0026028818   0.0266301823
60 14  -0.0111811523   0.0031474834  -0.0009995634   0.0000074913  -0.0009057954
60 15   0.0000029933   0.0000246621
61  1  -0.0652604660   0.0855356649   0.0573520849   0.1182542325   0.1291022786
61  2   0.0543438195  -0.0374630517   0.0789015702  -0.1581002304   0.0463637709
61  3  -0.2517697080   0.1170832726  -0.0073554436   0.0702978289   0.1063845878
61  4   0.0530809611  -0.0189275834  -0.0221183218   0.0724609243  -0.1246913488
61  5   0.0650035517  -0.0044261122  -0.0067816925  -0.0909717558  -0.0979190202
61  6   0.0297440182  -0.0381446391  -0.0582671348  -0.0822630504  -0.1259651286
61  7   0.1460696067  -0.0777763551  -0.2717033397  -0.1988727744  -0.1199987036
61  8  -0.2191171576   0.1200680147   0.1548706909  -0.0597951828  -0.2212482660
61  9  -0.0361219070  -0.2975698584  -0.0411914292  -0.0474976455  -0.3265637494
61 10   0.2874621066   0.0489103883   0.3017339448   0.6745332766   0.0423734101
61 11  -0.0135698522  -0.0291709663   0.0320215437  -0.0327942968  -0.0487206583
61 12  -0.0009206537  -0.0573017187  -0.0059649412   0.0316073363   0.0253904061
61 13  -0.1427190989   0.0322625884  -0.1519999815  -0.0792973633   0.2471052997
61 14  -0.1285650546   0.0559195361  -0.0035239107  -0.0000020844   0.0074427555
61 15  -0.0000227754  -0.0000095029
62  1   0.1320054099  -0.1879796502   0.2599680224   0.0478722172  -0.0289790603
62  2   0.0764148441   0.1752442609  -0.2344983581   0.1430796714   0.4676767565
62  3   0.2117844803   0.0966240579  -0.0127416790  -0.0243057412  -0.0899971442
62  4   0.1436179481   0.0252633980  -0.1138202701   0.0236324199  -0.0640586011
62  5   0.0536171576  -0.0017757133  -0.0080230098   0.2271793658   0.3661445375
62  6  -0.2613365365  -0.0307034497  -0.0980849804   0.0113491826  -0.2870045562
62  7   0.0001292165   0.0507935474  -0.1664462390  -0.0830474384   0.0424364016
62  8  -0.0551755725   0.0388958581  -0.0566916578  -0.0245871371   0.0460773762
62  9  -0.0309219854   0.0631253323  -0.1091032718   0.0572504711  -0.0156801819
62 10   0.0073648170  -0.0032129895   0.1320850607   0.0477073030  -0.0102617993
62 11   0.0282810252  -0.3694642848   0.1423962897  -0.2084772870  -0.5224258186
62 12   0.0001798123  -0.0069251745  -0.0001472014  -0.0294971916  -0.0206585061
62 13   0.1295365990  -0.0273325993   0.1233767418   0.0657211332  -0.2027997976
62 14   0.1051294270  -0.0453241771   0.0064913719   0.0000287843  -0.0069194145
62 15   0.0000366116  -0.0000087047
63  1   0.0015597694  -0.0269815208  -0.0162244652   0.1263742528  -0.1372274219
63  2  -0.2055086208  -0.0171931964   0.0294757724   0.0044584423   0.0133482599
63  3  -0.0554414476   0.0682108008   0.0331810687   0.0833525187   0.1295352112
63  4   0.0488586034  -0.0387331822   0.1389691882   0.0577007572   0.0018103916
63  5   0.0187011402  -0.0036996102   0.0003216367  -0.1579850908  -0.2156869304
63  6   0.1124682964  -0.0339996966   0.0790955043  -0.0365150409   0.1074389477
63  7   0.1154457951  -0.1030802574  -0.0102806199   0.0109606393  -0.1291042778
63  8  -0.0167732621  -0.0055608847   0.1628393377   0.0141737683  -0.1290722244
63  9   0.0254270758  -0.1976235749   0.1019648084  -0.0870470032  -0.1381383608
63 10   0.1271926792   0.0177889769   0.0115752256   0.2275643444   0.0296516393
63 11  -0.0320933198   0.0965471682  -0.0267942979   0.0466955673   0.1251821113
63 12  -0.0002193131  -0.0086569598  -0.0004131680  -0.0776701036  -0.0596233479
63 13   0.3378849236  -0.0755345362   0.3596171738   0.1923742424  -0.6049951058
63 14   0.3123181252  -0.1332868783   0.0120758702   0.0000641359  -0.0154736857
63 15   0.0000767625  -0.0000710127
64  1  -0.0064069268   0.1251010415  -0.0203472762   0.1712893881   0.0763653127
64  2   0.0409696699  -0.1424174426   0.1052091880   0.0179338222   0.2415935783
64  3  -0.0469648150   0.1545071015   0.0655580974  -0.1030590385  -0.1942442279
64  4   0.0889960168   0.0410174560  -0.3104473689   0.0471990632  -0.2847096255
64  5   0.1114103313  -0.0152758288  -0.0156830611  -0.0498638142  -0.1268514402
64  6   0.1901377794   0.0982064364  -0.3483652927  -0.2574428225   0.2955787809
64  7   0.1533376686  -0.1113993153   0.4153515321   0.3753196241  -0.0070762775
64  8   0.2905548049  -0.1882038836  -0.1053134597   0.0712286585   0.2248014382
64  9   0.0298676153   0.1391401757  -0.1151404715   0.1113593407  -0.0048378416
64 10  -0.0326235418  -0.0167283721   0.3559838864   0.2152968927  -0.0295534329
64 11   0.0703577781  -0.0133218918   0.0108498262  -0.0023502939  -0.0015299374
64 12  -0.0055081223   0.4531022060   0.0000501763  -0.0023151376   0.0001403665
64 13  -0.0041134487   0.0011534690  -0.0011147353  -0.0005189736  -0.0063907087
64 14   0.0024725652  -0.0004203390   0.0458724267   0.0000059774   0.0467090806
64 15  -0.0000019628  -0.0000422972
65  1   0.0101159470  -0.2983750423   0.2144063719   0.0047858231   0.0829895833
65  2  -0.0204722900   0.1995730621  -0.1210897360  -0.0054065235  -0.1111029894
65  3  -0.0620400587  -0.0180206480  -0.0550033325   0.0356691809   0.0571041368
65  4  -0.0032761553  -0.0028100549  -0.0032596853   0.0112547169  -0.0265321648
65  5   0.0122053287  -0.0009667367  -0.0019565185  -0.0050200513  -0.0030924169
65  6  -0.0003292359  -0.0027060372  -0.0096031057  -0.0111259972   0.0131943718
65  7   0.0086344817  -0.0175804610   0.0408233820   0.1095744429   0.0108827267
65  8   0.0721974370  -0.0381661255   0.0030868084   0.0168705291   0.0401952819
65  9   0.0103296069   0.0254318265  -0.0115912570   0.0170934764   0.0021587895
65 10  -0.0104315225  -0.0080601565   0.0862715904   0.0392467338  -0.0081036108
65 11   0.0184071517   0.0008843562   0.0024617955   0.0003933890  -0.0000360897
65 12  -0.0001715124   0.0091590524  -0.0000594081  -0.0034985631   0.0000970547
65 13   0.0174957959  -0.0031711086  -0.0007728019  -0.0017103662   0.0109861905
65 14  -0.0043433612   0.0009829138  -0.6924348600  -0.0001142767  -0.7146634433
65 15   0.0002033272  -0.0000392421
66  1  -0.0488692753  -0.0927768822  -0.1810972383   0.1557553531  -0.0889602373
66  2  -0.3336997663  -0.1325079526   0.1730658223   0.1243754474  -0.3838882132
66  3  -0.0403784930  -0.0414349733   0.1699002484  -0.1780387342  -0.4780703704
66  4   0.5752575297   0.1044583397  -0.3047473805  -0.0099991041  -0.1415017239
66  5   0.0518634307  -0.0044154707  -0.0094646415   0.0405566799   0.0309329450
66  6   0.0453922082   0.0716026833  -0.3730887830  -0.2358009180  -0.0004932152
66  7   0.2168031021  -0.0673828325  -0.0140097208   0.1035774442  -0.0658013660
66  8   0.0872907004  -0.0538076240   0.0904831849   0.0388812827   0.0164762061
66  9   0.0323038146   0.0120239336   0.0514823537  -0.0079791449   0.0316817834
66 10  -0.0324755243  -0.0046213133  -0.0421864772  -0.0547035813  -0.0023921692
66 11  -0.0011120170   0.0068811697   0.0036338102  -0.0047036704  -0.0189585235
66 12   0.0063704916  -0.5346685688  -0.0015905600  -0.0004169152  -0.0000436671
66 13  -0.0022053729   0.0006230392  -0.0002349740  -0.0001320528  -0.0010195600
66 14   0.0003160274  -0.0000872522  -0.0208945851  -0.0000003394   0.0206588576
66 15   0.0000082305  -0.0000510850
67  1   0.0305550533   0.0641938437   0.0208981078   0.1605029760   0.0990053559
67  2  -0.0310522920  -0.0379011529  -0.0080596983   0.1034269325   0.0077004399
67  3  -0.0715554037   0.0169844873  -0.1264841915  -0.0524403913   0.0320269432
67  4  -0.3640430909   0.0131086683  -0.2728400993   0.0022444231  -0.2683628827
67  5   0.0853514607  -0.0062746611  -0.0146231238   0.0421016657   0.0704516358
67  6  -0.0030597962   0.0609747590  -0.4755795468  -0.2700524876  -0.2383486770
67  7   0.2616695604  -0.0798031153  -0.3434624379   0.3378438611  -0.0212452350
67  8   0.1563874787  -0.0262625982   0.3119542235   0.0339684949  -0.1250950255
67  9   0.0334141959  -0.1010695334   0.1415087526  -0.0905281775   0.0147379250
67 10   0.0070507896   0.0170115034  -0.3392436272  -0.1524797224   0.0341277121
67 11  -0.0789607866  -0.0023143433  -0.0078475143   0.0001168451   0.0012275865
67 12  -0.0020791374   0.2173955117   0.0010882263  -0.0031464782  -0.0013089776
67 13   0.0020807143  -0.0012330387   0.0054532288   0.0012469635  -0.0016049809
67 14   0.0011248203  -0.0007000834  -0.2993293898  -0.0000320013   0.2768871179
67 15  -0.0000437191  -0.0000487788
68  1  -0.0791863121  -0.3500118441   0.1453246558  -0.0100246836   0.1456749986
68  2  -0.0719466431   0.1624692278  -0.0039261982  -0.0866656411  -0.4346455394
68  3  -0.1987590219  -0.0671005831   0.0457796602  -0.0209809643  -0.1906875478
68  4   0.4769203708   0.0552481227  -0.0961604081   0.0041492382  -0.0083535073
68  5   0.0014461831   0.0007597715   0.0000402016   0.0356318548   0.0828913913
68  6  -0.0988641947  -0.0434980892   0.1125626572   0.0971040706  -0.1630630106
68  7  -0.0777909106   0.0343953294  -0.2049298706   0.0262678232   0.0493080379
68  8  -0.0424699020   0.0629212696   0.0835572422  -0.0308691530  -0.1149160701
68  9  -0.0198200485  -0.0846925875   0.0316985576  -0.0496373738  -0.0243937985
68 10   0.0421485571   0.0217240910  -0.2039403211  -0.0531968373   0.0259114137
68 11  -0.0544162750  -0.0095208955  -0.0107989978   0.0040554759   0.0193842664
68 12  -0.0074276881   0.6611154435   0.0032940438  -0.0003025511   0.0003133967
68 13  -0.0013381235   0.0003422073  -0.0019589839  -0.0013159795   0.0065307307
68 14  -0.0037316119   0.0018449670   0.2310502623   0.0000134904  -0.1883793717
68 15   0.0000303097   0.0000236923
69  1   0.1057796689  -0.0487099704  -0.0544906477   0.1720785508  -0.1707337995
69  2  -0.2960039069  -0.0187365009  -0.0657379677   0.2920486668  -0.0255399897
69  3   0.1508217992  -0.0435085255  -0.0898271963  -0.0552378432   0.0349295066
69  4  -0.3907296596  -0.0027434717  -0.1180888236  -0.0233950836  -0.1175730873
69  5   0.0360819040  -0.0010737218  -0.0065549495   0.0199748928   0.0140868201
69  6   0.0340714420   0.0515028651  -0.2815358099  -0.1684040883  -0.0515704634
69  7   0.1516829763  -0.0407997790  -0.0739455883   0.0545862328  -0.0390394319
69  8   0.0377559964  -0.0189024369   0.0762302767   0.0178466717  -0.0079308934
69  9   0.0156350822  -0.0094001097   0.0357200079  -0.0140671493   0.0068098949
69 10  -0.0069666109  -0.0030579863  -0.0224307747  -0.0115360828   0.0024516811
69 11  -0.0050347962  -0.0010448149   0.0032049124  -0.0022077521  -0.0087612042
69 12   0.0012167095  -0.1020795509  -0.0009425010   0.0002596978   0.0005599027
69 13  -0.0069331342   0.0016590158  -0.0082412772  -0.0050014149   0.0167347261
69 14  -0.0090820697   0.0043200150   0.6094880737   0.0000482679  -0.6060928905
69 15   0.0001337368  -0.0000150047
70  1   0.0773059891   0.0899040308  -0.0348182787   0.1996913956   0.0608318294
70  2  -0.0459191428   0.3224232603   0.1159365665  -0.2017226821  -0.0091898219
70  3   0.1713473981  -0.0916466345   0.1003269209  -0.0374708652   0.1647683068
70  4   0.0090233778  -0.0059741297  -0.2185368609   0.0648024045   0.1461748660
70  5  -0.1683820245  -0.1556863586  -0.8122414011   0.0714260712  -0.1444285167
70  6  -0.1469778710   0.0940492562  -0.0025272806   0.0164239856   0.0024585103
70  7   0.0072681085  -0.0214118285  -0.0030547314   0.0026945143   0.0099503700
70  8  -0.0034531215   0.0131916256  -0.0075250184   0.0155758934  -0.0008670888
70  9   0.0095362066  -0.0056783278  -0.0040610003   0.0035636605   0.0174457566
70 10   0.0094032455  -0.0114166432  -0.0026674764   0.0034486941  -0.0064230156
70 11  -0.0003191170   0.0009858084   0.0017426805   0.0025050941  -0.0012562383
70 12   0.0010827293   0.0000803286  -0.0090726423   0.0002174103   0.0000500220
70 13   0.0000681444  -0.0006400351  -0.0000892754   0.0001455087  -0.0002298687
70 14  -0.0000565270   0.0004798709  -0.0000038852   0.0023360133  -0.0000171290
70 15   0.0010207104   0.5517930418
71  1  -0.1467645911  -0.0675509858  -0.2994781823   0.1630048726  -0.0196204966
71  2   0.1036094488   0.1706297611  -0.0848350583  -0.0100380166   0.0093236498
71  3  -0.0008836579  -0.0073709695   0.0244318931  -0.1106398415   0.0904166957
71  4   0.0091597524   0.0057131466  -0.0269751403   0.0032029720  -0.0529798998
71  5  -0.2297256262  -0.5063586913  -0.0084628776   0.2213956278  -0.2004198218
71  6  -0.0061041927  -0.3310783682  -0.0135223631  -0.0506202739  -0.0256097627
71  7   0.0103495315   0.0952974985   0.0221535801   0.0598182071   0.0991784551
71  8  -0.1451601440  -0.0151841306  -0.0247224816   0.7724812361  -0.1461804129
71  9  -0.3991122006   0.2089916584   0.0961787471  -0.1309393092  -0.3789206656
71 10  -0.2053708881   0.2886707658   0.0559510549  -0.0425207926   0.0727534878
71 11  -0.0453693703  -0.0055070799  -0.0299767930   0.0093431401  -0.0070849539
71 12  -0.0035278776  -0.0002322158   0.4800364319   0.0002628052   0.0003175460
71 13  -0.0000355327  -0.0007813418   0.0001087674  -0.0002259280  -0.0001027798
71 14  -0.0000013700   0.0005594631   0.0000055619  -0.0002211038   0.0000142217
71 15  -0.0000684025  -0.1392943801
72  1  -0.3616052397   0.0000000000   0.0000000000   0.0000000000   0.0000000000
72  2   0.0000000000  -0.0647967571  -0.1231323623   0.0954786086   0.0087664825
72  3  -0.0234279050   0.0344511175  -0.0404533774  -0.2822777993   0.0817443832
72  4   0.0151559420   0.0457946354   0.1395373437  -0.0491308521  -0.1148208318
72  5   0.0523627183  -0.1288238047   0.5506681011  -0.0278455314   0.0821092299
72  6   0.0988806436  -0.0379509460   0.0061514051   0.0039700302  -0.0075375780
72  7   0.0223764752  -0.0115919067   0.0068802827   0.0162412412   0.0328535259
72  8  -0.0401193445  -0.0070603996   0.0000668002   0.1031844521  -0.0121762187
72  9  -0.0428438413   0.0152264828   0.0092718123  -0.0058770021  -0.0259346985
72 10  -0.0126013674   0.0155519100   0.0030232376  -0.0026839609   0.0069430290
72 11  -0.0000088726  -0.0007302406  -0.0016707816  -0.0014046255   0.0005166430
72 12  -0.0009965179  -0.0000712792   0.0509793622   0.0003778622   0.0003400471
72 13   0.0001043548  -0.0001972049   0.0002027445  -0.0007245509  -0.0004268998
72 14  -0.0003532590   0.0004536567  -0.0000485017   0.0034586777  -0.0000062306
72 15   0.0019640589   0.8199454173
$end
