$dipgrad          cartesian dipole gradients
  0.22280576666287D-01  0.28849365489987D-01  -.16003554970021D-01
  -.41294902353957D-02  0.14564157398333D+00  -.40337171688856D-02
  -.69104075190351D-02  0.10575857705355D-01  0.11920523720773D+00
  0.82383323696553D-01  0.11614326489201D-01  0.45286508083046D-04
  0.34257273873435D-01  0.14583625058038D+00  -.35891000782568D-01
  -.95915717373122D-02  -.36242521584793D-01  0.71027551051532D-01
  0.78582370989813D-01  0.34399824418136D-01  0.56697958911392D-02
  -.81651472534638D-01  0.10122322745277D+00  -.43690001454909D-01
  -.36119445185231D-01  0.19501702998166D-02  0.73017835665029D-01
  0.20700978138368D+00  0.22595949748041D+00  0.15404834168904D+00
  0.19078671874795D+00  0.22543816542739D+00  0.11246859874938D+00
  0.16902537071331D+00  0.12037532692128D+00  0.18108036560172D+00
  -.14262506130296D+00  -.14465013330680D+00  -.57572914846274D-01
  -.72965663646215D-01  -.10423239584162D+00  0.59636200702869D-01
  -.47913797284035D-01  0.28176144018435D-01  -.24447582052730D+00
  0.17919686662568D-02  -.17052555800694D-01  -.34260688066846D-01
  -.76662788295866D-01  -.76298323744498D-01  -.10551446497849D+00
  -.86279076038311D-01  -.82330038318433D-01  -.14488045790649D-01
  -.96377182746634D-01  0.36645671968644D-01  0.76463126877362D-01
  0.43167093962553D-01  0.64581772803368D-01  -.25636669645321D-01
  0.12162313661210D+00  -.32357216504759D-01  -.58070489177823D-01
  0.30073680804166D-01  -.33257687668364D-01  0.15982928002798D-01
  0.13561347722268D-01  -.83274741011462D-01  0.10694222490157D+00
  -.36873178571439D-01  0.10669842397818D+00  -.17402043344879D-01
  -.65388087474126D-03  0.23337389990742D-01  0.62814816953115D-03
  0.10386337706914D-01  -.95909120283626D-01  0.12416708872486D+00
  0.96543124751242D-02  0.89853549824408D-01  -.45837222509134D-01
  -.88984457493196D-02  -.46318892964141D-01  -.45044192381986D-01
  -.57760836202864D-01  -.44623609019545D-01  -.92737444166744D-01
  -.37628624607076D-01  -.66157673124174D-01  -.22659526396993D-01
  -.53833376131627D-01  -.73935227919001D-01  -.80940354459968D-01
  -.37290599426372D-01  -.47263975848333D-01  -.10391084292844D+00
  -.37778565336084D-01  -.84848413534093D-01  -.29293482451630D-01
  0.16668584110199D-01  -.10602383030085D-02  0.21371423596367D-01
  0.21186945258313D-01  -.68686420753399D-01  0.12062631618085D+00
  0.25503571395244D-01  0.69270308353769D-01  -.22575473509743D-01
  -.76658734700345D-01  0.26721600899234D-02  0.27458388935384D-01
  -.20188593553575D-01  -.12036739162146D-01  -.91964332129662D-01
  0.41789883267556D-01  -.98350523244551D-01  -.79736170618302D-01
  0.66365813394448D-02  -.81590301613830D-01  -.18968846896438D-01
  -.62109364827041D-01  -.14757741453491D+00  0.26390225695173D-01
  -.61417641257411D-01  0.34520941405527D-01  -.18062639672552D-01
  -.66380186077836D-01  0.34386801649032D-01  -.48876888047980D-01
  0.99413091450529D-01  -.28182499748379D-02  -.46852181699695D-01
  -.70839669269991D-02  -.61134336195839D-01  0.10826992454596D+00
$end
