$vibrational normal modes
 1  1   0.1025831410   0.1949489004   0.0554911616   0.0129148053   0.0929644329
 1  2  -0.0453308460  -0.0274942702  -0.1000032805   0.0458999301   0.0059900656
 1  3  -0.0108630880   0.1532297381   0.1921697397   0.0026603369  -0.0163153224
 1  4  -0.0528130486  -0.0724348462   0.0386466659  -0.0569435823   0.1567795668
 1  5   0.1013648532  -0.0072850382  -0.0000874097  -0.0284390802  -0.0134061676
 1  6  -0.0128938321   0.0144914290   0.0000254758  -0.0427879882   0.1244949927
 1  7  -0.0024535017  -0.0043538993   0.0099648097  -0.0132183970  -0.0104025928
 1  8  -0.0000271322   0.0061523524  -0.0201384667   0.0363478695   0.0014624211
 1  9  -0.0070085773   0.0056138099   0.0205123592  -0.0363363318   0.0002674320
 2  1   0.0641881455   0.0925270841  -0.0517947987   0.3472749364  -0.1444412516
 2  2  -0.0281745076  -0.1134566108  -0.1289939474   0.0145187729  -0.0276642666
 2  3   0.0001309695  -0.0508478690  -0.0493320455  -0.0014577588   0.0150355370
 2  4  -0.0107801027   0.0470887992   0.0387392373  -0.0138081171  -0.0706508199
 2  5   0.0035365490  -0.0225256090   0.0551838203  -0.0569440206  -0.0803242441
 2  6  -0.0512483729   0.0303432574   0.0195582367   0.0135995571  -0.0308151373
 2  7   0.0005933788  -0.0018909395  -0.0016934464  -0.0473145724   0.0027835331
 2  8  -0.0000727451  -0.0000424378   0.0079484777  -0.0042519965  -0.0144931639
 2  9  -0.0355135796   0.0233258549   0.0773668417   0.0117674287   0.0008857633
 3  1  -0.3268194055   0.1031027400   0.0420187375   0.0691924810   0.1123226961
 3  2   0.2263734416   0.0169249379  -0.0493285096   0.0661377717   0.0507080539
 3  3   0.0663200693  -0.0968457629  -0.0158598597   0.0023995388  -0.0008164600
 3  4   0.0091932817   0.0206179945   0.0198364757   0.0484402145   0.0507438092
 3  5   0.0984377691   0.0786722597   0.0621159313   0.0547118391  -0.0240169136
 3  6  -0.0074578013  -0.0388641587   0.0334876545   0.0186262451   0.0476522035
 3  7   0.0000064375   0.0099053508  -0.0298376229  -0.0011868368   0.0360919733
 3  8  -0.0000476877  -0.0005894139  -0.0217514254   0.0174400857  -0.0017404727
 3  9  -0.0022178222  -0.0011876575  -0.0039943139   0.0831520075  -0.0006933019
 4  1   0.0719026200   0.1856060279   0.0569385620  -0.0037036083   0.1346199631
 4  2   0.0211137284   0.0581495637  -0.0776416789   0.0749694535   0.0617613420
 4  3   0.0242167073   0.0543493322   0.0983428919   0.0108847405   0.0056858343
 4  4  -0.0328888527   0.0015870224  -0.0171392959   0.0067273221  -0.1799893110
 4  5  -0.1948374971  -0.0181324906  -0.0109854236   0.0263698530   0.0234343981
 4  6  -0.0097081965  -0.0626417184   0.0694012125   0.1379425824  -0.0000395923
 4  7   0.0015107897   0.0013190458   0.0268443348  -0.0040491105  -0.0050637946
 4  8   0.0000025295   0.0058750644   0.0059714551   0.0008388969   0.0170007667
 4  9   0.0151273701  -0.0032249333   0.0106327064   0.0023900197   0.0003297538
 5  1   0.0795748249  -0.0426872701   0.0265214282   0.2762680779  -0.0417373242
 5  2  -0.0335315196   0.1812810905   0.0381060195   0.0254362315   0.0655454611
 5  3  -0.0609561002   0.0237176672  -0.0498624686  -0.0070261407   0.0640882148
 5  4  -0.0456708933   0.0212990759   0.0099209213   0.0072571112   0.0735401329
 5  5   0.0143288385   0.0387006914  -0.0777912751   0.0836255015   0.0977599693
 5  6   0.0235960094   0.0373634047   0.0158811709  -0.0396300951  -0.0017927513
 5  7   0.0009107236  -0.0024417462  -0.0071060561  -0.0213192066   0.0009801996
 5  8  -0.0002898609  -0.0072682381  -0.0212198802  -0.0186288784   0.0503777262
 5  9   0.0543899039  -0.0123229330   0.0403924066   0.0026882590   0.0028282066
 6  1  -0.2389250148   0.0421077357   0.0874561508   0.0670297757   0.0705190878
 6  2   0.0535644667  -0.0169226957   0.0025994947  -0.0103904649  -0.0481059477
 6  3  -0.0754135400   0.1715578038   0.0425216222  -0.0372206282   0.0332464276
 6  4   0.0865489638   0.1016566067  -0.0141466952   0.0288647196  -0.0294981218
 6  5   0.0000691724  -0.0924395599  -0.1173233102  -0.0899110873   0.0373718139
 6  6   0.0059141521   0.0289750590  -0.0265285183  -0.0154976307  -0.0044072895
 6  7   0.0291184624  -0.0178923636   0.0353195858  -0.0000664084   0.0696893144
 6  8  -0.0000738515   0.0346017242   0.0456306389   0.0255183331   0.0186815209
 6  9   0.0077576973   0.0005495326   0.0024032939   0.0086748373  -0.0001328061
 7  1   0.1200394647   0.1582175375   0.0352426217  -0.0385807945   0.1414192584
 7  2  -0.1021972188  -0.0043284928  -0.0132386847   0.0231542141   0.0469683434
 7  3   0.0573142080   0.0460740433  -0.1470098272   0.0897139611   0.0092665265
 7  4   0.0019156271   0.0357528458  -0.1040945838   0.0008797162  -0.1218178044
 7  5   0.1647010342  -0.0292657774  -0.0605544248   0.0158392795  -0.0417619067
 7  6   0.0005530805  -0.0740541303   0.0430213855  -0.1446360644  -0.0313747602
 7  7  -0.0083404235   0.0049752639   0.0067451295  -0.0009642603   0.0147204404
 7  8   0.0002073265  -0.0146346158   0.0096552209   0.0091672163  -0.0133837460
 7  9   0.0117786862  -0.0098556988   0.0052228978   0.0006766621   0.0007842655
 8  1  -0.0097078223   0.0498270151  -0.2077945642   0.1489453909   0.1122858761
 8  2   0.0271954580   0.0257576841   0.1386601542  -0.0269773578   0.0365138795
 8  3   0.0796378981   0.1503163572  -0.0035752662   0.0440324694   0.0459958837
 8  4   0.0311794124  -0.0690822111  -0.0499700884   0.0367200010   0.0349814113
 8  5  -0.0194301893  -0.0250229159   0.1191399265  -0.0870701759  -0.0115386336
 8  6   0.0720943935  -0.0222349094  -0.0273968430   0.0369394195   0.0073779806
 8  7   0.0042023050   0.0090082293  -0.0002243464   0.0018189659  -0.0044800323
 8  8  -0.0003225446  -0.0054420193   0.0121885660   0.0138479874  -0.0619654532
 8  9   0.0466351269  -0.0340608130   0.0191217224   0.0005887379   0.0069999472
 9  1  -0.1729393581  -0.0057588933   0.1256565577   0.0667350363   0.0386046745
 9  2  -0.0738999742  -0.0359784076   0.0357552943  -0.0453240864  -0.0530988022
 9  3  -0.0784027069   0.1429889855  -0.1054557690   0.0544768413  -0.0231685946
 9  4  -0.0763505554  -0.0935295328  -0.0452273835  -0.0844167052  -0.0942942879
 9  5  -0.0211517818   0.0572193141   0.0804069759   0.0908255822  -0.0357477832
 9  6   0.0195692571   0.0449534742  -0.0271631237   0.0238927667   0.0109946544
 9  7  -0.0669954071   0.0233434175   0.0359422855  -0.0000241777   0.0195900266
 9  8   0.0001132939  -0.0550194660   0.0237355437   0.0226627962   0.0158838257
 9  9  -0.0038925384   0.0012956184  -0.0006771886   0.0008609115  -0.0056688473
10  1   0.0907496158   0.1442580410   0.0342959771  -0.0617520122   0.1898357973
10  2  -0.0410492583  -0.0005563331  -0.0526565223   0.0287749559  -0.0289176938
10  3  -0.0379094133   0.0039893384  -0.2222638741   0.0805367020   0.0277934786
10  4   0.0881613028   0.0567834593   0.0284738995  -0.0371123827   0.1489955004
10  5  -0.0935617553   0.0108426642   0.1021327464  -0.0119266209   0.0691484644
10  6  -0.0759258602  -0.0043096696  -0.0476506691   0.0249507033   0.0062415948
10  7  -0.0199478483  -0.0529201783  -0.0093587293   0.0018625536   0.0014173587
10  8   0.0003268523  -0.0031845656   0.0012783566   0.0019677051  -0.0026736157
10  9   0.0094441175   0.0235783370  -0.0041254518   0.0006758621   0.0437903353
11  1   0.0020683916  -0.0780176166  -0.1401078445   0.0756175756   0.2172861809
11  2   0.0241387449   0.0183428149   0.0264545101  -0.0140097568  -0.0601006760
11  3  -0.0457580362  -0.0667747830   0.1001911869   0.3322062671  -0.0428765320
11  4   0.0268139552   0.0169757678   0.0594427979  -0.0373658714  -0.0445775925
11  5   0.0073980410   0.0306109114  -0.0814922057   0.0345196805  -0.0122081451
11  6  -0.0590817109  -0.0132396567  -0.0363793399  -0.0044355901   0.0002291610
11  7   0.0187231379   0.0628867797   0.0120138888   0.0019543695  -0.0010060164
11  8   0.0001731726   0.0011494743   0.0005278577  -0.0009754310   0.0112626578
11  9  -0.0286118778  -0.0542987294   0.0052202340  -0.0004158294   0.0241321192
12  1  -0.0799113749  -0.0770250979   0.1869650824   0.0687416965  -0.0073565499
12  2  -0.2494648048  -0.0567219744   0.0572239044  -0.0486840303   0.0704221474
12  3   0.0837516290  -0.0110963316   0.0098504196   0.1747401625  -0.0470425965
12  4  -0.0495191603  -0.0074961493   0.0674710637   0.1111749386   0.0637400193
12  5  -0.0569981935  -0.0392214493   0.0215452423  -0.0438182244   0.0499124805
12  6  -0.0507736784  -0.0380884288   0.0057982384  -0.0204362571  -0.0097739742
12  7  -0.0039431719   0.0038845586   0.0013494515  -0.0000327406   0.0032096486
12  8  -0.0002274684   0.0034745200  -0.0012875743  -0.0016546074  -0.0049348730
12  9   0.0066511794   0.0010932129   0.0029596239  -0.0004986597  -0.0809614495
13  1   0.0661026476   0.2221908721   0.0749296548   0.0487479208   0.0766818708
13  2   0.0510604554  -0.0129740203   0.1176080586  -0.0689657239  -0.0377974129
13  3  -0.0168140785  -0.1122440883   0.0315473242  -0.0689329477   0.0039268923
13  4  -0.0012484055  -0.0114093002   0.0084464132   0.0083742477  -0.0043149547
13  5   0.0028101233  -0.0050783333  -0.0074185489   0.0045407230  -0.0040064659
13  6  -0.0001687189   0.0003220156   0.0007041099  -0.0000582134  -0.0000820703
13  7   0.0003614108   0.0004312531  -0.0000508236   0.0000786310  -0.0001697706
13  8  -0.0285680841   0.0000715844  -0.0000430746  -0.0000563459   0.0000742672
13  9  -0.0001196393   0.0000789573  -0.0000649200  -0.0000124961   0.0000338519
14  1   0.0540716615  -0.2386692956   0.0303288421   0.0665733007   0.2432714879
14  2  -0.0066591937  -0.0485969982  -0.0122504736   0.0100756578  -0.0052853239
14  3   0.0072930950  -0.0355578677   0.0216181701  -0.1256947605   0.0023649919
14  4  -0.0226191406   0.0113848295  -0.0353711190  -0.0016918539   0.0008379019
14  5   0.0082669736  -0.0069167947   0.0188561953  -0.0011658290   0.0116217858
14  6  -0.0083151135   0.0006025731  -0.0027521751   0.0012337626   0.0003112518
14  7   0.0010945934   0.0013751583   0.0001615117  -0.0000365034  -0.0001108718
14  8   0.0131264370   0.0001471277  -0.0000726174  -0.0000706830   0.0001156312
14  9  -0.0000435691   0.0000821683  -0.0000066470   0.0000069707  -0.0000651144
15  1  -0.1333811533   0.0866549792  -0.0900490901  -0.0109900255   0.0504507418
15  2  -0.2827719426   0.0503602205  -0.0370157781  -0.0131415893  -0.0154372937
15  3  -0.0064667955  -0.0742255909   0.0342212206  -0.0810016504   0.0090218796
15  4   0.0012186537   0.0045733396  -0.0158142415  -0.0155069976  -0.0035590273
15  5   0.0023771887   0.0108820290   0.0036198862  -0.0069338141   0.0059392434
15  6  -0.0028719268  -0.0010744620   0.0000706933  -0.0002703357  -0.0001366821
15  7   0.0005778252   0.0005761090  -0.0000874476  -0.0000041489  -0.0000783439
15  8  -0.0020325458   0.0001204469  -0.0000623999  -0.0000607031   0.0001413917
15  9  -0.0000831537   0.0000045347  -0.0000121270   0.0000015428   0.0001602254
16  1   0.1186598993   0.1480065562   0.0307845045  -0.0535207602   0.1600940756
16  2  -0.1036480229  -0.0013847508   0.0160690293  -0.0184142936   0.2165498515
16  3  -0.2702835855   0.3096946436   0.2846242565  -0.0574242906   0.1591215014
16  4  -0.1239014767   0.2600823009   0.3120350766   0.0617858211   0.0124524845
16  5   0.3395413894   0.1566762554   0.3416623586  -0.0036872808  -0.2246709878
16  6  -0.0967628140   0.0443065453   0.0708498679   0.1245970713  -0.4522512348
16  7   0.0123175530   0.0190734103  -0.0731241416   0.4342605483   0.0648410230
16  8  -0.0004539094  -0.0195148874   0.1229837372  -0.1814196984   0.0276004873
16  9   0.0973098406  -0.0603257577  -0.2125247566  -0.1339224074  -0.0009530783
17  1   0.0299293183   0.1881238951  -0.1608192863   0.3452548092  -0.1504658742
17  2  -0.0074468865  -0.3325910558  -0.1890209380  -0.0142603665   0.1268286434
17  3  -0.1133184645  -0.1345802259  -0.0601619018  -0.0008854392  -0.1460453669
17  4   0.1422052030  -0.1173560226  -0.1713355578   0.0640033708   0.0263440841
17  5  -0.1056229831   0.0240570786  -0.1021095618   0.0857326120   0.0993677364
17  6   0.0443746383  -0.0739338911   0.0253112468  -0.0064850179   0.3140086825
17  7  -0.0153173774   0.0619851629  -0.2442499642  -0.0775802222   0.2653308604
17  8   0.0000853146  -0.0495778039   0.2720745369  -0.3988495472   0.0567148125
17  9   0.2106104243  -0.1297833111  -0.4433477038  -0.2674912920  -0.0019731201
18  1  -0.2908839444   0.0041975412   0.2063241946   0.1156707408   0.0763112234
18  2   0.2366188551   0.2973599874  -0.0444249690   0.1474908321  -0.2986833937
18  3   0.3923758329  -0.0862533413  -0.0635566064   0.0417133160   0.0993203941
18  4  -0.1486380790   0.0191553889   0.1173690940  -0.1357763753   0.0217791431
18  5   0.0874912577  -0.0937622723   0.0383589827  -0.1516654763  -0.1143763549
18  6  -0.0751599054   0.0954745589  -0.0245034288  -0.0635637437  -0.0710892767
18  7   0.0122987714  -0.0960407573   0.3685303748  -0.2202857152  -0.3851562504
18  8  -0.0001367735  -0.0363411624   0.1906113576  -0.2863595629   0.0426875761
18  9   0.1574120234  -0.0978377207  -0.3361616789  -0.1767890026  -0.0018330559
19  1   0.0674316586   0.2145365726   0.0711438445   0.0377855660   0.0887072171
19  2   0.0445288167   0.0305430580  -0.1487018961   0.1111606331  -0.0554076850
19  3   0.1817467441  -0.0391456471   0.0577074352   0.0711672514  -0.0778136138
19  4  -0.1641837822  -0.3459852252  -0.0714202283  -0.3254914579   0.2670172478
19  5  -0.0711541607  -0.2324910125  -0.2371281160  -0.1168898638   0.1021253014
19  6   0.0495328726   0.1190922558  -0.1105928506   0.0037170003  -0.3835360906
19  7   0.0062951235   0.0362410115  -0.1935992227   0.1690317621   0.1903608640
19  8   0.0001801870  -0.0526570716   0.1337085590  -0.2747962261  -0.0500056007
19  9  -0.0258231388   0.0026717004  -0.0106944086   0.5568908235  -0.0024094625
20  1   0.1287224218   0.0237178573   0.1181875886   0.4377937240  -0.2536692642
20  2  -0.0719854436   0.0527213562  -0.1953624267   0.0799508041  -0.5436557105
20  3   0.3638005477   0.0509508753  -0.0027162528   0.0075029551  -0.0647664674
20  4   0.1589252285  -0.0199105930  -0.1351668538   0.1602627637   0.0120361646
20  5  -0.0454455363   0.1092085163  -0.0501603826   0.1507169314   0.1368418978
20  6   0.0816399894  -0.0634187811   0.0303107270  -0.0155160079   0.0978029731
20  7  -0.0035596372   0.0044130561   0.0294911692   0.6842442074  -0.0293144237
20  8   0.0000063973   0.0153117649  -0.0357317221   0.0765417318   0.0103947239
20  9  -0.0041003558   0.0061339586   0.0214534126  -0.1519028005   0.0007846775
21  1  -0.3729279532   0.1366275528   0.0151734284   0.0693489838   0.1346431645
21  2   0.3153568210   0.0279472792  -0.0760093622   0.1077980798   0.1208992170
21  3   0.1485255926  -0.2912865763  -0.1478081024   0.0611155214  -0.0354561502
21  4  -0.1291961170  -0.2033731554  -0.0368316736  -0.2319111750   0.1264503887
21  5  -0.0433037380  -0.1581230079  -0.1291724332  -0.0796236974   0.0288734730
21  6   0.0145961791   0.0747890614  -0.0659713129   0.0597785852  -0.4043690905
21  7   0.0105721429   0.0379200360  -0.1934709314  -0.0155581992   0.2019119600
21  8  -0.0001964506   0.0693509645  -0.1614501073   0.3338107182   0.0591043518
21  9   0.0284068600  -0.0008566570   0.0171081597  -0.6431294961   0.0031136646
22  1   0.1456850324   0.2294803719   0.0633469474   0.0672912477  -0.0022899159
22  2  -0.1289722477  -0.1792112307  -0.1869632115   0.0152796977  -0.2046745074
22  3   0.0156661971   0.2939974843   0.3218531521  -0.0392417304  -0.1927729024
22  4   0.2966483459  -0.0945362856  -0.1978449071   0.3222489200   0.2684563792
22  5   0.1383266966   0.3080332849  -0.0024132545   0.2928370718   0.1355688254
22  6   0.1090356467  -0.0797407329  -0.0559125079   0.1182699004  -0.5579520254
22  7   0.0225404538  -0.0166811073   0.0728995432  -0.3961733245  -0.0928826045
22  8   0.0000264001   0.0043295573  -0.0218836884   0.0252614684   0.0058562997
22  9   0.0131378057  -0.0090407165  -0.0222208751   0.0074334025   0.0004255328
23  1   0.0215621268   0.1709664886  -0.1745637689   0.3131949979  -0.1080435439
23  2  -0.0006495976  -0.2965605799  -0.1383282931  -0.0247014286   0.2476346642
23  3  -0.1932158789  -0.1403234795  -0.0815684824  -0.0002678384  -0.0642176151
23  4   0.0206523081  -0.0682847484  -0.0571312880  -0.0578312900  -0.0064521049
23  5  -0.0817701562  -0.0849652889  -0.0928352330  -0.0555482770   0.0463776011
23  6   0.0154353040   0.0559091694  -0.0378680561  -0.0613532770  -0.0600377048
23  7   0.0069587204  -0.0625132283   0.2540015340   0.1706013434  -0.2688020788
23  8  -0.0001874461   0.0340897294  -0.3315785206   0.3705428237   0.1107191633
23  9   0.2174571666  -0.1532590895  -0.5040051716   0.2797742233  -0.0105555924
24  1  -0.3845390332   0.2157014338  -0.1307430216   0.0241619158   0.1583307819
24  2   0.2605150367  -0.2500814627  -0.0676577053   0.0086548116   0.4285337558
24  3  -0.2057241064  -0.2161973406  -0.0550048034   0.0023290404  -0.1196733913
24  4   0.0687414975  -0.1419059578  -0.1235166786  -0.0003097853   0.1468417836
24  5  -0.0146584711   0.0007321248  -0.1457204143   0.0625751754   0.1542618336
24  6   0.0916754548  -0.0007170316  -0.0634625111  -0.0749506931  -0.0608753826
24  7   0.0107655761  -0.0807819735   0.3491508064   0.2538726348  -0.3670018943
24  8   0.0002461775  -0.0249570844   0.2290997591  -0.2577225448  -0.0813342488
24  9  -0.1601255663   0.1118051290   0.3666856037  -0.1757453092   0.0073663957
25  1   0.0281409609   0.1518976820   0.0495869886  -0.0569529882   0.2290127757
25  2   0.1066482138   0.2119078360  -0.0069553672   0.1094647075   0.1381067367
25  3   0.0506960981   0.0279116048   0.1641191368   0.0011293634  -0.1382237130
25  4   0.1765381607  -0.1046615560  -0.2172260375   0.3048726630  -0.1746227856
25  5  -0.3636689899   0.1911833854   0.0749212989  -0.1121804391  -0.2107616165
25  6  -0.2810961187   0.6779617919   0.0040237136  -0.4357568102  -0.0112974721
25  7  -0.0836050773   0.0111536286  -0.1766669507   0.0315425394  -0.0807756658
25  8  -0.0004616470   0.0292265648   0.0410722103   0.0277506184  -0.0079813784
25  9  -0.0199855719   0.0091044147  -0.0147136375   0.0030049272  -0.0039158188
26  1   0.1238288243  -0.1220418485   0.1533174629   0.3132710405  -0.0817797806
26  2  -0.0621967799   0.3344651082   0.0281441309   0.0531745853   0.0767848052
26  3  -0.1381390832  -0.0208626405  -0.0800159231  -0.0915673646  -0.2303289286
26  4   0.0930449788  -0.0100569519   0.0408807658  -0.0862964855   0.0116133115
26  5   0.1292461338  -0.0725529458   0.0452137976  -0.0210705788  -0.0013541305
26  6   0.0605254571  -0.1768896382  -0.0106421382   0.0873538089   0.0020838849
26  7  -0.1641837484   0.0993888288  -0.2348401952  -0.0096318745  -0.2783726640
26  8   0.0004774003   0.3388481215   0.5134421027   0.3288058462  -0.1541527451
26  9  -0.2652775883   0.0776035828  -0.2212362243   0.0473784316  -0.0200880127
27  1  -0.1833751225  -0.0685528290   0.2582443068   0.1118368414   0.0256535634
27  2   0.0232158427   0.2049428953  -0.0036412369   0.0308385268  -0.0242228367
27  3  -0.1758951742   0.1074194786   0.0074252749  -0.1494460920  -0.3723194922
27  4   0.2873286048   0.0487289448   0.0077088029  -0.0696292676  -0.1144913436
27  5   0.1372030829  -0.2199685180   0.0503263833  -0.2388126086  -0.1182190705
27  6   0.0230548558  -0.1845182716  -0.0721649904   0.0949988520  -0.0042776216
27  7  -0.2199163262   0.1236526127  -0.3190048298   0.0233729147  -0.3363813900
27  8  -0.0011091003  -0.2389575055  -0.3660617295  -0.2356232227   0.1238968676
27  9   0.2023659655  -0.0607051419   0.1654318157  -0.0335803893   0.0168198453
28  1   0.0547186523   0.2329830058   0.0820540117   0.0632510200   0.0676691381
28  2   0.0821786634   0.0188316562  -0.1848682441   0.1173124480   0.0534692029
28  3   0.0403745992  -0.0535256755   0.1828171265  -0.0637128758  -0.0112791812
28  4  -0.1024122071   0.2005106418   0.2883816144   0.0211162384  -0.4180972803
28  5  -0.1659625647   0.0372040425   0.2463010891   0.0467579627   0.2496408763
28  6   0.4472662870  -0.0471390889  -0.5718976540  -0.4290548050  -0.0119614581
28  7  -0.0009180895   0.0148535505  -0.0474972952  -0.0402114929   0.0462455490
28  8   0.0023049331  -0.1048511208  -0.1070329798  -0.0394069998  -0.1983560629
28  9  -0.1632733411   0.0286349137  -0.1110620810  -0.0345104331  -0.0058167903
29  1   0.1161117002  -0.1392902794   0.1410937446   0.2825922727  -0.0411101990
29  2  -0.0558665966   0.3758532292   0.0710451416   0.0436073841   0.0926173429
29  3  -0.1393075771   0.0163752675  -0.0677201156  -0.0786539036  -0.2443334872
29  4   0.1636424105  -0.0771978845  -0.0780068647  -0.0159662237   0.0873780239
29  5   0.0622827758  -0.0446472673  -0.0142424704  -0.0682140920  -0.1000209006
29  6  -0.1098742555  -0.0013620464   0.1324787228   0.1322043051   0.0042610900
29  7   0.1821205586  -0.0995768116   0.2859764201   0.0109427976   0.2812258656
29  8   0.0027247558  -0.2515390131  -0.2577176354  -0.1020331326  -0.4585439011
29  9  -0.3839810940   0.0712555145  -0.2538241822  -0.0783696493  -0.0124248233
30  1  -0.2770806928   0.1418962581  -0.0767018424   0.0210270975   0.1074183621
30  2   0.0484032281  -0.2484105608   0.0184898205  -0.0624510422  -0.0784047329
30  3   0.0194422219   0.2385386117   0.0178530235   0.1017579456   0.4370203801
30  4  -0.1459374403   0.1154616960  -0.0752448834   0.0495661477   0.0856208294
30  5  -0.0750778665  -0.0175965974  -0.3397976964   0.0921737862   0.1706418382
30  6  -0.0776511398   0.0718521686   0.1838304644   0.0754882186  -0.0092849288
30  7  -0.2221639094   0.1099760725  -0.3308507588  -0.0265282342  -0.3464778188
30  8   0.0014045754  -0.1783261783  -0.1785107235  -0.0656378388  -0.3474499003
30  9  -0.2943332998   0.0551378646  -0.1943398165  -0.0587949583  -0.0095554157
31  1   0.1377581632   0.1114388391   0.0103031115  -0.1046145691   0.2068968223
31  2  -0.1642228160  -0.0632630798   0.0014980818   0.0017672878   0.0125157363
31  3   0.0843636092  -0.0843268531  -0.1573939251   0.3321757263  -0.1182322670
31  4   0.0523973213  -0.0040204405   0.0485799370   0.0229156706  -0.3574913580
31  5   0.5471946129  -0.0409760154   0.1670593286  -0.1545338280   0.4406404520
31  6   0.2875617716   0.5098412989   0.1851399419   0.3887672166   0.0862614339
31  7   0.0134213440   0.0080758735  -0.0025722253  -0.0264043810  -0.0154043802
31  8  -0.0009752345   0.2273427507  -0.1279820717  -0.1243329556   0.1120145876
31  9  -0.1107144564   0.0907095272  -0.0473480321  -0.0048552314  -0.0000288650
32  1  -0.0463404702   0.1484271740  -0.3232218742   0.1439636844   0.1097672988
32  2   0.0495143870  -0.0315096399   0.2155283243  -0.0455722240   0.0611998428
32  3   0.1995136146   0.3640860811  -0.1205682429  -0.3110009784  -0.1591568093
32  4  -0.0525131838   0.0959336188   0.0862335702  -0.0764926050   0.1023025724
32  5  -0.1723036883   0.0593882511  -0.1089601047   0.0818053886  -0.1006305008
32  6  -0.0958050567  -0.1202051571  -0.0341772823  -0.1259060593  -0.0412287985
32  7  -0.3921897922   0.1060975031   0.1635140033   0.0007785139   0.1301767827
32  8  -0.0003045217   0.4906664491  -0.2706503805  -0.2681522771   0.2299840561
32  9  -0.2376327300   0.1838587579  -0.1056812768  -0.0148462058   0.0006239627
33  1  -0.1368552004  -0.1034256611   0.2873956660   0.1123505782   0.0028656528
33  2  -0.0654142390   0.0711820184  -0.0706237692  -0.0072327410  -0.0627373974
33  3  -0.2462430185  -0.0482606031   0.0465976418   0.3647468912   0.3094662548
33  4   0.0016074761  -0.2715159119  -0.3016152058   0.0448005553  -0.0360852566
33  5  -0.0658144883  -0.0432679913   0.2247181257  -0.0159185089  -0.2070057872
33  6   0.0596576264  -0.1842024794  -0.1062273983  -0.0879071076   0.0085526688
33  7   0.4573760028  -0.1047752493  -0.1774976231   0.0120544930  -0.1443818281
33  8   0.0001277139   0.3665612067  -0.2054487234  -0.2047305992   0.1897561425
33  9  -0.1900491772   0.1481897863  -0.0855936328  -0.0115944472   0.0000543317
34  1   0.1634821420   0.1921443438   0.0427550435   0.0149532908   0.0469179488
34  2  -0.1868978173  -0.0037413620   0.0424177420   0.0082494498   0.1459905625
34  3   0.1812598703   0.1326765403  -0.3014264009  -0.1434970764  -0.0648123210
34  4  -0.2096917262   0.1123703405  -0.0920839383   0.1679062109  -0.0239117627
34  5   0.1666754248   0.2861222894  -0.4847334912  -0.1169492647  -0.2486967785
34  6  -0.1051241255   0.0760843415  -0.5962113912   0.5053097011   0.1333579803
34  7   0.1811558648  -0.0435193497  -0.0761676891   0.0344854011  -0.0736356458
34  8   0.0010846578  -0.0493059141   0.0141913809   0.0138462369   0.0532500746
34  9  -0.0344004193   0.0221913346  -0.0157445533   0.0022402264  -0.0063653662
35  1  -0.0538957325   0.1268187123  -0.3336874012   0.1102486200   0.1547006480
35  2   0.0559140380  -0.0442230023   0.1967460205  -0.0506629954   0.0323850294
35  3   0.1823336518   0.2983805670  -0.0623339910  -0.1698986275  -0.1720689566
35  4   0.0272881950   0.0706931712   0.1344046220  -0.0933818692   0.0103251037
35  5  -0.0844307000  -0.0593574522   0.0660882029   0.0734995291   0.0866165939
35  6  -0.0026200277  -0.0190715383   0.1632698835  -0.1289979680  -0.0204058214
35  7   0.3501137978  -0.0974383622  -0.1455045276  -0.0105123456  -0.1085782961
35  8   0.0009530062  -0.4286735816   0.1200877942   0.0987086591   0.5208027452
35  9  -0.3186180578   0.2229637675  -0.1231001419   0.0060560432  -0.0816536552
36  1  -0.2272815689   0.1048482646  -0.0460532204   0.0213958169   0.0830965228
36  2  -0.0467839652  -0.1307155681   0.1220938095  -0.0819289770  -0.0429565226
36  3   0.0824277026   0.3581322073  -0.2058350504  -0.2720359246  -0.3265234370
36  4  -0.1081762093   0.1055663939   0.2039503988  -0.2338551899  -0.1168949587
36  5  -0.1105805819   0.0464676946  -0.0479283263   0.2907993571   0.0616016651
36  6  -0.0977147130   0.0724648244   0.1440265155  -0.1083144986   0.0026823005
36  7   0.4635028061  -0.1374492826  -0.1855378913  -0.0075324764  -0.1450819142
36  8   0.0000926788   0.2932328803  -0.0777032537  -0.0642179658  -0.3792759018
36  9   0.2351336691  -0.1622231537   0.0924532787  -0.0047782964   0.0583574949
37  1   0.1268248029   0.1223221362   0.0173849280  -0.0899341536   0.1973513035
37  2  -0.1341014275   0.0060906134  -0.0873236366   0.0486554280   0.0282689763
37  3   0.0374347905  -0.0565655298  -0.1258237929   0.0314849311   0.0437288811
37  4   0.1705845927   0.2351671710  -0.0074119646  -0.0158705608   0.3372548397
37  5  -0.1419514174  -0.3543412379   0.0285730670   0.4428091651  -0.3864738681
37  6   0.3334447308   0.2378899861  -0.0202659415   0.1336783878   0.0538354919
37  7   0.0231960585   0.1155475542   0.0265638151  -0.0017065788  -0.0155889533
37  8  -0.0042797458   0.0334140957  -0.0135616670  -0.0203403210   0.0356166280
37  9  -0.1301470920  -0.3185051720   0.0525723458  -0.0071450795  -0.4895073213
38  1  -0.0637481401  -0.0022596884  -0.3152429155  -0.0123500241   0.3226360854
38  2   0.0685811155   0.0843144733  -0.1065800416   0.0022801043  -0.2058536180
38  3  -0.2174331480  -0.0449036121  -0.1077993126   0.2071094249  -0.2090856702
38  4  -0.3943020668  -0.0418802721   0.0994868937   0.4547025936   0.0698860140
38  5  -0.0158105969  -0.2712107029  -0.1097254580   0.1093718763  -0.2066396566
38  6   0.2181708841   0.0036286527   0.0792979126   0.0111689124  -0.0050559387
38  7  -0.1974558263  -0.5768077979  -0.0958701308   0.0029168903   0.0260392694
38  8   0.0003054517  -0.0099608803   0.0046239971   0.0066306561  -0.0081050796
38  9   0.0347223496   0.0942052127  -0.0171013400   0.0022367482   0.1669259517
39  1  -0.0338856336  -0.1149172471   0.2224851875   0.0714204960  -0.0307694541
39  2  -0.3334459868  -0.0698377890   0.0668587219  -0.0388311717   0.1557450424
39  3   0.1908310740  -0.0643671607   0.1451036746   0.1678653838   0.0109271107
39  4   0.1290223495   0.1441311331   0.0292073730  -0.0067915289   0.1736196112
39  5  -0.0883943445  -0.2428490022  -0.0292312594   0.2968440084  -0.2596029721
39  6   0.1990232482   0.1458204780  -0.0020429371   0.0591796349   0.0289084677
39  7   0.0757913311   0.2827129931   0.0553837458  -0.0029251801  -0.0155949406
39  8   0.0065789904  -0.0500245973   0.0162130456   0.0281302813  -0.0460512288
39  9   0.1703075228   0.4174643236  -0.0685817338   0.0087998248   0.6235409510
40  1   0.0472357640   0.1107160254   0.0269746922  -0.1147354443   0.2837362226
40  2   0.0439897461   0.0077227883  -0.1559525628   0.0297842844  -0.1689215366
40  3  -0.2135009902  -0.0077384139  -0.3960267954  -0.0117257708  -0.1270313695
40  4  -0.2533177694   0.0667046842   0.0825599061   0.1452352963   0.2722214957
40  5  -0.2893354740   0.3283813736  -0.1533091384  -0.4695671138  -0.1276985525
40  6   0.4121298077  -0.0372468304   0.2884767268  -0.1070658089  -0.0349951015
40  7   0.1664625045   0.4456117727   0.0639922309  -0.0126536824  -0.0254739753
40  8  -0.0000893459  -0.0029828003  -0.0015556214  -0.0001673013  -0.0125785878
40  9   0.0295072850   0.0480836638  -0.0025134632  -0.0003006638  -0.0267475147
41  1   0.0461403009  -0.1566535964  -0.0139582367   0.1127738380   0.1769836062
41  2  -0.0044253609  -0.0282075518   0.0768149178  -0.0137879684   0.0157864848
41  3   0.0409831922  -0.0921060149   0.2054241709   0.2953323863   0.0362906136
41  4   0.2199141324   0.1027118536   0.0137167404  -0.3336704876  -0.0448130417
41  5  -0.0603540397   0.2887956708  -0.1843597861  -0.0645769748  -0.1584684375
41  6   0.1966566038   0.0039296586   0.0578027610   0.0108297719   0.0015354896
41  7  -0.0881432066  -0.2956337699  -0.0557687763   0.0016809413   0.0059866434
41  8   0.0030723610  -0.0039702747  -0.0056167429   0.0091944358  -0.1345712100
41  9   0.3104379234   0.5453361987  -0.0449036209   0.0029148276  -0.4557061500
42  1  -0.0248904600  -0.1870520315   0.3569546462   0.1133911066  -0.0519023073
42  2  -0.2790649246  -0.1188780758   0.1141900008  -0.0487943009   0.1589975525
42  3   0.1829979317  -0.0461985875   0.1341331246   0.1250336548   0.0430438907
42  4   0.1763539993   0.1108427015   0.0114184522  -0.2689978552   0.0785707207
42  5  -0.1702005074   0.3321626471  -0.1317648554  -0.2150854336  -0.1551226277
42  6   0.3260010393  -0.0083804507   0.1614338933  -0.0142502637  -0.0107302073
42  7  -0.1154940794  -0.3910892108  -0.0750299872  -0.0019314246   0.0097229191
42  8  -0.0029512519   0.0055983332   0.0037333084  -0.0075481583   0.1037051945
42  9  -0.2434563312  -0.4297822163   0.0357449481  -0.0024742734   0.3389441119
43  1   0.0534385470   0.1965948759   0.0654838582   0.0103750063   0.1311825223
43  2   0.0686317841   0.0781286822  -0.1283196316  -0.2885258476   0.0140235620
43  3   0.0367513223  -0.0225542218  -0.0954544885  -0.1177087954   0.0874479454
43  4   0.1449172874  -0.2211402274   0.2305700540   0.0590332413  -0.0933013392
43  5   0.0170714931   0.0041647039  -0.1084544411   0.0249943980  -0.0480673631
43  6   0.0168642295  -0.0037286205   0.0118546137  -0.0082970703  -0.0023922676
43  7  -0.0040407743   0.0034092830   0.0003084580   0.0003863923  -0.0002863907
43  8   0.9053557022   0.0017373907  -0.0000394610  -0.0004122679   0.0035528238
43  9  -0.0014448161  -0.0080232559   0.0021070861  -0.0000446772  -0.0040332128
44  1   0.0416994732  -0.3087321281   0.0242204318  -0.0156618889   0.3544310025
44  2   0.0053058910   0.0979130680  -0.4537925160  -0.3382405010   0.0940665664
44  3   0.1038709815   0.1618877267  -0.2794971339  -0.2414932567   0.1984577177
44  4   0.3222891265  -0.4908213933   0.4993683028   0.1242481608  -0.2153539473
44  5   0.0417225517   0.0119779217  -0.2279559376   0.0536289379  -0.0965810395
44  6   0.0304531806  -0.0118379571   0.0194302675  -0.0196819290  -0.0049515704
44  7  -0.0042698337   0.0112563140   0.0024828555   0.0006095354   0.0003583494
44  8  -0.4185900341  -0.0016086642  -0.0000102078   0.0001201680  -0.0003441436
44  9  -0.0019339705   0.0008668585  -0.0013455635  -0.0002890241   0.0009065092
45  1  -0.0384973650   0.0000000000   0.0000000000   0.0000000000   0.0000000000
45  2  -0.4465633268  -0.2808834960   0.5670885815   0.8184187435  -0.1035383332
45  3  -0.1384055412  -0.0523140456  -0.1459572514  -0.1828354508   0.1174119917
45  4   0.1891322707  -0.3257772218   0.3377526922   0.1061541323  -0.1412738755
45  5   0.0251389336  -0.0003697032  -0.1619586191   0.0385737511  -0.0779105474
45  6   0.0181065342  -0.0123685466   0.0144943892  -0.0103289901  -0.0050289460
45  7   0.0071460400   0.0082697157   0.0014098181   0.0012053062  -0.0012603363
45  8   0.0634084839  -0.0010463219  -0.0005409234  -0.0004075990  -0.0018788051
45  9  -0.0019031033  -0.0021981935  -0.0006002050  -0.0005044198   0.0002409225
$end
