$hessian (projected)
 1  1   0.5065197030  -0.0570408668   0.0319784451  -0.1700083318  -0.0468848538
 1  2   0.0128365905   0.0077451753  -0.0141270117   0.0053532684  -0.0246220291
 1  3  -0.0060448126  -0.0024003523  -0.2139047151   0.0971537968  -0.0943070277
 1  4  -0.0512500251   0.0297632454   0.0085973761  -0.0538290851  -0.0017217986
 1  5   0.0376066691  -0.0006506922  -0.0010976986   0.0003350310
 2  1  -0.0570408668   0.5380480294  -0.0142855797  -0.0376398729  -0.1006757322
 2  2   0.0047023204  -0.0346793559  -0.0278481120   0.0261797374   0.0093659874
 2  3   0.0061994281   0.0031620626   0.0930505490  -0.1027550774   0.0527384515
 2  4   0.0292660467  -0.2735416592  -0.0893498564  -0.0011454964  -0.0408588596
 2  5   0.0171255468  -0.0011769909   0.0014319829  -0.0002726826
 3  1   0.0319784451  -0.0142855797   0.5437916780   0.0066126507   0.0029758067
 3  2  -0.0820083279   0.0178247884   0.0296304520   0.0100726073  -0.0116995508
 3  3   0.0004826017   0.0065659015  -0.0917335460   0.0535608553  -0.1001065088
 3  4   0.0081517506  -0.0910805905  -0.0753484422   0.0384676501   0.0191133748
 3  5  -0.3044703571   0.0003978119  -0.0003969205   0.0015034492
 4  1  -0.1700083318  -0.0376398729   0.0066126507   0.3995106989   0.0878324854
 4  2  -0.0142219996  -0.1003719744  -0.0392683192   0.0173547888  -0.1235045406
 4  3   0.0086121175  -0.0220326649  -0.0260197628  -0.0158945220   0.0055221844
 4  4   0.0068171685   0.0042592627  -0.0005309380  -0.0011318040  -0.0016501251
 4  5  -0.0002851440   0.0147085462  -0.0062510263   0.0075811227
 5  1  -0.0468848538  -0.1006757322   0.0029758067   0.0878324854   0.6907169008
 5  2  -0.2937785674  -0.0059055725  -0.5357062134   0.2852368286  -0.0391645378
 5  3  -0.0282941373  -0.0086390960   0.0139617389   0.0077016176  -0.0029947414
 5  4  -0.0269144529  -0.0190597175   0.0083318564  -0.0007703909  -0.0038234295
 5  5   0.0028434333   0.0178455836  -0.0108592885   0.0060244798
 6  1   0.0128365905   0.0047023204  -0.0820083279  -0.0142219996  -0.2937785674
 6  2   0.3582555392  -0.0028664494   0.2793770094  -0.2351923103   0.0068677540
 6  3  -0.0000390282  -0.0297457342  -0.0136219510  -0.0089481056   0.0016046918
 6  4  -0.0114508202  -0.0038415970   0.0015323255   0.0295374866   0.0208272788
 6  5  -0.0059280420  -0.0070806107   0.0017006896  -0.0085181420
 7  1   0.0077451753  -0.0346793559   0.0178247884  -0.1003719744  -0.0059055725
 7  2  -0.0028664494   0.0908152501   0.0122437358   0.0040512291   0.0101985898
 7  3   0.0298557625  -0.0181129615   0.0050928237   0.0010466052   0.0004088482
 7  4  -0.0033704607  -0.0040316336   0.0020669234  -0.0021334394  -0.0031110525
 7  5   0.0017086186  -0.0079759643   0.0045815110  -0.0050809969
 8  1  -0.0141270117  -0.0278481120   0.0296304520  -0.0392683192  -0.5357062134
 8  2   0.2793770094   0.0122437358   0.5968118567  -0.3441312457   0.0391839128
 8  3  -0.0331486730   0.0334194319   0.0004945281   0.0008849383  -0.0009275839
 8  4  -0.0002689157   0.0005341096   0.0006687660  -0.0029514674  -0.0031672650
 8  5  -0.0007477372   0.0046935373   0.0016393589   0.0027109075
 9  1   0.0053532684   0.0261797374   0.0100726073   0.0173547888   0.2852368286
 9  2  -0.2351923103   0.0040512291  -0.3441312457   0.2373387271  -0.0237385581
 9  3   0.0317646535  -0.0134104242   0.0008554966  -0.0007115437  -0.0000347270
 9  4   0.0035668067   0.0010156220  -0.0018089998  -0.0022748105  -0.0020289313
 9  5   0.0008988695  -0.0051682209   0.0026748792   0.0021362573
10  1  -0.0246220291   0.0093659874  -0.0116995508  -0.1235045406  -0.0391645378
10  2   0.0068677540   0.0101985898   0.0391839128  -0.0237385581   0.2090219487
10  3   0.0625920521  -0.0019984667  -0.0036570813  -0.0031695217   0.0009768682
10  4  -0.0018359598  -0.0000233336  -0.0007779644  -0.0016195554   0.0005908517
10  5  -0.0005040298  -0.0639813723  -0.0693754110   0.0308739477
11  1  -0.0060448126   0.0061994281   0.0004826017   0.0086121175  -0.0282941373
11  2  -0.0000390282   0.0298557625  -0.0331486730   0.0317646535   0.0625920521
11  3   0.2267609989  -0.1197466689  -0.0022118421  -0.0003667294   0.0009996178
11  4   0.0011828951   0.0014381840  -0.0001673340  -0.0000904088   0.0001079688
11  5   0.0003100178  -0.0938957636  -0.1726970401   0.0863961403
12  1  -0.0024003523   0.0031620626   0.0065659015  -0.0220326649  -0.0086390960
12  2  -0.0297457342  -0.0181129615   0.0334194319  -0.0134104242  -0.0019984667
12  3  -0.1197466689   0.0830747211   0.0003612926   0.0008780612   0.0014669789
12  4   0.0002005703   0.0010253000   0.0000092894  -0.0018272413  -0.0009462536
12  5   0.0010472659   0.0458098239   0.0908471628  -0.0490079984
13  1  -0.2139047151   0.0930505490  -0.0917335460  -0.0260197628   0.0139617389
13  2  -0.0136219510   0.0050928237   0.0004945281   0.0008554966  -0.0036570813
13  3  -0.0022118421   0.0003612926   0.2327461933  -0.1016394368   0.1012182433
13  4  -0.0009765639   0.0004012738   0.0000753319   0.0060851069  -0.0036938876
13  5   0.0024324528   0.0006339992  -0.0003629233   0.0004126799
14  1   0.0971537968  -0.1027550774   0.0535608553  -0.0158945220   0.0077016176
14  2  -0.0089481056   0.0010466052   0.0008849383  -0.0007115437  -0.0031695217
14  3  -0.0003667294   0.0008780612  -0.1016394368   0.1061638896  -0.0583199510
14  4   0.0221390885  -0.0105154238   0.0139386448   0.0001521990  -0.0010535669
14  5  -0.0002013435   0.0002117910  -0.0000596480  -0.0001966175
15  1  -0.0943070277   0.0527384515  -0.1001065088   0.0055221844  -0.0029947414
15  2   0.0016046918   0.0004088482  -0.0009275839  -0.0000347270   0.0009768682
15  3   0.0009996178   0.0014669789   0.1012182433  -0.0583199510   0.1025464571
15  4   0.0108588988  -0.0048098212   0.0056869823  -0.0247522224   0.0135855047
15  5  -0.0109142382   0.0000742072  -0.0002714765  -0.0002496360
16  1  -0.0512500251   0.0292660467   0.0081517506   0.0068171685  -0.0269144529
16  2  -0.0114508202  -0.0033704607  -0.0002689157   0.0035668067  -0.0018359598
16  3   0.0011828951   0.0002005703  -0.0009765639   0.0221390885   0.0108588988
16  4   0.0521532354  -0.0306022636  -0.0123018764  -0.0008650305   0.0051278605
16  5   0.0013257914  -0.0006723640   0.0000697415  -0.0003511211
17  1   0.0297632454  -0.2735416592  -0.0910805905   0.0042592627  -0.0190597175
17  2  -0.0038415970  -0.0040316336   0.0005341096   0.0010156220  -0.0000233336
17  3   0.0014381840   0.0010253000   0.0004012738  -0.0105154238  -0.0048098212
17  4  -0.0306022636   0.2975120563   0.0972623253   0.0001194073   0.0032859350
17  5   0.0008383523   0.0001140416   0.0003465155  -0.0004095909
18  1   0.0085973761  -0.0893498564  -0.0753484422  -0.0005309380   0.0083318564
18  2   0.0015323255   0.0020669234   0.0006687660  -0.0018089998  -0.0007779644
18  3  -0.0001673340   0.0000092894   0.0000753319   0.0139386448   0.0056869823
18  4  -0.0123018764   0.0972623253   0.0810929242   0.0031203180  -0.0307273624
18  5  -0.0108744221  -0.0002491707   0.0000429604  -0.0002896571
19  1  -0.0538290851  -0.0011454964   0.0384676501  -0.0011318040  -0.0007703909
19  2   0.0295374866  -0.0021334394  -0.0029514674  -0.0022748105  -0.0016195554
19  3  -0.0000904088  -0.0018272413   0.0060851069   0.0001521990  -0.0247522224
19  4  -0.0008650305   0.0001194073   0.0031203180   0.0541409134   0.0043175602
19  5  -0.0422044666  -0.0006471060   0.0003685970  -0.0000667139
20  1  -0.0017217986  -0.0408588596   0.0191133748  -0.0016501251  -0.0038234295
20  2   0.0208272788  -0.0031110525  -0.0031672650  -0.0020289313   0.0005908517
20  3   0.0001079688  -0.0009462536  -0.0036938876  -0.0010535669   0.0135855047
20  4   0.0051278605   0.0032859350  -0.0307273624   0.0043175602   0.0454866688
20  5  -0.0197213560   0.0001405914   0.0000225483  -0.0001022549
21  1   0.0376066691   0.0171255468  -0.3044703571  -0.0002851440   0.0028434333
21  2  -0.0059280420   0.0017086186  -0.0007477372   0.0008988695  -0.0005040298
21  3   0.0003100178   0.0010472659   0.0024324528  -0.0002013435  -0.0109142382
21  4   0.0013257914   0.0008383523  -0.0108744221  -0.0422044666  -0.0197213560
21  5   0.3302348692  -0.0000798915  -0.0004469134   0.0000060548
22  1  -0.0006506922  -0.0011769909   0.0003978119   0.0147085462   0.0178455836
22  2  -0.0070806107  -0.0079759643   0.0046935373  -0.0051682209  -0.0639813723
22  3  -0.0938957636   0.0458098239   0.0006339992   0.0002117910   0.0000742072
22  4  -0.0006723640   0.0001140416  -0.0002491707  -0.0006471060   0.0001405914
22  5  -0.0000798915   0.0585849534   0.0720672097  -0.0337039494
23  1  -0.0010976986   0.0014319829  -0.0003969205  -0.0062510263  -0.0108592885
23  2   0.0017006896   0.0045815110   0.0016393589   0.0026748792  -0.0693754110
23  3  -0.1726970401   0.0908471628  -0.0003629233  -0.0000596480  -0.0002714765
23  4   0.0000697415   0.0003465155   0.0000429604   0.0003685970   0.0000225483
23  5  -0.0004469134   0.0720672097   0.1801755709  -0.0941503816
24  1   0.0003350310  -0.0002726826   0.0015034492   0.0075811227   0.0060244798
24  2  -0.0085181420  -0.0050809969   0.0027109075   0.0021362573   0.0308739477
24  3   0.0863961403  -0.0490079984   0.0004126799  -0.0001966175  -0.0002496360
24  4  -0.0003511211  -0.0004095909  -0.0002896571  -0.0000667139  -0.0001022549
24  5   0.0000060548  -0.0337039494  -0.0941503816   0.0544196722
$end
