$coord
16.26316996160678 1.26259502247597 0.05085135777468 c
15.37085623132137 0.11578804845859 2.3332180637864 o
12.83437593380391 -0.20132742473875 2.60733546003552 c
11.03229986833331 0.48764860291571 0.83724218637839 c
8.4371080951201 0.09382361194063 1.27664424216663 c
6.66784005802103 0.87137984574743 -0.66528331613275 c
4.12638533393013 0.72774630115072 -0.60656210733147 c
2.58038604895509 1.5990358125474 -2.72691197576195 c
3.46754729248606 2.45349424435209 -4.69621038866128 o
-0.259030754052 1.41083752750779 -2.39461619717215 c
-1.20531919660567 -1.27349850643445 -2.87153722066896 c
0.2634523997886 -2.9216938754571 -3.599360792902 o
-3.87249948296852 -1.8488560941387 -2.49182841017418 c
-5.61431206728576 -0.15750429049303 -1.72197774373508 c
-8.29307327915177 -0.5993401948651 -1.33600621188007 c
-9.45766393040328 -2.94971016309315 -1.73077813566931 c
-12.02452776607273 -3.2496741396683 -1.34819512162181 c
-13.51385882623346 -1.21313390845928 -0.57190875466358 c
-16.04512135618538 -1.40050895847227 -0.21582670706166 o
-12.37748051955429 1.14622055844568 -0.15151958095295 c
-13.80801509747552 3.20556950349856 0.53341430795403 o
-14.64002238805756 3.20106116534013 3.12847915557436 c
-9.8072254028826 1.42580624700847 -0.53218750297155 c
7.692317630810811 -1.02349183240379 3.55646229454805 c
9.48466945906814 -1.72062612143192 5.33407932707559 c
12.04547499067231 -1.32276965311705 4.8894452595643 c
13.87303647957234 -1.97099415038115 6.57248847621029 o
15.7501450800058 0.13000441686873 -1.59762961742312 h
15.515911676846958 3.17634574008797 -0.15721224349057 h
18.30790686401916 1.33586208064637 0.2281018679519 h
11.60627867478826 1.34910318017361 -0.9233305376217 h
7.50889354033857 1.6687246476463 -2.36070419408767 h
3.1307560739055 -0.02537949759219 1.01560119330865 h
-0.79443693600587 1.9970593413300697 -0.4889051079948801 h
-1.1761346132178 2.68718332834104 -3.73088990442286 h
-4.37492511139742 -3.7923760516066793 -2.90326167720475 h
-5.01139261299399 1.76433969939831 -1.33797201953442 h
-8.36020718042206 -4.56126276844377 -2.34552638609966 h
-12.91203233046263 -5.06781313950411 -1.67094119884749 h
-16.60534997095762 -3.10679888377527 -0.56062097002668 h
-15.849338469015462 1.57674089108334 3.51324214648369 h
-15.70751187787944 4.93765606411375 3.39395927064367 h
-13.01161967549234 3.18325921979474 4.39842556500464 h
-8.97495828712508 3.26805785435784 -0.20674338945204 h
5.71632080470183 -1.35867434508879 3.95710777358694 h
8.90765088648018 -2.58759615659219 7.09857704857124 h
13.11327374731854 -2.72231279947423 8.05652586550081 h
$user-defined bonds 
 
$end
