$dipgrad          cartesian dipole gradients
  0.51552922245348D+00  0.84424166801145D-01  -.14919515480050D+00
  0.27337542453016D+00  0.39077806507187D+00  -.14140008800592D+00
  -.57607598766823D+00  -.17813671397365D+00  0.58129722089526D+00
  -.18371909776783D+01  -.29040012452812D+00  0.38106727939385D+00
  -.36307173772109D+00  -.35035025005898D+00  0.15044052972101D+00
  0.54349207283024D+00  0.15899172666251D+00  -.51715743083619D+00
  0.17343099106884D+01  0.24425549664553D+00  -.27075778434908D+00
  0.47004291742262D+00  0.43256469891274D-01  0.14866665709824D+00
  -.71992609849163D+00  0.11761083739907D+00  -.28422267786571D+00
  0.92911411652213D-01  -.13167405678292D+00  0.32434435680936D+00
  0.74878835675747D-01  -.12760948858902D+00  -.65456321672808D-01
  -.14078590498692D+00  -.99313742081722D-01  0.21999307089790D-01
  -.34591938311651D+00  0.11646383465356D+00  -.30877012523940D+00
  0.16917747259469D+00  -.52865335329632D-01  0.15477741208258D+00
  -.41367968448235D+00  0.14721924308663D+00  -.37429519928954D+00
  0.12190485701625D+01  -.23600163531748D+00  0.65369623658041D+00
  -.23385080506131D+00  0.23059865997541D-01  -.20588374175341D+00
  0.51254200634195D+00  -.20188258927193D+00  0.44200978269454D+00
  -.17947444185492D+01  0.35031562281222D+00  -.99975844840001D+00
  0.33239435996028D+00  -.17576988463470D+00  0.11058321588322D+00
  -.68727678340555D+00  0.67377937430723D-01  -.42172375001030D+00
  0.21592068828103D+01  0.59076510306826D-01  0.39001826475391D+00
  -.40107989564084D+00  0.36155276028320D+00  -.54862624715746D+00
  0.12409094879689D+01  -.55527915999586D+00  0.15128149463061D+01
  -.77551615382555D+00  -.13534279005359D+00  0.14333398989157D+00
  0.14662184348814D+00  -.52207944647213D+00  0.40937633007311D+00
  -.59007402960984D+00  0.39587524803672D+00  -.12432788975674D+01
  -.60485470059645D+00  -.15517663663035D+00  0.13529391948299D-01
  -.55950737779136D+00  -.27679402798173D+00  -.65409091829847D-01
  -.34473560092082D-01  -.29367347642209D-01  0.98425806178192D-01
  0.26422576837072D+01  -.13174235219531D+00  -.30890961783267D+00
  0.64381745515993D+00  0.85520219164005D+00  0.21875396414827D+00
  -.36855894959367D+00  0.21166372064582D+00  0.24642847148551D+00
  -.15949971283918D+01  0.21423795682103D+00  0.14175821699694D+00
  0.27119672243225D+00  -.76745403944151D+00  -.25638407806057D+00
  0.30044271038072D+00  -.15151959030491D+00  -.40914070135567D+00
  -.17609798009663D+01  0.90018929882756D-01  0.21965219128930D+00
  0.12608577233915D-01  -.13448135210319D-01  0.14912921919146D-01
  0.30618855305570D+00  0.28198526067831D-01  -.17979473067797D+00
  0.14396243280803D+01  -.29597278137658D-01  -.22260569492459D+00
  -.15725054784443D+00  0.10592891137686D+00  0.49421004333340D-01
  -.30490399625553D+00  0.57856779069076D-01  -.18812679132558D-01
  -.74121764849403D+00  -.46406091052623D-01  0.94702838094457D-01
  -.20095612304840D+00  -.11705062865895D+00  -.95025344171159D-02
  0.92263685782686D-01  -.24617321331003D-01  -.94966601316670D-02
  0.19976160824534D+00  0.98974287867506D-01  -.14063049374515D-01
  0.20383865632412D+00  0.19019841577369D-01  0.32211433305325D-02
  0.42963435436788D-01  0.17811394114146D-01  -.11131099230389D+00
  -.49144689943720D+00  -.33212197555114D-01  0.18943470266796D-01
  0.42875169793246D+00  0.51371787441977D-01  -.64611858155574D-02
  0.19749237467580D+00  0.90599427625491D-01  -.13888951001050D+00
  0.19026040571332D+01  0.11857403172535D+00  -.16502179944176D+00
  0.32510949318548D+00  0.15376814832876D-01  -.78596790769477D-01
  -.17440777550872D+00  -.23265589390388D-01  0.88643365257413D-01
  -.21188804083691D+01  -.18134458583654D+00  0.15705208619065D+00
  -.29764314200491D+00  -.18272721046595D+00  0.55248524279035D-01
  0.23050170995986D+00  0.46636448255916D-01  -.33731702023933D+00
  0.21727596203036D+00  -.44383159524519D+00  -.22689124818629D+00
  -.12039082976342D+01  0.74562426295249D+00  0.52156302612130D+00
  -.32186773622317D+00  0.27939320740491D+00  0.14095624461958D+00
  -.90596204476310D+00  0.46071334212437D+00  0.40857081727793D+00
  0.62110141651896D+00  -.81081841807137D+00  -.38652838865175D+00
  0.48961917934224D+00  -.36935516749476D+00  -.80677798208979D+00
  0.47793136293428D+00  -.11012335875914D+00  -.17845609301836D+00
  0.39554464156482D-02  0.27911690027410D+00  0.39373532110317D-01
  -.42029651364084D+00  0.25441016071633D+00  0.82820966040434D+00
  0.25829521163414D+00  0.96555423360253D-01  -.19564212910561D-01
  -.20640017747757D+00  0.42461921822454D-01  0.22364413738099D-01
  -.92257468412510D-01  -.27278708686000D-01  -.11692863237081D+00
  -.68230861355589D-01  -.42745840367492D-01  0.10818458178037D+00
  -.37797477525753D-01  -.62049791654629D-01  -.10717262488736D+00
  0.15131314830479D+00  -.10381634460565D+00  0.13380215648662D+00
  -.41741776273152D+00  0.18049435275577D+00  -.42358885896985D+00
  0.28443144060236D-02  -.82344945897955D-01  -.97213399311079D-01
  0.25251716450378D-01  -.58249383986187D-01  -.10564569068841D-01
  0.88455346339463D+00  -.34345534861087D+00  0.85489934500355D+00
  -.43096320699289D+00  0.17678810010644D+00  -.34102197048609D+00
  0.11238945088887D+01  -.32304968490796D+00  0.90294485086636D+00
  -.10876647968869D+01  0.34838686625126D+00  -.85521806562549D+00
  0.49619928266507D+00  -.41077539439466D+00  0.30653042747264D+00
  -.10573540747662D+01  0.30375923198127D+00  -.11181233096144D+01
  0.50112794717412D-01  -.41839928973870D-01  -.72676795814293D-01
  -.66357109023617D-01  -.32473304153703D-01  -.77269407673522D-01
  0.86779050400157D-01  -.31125338191012D-01  -.10106010065751D+00
  0.34807651773026D-01  0.10342618258866D+00  -.16366663403523D-01
  -.11127623876718D-01  -.11976201305714D+00  0.44087582020329D-01
  0.10484298419933D+00  0.17967981716612D-01  -.19477355223305D-02
  -.14762168358728D+00  -.29232479784736D-01  0.24257485310432D-01
  -.11156013988199D-01  0.84472822572100D-01  0.14772616805408D-01
  -.18783425977710D-01  0.11097145041740D-01  0.65014302701682D-01
  0.10662504163591D+00  -.11242776346516D-01  0.18734765838202D-01
  -.30910364178565D-01  0.10118187640354D+00  0.62381378161515D-01
  0.61683450668920D-01  0.64943242396604D-01  0.24123973244239D-02
  0.47354546451232D-01  -.22048597136987D-01  0.44516344553879D-01
  -.73096232679097D-02  0.82497031314781D-01  0.47549011080559D-01
  0.44820270367693D-01  0.41605442621347D-01  0.24506219448915D-01
  0.40590491057547D-01  -.19654415927455D-01  0.48427612799689D-01
  -.87361558708259D-02  0.85950401538214D-01  0.72339202659544D-01
  0.97495693896572D-01  0.67572647004019D-01  -.24551849506427D-01
  -.45815510396901D-02  -.10801575947971D-01  0.28439634891527D-01
  -.76233370179782D-02  0.54353939785122D-01  -.24640068786220D-01
  0.40211996239410D-01  -.45006108263986D-01  -.58686132748223D-01
  -.64967322997515D-01  0.12645834878368D-01  -.41058681005682D-01
  0.45393254907632D-01  0.30802228110144D-01  0.23576322949254D-01
  -.80621115047526D-01  0.37678812631809D-01  0.23812112342609D-01
  -.29044308051916D-01  -.52998452879261D-01  -.33094301485546D-02
  -.10670966863108D+00  -.31052243722366D-01  -.32501241415767D-01
  0.16908922468448D-01  -.26884517727163D-01  0.12003371568792D+00
  0.87105234867233D-01  -.17588080260194D-01  0.13182493938816D-01
  -.11049819246857D+00  -.48565674648307D-01  -.31976124138622D-01
  -.23414088413351D-01  -.39979688225922D-01  0.96682630114355D-01
  0.58810190246807D-01  0.67273473705906D-01  0.34469764237130D-01
  0.58409400520367D-01  0.73242687766407D-02  -.37177153268514D-01
  0.31877708339555D-01  -.36234070232514D-01  0.10819986095247D+00
  -.32364937145683D-01  -.84372507304632D-01  0.43665653819074D-02
  -.98796829591868D-01  -.35246363877268D-01  -.35959174782178D-01
  0.11533330476849D-01  -.33783056444619D-01  0.12821816182577D+00
  0.43955207218027D+00  0.85459345085597D-01  0.17755418058709D-01
  0.10435285448623D+00  0.17209129458369D+00  -.52473546388913D-01
  0.23119670270203D-01  -.49967329371888D-01  0.30435060453402D+00
  -.75983734312823D-02  -.45308257868996D-01  0.49467652798398D-01
  -.12559776069712D+00  -.22255272700317D-01  0.77941530718636D-01
  0.25846581189266D-01  -.23031388868470D-01  -.24761818006555D-02
  0.53469346919074D-02  0.10025538888002D+00  0.48393898010844D-01
  0.13233790818110D+00  -.71385924190163D-01  -.55710401601408D-01
  0.45860889339002D-01  -.28360455172064D-01  0.23932459581063D-01
  -.75441615644377D-01  -.15505893272311D-01  -.12844770674033D+00
  -.21312824255605D-02  0.66956873757647D-01  0.21321508150287D-01
  0.88472382832675D-02  -.51646064785217D-01  -.93458965968354D-01
  0.78965457646757D-01  -.63351509224130D-01  -.68114768475340D-02
  -.49059167789220D-01  -.83506529000646D-02  -.29025814364095D-01
  -.10891210948697D-01  -.22208576915648D-01  0.12142036945857D+00
  -.54105400498622D-01  -.28092107816260D-01  0.34204039239481D-01
  -.19910359484539D-01  0.10988559068085D+00  0.20722188186162D-01
  0.38034827636717D-01  0.18687436698770D-01  0.85601879725950D-01
  0.55203751596937D-01  -.10920963923998D-01  0.10294679777770D-01
  0.68292692505739D-02  0.92196713767968D-01  0.10275354057601D+00
  -.16141721964524D-01  0.10181311869853D+00  -.80584586823493D-01
  0.21296433573467D+00  -.67539609406519D-01  0.12520748591798D+00
  -.74884326236974D-01  0.32397751153368D+00  -.62885883809755D-02
  0.15705292229335D+00  -.54117774350199D-02  0.35888376959165D+00
$end
