$coord
4.83659925143664 1.39722894489515 1.24584374375295 o
4.34346656896512 -0.29815687314035 -0.21801553018053 c
5.19501192437849 -0.30210033538053 -2.61815378184645 o
2.74866076395534 -2.5759857983349 0.37311661875851 c
0.37351817942827 -2.75014701261719 -1.30068822770879 c
-1.31790228889799 -0.40433083887833 -1.21666822779898 c
-2.41538649718036 0.16332326137491 1.39360242967308 c
-4.21434095736813 2.41157760656003 1.45165984805156 c
-2.72221746517984 5.4941515995806 0.71606118702379 s
6.19371012412667 1.21558574437902 -2.89674622467332 h
3.9087172608620806 -4.25966316997912 0.08223135714548 h
2.25855991658765 -2.4853465002802 2.36845439690085 h
-0.69903121095792 -4.40899374713596 -0.69429956096456 h
0.9546889638183801 -3.09699930696344 -3.25011443103334 h
-0.26505445455076 1.2426640978657 -1.8902840951777398 h
-2.87561268926492 -0.67510954159037 -2.55131028537438 h
-3.47244185873489 -1.48964551079156 2.05979192500049 h
-0.90368496111551 0.48247256660562 2.76554599659097 h
-5.69207706610343 2.21594548865172 0.02673584235117 h
-5.12559882864158 2.5793117280343 3.28829681835326 h
-1.10958467556426 5.54421759714383 2.69519307245544 h
$user-defined bonds 
 
$end
