$hessian (projected)
 1  1   0.0875135156   0.1347206264   0.0753495479  -0.1266737769  -0.1168206980
 1  2  -0.0676556167   0.0316579056   0.0114060327   0.0125394552   0.0142490814
 1  3  -0.0281633824  -0.0119121476   0.0009398064   0.0009439666  -0.0000710099
 1  4   0.0003356467   0.0003606024  -0.0003999914   0.0003061703   0.0001008224
 1  5   0.0002961691  -0.0000840815  -0.0005308316  -0.0003257533  -0.0005724107
 1  6  -0.0000307367  -0.0000004068  -0.0022157060   0.0028550621  -0.0061302504
 1  7  -0.0047294784  -0.0057009903   0.0004334305   0.0004383217   0.0012922357
 1  8  -0.0012457553  -0.0002062823   0.0000198366   0.0001015845  -0.0002328846
 1  9  -0.0001820418  -0.0003038843  -0.0003069673  -0.0000894225   0.0002512632
 1 10  -0.0002019663  -0.0000694861  -0.0001016573  -0.0001745342  -0.0000480425
 1 11  -0.0000798529  -0.0000014540  -0.0000907074  -0.0005320252  -0.0000596262
 1 12   0.0000769556  -0.0000661405  -0.0000487184   0.0000793493   0.0000370580
 1 13   0.0000674392  -0.0001291505  -0.0001840169
 2  1   0.1347206264   0.4592034424   0.3413250881  -0.1208092034  -0.4328362015
 2  2  -0.2594314431   0.0078649688   0.0125132363  -0.0495093985  -0.0222174551
 2  3  -0.0274946939  -0.0315805144   0.0020253881  -0.0072532742   0.0051938107
 2  4   0.0004156324  -0.0015308018   0.0000802013  -0.0004550556   0.0005281232
 2  5  -0.0011103903  -0.0002483918  -0.0006953793   0.0003047364   0.0005643537
 2  6   0.0001718799   0.0003172763   0.0024549669  -0.0039850598  -0.0037089564
 2  7  -0.0019409209  -0.0020862993   0.0001233214   0.0009553528   0.0014831246
 2  8  -0.0005129078  -0.0028596662   0.0000188178  -0.0018172750  -0.0002527537
 2  9   0.0001942773  -0.0002647735   0.0001292641   0.0004645367  -0.0006513698
 2 10  -0.0002251616   0.0008689021  -0.0000294063   0.0003901653   0.0002070254
 2 11   0.0000797587  -0.0002010994  -0.0004665918   0.0005861907   0.0001206237
 2 12   0.0001624526  -0.0000572096  -0.0000709879   0.0003395781   0.0000127729
 2 13  -0.0003606464   0.0001929051   0.0006504883
 3  1   0.0753495479   0.3413250881   0.3961894622  -0.0750307889  -0.2698402877
 3  2  -0.3249668337   0.0068794218  -0.0590992321  -0.0888975801   0.0011659862
 3  3  -0.0100832081   0.0070854404   0.0011313004   0.0015372588   0.0009653630
 3  4   0.0003727003  -0.0000088457  -0.0000070071  -0.0006344138  -0.0001179874
 3  5  -0.0007945165   0.0000742683   0.0000890858   0.0006601981   0.0000642754
 3  6   0.0000787430  -0.0007708947  -0.0067673525  -0.0044635704   0.0048696604
 3  7  -0.0011924714   0.0009657453   0.0011687514  -0.0015362826  -0.0008973701
 3  8   0.0025870335  -0.0002134185   0.0000705869   0.0004010483   0.0005412222
 3  9   0.0004746608   0.0008936260  -0.0000426213  -0.0003672902  -0.0004909337
 3 10  -0.0000164363   0.0000764649   0.0001593823   0.0001814047   0.0000975670
 3 11   0.0002299556  -0.0001460363   0.0000305876   0.0005759508   0.0001334126
 3 12  -0.0000582281   0.0000049975  -0.0001031622   0.0000846356  -0.0000357336
 3 13  -0.0002105560   0.0001055962   0.0001726299
 4  1  -0.1266737769  -0.1208092034  -0.0750307889   0.3776253914   0.2161252710
 4  2  -0.0296068376  -0.1039207145  -0.0365106328   0.0589506694  -0.1192312886
 4  3  -0.0420096804   0.0174960711  -0.0247083786  -0.0263365858   0.0011170892
 4  4  -0.0008255001  -0.0006591025   0.0014845502  -0.0002923840  -0.0002557819
 4  5   0.0005687678   0.0003319389   0.0010343182   0.0002843580   0.0006777541
 4  6   0.0000045466   0.0002326207  -0.0112208997  -0.0046980271   0.0320508889
 4  7   0.0140833876   0.0186521908  -0.0070832480  -0.0061741820  -0.0066678161
 4  8   0.0010760234  -0.0025717467   0.0004954508  -0.0028298077   0.0017990870
 4  9   0.0008579961   0.0014856914  -0.0005393680   0.0010510162  -0.0006178998
 4 10   0.0013386982  -0.0002278188   0.0000564067   0.0002146020  -0.0000450175
 4 11  -0.0001699968  -0.0001452822   0.0003901065   0.0004910350   0.0000280862
 4 12  -0.0001305032   0.0001159079   0.0001170022  -0.0002696342  -0.0000166995
 4 13   0.0000875740   0.0000089075  -0.0000548017
 5  1  -0.1168206980  -0.4328362015  -0.2698402877   0.2161252710   0.7115093064
 5  2   0.2058767499  -0.0286189705  -0.1116711876  -0.0061915728  -0.0358532620
 5  3  -0.1460672693   0.0304512259  -0.0116824523   0.0007094342  -0.0130153300
 5  4   0.0020580843   0.0046807801   0.0006985385   0.0004135581  -0.0011848667
 5  5   0.0015311628   0.0003816103   0.0009904729  -0.0004355950  -0.0008929121
 5  6  -0.0002705496  -0.0009148800  -0.0180154703  -0.0000428023   0.0468255122
 5  7  -0.0158186982  -0.0250733610   0.0048682094   0.0033896942   0.0012383670
 5  8  -0.0030032220   0.0040174111   0.0012329395   0.0024262130   0.0002913373
 5  9  -0.0000233778   0.0007969000  -0.0001003984  -0.0008828027   0.0010038666
 5 10   0.0008324794  -0.0019029662   0.0000187284  -0.0006154611  -0.0002606270
 5 11   0.0000861866   0.0005025359   0.0007475470  -0.0005858239  -0.0001745537
 5 12  -0.0001544389   0.0000748950   0.0001346941  -0.0004808237  -0.0000069752
 5 13   0.0004462011  -0.0002575726  -0.0006645015
 6  1  -0.0676556167  -0.2594314431  -0.3249668337  -0.0296068376   0.2058767499
 6  2   0.6682734403   0.0713102643   0.0160379531  -0.2356264524   0.0138503868
 6  3   0.0277973467  -0.0914978245  -0.0083020504  -0.0189685875   0.0096662529
 6  4  -0.0003931560  -0.0011540197   0.0000506966   0.0015461003   0.0006871782
 6  5   0.0009901494  -0.0001597451  -0.0003475083  -0.0007030614  -0.0001875794
 6  6   0.0001165021   0.0013711343   0.0091459413   0.0083190449  -0.0087598928
 6  7  -0.0029257956  -0.0073347280  -0.0000279176   0.0196029611   0.0291246821
 6  8  -0.0098276228  -0.0042607058  -0.0002642170  -0.0042095452  -0.0016620399
 6  9  -0.0020834648  -0.0026880140  -0.0005632583   0.0019976825   0.0011025195
 6 10  -0.0000719457   0.0001706626  -0.0003864151  -0.0003869408  -0.0002711719
 6 11  -0.0007080987   0.0004920755  -0.0000205458  -0.0013817703  -0.0002883836
 6 12   0.0001379103  -0.0000478636   0.0000753450  -0.0000848055   0.0000010222
 6 13   0.0004409806  -0.0003052209  -0.0006239032
 7  1   0.0316579056   0.0078649688   0.0068794218  -0.1039207145  -0.0286189705
 7  2   0.0713102643   0.2307970734   0.2449817815  -0.1318272935  -0.0045088461
 7  3  -0.0080409365   0.0275550207   0.0007819615   0.0003586870   0.0008316072
 7  4   0.0002416496   0.0004146564  -0.0002687599  -0.0000665511  -0.0001591042
 7  5  -0.0002081278  -0.0000745110  -0.0003096491  -0.0001404585  -0.0001225666
 7  6   0.0001329066  -0.0000606572  -0.1500862862  -0.2109186887   0.0232919627
 7  7  -0.0010606560  -0.0012374102   0.0012292239  -0.0019951916  -0.0041248307
 7  8   0.0010444916  -0.0001827360   0.0000813102   0.0002510983  -0.0007791436
 7  9  -0.0000136393   0.0003384179  -0.0003268638  -0.0004280028   0.0000475137
 7 10  -0.0002194104  -0.0000048436  -0.0000632639  -0.0000715679   0.0000629034
 7 11   0.0000729552   0.0000012771  -0.0001155762  -0.0000999893  -0.0000387779
 7 12   0.0000548868  -0.0000940419  -0.0000506760   0.0000745566  -0.0000128063
 7 13   0.0000246314  -0.0000550054  -0.0000765791
 8  1   0.0114060327   0.0125132363  -0.0590992321  -0.0365106328  -0.1116711876
 8  2   0.0160379531   0.2449817815   0.4423410395  -0.0096628379  -0.0171260823
 8  3  -0.0001336242   0.0306080606  -0.0001347268  -0.0011569816   0.0018386691
 8  4  -0.0001252449  -0.0012030020  -0.0000025762   0.0000486937   0.0004210691
 8  5  -0.0002756955  -0.0002049079  -0.0003473713   0.0000656477   0.0000300939
 8  6   0.0000033941   0.0006933526  -0.1971993708  -0.3388558082   0.0181671400
 8  7   0.0002425844   0.0020836282   0.0002844865  -0.0045716279  -0.0049384328
 8  8   0.0016711481  -0.0006882955   0.0001595788  -0.0002995511  -0.0001672154
 8  9  -0.0000799931   0.0003992140   0.0000957967   0.0005628895  -0.0000922217
 8 10  -0.0001209749   0.0003529720  -0.0001128967   0.0001781778   0.0000488466
 8 11  -0.0001604446  -0.0000815441  -0.0002379997  -0.0000668073  -0.0000156683
 8 12   0.0000629607  -0.0000231019   0.0000010367   0.0000715014  -0.0000273864
 8 13  -0.0000379059   0.0000032844   0.0000570798
 9  1   0.0125394552  -0.0495093985  -0.0888975801   0.0589506694  -0.0061915728
 9  2  -0.2356264524  -0.1318272935  -0.0096628379   0.3922926440   0.0134282579
 9  3   0.0060687315  -0.0151203537  -0.0014772145   0.0007732634  -0.0042927985
 9  4   0.0004156280   0.0009436244   0.0003325008  -0.0008394529  -0.0005588545
 9  5  -0.0008414326   0.0000707429   0.0002268980   0.0004462190   0.0002002385
 9  6  -0.0001120696  -0.0003834287   0.0456682387   0.0561965774  -0.0515007143
 9  7   0.0003186886   0.0004182854  -0.0008143892   0.0012732807   0.0017018893
 9  8   0.0008123288   0.0007042283  -0.0000569403   0.0012074426   0.0003816940
 9  9   0.0006753032   0.0014508193   0.0001174361  -0.0008845158  -0.0006371058
 9 10   0.0003269387  -0.0002795463   0.0001995854   0.0000985227   0.0000587592
 9 11   0.0002861092  -0.0001290513   0.0001431376   0.0007909494   0.0001530817
 9 12  -0.0000640580   0.0000048723  -0.0000728885  -0.0000148317  -0.0000680053
 9 13  -0.0003012008   0.0001281562   0.0003587899
10  1   0.0142490814  -0.0222174551   0.0011659862  -0.1192312886  -0.0358532620
10  2   0.0138503868  -0.0045088461  -0.0171260823   0.0134282579   0.4586692160
10  3  -0.0395055368  -0.0641547495  -0.1308547928  -0.0091748446  -0.0365152597
10  4  -0.0207190013   0.0009537158  -0.0120450720   0.0004358367   0.0001159189
10  5  -0.0003354819  -0.0000238261  -0.0003107713  -0.0004376276  -0.0001732135
10  6  -0.0001455306  -0.0001902867   0.0033145661  -0.0006140140   0.0020128337
10  7  -0.1227422573   0.1183324210   0.0269926079  -0.0646284426   0.0049362719
10  8   0.0669127236  -0.0185726262  -0.0018619518  -0.0147177461   0.0052413412
10  9  -0.0000575615   0.0025693360   0.0015433384  -0.0008491156   0.0003922381
10 10  -0.0011778802   0.0029457009   0.0006339082  -0.0000093755  -0.0000863536
10 11   0.0000738249  -0.0009626580   0.0004436469   0.0001942254   0.0000706031
10 12   0.0000594894   0.0000750264   0.0000744864   0.0000055581   0.0000660269
10 13   0.0000057388   0.0000097565   0.0000288415
11  1  -0.0281633824  -0.0274946939  -0.0100832081  -0.0420096804  -0.1460672693
11  2   0.0277973467  -0.0080409365  -0.0001336242   0.0060687315  -0.0395055368
11  3   0.5198385526   0.0202064844  -0.0022569351  -0.0748982502   0.0007760281
11  4   0.0217003416   0.0032932110   0.0161114553  -0.0001543657  -0.0000273196
11  5   0.0001752620   0.0001835124   0.0002135543   0.0002518910  -0.0000831777
11  6   0.0001411192   0.0001679448   0.0004334726   0.0034798694  -0.0026325659
11  7   0.1166854411  -0.2220085069  -0.0304825086   0.0022668418  -0.0509343020
11  8  -0.0090012877  -0.0217471195  -0.0016097608  -0.0168128429  -0.0039003766
11  9  -0.0009564929  -0.0026385104  -0.0000902759   0.0012683354   0.0004492456
11 10   0.0038445444  -0.0039994292  -0.0001302949   0.0002517903   0.0001078392
11 11  -0.0001554746   0.0007374189  -0.0001206873   0.0000886125  -0.0001020107
11 12  -0.0000478250  -0.0000695953  -0.0000535540  -0.0000290609  -0.0000835618
11 13   0.0000039883  -0.0000152589  -0.0000031518
12  1  -0.0119121476  -0.0315805144   0.0070854404   0.0174960711   0.0304512259
12  2  -0.0914978245   0.0275550207   0.0306080606  -0.0151203537  -0.0641547495
12  3   0.0202064844   0.5821058536  -0.0396861664  -0.0045423355  -0.1120512851
12  4  -0.0016793787   0.0034080210   0.0014841182   0.0011457218   0.0005726644
12  5   0.0019101850   0.0000085581  -0.0003844135  -0.0005822587   0.0000347085
12  6  -0.0000450425  -0.0002105885   0.0034179782   0.0001786509  -0.0062148073
12  7   0.0262133573  -0.0290360163  -0.0525387758   0.0626715371  -0.0163702878
12  8  -0.2998854136   0.0072624811   0.0000369277   0.0044316996  -0.0291305277
12  9  -0.0020385650  -0.0195948666  -0.0000618108  -0.0002138176  -0.0001953689
12 10   0.0011688808  -0.0008646395   0.0009804469   0.0000564952   0.0000981549
12 11   0.0000840887  -0.0002672277  -0.0006265454  -0.0001248930  -0.0002083867
12 12   0.0001970821  -0.0001082796   0.0000909064  -0.0000461748  -0.0000150195
12 13  -0.0000213214  -0.0000089196   0.0000579025
13  1   0.0009398064   0.0020253881   0.0011313004  -0.0247083786  -0.0116824523
13  2  -0.0083020504   0.0007819615  -0.0001347268  -0.0014772145  -0.1308547928
13  3  -0.0022569351  -0.0396861664   0.4720972185   0.0434056787  -0.0591572841
13  4  -0.1110829704   0.0453047189   0.0008459067  -0.0100104643   0.0116906701
13  5   0.0043020997  -0.0005489124  -0.0003780461   0.0018904602   0.0004563572
13  6  -0.0004712693  -0.0003109581   0.0006332577  -0.0001935186  -0.0000660726
13  7  -0.0167409854  -0.0018933714  -0.0130262303   0.0079159825   0.0000571221
13  8   0.0028061429  -0.1161601902  -0.1062711549   0.0426639019  -0.0688309018
13  9   0.0105550701   0.0701040032   0.0106664456  -0.0127811599  -0.0010055901
13 10  -0.0157573724   0.0230110165   0.0009854302   0.0003275625   0.0004007745
13 11  -0.0007112798   0.0005316768  -0.0006831659  -0.0009583234   0.0002601340
13 12  -0.0001386993   0.0000230419  -0.0000380183   0.0004340986   0.0000209576
13 13   0.0001225839  -0.0000000378  -0.0000720750
14  1   0.0009439666  -0.0072532742   0.0015372588  -0.0263365858   0.0007094342
14  2  -0.0189685875   0.0003586870  -0.0011569816   0.0007732634  -0.0091748446
14  3  -0.0748982502  -0.0045423355   0.0434056787   0.5206943510  -0.0106431468
14  4   0.0456222969  -0.1493907098  -0.0024188028   0.0052356763  -0.0069679692
14  5  -0.0050577928  -0.0010200519   0.0000109689   0.0005165944   0.0004262772
14  6  -0.0000696338  -0.0003756912   0.0004984227  -0.0002525152  -0.0002246062
14  7   0.0235231506   0.0033508218   0.0171276936  -0.0021319848  -0.0005546526
14  8  -0.0013015151  -0.1061380373  -0.2087689503   0.0612116865   0.0111780370
14  9  -0.0556410322  -0.0394875596   0.0177037398  -0.0238836222  -0.0008596021
14 10  -0.0029607267   0.0025671645   0.0004317401  -0.0013024206   0.0011933337
14 11   0.0013300493   0.0000182675   0.0000218581   0.0005258567   0.0002354878
14 12  -0.0000351560   0.0000367075  -0.0000932414   0.0003107743   0.0003836421
14 13   0.0000082050   0.0000140409   0.0000051473
15  1  -0.0000710099   0.0051938107   0.0009653630   0.0011170892  -0.0130153300
15  2   0.0096662529   0.0008316072   0.0018386691  -0.0042927985  -0.0365152597
15  3   0.0007760281  -0.1120512851  -0.0591572841  -0.0106431468   0.5588819569
15  4   0.0023658712  -0.0012542001  -0.0822658241   0.0195526609  -0.0276357756
15  5   0.0008164651   0.0017571094   0.0001803411  -0.0072267850  -0.0002650180
15  6   0.0002881042   0.0002268298  -0.0001528760  -0.0000721315   0.0000406172
15  7   0.0028618536   0.0007085068   0.0010976585  -0.0280228657  -0.0029385927
15  8  -0.0169355441   0.0410064525   0.0606107128  -0.0717179312   0.0724170465
15  9  -0.0375970677  -0.2795213690  -0.0069888026   0.0080528856   0.0000966301
15 10  -0.0116209160   0.0178836736   0.0003505537  -0.0001045392  -0.0003675658
15 11   0.0012760506  -0.0005872344  -0.0004706727   0.0002782088   0.0001135856
15 12   0.0001635115   0.0002099644   0.0014601081  -0.0016610590   0.0000235707
15 13   0.0000024215  -0.0000407017   0.0000814154
16  1   0.0003356467   0.0004156324   0.0003727003  -0.0008255001   0.0020580843
16  2  -0.0003931560   0.0002416496  -0.0001252449   0.0004156280  -0.0207190013
16  3   0.0217003416  -0.0016793787  -0.1110829704   0.0456222969   0.0023658712
16  4   0.5427143998   0.0562204179   0.0359955634  -0.0921628338   0.0027735780
16  5   0.0287479467  -0.0112430897   0.0068280663   0.0203583611   0.0002204927
16  6   0.0005355465   0.0007275091  -0.0001198261   0.0000186300  -0.0000259477
16  7  -0.0035113657  -0.0004255665  -0.0029444396   0.0011097147  -0.0002569518
16  8   0.0006126794   0.0104400829  -0.0132796330  -0.0006422164  -0.0067780944
16  9   0.0094568752  -0.0000357746  -0.1185176669  -0.1046812647   0.0399313306
16 10  -0.1920159736  -0.0292981342  -0.1207600329  -0.0077139550   0.0037019383
16 11   0.0181048723   0.0110237381  -0.0044976555  -0.0224767864   0.0006566864
16 12  -0.0004141824   0.0012660983  -0.0016825310   0.0033110180  -0.0001117824
16 13  -0.0003696029   0.0003362077   0.0001709541
17  1   0.0003606024  -0.0015308018  -0.0000088457  -0.0006591025   0.0046807801
17  2  -0.0011540197   0.0004146564  -0.0012030020   0.0009436244   0.0009537158
17  3   0.0032932110   0.0034080210   0.0453047189  -0.1493907098  -0.0012542001
17  4   0.0562204179   0.5225629250  -0.0188324420   0.0048057693  -0.0821771587
17  5  -0.0118401949   0.0124229601  -0.0072501234  -0.0271152653   0.0008462551
17  6   0.0000937105  -0.0014831822  -0.0005125117   0.0000423536  -0.0000545161
17  7  -0.0026236657   0.0008498591  -0.0014731474  -0.0001144019  -0.0000912887
17  8  -0.0003592229   0.0172955759  -0.0247086359  -0.0008320177   0.0030827717
17  9  -0.0057412414   0.0001278281  -0.1044701971  -0.2063975332   0.0634290311
17 10  -0.0277827847  -0.0533146043  -0.0216078833  -0.0097496131   0.0047326145
17 11   0.0245810601   0.0021167614  -0.0015444470  -0.0057761210  -0.0014427341
17 12   0.0011294909   0.0000273124   0.0035227822  -0.0038354909  -0.0006058977
17 13   0.0000080239  -0.0001999075  -0.0001199210
18  1  -0.0003999914   0.0000802013  -0.0000070071   0.0014845502   0.0006985385
18  2   0.0000506966  -0.0002687599  -0.0000025762   0.0003325008  -0.0120450720
18  3   0.0161114553   0.0014841182   0.0008459067  -0.0024188028  -0.0822658241
18  4   0.0359955634  -0.0188324420   0.5045317639   0.0320827046  -0.0108415470
18  5  -0.1668528151   0.0028066073  -0.0064674396   0.0005066622   0.0005915451
18  6   0.0000638183   0.0000089617   0.0001692464   0.0000894098   0.0000908371
18  7  -0.0036328147  -0.0002193678  -0.0022070065   0.0002545227   0.0007552842
18  8  -0.0001655706  -0.0058336909   0.0086747543  -0.0000185398   0.0184653268
18  9  -0.0276354884   0.0005343991   0.0405549392   0.0646654498  -0.0751246100
18 10  -0.1212201499  -0.0222041844  -0.1485593315   0.0050274961  -0.0021713489
18 11  -0.0123690588   0.0085376232  -0.0038361486  -0.0216829170  -0.0012402399
18 12   0.0014069521   0.0010213533  -0.0023148361   0.0020532517   0.0008712115
18 13   0.0001395231   0.0000302303  -0.0001798240
19  1   0.0003061703  -0.0004550556  -0.0006344138  -0.0002923840   0.0004135581
19  2   0.0015461003  -0.0000665511   0.0000486937  -0.0008394529   0.0004358367
19  3  -0.0001543657   0.0011457218  -0.0100104643   0.0052356763   0.0195526609
19  4  -0.0921628338   0.0048057693   0.0320827046   0.5416774521   0.0531501835
19  5   0.0376558841  -0.1226954596   0.0547180050  -0.0013108539   0.0055456735
19  6  -0.0142819980   0.0008720110   0.0000491862  -0.0000263866   0.0000390957
19  7   0.0003817675  -0.0001562839  -0.0001100787  -0.0003459061   0.0006798064
19  8  -0.0000641100   0.0011009249  -0.0016252746  -0.0007528093  -0.0017355910
19  9   0.0026835201   0.0001839267  -0.0075346695   0.0031846663   0.0179795818
19 10   0.0092785133  -0.0039616805  -0.0230692081  -0.1145871198  -0.1020838996
19 11   0.0380420599  -0.1861278096  -0.0333279772  -0.1215078406  -0.0156188478
19 12   0.0204134074   0.0005207776  -0.0086254154   0.0112717382  -0.0016424853
19 13   0.0010275273  -0.0005321026   0.0003107283
20  1   0.0001008224   0.0005281232  -0.0001179874  -0.0002557819  -0.0011848667
20  2   0.0006871782  -0.0001591042   0.0004210691  -0.0005588545   0.0001159189
20  3  -0.0000273196   0.0005726644   0.0116906701  -0.0069679692  -0.0276357756
20  4   0.0027735780  -0.0821771587  -0.0108415470   0.0531501835   0.5068581109
20  5  -0.0136158957   0.0612264006  -0.1316954885  -0.0050742198   0.0046151399
20  6  -0.0313759064   0.0052008044   0.0001299208   0.0000777479   0.0000729410
20  7  -0.0001315673   0.0000811818  -0.0004424233   0.0004222197   0.0001849577
20  8  -0.0006265600   0.0000894735   0.0009863623  -0.0009183065   0.0037890237
20  9  -0.0044090251  -0.0001494546  -0.0091909095   0.0061597753   0.0246872712
20 10   0.0023638997  -0.0017064946  -0.0061826443  -0.1021731449  -0.2029483856
20 11   0.0604718083  -0.0311826641  -0.0548558665  -0.0264786862  -0.0010921546
20 12   0.0027988673   0.0003984471   0.0025680058  -0.0026072314   0.0006361025
20 13   0.0011500698   0.0018595165  -0.0000848624
21  1   0.0002961691  -0.0011103903  -0.0007945165   0.0005687678   0.0015311628
21  2   0.0009901494  -0.0002081278  -0.0002756955  -0.0008414326  -0.0003354819
21  3   0.0001752620   0.0019101850   0.0043020997  -0.0050577928   0.0008164651
21  4   0.0287479467  -0.0118401949  -0.1668528151   0.0376558841  -0.0136158957
21  5   0.5091515311   0.0006399583  -0.0005912555  -0.0825829573  -0.0038233568
21  6   0.0068692569  -0.0001457497   0.0001275518   0.0000440307   0.0000675395
21  7  -0.0005210854  -0.0000500965  -0.0005325517   0.0000194366   0.0002222391
21  8  -0.0004989174  -0.0008856720   0.0010647829   0.0004674717  -0.0013884180
21  9   0.0023051529   0.0013610575   0.0047679244  -0.0010194900  -0.0118469964
21 10   0.0090568071  -0.0041572062  -0.0238303027   0.0377431165   0.0610681421
21 11  -0.0711010484  -0.1230854018  -0.0275620440  -0.1579687720  -0.0142160278
21 12   0.0177896290   0.0006210515   0.0198315329  -0.0242803546   0.0017086727
21 13   0.0007063764  -0.0015092426  -0.0000980636
22  1  -0.0000840815  -0.0002483918   0.0000742683   0.0003319389   0.0003816103
22  2  -0.0001597451  -0.0000745110  -0.0002049079   0.0000707429  -0.0000238261
22  3   0.0001835124   0.0000085581  -0.0005489124  -0.0010200519   0.0017571094
22  4  -0.0112430897   0.0124229601   0.0028066073  -0.1226954596   0.0612264006
22  5   0.0006399583   0.4780421041  -0.0408485951   0.0252344898  -0.0481318383
22  6  -0.0172272790  -0.0043670571  -0.0000256395   0.0000263425   0.0000258055
22  7  -0.0001036914  -0.0000005889   0.0000932352   0.0000621996  -0.0001708814
22  8   0.0001659753   0.0001589702   0.0002097847  -0.0000061010  -0.0000489525
22  9   0.0006297080  -0.0000937844  -0.0002421732   0.0001689830  -0.0000694456
22 10   0.0012637953  -0.0011851128  -0.0015380475   0.0089591780  -0.0122128695
22 11  -0.0003357900  -0.0172884352   0.0218557930  -0.0003841820  -0.1805852212
22 12  -0.0186057675  -0.1305748566  -0.0992279921   0.0110781494   0.1034989776
22 13  -0.0084943625  -0.0164587980   0.0031532814
23  1  -0.0005308316  -0.0006953793   0.0000890858   0.0010343182   0.0009904729
23  2  -0.0003475083  -0.0003096491  -0.0003473713   0.0002268980  -0.0003107713
23  3   0.0002135543  -0.0003844135  -0.0003780461   0.0000109689   0.0001803411
23  4   0.0068280663  -0.0072501234  -0.0064674396   0.0547180050  -0.1316954885
23  5  -0.0005912555  -0.0408485951   0.3374818334   0.0292383515  -0.0332766615
23  6  -0.0887985882   0.0162010918  -0.0000545020   0.0001686901  -0.0000340605
23  7  -0.0001167228   0.0000110453   0.0001836765   0.0001368643  -0.0002030869
23  8   0.0002771749  -0.0000142357   0.0000735909  -0.0000539074  -0.0000715406
23  9   0.0003133805   0.0002374741  -0.0012219846   0.0003136228   0.0012395232
23 10  -0.0000580089   0.0005131707   0.0010054056   0.0170650572  -0.0233459287
23 11   0.0005263120  -0.0022705389   0.0008087740   0.0007778319  -0.0158100591
23 12  -0.0459539003  -0.0195050413   0.0168998281  -0.0407102842  -0.0236067216
23 13  -0.0014099919  -0.0018989531   0.0008071812
24  1  -0.0003257533   0.0003047364   0.0006601981   0.0002843580  -0.0004355950
24  2  -0.0007030614  -0.0001404585   0.0000656477   0.0004462190  -0.0004376276
24  3   0.0002518910  -0.0005822587   0.0018904602   0.0005165944  -0.0072267850
24  4   0.0203583611  -0.0271152653   0.0005066622  -0.0013108539  -0.0050742198
24  5  -0.0825829573   0.0252344898   0.0292383515   0.5816145589   0.0096795154
24  6   0.0361712313  -0.0540312776   0.0000670482   0.0000307374   0.0000830925
24  7   0.0000043253   0.0000115220   0.0003118220   0.0001825973  -0.0000973970
24  8   0.0004895725  -0.0002474945   0.0000790505   0.0000943373   0.0013572746
24  9  -0.0017391311  -0.0001196835   0.0003141033   0.0002669473   0.0005537057
24 10   0.0005374952  -0.0007655088   0.0010903644  -0.0056531318   0.0072471238
24 11  -0.0006378912  -0.0140349895   0.0186977288   0.0003395537  -0.1319225360
24 12  -0.0204953439  -0.1771789168   0.1045412947  -0.0188226094  -0.2677774759
24 13  -0.0103784781  -0.0183364918   0.0046502211
25  1  -0.0005724107   0.0005643537   0.0000642754   0.0006777541  -0.0008929121
25  2  -0.0001875794  -0.0001225666   0.0000300939   0.0002002385  -0.0001732135
25  3  -0.0000831777   0.0000347085   0.0004563572   0.0004262772  -0.0002650180
25  4   0.0002204927   0.0008462551   0.0005915451   0.0055456735   0.0046151399
25  5  -0.0038233568  -0.0481318383  -0.0332766615   0.0096795154   0.1554099076
25  6   0.0498481547   0.1169035874   0.0000596624   0.0000396996  -0.0000598230
25  7   0.0000097938   0.0000287909   0.0000065403   0.0000604467  -0.0000651590
25  8   0.0000147004  -0.0001916910   0.0001855811   0.0000038382   0.0000301865
25  9  -0.0001039642  -0.0000071810   0.0003454538   0.0005403168  -0.0009736515
25 10   0.0002229384   0.0003558701   0.0001065012  -0.0001995699   0.0026193614
25 11   0.0000282484   0.0009603968   0.0010079423   0.0004823766  -0.0090256838
25 12  -0.0175873839   0.0047742642  -0.0057088122  -0.0148931802   0.0007274151
25 13  -0.0998732776   0.0057946017  -0.1283011450
26  1  -0.0000307367   0.0001718799   0.0000787430   0.0000045466  -0.0002705496
26  2   0.0001165021   0.0001329066   0.0000033941  -0.0001120696  -0.0001455306
26  3   0.0001411192  -0.0000450425  -0.0004712693  -0.0000696338   0.0002881042
26  4   0.0005355465   0.0000937105   0.0000638183  -0.0142819980  -0.0313759064
26  5   0.0068692569  -0.0172272790  -0.0887985882   0.0361712313   0.0498481547
26  6   0.1601241907  -0.0469403375  -0.0000917319   0.0000436061   0.0000473011
26  7   0.0000208067  -0.0000155405  -0.0000245345  -0.0000529076  -0.0000087342
26  8  -0.0000403028   0.0001397921   0.0000905614  -0.0000081946   0.0001101542
26  9   0.0000884896  -0.0000754564   0.0001045542  -0.0014197956  -0.0004859111
26 10  -0.0002851638  -0.0003613716  -0.0002229092   0.0043019266  -0.0039566350
26 11  -0.0009755000  -0.0009016958   0.0019708210  -0.0002260695  -0.0042868973
26 12  -0.0057740190   0.0008788766  -0.0079841061  -0.0116713340   0.0020232957
26 13  -0.0094390720  -0.0190056646   0.0026191984
27  1  -0.0000004068   0.0003172763  -0.0007708947   0.0002326207  -0.0009148800
27  2   0.0013711343  -0.0000606572   0.0006933526  -0.0003834287  -0.0001902867
27  3   0.0001679448  -0.0002105885  -0.0003109581  -0.0003756912   0.0002268298
27  4   0.0007275091  -0.0014831822   0.0000089617   0.0008720110   0.0052008044
27  5  -0.0001457497  -0.0043670571   0.0162010918  -0.0540312776   0.1169035874
27  6  -0.0469403375   0.2138148274  -0.0000254390  -0.0002705417  -0.0000478334
27  7   0.0000531943  -0.0000162561  -0.0000179195   0.0000639604  -0.0000070181
27  8   0.0000374542   0.0001471836  -0.0002072550  -0.0001096753  -0.0000179278
27  9   0.0000221704   0.0000223085  -0.0005655478  -0.0009028918   0.0005392418
27 10  -0.0002162215   0.0001249926   0.0000088781  -0.0007468564   0.0004894926
27 11   0.0008099088   0.0008059844   0.0006124575   0.0001638053  -0.0072179540
27 12  -0.0161843800   0.0048104148   0.0095660366   0.0224100218  -0.0002126626
27 13  -0.1156527754   0.0210628290  -0.1658837345
28  1  -0.0022157060   0.0024549669  -0.0067673525  -0.0112208997  -0.0180154703
28  2   0.0091459413  -0.1500862862  -0.1971993708   0.0456682387   0.0033145661
28  3   0.0004334726   0.0034179782   0.0006332577   0.0004984227  -0.0001528760
28  4  -0.0001198261  -0.0005125117   0.0001692464   0.0000491862   0.0001299208
28  5   0.0001275518  -0.0000256395  -0.0000545020   0.0000670482   0.0000596624
28  6  -0.0000917319  -0.0000254390   0.1593646074   0.2134119432  -0.0518401306
28  7   0.0000435056  -0.0006350599  -0.0000282652   0.0001176847  -0.0009145698
28  8   0.0001499752   0.0001223851   0.0001000085   0.0000654970  -0.0000157052
28  9  -0.0000288770   0.0000261571  -0.0001387048   0.0002579565  -0.0000183377
28 10   0.0000604053   0.0001140814  -0.0000272678   0.0000784928   0.0000302120
28 11  -0.0000632118  -0.0000160589  -0.0000394888   0.0000198522  -0.0000044850
28 12   0.0000044015   0.0000260218   0.0000326404   0.0000159140  -0.0000170636
28 13  -0.0000330822   0.0000402823   0.0000564362
29  1   0.0028550621  -0.0039850598  -0.0044635704  -0.0046980271  -0.0000428023
29  2   0.0083190449  -0.2109186887  -0.3388558082   0.0561965774  -0.0006140140
29  3   0.0034798694   0.0001786509  -0.0001935186  -0.0002525152  -0.0000721315
29  4   0.0000186300   0.0000423536   0.0000894098  -0.0000263866   0.0000777479
29  5   0.0000440307   0.0000263425   0.0001686901   0.0000307374   0.0000396996
29  6   0.0000436061  -0.0002705417   0.2134119432   0.3389095255  -0.0594215329
29  7   0.0003894206   0.0003900425  -0.0003426112  -0.0003919090   0.0001240484
29  8  -0.0001106185   0.0000795174  -0.0000286328  -0.0001421065   0.0000065360
29  9  -0.0000572690  -0.0000600418  -0.0000119367   0.0000633394  -0.0000028335
29 10   0.0000209942  -0.0000201807   0.0000096782   0.0000236995  -0.0000225836
29 11   0.0000144912  -0.0000185866   0.0000048851   0.0000180691  -0.0000014691
29 12  -0.0000119047   0.0000038819  -0.0000073379  -0.0000371183   0.0000066732
29 13   0.0000100293   0.0000097666  -0.0000252565
30  1  -0.0061302504  -0.0037089564   0.0048696604   0.0320508889   0.0468255122
30  2  -0.0087598928   0.0232919627   0.0181671400  -0.0515007143   0.0020128337
30  3  -0.0026325659  -0.0062148073  -0.0000660726  -0.0002246062   0.0000406172
30  4  -0.0000259477  -0.0000545161   0.0000908371   0.0000390957   0.0000729410
30  5   0.0000675395   0.0000258055  -0.0000340605   0.0000830925  -0.0000598230
30  6   0.0000473011  -0.0000478334  -0.0518401306  -0.0594215329   0.0608829312
30  7  -0.0004027830  -0.0003312652   0.0000880490   0.0010535452   0.0013071896
30  8  -0.0001993689  -0.0001617001  -0.0000041401   0.0002202925   0.0002205641
30  9   0.0000757426   0.0003851371   0.0000534857  -0.0000684640   0.0001143484
30 10  -0.0000928085  -0.0000522150   0.0000119510  -0.0000413014   0.0000001405
30 11  -0.0000050342   0.0000391198   0.0000293496  -0.0000514955  -0.0000169380
30 12  -0.0000058926  -0.0000000561  -0.0000016546   0.0000279310   0.0000099605
30 13   0.0000521085  -0.0000150326  -0.0000852140
31  1  -0.0047294784  -0.0019409209  -0.0011924714   0.0140833876  -0.0158186982
31  2  -0.0029257956  -0.0010606560   0.0002425844   0.0003186886  -0.1227422573
31  3   0.1166854411   0.0262133573  -0.0167409854   0.0235231506   0.0028618536
31  4  -0.0035113657  -0.0026236657  -0.0036328147   0.0003817675  -0.0001315673
31  5  -0.0005210854  -0.0001036914  -0.0001167228   0.0000043253   0.0000097938
31  6   0.0000208067   0.0000531943   0.0000435056   0.0003894206  -0.0004027830
31  7   0.1377051379  -0.1271384120  -0.0230996480  -0.0047405308   0.0059507835
31  8   0.0011770680   0.0006175874  -0.0002375893   0.0010233246   0.0015966613
31  9  -0.0000375073   0.0001119578   0.0002076337  -0.0000638194  -0.0000745075
31 10  -0.0010355010   0.0013282911  -0.0000234992  -0.0000588682  -0.0000164090
31 11   0.0000543153   0.0000482791  -0.0001251462  -0.0000184657   0.0000407985
31 12   0.0000373495   0.0000158633  -0.0000053301   0.0000687233   0.0000440862
31 13  -0.0000058879   0.0000039074   0.0000130363
32  1  -0.0057009903  -0.0020862993   0.0009657453   0.0186521908  -0.0250733610
32  2  -0.0073347280  -0.0012374102   0.0020836282   0.0004182854   0.1183324210
32  3  -0.2220085069  -0.0290360163  -0.0018933714   0.0033508218   0.0007085068
32  4  -0.0004255665   0.0008498591  -0.0002193678  -0.0001562839   0.0000811818
32  5  -0.0000500965  -0.0000005889   0.0000110453   0.0000115220   0.0000287909
32  6  -0.0000155405  -0.0000162561  -0.0006350599   0.0003900425  -0.0003312652
32  7  -0.1271384120   0.2412013204   0.0350077468  -0.0000735054   0.0000517827
32  8  -0.0006138864   0.0002757849   0.0005854282   0.0002337855   0.0001228287
32  9   0.0003183093   0.0003951916  -0.0001484049   0.0002117172  -0.0001018045
32 10   0.0000205555   0.0000490749  -0.0001480339   0.0000395792  -0.0000028476
32 11   0.0000129785  -0.0000513834  -0.0000105331   0.0000689635   0.0000047189
32 12   0.0000022250   0.0000046041   0.0000010917  -0.0000015750  -0.0000002717
32 13  -0.0000169849   0.0000122268   0.0000243968
33  1   0.0004334305   0.0001233214   0.0011687514  -0.0070832480   0.0048682094
33  2  -0.0000279176   0.0012292239   0.0002844865  -0.0008143892   0.0269926079
33  3  -0.0304825086  -0.0525387758  -0.0130262303   0.0171276936   0.0010976585
33  4  -0.0029444396  -0.0014731474  -0.0022070065  -0.0001100787  -0.0004424233
33  5  -0.0005325517   0.0000932352   0.0001836765   0.0003118220   0.0000065403
33  6  -0.0000245345  -0.0000179195  -0.0000282652  -0.0003426112   0.0000880490
33  7  -0.0230996480   0.0350077468   0.0544369812   0.0165557541  -0.0259391848
33  8  -0.0028190441   0.0008490340  -0.0002537862   0.0005990346   0.0005422357
33  9   0.0006440118   0.0007272270   0.0002323004  -0.0002983128   0.0000045880
33 10  -0.0008778837   0.0007672432   0.0000438286  -0.0000251407   0.0000276736
33 11   0.0000508380   0.0001755952   0.0002852179   0.0003874264   0.0001081681
33 12  -0.0001127115   0.0000029681  -0.0000168102   0.0000325299   0.0000228830
33 13  -0.0000063810   0.0000174097   0.0000155486
34  1   0.0004383217   0.0009553528  -0.0015362826  -0.0061741820   0.0033896942
34  2   0.0196029611  -0.0019951916  -0.0045716279   0.0012732807  -0.0646284426
34  3   0.0022668418   0.0626715371   0.0079159825  -0.0021319848  -0.0280228657
34  4   0.0011097147  -0.0001144019   0.0002545227  -0.0003459061   0.0004222197
34  5   0.0000194366   0.0000621996   0.0001368643   0.0001825973   0.0000604467
34  6  -0.0000529076   0.0000639604   0.0001176847  -0.0003919090   0.0010535452
34  7  -0.0047405308  -0.0000735054   0.0165557541   0.0726685363  -0.0006515236
34  8  -0.0699301651   0.0012968843   0.0000128951   0.0007863708  -0.0046142987
34  9  -0.0000546478  -0.0035352900  -0.0000927401   0.0000590674   0.0000124141
34 10   0.0000874092  -0.0001515173   0.0002660765  -0.0001808237  -0.0001176855
34 11   0.0000456502  -0.0010433413   0.0011489542   0.0002479411   0.0000639518
34 12  -0.0000856499  -0.0000222209  -0.0000040410  -0.0000024358  -0.0000075323
34 13  -0.0000016336   0.0000079072   0.0000183088
35  1   0.0012922357   0.0014831246  -0.0008973701  -0.0066678161   0.0012383670
35  2   0.0291246821  -0.0041248307  -0.0049384328   0.0017018893   0.0049362719
35  3  -0.0509343020  -0.0163702878   0.0000571221  -0.0005546526  -0.0029385927
35  4  -0.0002569518  -0.0000912887   0.0007552842   0.0006798064   0.0001849577
35  5   0.0002222391  -0.0001708814  -0.0002030869  -0.0000973970  -0.0000651590
35  6  -0.0000087342  -0.0000070181  -0.0009145698   0.0001240484   0.0013071896
35  7   0.0059507835   0.0000517827  -0.0259391848  -0.0006515236   0.0534916962
35  8   0.0139616021   0.0000593801   0.0000563379  -0.0003282115  -0.0008774826
35  9   0.0007336541  -0.0001396181   0.0000701637  -0.0000164749   0.0000570957
35 10   0.0000310262  -0.0000146068  -0.0001374790  -0.0001794316  -0.0000630715
35 11  -0.0000286276   0.0008743227  -0.0006242007  -0.0002255659  -0.0000468144
35 12   0.0000668116  -0.0000106408  -0.0000144502   0.0000427389   0.0000143965
35 13   0.0000187992  -0.0000246682  -0.0000243852
36  1  -0.0012457553  -0.0005129078   0.0025870335   0.0010760234  -0.0030032220
36  2  -0.0098276228   0.0010444916   0.0016711481   0.0008123288   0.0669127236
36  3  -0.0090012877  -0.2998854136   0.0028061429  -0.0013015151  -0.0169355441
36  4   0.0006126794  -0.0003592229  -0.0001655706  -0.0000641100  -0.0006265600
36  5  -0.0004989174   0.0001659753   0.0002771749   0.0004895725   0.0000147004
36  6  -0.0000403028   0.0000374542   0.0001499752  -0.0001106185  -0.0001993689
36  7   0.0011770680  -0.0006138864  -0.0028190441  -0.0699301651   0.0139616021
36  8   0.3249985972  -0.0001151229  -0.0002400057   0.0008129831  -0.0032092217
36  9  -0.0002479604  -0.0004105594  -0.0000353281  -0.0000106340   0.0000132933
36 10  -0.0000408658   0.0000315791   0.0001439522  -0.0000789472   0.0000189969
36 11  -0.0000373466   0.0006770104   0.0002443883   0.0008655780   0.0001440200
36 12  -0.0001734909  -0.0000014513  -0.0000447072   0.0000226666  -0.0000060568
36 13  -0.0000165871   0.0000140582   0.0000261027
37  1  -0.0002062823  -0.0028596662  -0.0002134185  -0.0025717467   0.0040174111
37  2  -0.0042607058  -0.0001827360  -0.0006882955   0.0007042283  -0.0185726262
37  3  -0.0217471195   0.0072624811  -0.1161601902  -0.1061380373   0.0410064525
37  4   0.0104400829   0.0172955759  -0.0058336909   0.0011009249   0.0000894735
37  5  -0.0008856720   0.0001589702  -0.0000142357  -0.0002474945  -0.0001916910
37  6   0.0001397921   0.0001471836   0.0001223851   0.0000795174  -0.0001617001
37  7   0.0006175874   0.0002757849   0.0008490340   0.0012968843   0.0000593801
37  8  -0.0001151229   0.1303232305   0.1139939542  -0.0416297188  -0.0051329588
37  9  -0.0068538058   0.0028644295  -0.0018183860   0.0035840478   0.0004674602
37 10   0.0008794221  -0.0007606739  -0.0000525411  -0.0000145535  -0.0004261758
37 11  -0.0000065983  -0.0000700024  -0.0000111225   0.0000903309  -0.0000062766
37 12   0.0000014550  -0.0000097877   0.0000181611  -0.0000477190  -0.0000060169
37 13  -0.0000301990   0.0000104593   0.0000308675
38  1   0.0000198366   0.0000188178   0.0000705869   0.0004954508   0.0012329395
38  2  -0.0002642170   0.0000813102   0.0001595788  -0.0000569403  -0.0018619518
38  3  -0.0016097608   0.0000369277  -0.1062711549  -0.2087689503   0.0606107128
38  4  -0.0132796330  -0.0247086359   0.0086747543  -0.0016252746   0.0009863623
38  5   0.0010647829   0.0002097847   0.0000735909   0.0000790505   0.0001855811
38  6   0.0000905614  -0.0002072550   0.0001000085  -0.0000286328  -0.0000041401
38  7  -0.0002375893   0.0005854282  -0.0002537862   0.0000128951   0.0000563379
38  8  -0.0002400057   0.1139939542   0.2292098799  -0.0677012150   0.0029622214
38  9   0.0046026665  -0.0005924475   0.0041512097  -0.0031521988  -0.0002782266
38 10   0.0001844603   0.0009953887   0.0002017508   0.0007841452   0.0003114694
38 11  -0.0010132452   0.0000894284  -0.0000327658  -0.0000988948  -0.0000416413
38 12   0.0000013202   0.0000288114   0.0000155080  -0.0000148249  -0.0000312304
38 13   0.0000314506  -0.0000085722  -0.0000257734
39  1   0.0001015845  -0.0018172750   0.0004010483  -0.0028298077   0.0024262130
39  2  -0.0042095452   0.0002510983  -0.0002995511   0.0012074426  -0.0147177461
39  3  -0.0168128429   0.0044316996   0.0426639019   0.0612116865  -0.0717179312
39  4  -0.0006422164  -0.0008320177  -0.0000185398  -0.0007528093  -0.0009183065
39  5   0.0004674717  -0.0000061010  -0.0000539074   0.0000943373   0.0000038382
39  6  -0.0000081946  -0.0001096753   0.0000654970  -0.0001421065   0.0002202925
39  7   0.0010233246   0.0002337855   0.0005990346   0.0007863708  -0.0003282115
39  8   0.0008129831  -0.0416297188  -0.0677012150   0.0753506603   0.0160588349
39  9   0.0249639720  -0.0085199215  -0.0002425574  -0.0005105319   0.0008117965
39 10  -0.0001182755   0.0004004936  -0.0001415143   0.0000226439   0.0001804330
39 11   0.0003032202   0.0000046561  -0.0000809833   0.0000154513  -0.0000194276
39 12   0.0000291102  -0.0000245507  -0.0000148266   0.0000562737   0.0000112700
39 13  -0.0000082640   0.0000031758   0.0000149699
40  1  -0.0002328846  -0.0002527537   0.0005412222   0.0017990870   0.0002913373
40  2  -0.0016620399  -0.0007791436  -0.0001672154   0.0003816940   0.0052413412
40  3  -0.0039003766  -0.0291305277  -0.0688309018   0.0111780370   0.0724170465
40  4  -0.0067780944   0.0030827717   0.0184653268  -0.0017355910   0.0037890237
40  5  -0.0013884180  -0.0000489525  -0.0000715406   0.0013572746   0.0000301865
40  6   0.0001101542  -0.0000179278  -0.0000157052   0.0000065360   0.0002205641
40  7   0.0015966613   0.0001228287   0.0005422357  -0.0046142987  -0.0008774826
40  8  -0.0032092217  -0.0051329588   0.0029622214   0.0160588349   0.0788088035
40  9  -0.0159238548  -0.0738558854   0.0006914621  -0.0001910910  -0.0004502775
40 10   0.0000151542  -0.0005444160   0.0001528581   0.0001863137  -0.0000597783
40 11  -0.0004908867   0.0001049908   0.0001199943   0.0001175633  -0.0000122734
40 12  -0.0000256446  -0.0000384219  -0.0003051668   0.0003482214   0.0000170817
40 13   0.0000119706   0.0000030279  -0.0000280954
41  1  -0.0001820418   0.0001942773   0.0004746608   0.0008579961  -0.0000233778
41  2  -0.0020834648  -0.0000136393  -0.0000799931   0.0006753032  -0.0000575615
41  3  -0.0009564929  -0.0020385650   0.0105550701  -0.0556410322  -0.0375970677
41  4   0.0094568752  -0.0057412414  -0.0276354884   0.0026835201  -0.0044090251
41  5   0.0023051529   0.0006297080   0.0003133805  -0.0017391311  -0.0001039642
41  6   0.0000884896   0.0000221704  -0.0000288770  -0.0000572690   0.0000757426
41  7  -0.0000375073   0.0003183093   0.0006440118  -0.0000546478   0.0007336541
41  8  -0.0002479604  -0.0068538058   0.0046026665   0.0249639720  -0.0159238548
41  9   0.0590492725   0.0418914233  -0.0009215584   0.0006303274  -0.0001692037
41 10  -0.0003746478   0.0012265774   0.0003591890   0.0002469032   0.0002309989
41 11  -0.0000613112  -0.0002455696   0.0000501170   0.0001202064   0.0000011971
41 12   0.0000009496   0.0000481986   0.0003823040  -0.0005189279  -0.0000251952
41 13  -0.0000158985  -0.0000116607   0.0000173564
42  1  -0.0003038843  -0.0002647735   0.0008936260   0.0014856914   0.0007969000
42  2  -0.0026880140   0.0003384179   0.0003992140   0.0014508193   0.0025693360
42  3  -0.0026385104  -0.0195948666   0.0701040032  -0.0394875596  -0.2795213690
42  4  -0.0000357746   0.0001278281   0.0005343991   0.0001839267  -0.0001494546
42  5   0.0013610575  -0.0000937844   0.0002374741  -0.0001196835  -0.0000071810
42  6  -0.0000754564   0.0000223085   0.0000261571  -0.0000600418   0.0003851371
42  7   0.0001119578   0.0003951916   0.0007272270  -0.0035352900  -0.0001396181
42  8  -0.0004105594   0.0028644295  -0.0005924475  -0.0085199215  -0.0738558854
42  9   0.0418914233   0.3041933778  -0.0000697805  -0.0003925776   0.0002317820
42 10   0.0004675770  -0.0001526511   0.0007258136  -0.0001539661   0.0000125821
42 11   0.0001132731  -0.0001222915   0.0001623720   0.0001942301   0.0000186434
42 12  -0.0000243129   0.0000043849   0.0000119373  -0.0000492829   0.0000015405
42 13  -0.0000042399   0.0000037013   0.0000154376
43  1  -0.0003069673   0.0001292641  -0.0000426213  -0.0005393680  -0.0001003984
43  2  -0.0005632583  -0.0003268638   0.0000957967   0.0001174361   0.0015433384
43  3  -0.0000902759  -0.0000618108   0.0106664456   0.0177037398  -0.0069888026
43  4  -0.1185176669  -0.1044701971   0.0405549392  -0.0075346695  -0.0091909095
43  5   0.0047679244  -0.0002421732  -0.0012219846   0.0003141033   0.0003454538
43  6   0.0001045542  -0.0005655478  -0.0001387048  -0.0000119367   0.0000534857
43  7   0.0002076337  -0.0001484049   0.0002323004  -0.0000927401   0.0000701637
43  8  -0.0000353281  -0.0018183860   0.0041512097  -0.0002425574   0.0006914621
43  9  -0.0009215584  -0.0000697805   0.1285208208   0.1118117784  -0.0472030088
43 10  -0.0134393138  -0.0197290802   0.0077502212   0.0001452616   0.0011600220
43 11   0.0024338307   0.0006772960   0.0005665608  -0.0001697077  -0.0000902723
43 12  -0.0000108703   0.0000058233   0.0000896465   0.0001591693  -0.0001089657
43 13   0.0001597674  -0.0000566427  -0.0001786754
44  1  -0.0000894225   0.0004645367  -0.0003672902   0.0010510162  -0.0008828027
44  2   0.0019976825  -0.0004280028   0.0005628895  -0.0008845158  -0.0008491156
44  3   0.0012683354  -0.0002138176  -0.0127811599  -0.0238836222   0.0080528856
44  4  -0.1046812647  -0.2063975332   0.0646654498   0.0031846663   0.0061597753
44  5  -0.0010194900   0.0001689830   0.0003136228   0.0002669473   0.0005403168
44  6  -0.0014197956  -0.0009028918   0.0002579565   0.0000633394  -0.0000684640
44  7  -0.0000638194   0.0002117172  -0.0002983128   0.0000590674  -0.0000164749
44  8  -0.0000106340   0.0035840478  -0.0031521988  -0.0005105319  -0.0001910910
44  9   0.0006303274  -0.0003925776   0.1118117784   0.2287030259  -0.0697869950
44 10  -0.0023509104  -0.0030604325   0.0005357249   0.0011762955   0.0002344934
44 11  -0.0015206661  -0.0002619225   0.0003844551   0.0004388340   0.0000381680
44 12  -0.0000442407   0.0000221334  -0.0002737014  -0.0000152295   0.0001589766
44 13   0.0000981142  -0.0001241882  -0.0001624474
45  1   0.0002512632  -0.0006513698  -0.0004909337  -0.0006178998   0.0010038666
45  2   0.0011025195   0.0000475137  -0.0000922217  -0.0006371058   0.0003922381
45  3   0.0004492456  -0.0001953689  -0.0010055901  -0.0008596021   0.0000966301
45  4   0.0399313306   0.0634290311  -0.0751246100   0.0179795818   0.0246872712
45  5  -0.0118469964  -0.0000694456   0.0012395232   0.0005537057  -0.0009736515
45  6  -0.0004859111   0.0005392418  -0.0000183377  -0.0000028335   0.0001143484
45  7  -0.0000745075  -0.0001018045   0.0000045880   0.0000124141   0.0000570957
45  8   0.0000132933   0.0004674602  -0.0002782266   0.0008117965  -0.0004502775
45  9  -0.0001692037   0.0002317820  -0.0472030088  -0.0697869950   0.0822732378
45 10  -0.0105963335  -0.0169667908   0.0068674474   0.0026375322  -0.0014340283
45 11  -0.0052521646  -0.0006930059   0.0003409665   0.0010733339   0.0000833029
45 12  -0.0001725262   0.0000252294  -0.0002422243  -0.0000721661   0.0001363144
45 13   0.0001416455  -0.0001333205  -0.0002962888
46  1  -0.0002019663  -0.0002251616  -0.0000164363   0.0013386982   0.0008324794
46  2  -0.0000719457  -0.0002194104  -0.0001209749   0.0003269387  -0.0011778802
46  3   0.0038445444   0.0011688808  -0.0157573724  -0.0029607267  -0.0116209160
46  4  -0.1920159736  -0.0277827847  -0.1212201499   0.0092785133   0.0023638997
46  5   0.0090568071   0.0012637953  -0.0000580089   0.0005374952   0.0002229384
46  6  -0.0002851638  -0.0002162215   0.0000604053   0.0000209942  -0.0000928085
46  7  -0.0010355010   0.0000205555  -0.0008778837   0.0000874092   0.0000310262
46  8  -0.0000408658   0.0008794221   0.0001844603  -0.0001182755   0.0000151542
46  9  -0.0003746478   0.0004675770  -0.0134393138  -0.0023509104  -0.0105963335
46 10   0.2098559040   0.0262231008   0.1312911880   0.0007815732   0.0000185732
46 11  -0.0007352061  -0.0001533094   0.0011415045   0.0029174472   0.0000836469
46 12  -0.0003204665  -0.0003275384   0.0002429128  -0.0002152991   0.0000166792
46 13  -0.0001096458   0.0000130061   0.0001515678
47  1  -0.0000694861   0.0008689021   0.0000764649  -0.0002278188  -0.0019029662
47  2   0.0001706626  -0.0000048436   0.0003529720  -0.0002795463   0.0029457009
47  3  -0.0039994292  -0.0008646395   0.0230110165   0.0025671645   0.0178836736
47  4  -0.0292981342  -0.0533146043  -0.0222041844  -0.0039616805  -0.0017064946
47  5  -0.0041572062  -0.0011851128   0.0005131707  -0.0007655088   0.0003558701
47  6  -0.0003613716   0.0001249926   0.0001140814  -0.0000201807  -0.0000522150
47  7   0.0013282911   0.0000490749   0.0007672432  -0.0001515173  -0.0000146068
47  8   0.0000315791  -0.0007606739   0.0009953887   0.0004004936  -0.0005444160
47  9   0.0012265774  -0.0001526511  -0.0197290802  -0.0030604325  -0.0169667908
47 10   0.0262231008   0.0569142609   0.0264518814   0.0005602668   0.0002531123
47 11   0.0003073758   0.0009132752   0.0005644460  -0.0011634603   0.0004896175
47 12  -0.0001039426   0.0000375344   0.0000914030   0.0000390691   0.0001608906
47 13  -0.0000998598   0.0001398897   0.0001934106
48  1  -0.0001016573  -0.0000294063   0.0001593823   0.0000564067   0.0000187284
48  2  -0.0003864151  -0.0000632639  -0.0001128967   0.0001995854   0.0006339082
48  3  -0.0001302949   0.0009804469   0.0009854302   0.0004317401   0.0003505537
48  4  -0.1207600329  -0.0216078833  -0.1485593315  -0.0230692081  -0.0061826443
48  5  -0.0238303027  -0.0015380475   0.0010054056   0.0010903644   0.0001065012
48  6  -0.0002229092   0.0000088781  -0.0000272678   0.0000096782   0.0000119510
48  7  -0.0000234992  -0.0001480339   0.0000438286   0.0002660765  -0.0001374790
48  8   0.0001439522  -0.0000525411   0.0002017508  -0.0001415143   0.0001528581
48  9   0.0003591890   0.0007258136   0.0077502212   0.0005357249   0.0068674474
48 10   0.1312911880   0.0264518814   0.1654688516  -0.0001048159   0.0006621732
48 11   0.0010248137   0.0031527278  -0.0009812195  -0.0050705804   0.0010729676
48 12  -0.0006332133   0.0004797660   0.0002371973   0.0003127692   0.0003919162
48 13   0.0000348509   0.0001969397   0.0000405927
49  1  -0.0001745342   0.0003901653   0.0001814047   0.0002146020  -0.0006154611
49  2  -0.0003869408  -0.0000715679   0.0001781778   0.0000985227  -0.0000093755
49  3   0.0002517903   0.0000564952   0.0003275625  -0.0013024206  -0.0001045392
49  4  -0.0077139550  -0.0097496131   0.0050274961  -0.1145871198  -0.1021731449
49  5   0.0377431165   0.0089591780   0.0170650572  -0.0056531318  -0.0001995699
49  6   0.0043019266  -0.0007468564   0.0000784928   0.0000236995  -0.0000413014
49  7  -0.0000588682   0.0000395792  -0.0000251407  -0.0001808237  -0.0001794316
49  8  -0.0000789472  -0.0000145535   0.0007841452   0.0000226439   0.0001863137
49  9   0.0002469032  -0.0001539661   0.0001452616   0.0011762955   0.0026375322
49 10   0.0007815732   0.0005602668  -0.0001048159   0.1231738784   0.1098772216
49 11  -0.0462544535  -0.0124381653  -0.0194836839   0.0077305300   0.0006708734
49 12  -0.0007786422  -0.0001549840   0.0010440662  -0.0006099561   0.0000365737
49 13  -0.0001332689  -0.0000028745   0.0001707618
50  1  -0.0000480425   0.0002070254   0.0000975670  -0.0000450175  -0.0002606270
50  2  -0.0002711719   0.0000629034   0.0000488466   0.0000587592  -0.0000863536
50  3   0.0001078392   0.0000981549   0.0004007745   0.0011933337  -0.0003675658
50  4   0.0037019383   0.0047326145  -0.0021713489  -0.1020838996  -0.2029483856
50  5   0.0610681421  -0.0122128695  -0.0233459287   0.0072471238   0.0026193614
50  6  -0.0039566350   0.0004894926   0.0000302120  -0.0000225836   0.0000001405
50  7  -0.0000164090  -0.0000028476   0.0000276736  -0.0001176855  -0.0000630715
50  8   0.0000189969  -0.0004261758   0.0003114694   0.0001804330  -0.0000597783
50  9   0.0002309989   0.0000125821   0.0011600220   0.0002344934  -0.0014340283
50 10   0.0000185732   0.0002531123   0.0006621732   0.1098772216   0.2253816091
50 11  -0.0663863719  -0.0028871199  -0.0041616310   0.0008691989   0.0000861332
50 12   0.0007876044   0.0004657532  -0.0000728975   0.0007358531  -0.0008235432
50 13   0.0000991091   0.0005369100   0.0001578391
51  1  -0.0000798529   0.0000797587   0.0002299556  -0.0001699968   0.0000861866
51  2  -0.0007080987   0.0000729552  -0.0001604446   0.0002861092   0.0000738249
51  3  -0.0001554746   0.0000840887  -0.0007112798   0.0013300493   0.0012760506
51  4   0.0181048723   0.0245810601  -0.0123690588   0.0380420599   0.0604718083
51  5  -0.0711010484  -0.0003357900   0.0005263120  -0.0006378912   0.0000282484
51  6  -0.0009755000   0.0008099088  -0.0000632118   0.0000144912  -0.0000050342
51  7   0.0000543153   0.0000129785   0.0000508380   0.0000456502  -0.0000286276
51  8  -0.0000373466  -0.0000065983  -0.0010132452   0.0003032202  -0.0004908867
51  9  -0.0000613112   0.0001132731   0.0024338307  -0.0015206661  -0.0052521646
51 10  -0.0007352061   0.0003073758   0.0010248137  -0.0462544535  -0.0663863719
51 11   0.0784880950  -0.0099740984  -0.0171839164   0.0070927439   0.0001213554
51 12   0.0000251232  -0.0001054198  -0.0002410796  -0.0001762253   0.0003340743
51 13   0.0000853415   0.0002266392   0.0001228910
52  1  -0.0000014540  -0.0002010994  -0.0001460363  -0.0001452822   0.0005025359
52  2   0.0004920755   0.0000012771  -0.0000815441  -0.0001290513  -0.0009626580
52  3   0.0007374189  -0.0002672277   0.0005316768   0.0000182675  -0.0005872344
52  4   0.0110237381   0.0021167614   0.0085376232  -0.1861278096  -0.0311826641
52  5  -0.1230854018  -0.0172884352  -0.0022705389  -0.0140349895   0.0009603968
52  6  -0.0009016958   0.0008059844  -0.0000160589  -0.0000185866   0.0000391198
52  7   0.0000482791  -0.0000513834   0.0001755952  -0.0010433413   0.0008743227
52  8   0.0006770104  -0.0000700024   0.0000894284   0.0000046561   0.0001049908
52  9  -0.0002455696  -0.0001222915   0.0006772960  -0.0002619225  -0.0006930059
52 10  -0.0001533094   0.0009132752   0.0031527278  -0.0124381653  -0.0028871199
52 11  -0.0099740984   0.2056609688   0.0289405389   0.1338551069  -0.0013304081
52 12   0.0034223035   0.0009058046   0.0001009956  -0.0001772213   0.0003679371
52 13   0.0004673055   0.0006644933   0.0000256957
53  1  -0.0000907074  -0.0004665918   0.0000305876   0.0003901065   0.0007475470
53  2  -0.0000205458  -0.0001155762  -0.0002379997   0.0001431376   0.0004436469
53  3  -0.0001206873  -0.0006265454  -0.0006831659   0.0000218581  -0.0004706727
53  4  -0.0044976555  -0.0015444470  -0.0038361486  -0.0333279772  -0.0548558665
53  5  -0.0275620440   0.0218557930   0.0008087740   0.0186977288   0.0010079423
53  6   0.0019708210   0.0006124575  -0.0000394888   0.0000048851   0.0000293496
53  7  -0.0001251462  -0.0000105331   0.0002852179   0.0011489542  -0.0006242007
53  8   0.0002443883  -0.0000111225  -0.0000327658  -0.0000809833   0.0001199943
53  9   0.0000501170   0.0001623720   0.0005665608   0.0003844551   0.0003409665
53 10   0.0011415045   0.0005644460  -0.0009812195  -0.0194836839  -0.0041616310
53 11  -0.0171839164   0.0289405389   0.0607968287   0.0306902423   0.0039194611
53 12  -0.0038743767   0.0001960582  -0.0009032641   0.0006793646  -0.0002534766
53 13  -0.0002567144  -0.0000999972  -0.0004169540
54  1  -0.0005320252   0.0005861907   0.0005759508   0.0004910350  -0.0005858239
54  2  -0.0013817703  -0.0000999893  -0.0000668073   0.0007909494   0.0001942254
54  3   0.0000886125  -0.0001248930  -0.0009583234   0.0005258567   0.0002782088
54  4  -0.0224767864  -0.0057761210  -0.0216829170  -0.1215078406  -0.0264786862
54  5  -0.1579687720  -0.0003841820   0.0007778319   0.0003395537   0.0004823766
54  6  -0.0002260695   0.0001638053   0.0000198522   0.0000180691  -0.0000514955
54  7  -0.0000184657   0.0000689635   0.0003874264   0.0002479411  -0.0002255659
54  8   0.0008655780   0.0000903309  -0.0000988948   0.0000154513   0.0001175633
54  9   0.0001202064   0.0001942301  -0.0001697077   0.0004388340   0.0010733339
54 10   0.0029174472  -0.0011634603  -0.0050705804   0.0077305300   0.0008691989
54 11   0.0070927439   0.1338551069   0.0306902423   0.1729042343   0.0001502201
54 12  -0.0005375140   0.0010343834  -0.0000545677   0.0005680735   0.0004700837
54 13  -0.0000947407   0.0004068635   0.0000944949
55  1  -0.0000596262   0.0001206237   0.0001334126   0.0000280862  -0.0001745537
55  2  -0.0002883836  -0.0000387779  -0.0000156683   0.0001530817   0.0000706031
55  3  -0.0001020107  -0.0002083867   0.0002601340   0.0002354878   0.0001135856
55  4   0.0006566864  -0.0014427341  -0.0012402399  -0.0156188478  -0.0010921546
55  5  -0.0142160278  -0.1805852212  -0.0158100591  -0.1319225360  -0.0090256838
55  6  -0.0042868973  -0.0072179540  -0.0000044850  -0.0000014691  -0.0000169380
55  7   0.0000407985   0.0000047189   0.0001081681   0.0000639518  -0.0000468144
55  8   0.0001440200  -0.0000062766  -0.0000416413  -0.0000194276  -0.0000122734
55  9   0.0000011971   0.0000186434  -0.0000902723   0.0000381680   0.0000833029
55 10   0.0000836469   0.0004896175   0.0010729676   0.0006708734   0.0000861332
55 11   0.0001213554  -0.0013304081   0.0039194611   0.0001502201   0.1940808761
55 12   0.0181287951   0.1425136245   0.0114328608   0.0021668936   0.0094272861
55 13  -0.0006166449  -0.0021770935   0.0010902254
56  1   0.0000769556   0.0001624526  -0.0000582281  -0.0001305032  -0.0001544389
56  2   0.0001379103   0.0000548868   0.0000629607  -0.0000640580   0.0000594894
56  3  -0.0000478250   0.0001970821  -0.0001386993  -0.0000351560   0.0001635115
56  4  -0.0004141824   0.0011294909   0.0014069521   0.0204134074   0.0027988673
56  5   0.0177896290  -0.0186057675  -0.0459539003  -0.0204953439  -0.0175873839
56  6  -0.0057740190  -0.0161843800   0.0000044015  -0.0000119047  -0.0000058926
56  7   0.0000373495   0.0000022250  -0.0001127115  -0.0000856499   0.0000668116
56  8  -0.0001734909   0.0000014550   0.0000013202   0.0000291102  -0.0000256446
56  9   0.0000009496  -0.0000243129  -0.0000108703  -0.0000442407  -0.0001725262
56 10  -0.0003204665  -0.0001039426  -0.0006332133  -0.0007786422   0.0007876044
56 11   0.0000251232   0.0034223035  -0.0038743767  -0.0005375140   0.0181287951
56 12   0.0566583856   0.0188122846  -0.0009907424   0.0001253453  -0.0015851241
56 13  -0.0031104917  -0.0057966092   0.0014851926
57  1  -0.0000661405  -0.0000572096   0.0000049975   0.0001159079   0.0000748950
57  2  -0.0000478636  -0.0000940419  -0.0000231019   0.0000048723   0.0000750264
57  3  -0.0000695953  -0.0001082796   0.0000230419   0.0000367075   0.0002099644
57  4   0.0012660983   0.0000273124   0.0010213533   0.0005207776   0.0003984471
57  5   0.0006210515  -0.1305748566  -0.0195050413  -0.1771789168   0.0047742642
57  6   0.0008788766   0.0048104148   0.0000260218   0.0000038819  -0.0000000561
57  7   0.0000158633   0.0000046041   0.0000029681  -0.0000222209  -0.0000106408
57  8  -0.0000014513  -0.0000097877   0.0000288114  -0.0000245507  -0.0000384219
57  9   0.0000481986   0.0000043849   0.0000058233   0.0000221334   0.0000252294
57 10  -0.0003275384   0.0000375344   0.0004797660  -0.0001549840   0.0004657532
57 11  -0.0001054198   0.0009058046   0.0001960582   0.0010343834   0.1425136245
57 12   0.0188122846   0.1876668119  -0.0208527198  -0.0032473265  -0.0188969799
57 13   0.0018984580   0.0018774170   0.0004773202
58  1  -0.0000487184  -0.0000709879  -0.0001031622   0.0001170022   0.0001346941
58  2   0.0000753450  -0.0000506760   0.0000010367  -0.0000728885   0.0000744864
58  3  -0.0000535540   0.0000909064  -0.0000380183  -0.0000932414   0.0014601081
58  4  -0.0016825310   0.0035227822  -0.0023148361  -0.0086254154   0.0025680058
58  5   0.0198315329  -0.0992279921   0.0168998281   0.1045412947  -0.0057088122
58  6  -0.0079841061   0.0095660366   0.0000326404  -0.0000073379  -0.0000016546
58  7  -0.0000053301   0.0000010917  -0.0000168102  -0.0000040410  -0.0000144502
58  8  -0.0000447072   0.0000181611   0.0000155080  -0.0000148266  -0.0003051668
58  9   0.0003823040   0.0000119373   0.0000896465  -0.0002737014  -0.0002422243
58 10   0.0002429128   0.0000914030   0.0002371973   0.0010440662  -0.0000728975
58 11  -0.0002410796   0.0001009956  -0.0009032641  -0.0000545677   0.0114328608
58 12  -0.0009907424  -0.0208527198   0.1025974495  -0.0140332006  -0.1121416358
58 13  -0.0000535202   0.0008808298   0.0002867543
59  1   0.0000793493   0.0003395781   0.0000846356  -0.0002696342  -0.0004808237
59  2  -0.0000848055   0.0000745566   0.0000715014  -0.0000148317   0.0000055581
59  3  -0.0000290609  -0.0000461748   0.0004340986   0.0003107743  -0.0016610590
59  4   0.0033110180  -0.0038354909   0.0020532517   0.0112717382  -0.0026072314
59  5  -0.0242803546   0.0110781494  -0.0407102842  -0.0188226094  -0.0148931802
59  6  -0.0116713340   0.0224100218   0.0000159140  -0.0000371183   0.0000279310
59  7   0.0000687233  -0.0000015750   0.0000325299  -0.0000024358   0.0000427389
59  8   0.0000226666  -0.0000477190  -0.0000148249   0.0000562737   0.0003482214
59  9  -0.0005189279  -0.0000492829   0.0001591693  -0.0000152295  -0.0000721661
59 10  -0.0002152991   0.0000390691   0.0003127692  -0.0006099561   0.0007358531
59 11  -0.0001762253  -0.0001772213   0.0006793646   0.0005680735   0.0021668936
59 12   0.0001253453  -0.0032473265  -0.0140332006   0.0563523108   0.0236437283
59 13   0.0012352566   0.0012253651  -0.0007570456
60  1   0.0000370580   0.0000127729  -0.0000357336  -0.0000166995  -0.0000069752
60  2   0.0000010222  -0.0000128063  -0.0000273864  -0.0000680053   0.0000660269
60  3  -0.0000835618  -0.0000150195   0.0000209576   0.0003836421   0.0000235707
60  4  -0.0001117824  -0.0006058977   0.0008712115  -0.0016424853   0.0006361025
60  5   0.0017086727   0.1034989776  -0.0236067216  -0.2677774759   0.0007274151
60  6   0.0020232957  -0.0002126626  -0.0000170636   0.0000066732   0.0000099605
60  7   0.0000440862  -0.0000002717   0.0000228830  -0.0000075323   0.0000143965
60  8  -0.0000060568  -0.0000060169  -0.0000312304   0.0000112700   0.0000170817
60  9  -0.0000251952   0.0000015405  -0.0001089657   0.0001589766   0.0001363144
60 10   0.0000166792   0.0001608906   0.0003919162   0.0000365737  -0.0008235432
60 11   0.0003340743   0.0003679371  -0.0002534766   0.0004700837   0.0094272861
60 12  -0.0015851241  -0.0188969799  -0.1121416358   0.0236437283   0.2821829516
60 13  -0.0001950912   0.0000089054   0.0008464621
61  1   0.0000674392  -0.0003606464  -0.0002105560   0.0000875740   0.0004462011
61  2   0.0004409806   0.0000246314  -0.0000379059  -0.0003012008   0.0000057388
61  3   0.0000039883  -0.0000213214   0.0001225839   0.0000082050   0.0000024215
61  4  -0.0003696029   0.0000080239   0.0001395231   0.0010275273   0.0011500698
61  5   0.0007063764  -0.0084943625  -0.0014099919  -0.0103784781  -0.0998732776
61  6  -0.0094390720  -0.1156527754  -0.0000330822   0.0000100293   0.0000521085
61  7  -0.0000058879  -0.0000169849  -0.0000063810  -0.0000016336   0.0000187992
61  8  -0.0000165871  -0.0000301990   0.0000314506  -0.0000082640   0.0000119706
61  9  -0.0000158985  -0.0000042399   0.0001597674   0.0000981142   0.0001416455
61 10  -0.0001096458  -0.0000998598   0.0000348509  -0.0001332689   0.0000991091
61 11   0.0000853415   0.0004673055  -0.0002567144  -0.0000947407  -0.0006166449
61 12  -0.0031104917   0.0018984580  -0.0000535202   0.0012352566  -0.0001950912
61 13   0.1077465874   0.0116383184   0.1233879294
62  1  -0.0001291505   0.0001929051   0.0001055962   0.0000089075  -0.0002575726
62  2  -0.0003052209  -0.0000550054   0.0000032844   0.0001281562   0.0000097565
62  3  -0.0000152589  -0.0000089196  -0.0000000378   0.0000140409  -0.0000407017
62  4   0.0003362077  -0.0001999075   0.0000302303  -0.0005321026   0.0018595165
62  5  -0.0015092426  -0.0164587980  -0.0018989531  -0.0183364918   0.0057946017
62  6  -0.0190056646   0.0210628290   0.0000402823   0.0000097666  -0.0000150326
62  7   0.0000039074   0.0000122268   0.0000174097   0.0000079072  -0.0000246682
62  8   0.0000140582   0.0000104593  -0.0000085722   0.0000031758   0.0000030279
62  9  -0.0000116607   0.0000037013  -0.0000566427  -0.0001241882  -0.0001333205
62 10   0.0000130061   0.0001398897   0.0001969397  -0.0000028745   0.0005369100
62 11   0.0002266392   0.0006644933  -0.0000999972   0.0004068635  -0.0021770935
62 12  -0.0057966092   0.0018774170   0.0008808298   0.0012253651   0.0000089054
62 13   0.0116383184   0.0234491473  -0.0037329918
63  1  -0.0001840169   0.0006504883   0.0001726299  -0.0000548017  -0.0006645015
63  2  -0.0006239032  -0.0000765791   0.0000570798   0.0003587899   0.0000288415
63  3  -0.0000031518   0.0000579025  -0.0000720750   0.0000051473   0.0000814154
63  4   0.0001709541  -0.0001199210  -0.0001798240   0.0003107283  -0.0000848624
63  5  -0.0000980636   0.0031532814   0.0008071812   0.0046502211  -0.1283011450
63  6   0.0026191984  -0.1658837345   0.0000564362  -0.0000252565  -0.0000852140
63  7   0.0000130363   0.0000243968   0.0000155486   0.0000183088  -0.0000243852
63  8   0.0000261027   0.0000308675  -0.0000257734   0.0000149699  -0.0000280954
63  9   0.0000173564   0.0000154376  -0.0001786754  -0.0001624474  -0.0002962888
63 10   0.0001515678   0.0001934106   0.0000405927   0.0001707618   0.0001578391
63 11   0.0001228910   0.0000256957  -0.0004169540   0.0000944949   0.0010902254
63 12   0.0014851926   0.0004773202   0.0002867543  -0.0007570456   0.0008464621
63 13   0.1233879294  -0.0037329918   0.1601922494
$end
