$vibrational normal modes
 1  1  -0.0701112351   0.0921153045   0.1511757117  -0.0004131133  -0.0084455864
 1  2  -0.0843883021   0.0020503639   0.1343349037  -0.5645994633   0.1256498180
 1  3  -0.0920309100   0.0371516033  -0.0057322579  -0.0057983055   0.0149264937
 1  4  -0.0213129290   0.1147879400   0.0637433975   0.1028820270  -0.0115725223
 1  5  -0.0077839012   0.0504577226   0.0340032722   0.0010288697   0.0015979633
 1  6  -0.0201432077   0.0325184565  -0.0015210559  -0.0215858622  -0.0043796717
 1  7   0.0044271931   0.0045182394  -0.0169829844   0.0038689568   0.0091467317
 1  8  -0.0102272257   0.0169773741   0.0016395878   0.0011298418   0.0020189339
 1  9  -0.0112179939  -0.0075866672   0.0004879203   0.0078326203  -0.0019519565
 1 10  -0.0002429946   0.0017318071   0.0005540228   0.0004552372   0.0003165464
 1 11  -0.0965630495   0.0000124184  -0.0000221421   0.0000101926  -0.0000885712
 1 12  -0.0000286687  -0.0000898540   0.0000517790   0.0001118913   0.0000250464
 1 13  -0.0000122831  -0.0001318845   0.0001110525
 2  1  -0.1159256557  -0.1447277863   0.0584810353   0.2306907936  -0.1131788469
 2  2   0.0499850144   0.0506530311   0.0744427526   0.3313480455  -0.0093904256
 2  3  -0.0357784092  -0.0442693810   0.0214328317   0.0069928015  -0.0223197484
 2  4   0.0282775726   0.1339282340   0.0489537509   0.1199395381   0.0075698006
 2  5   0.0075334258  -0.0709185114  -0.0393002975   0.0013613161   0.0476905747
 2  6   0.0196774550   0.0292626809   0.0306200618  -0.0182194163  -0.0113362121
 2  7   0.0045932513   0.0151352187   0.0000603786   0.0199209346   0.0014485729
 2  8  -0.0425055462   0.0432625491  -0.0098662339  -0.0012998785   0.0111383554
 2  9  -0.0082706513   0.0059146193  -0.0192084072  -0.0043708979  -0.0010270863
 2 10  -0.0003405846   0.0061019688  -0.0013222182   0.0057494616   0.0003384462
 2 11  -0.3149497833  -0.0000929563  -0.0000490813  -0.0000750130  -0.0002607922
 2 12  -0.0000153617  -0.0000094127  -0.0000166968  -0.0000040289  -0.0001244305
 2 13  -0.0000093172  -0.0006061978  -0.0002875299
 3  1   0.0380386734  -0.0275662433  -0.1721139490   0.0746202318   0.2008340295
 3  2  -0.2406699312   0.0753053498  -0.1317764479  -0.1756034463   0.0286925580
 3  3  -0.0125656062   0.0347652112  -0.0112913782  -0.0026005251   0.0119645777
 3  4   0.0016880747   0.0209769580  -0.0121760781  -0.2033122210   0.0497281838
 3  5   0.0541560186  -0.0174176091  -0.0485178543  -0.0191332199   0.0796776972
 3  6  -0.0122545614   0.0456452379   0.0245330218  -0.0140144582  -0.0070496514
 3  7  -0.0007972739   0.0022564569  -0.0096040928   0.0127318302   0.0066170878
 3  8  -0.0344241601   0.0477669371  -0.0042664893  -0.0128795333   0.0085391388
 3  9   0.0202365397   0.0255992612  -0.0208827649  -0.0256054323   0.0054568510
 3 10  -0.0004680339   0.0046560617  -0.0012314992   0.0078642285   0.0011785862
 3 11  -0.2593742431  -0.0000304686  -0.0000257224   0.0000062147  -0.0001183838
 3 12  -0.0001160752  -0.0002654544  -0.0000315084  -0.0000108917   0.0000187087
 3 13  -0.0000372998  -0.0008141591  -0.0007892101
 4  1  -0.1287683552   0.0829652919   0.0815007267   0.0412487664  -0.0077096728
 4  2  -0.1136817938  -0.0915102749   0.0695305226  -0.1372385008   0.0510166737
 4  3   0.0172900943   0.0478079759  -0.0270984259   0.0087205889  -0.0095261356
 4  4   0.0660539073  -0.0383711363  -0.0648542194   0.0721266588   0.0726880927
 4  5   0.0678405953  -0.1904993311  -0.1234812516   0.0043235916   0.0378635840
 4  6   0.0910427273  -0.0717312655   0.0247778389   0.0366444338   0.0205221946
 4  7   0.0276533070   0.0085492436   0.0663537480  -0.0373905569  -0.0397635069
 4  8   0.0213438829  -0.0395136118  -0.0169917824  -0.0176314975   0.0035700211
 4  9   0.0738480167   0.0693277590  -0.0354119672  -0.0785453238   0.0163789059
 4 10   0.0003882281   0.0047171105  -0.0079046840   0.0141841370  -0.0011700541
 4 11   0.1832523170   0.0000160778   0.0000556003   0.0000233740   0.0004740961
 4 12  -0.0000492253  -0.0010848959  -0.0004667948  -0.0001724385  -0.0003748229
 4 13   0.0000066309   0.0001511960  -0.0016986945
 5  1  -0.1015360684  -0.0880661549   0.0277107115   0.2377934054  -0.0132454401
 5  2   0.0693403494   0.1147305598   0.0132393950   0.0914639582   0.0346552460
 5  3  -0.0428005058   0.0126523645   0.0077603354  -0.0026566132   0.0248472948
 5  4  -0.0435493185   0.1068644680   0.0645212718  -0.1272193994   0.0034791001
 5  5   0.0107295544   0.0632443683   0.0031463530  -0.0217133323   0.0770819080
 5  6  -0.0535005115   0.0890288617   0.0051128846  -0.0500891534   0.0032070930
 5  7   0.0339707990   0.0034427216  -0.0442651235  -0.0466872064   0.0209319803
 5  8   0.0302034084   0.0080715812   0.0137570742  -0.0255950114  -0.0060891219
 5  9   0.0621252722   0.0462742404  -0.0061254650  -0.0455751519   0.0133972427
 5 10   0.0005373502  -0.0101919963   0.0012180417   0.0013844555   0.0013677863
 5 11   0.5356922475   0.0001153402   0.0001459025   0.0000965440   0.0010900893
 5 12   0.0000113833   0.0000160161  -0.0000723582  -0.0001927450   0.0003801590
 5 13   0.0000957996   0.0021628744  -0.0020366414
 6  1   0.0411331243  -0.0901071976  -0.1130054101   0.0523595526   0.0848470718
 6  2  -0.2532183932   0.0330935597  -0.0381132530  -0.0425605799   0.0014659372
 6  3  -0.0400563381  -0.0358580861   0.0138801310   0.0046148854  -0.0373081235
 6  4   0.0575299158   0.0931154347   0.0067752855   0.0780337863   0.0195362794
 6  5   0.0180777819  -0.0707774575  -0.0278953535   0.0082810041   0.0071660349
 6  6   0.0335999501  -0.0133638836   0.0358336067   0.0242269054  -0.0332558251
 6  7  -0.0562206458   0.0065079748   0.0257396806   0.0907267540  -0.0093965165
 6  8  -0.0545640610  -0.0006591053  -0.0136652238   0.0485161462  -0.0015959435
 6  9  -0.1160629817  -0.0997345769   0.0392038864   0.1123260583  -0.0282652205
 6 10   0.0005867607  -0.0008348418   0.0020584451  -0.0202825611  -0.0040519792
 6 11   0.3853522959   0.0001200866   0.0000883068  -0.0000746292  -0.0000401272
 6 12   0.0003011094   0.0007600070   0.0001266575   0.0001427396  -0.0003865606
 6 13   0.0000918510   0.0021585190   0.0013554908
 7  1  -0.1186946236   0.1249687897  -0.0247844696   0.0845966111   0.0156791994
 7  2  -0.1841116981  -0.3002460685   0.0595918418   0.3087627336   0.1004207100
 7  3   0.0204786370   0.1499558952  -0.0380948347  -0.0000386880   0.0714639029
 7  4  -0.0554829719  -0.0686351563  -0.0040894965   0.0460265738   0.0229032244
 7  5   0.0292518079   0.0826475466   0.0134057722  -0.0141539163   0.0418749229
 7  6  -0.0257396596   0.0386724824   0.0314576413   0.0024704523  -0.0236404875
 7  7  -0.0265097428  -0.0003839086  -0.0090182439   0.0206599711   0.0050673290
 7  8  -0.0016196519  -0.0034449694   0.0032895967   0.0088973319  -0.0014434738
 7  9  -0.0263365604  -0.0235787547   0.0096180825   0.0231750479  -0.0057464628
 7 10   0.0000116751  -0.0005445528   0.0011666108  -0.0037354968  -0.0002882846
 7 11  -0.0132072396   0.0000064881  -0.0000197609  -0.0000016813   0.0000567251
 7 12   0.0000046734   0.0001159817   0.0000337488  -0.0000095507   0.0000938065
 7 13   0.0000070121   0.0002434677  -0.0336145403
 8  1  -0.1414849361  -0.0292565702  -0.0274969183   0.2643667632   0.1373387868
 8  2   0.1144719577   0.2531047905  -0.1504361607  -0.1498797842   0.0112066894
 8  3   0.0535768692   0.0708486805  -0.0377397196   0.0005223441   0.0591908328
 8  4  -0.0518435373  -0.1076283221  -0.0035536432   0.1379898176  -0.0477243506
 8  5  -0.0531257593  -0.0215995070  -0.0072772234   0.0015646513   0.0011699101
 8  6   0.0082855850  -0.0044723304   0.0130984895   0.0047427529  -0.0042717598
 8  7   0.0042977822   0.0048605466   0.0032638120  -0.0220820174  -0.0040941850
 8  8   0.0378352960  -0.0443197118   0.0052212368   0.0133051005  -0.0026085906
 8  9  -0.0313412583  -0.0287132295   0.0113123989   0.0227290899  -0.0060531512
 8 10   0.0000150466   0.0007904480   0.0001403511  -0.0027177475  -0.0006744028
 8 11  -0.0477174318  -0.0000120231  -0.0000222687  -0.0000756611  -0.0000270559
 8 12   0.0001199816   0.0000943754  -0.0000688322  -0.0000636085  -0.0000737673
 8 13  -0.0000003464   0.0000894934  -0.0502731203
 9  1   0.0447728214  -0.0753013963  -0.1506236415   0.0676952795   0.0928978007
 9  2  -0.2782803797  -0.0409312220  -0.0416238124   0.1160002972   0.0191752149
 9  3  -0.0406768000  -0.0000575204   0.0086425965   0.0007943181  -0.0070020118
 9  4   0.0139070144   0.0940085203   0.0346246585   0.1041594169  -0.0036088034
 9  5  -0.0030222031   0.0185638346   0.0675502016   0.0278653964  -0.1116215203
 9  6   0.0106348416  -0.0513756295  -0.0871743432  -0.0287060400   0.0595240369
 9  7   0.0849753254   0.0020746629  -0.0041258603  -0.1010372288  -0.0020916019
 9  8   0.0731012740  -0.0504086814   0.0096726489  -0.0070161122  -0.0019924145
 9  9   0.0216916926   0.0168402663  -0.0044867943  -0.0243129647   0.0077139403
 9 10  -0.0000838136  -0.0005862397  -0.0009172864   0.0048553331   0.0007419383
 9 11  -0.0432468534  -0.0000306451   0.0000048952   0.0000458108   0.0001415091
 9 12  -0.0000574205  -0.0000439654  -0.0000414892  -0.0001310804   0.0002069378
 9 13  -0.0000199950  -0.0005214384   0.0106388934
10  1  -0.2184736174   0.0258212167   0.1011482414   0.0510642008  -0.0316806993
10  2  -0.0779459140   0.0084299093   0.0031890082  -0.0205745737  -0.0622598588
10  3   0.1112710520   0.0303170600  -0.0523745466   0.0341729742  -0.0471327331
10  4   0.1504915468   0.0230221363  -0.0307205099  -0.0764852029   0.0035302220
10  5  -0.0013600207  -0.0509824513  -0.0027501342  -0.0172596626  -0.0360852857
10  6  -0.1104297925  -0.0070891619  -0.1705523813  -0.0017552959   0.0776637720
10  7  -0.0146286959  -0.0894788953  -0.0606259372   0.0262527927   0.0425392884
10  8  -0.0061031695   0.0332425913   0.0371367513  -0.0140394665  -0.0430279553
10  9   0.0419161261  -0.0418431538   0.1129433164   0.0479995979   0.0085511102
10 10  -0.0018172056   0.0068519483  -0.0026058374  -0.0094403574   0.0008451088
10 11  -0.0323125981  -0.0000037147  -0.0001362785   0.0008190430  -0.0072615117
10 12  -0.0076949987  -0.0322025123  -0.0038262566   0.0056416116  -0.0068526645
10 13  -0.0023575072  -0.0338722727   0.0003290256
11  1  -0.0386812731  -0.0741055119   0.0452765796   0.2187936187  -0.0392643967
11  2   0.0470474374   0.0506996390   0.0933431568   0.0141247988   0.1002268380
11  3  -0.1156714387   0.0020240942   0.0292566208  -0.0191354464   0.0422074648
11  4  -0.0890198101  -0.0197151217  -0.0257798277  -0.1929090177   0.0409348163
11  5   0.0422418255   0.0321960301   0.0051846346   0.0111855996  -0.0894845829
11  6   0.0638038795  -0.1466913890  -0.0152535998   0.0996715228   0.0213300522
11  7  -0.0411504583  -0.0330330093   0.0646394213   0.0134171222  -0.0198790092
11  8   0.0053265315   0.0097941048   0.0238631702  -0.0261184410  -0.0179690838
11  9   0.0291399068  -0.0165467449   0.0605369579   0.0704551819  -0.0076750449
11 10   0.0001657673  -0.0466600422   0.0292656131  -0.0378999989  -0.0005471170
11 11  -0.0713302128  -0.0000101121  -0.0003674201  -0.0000930523   0.0111195081
11 12   0.0153065176   0.0580798826   0.0080652407  -0.0063626912   0.0071321164
11 13   0.0018642174   0.0239109956   0.0008577276
12  1   0.0413192043  -0.1904802636   0.0076884364   0.0056279513  -0.0800836706
12  2  -0.2427091548   0.0634643438   0.0987124091  -0.0383879147  -0.0380206635
12  3  -0.0767930305  -0.0980354134   0.0206779794   0.0145630801  -0.0153933172
12  4   0.0126190225  -0.1335680944  -0.0571973118   0.0892902242  -0.0355344870
12  5  -0.0437510660   0.0478745615  -0.0350911573  -0.0464303541   0.0814422219
12  6  -0.0952447406   0.0154475868   0.0236650359   0.0980531812  -0.0113250584
12  7  -0.1074432903  -0.0943064099  -0.0294555821  -0.0173927470   0.0212270742
12  8   0.0806758904  -0.0110870735   0.0427629976  -0.0380941888  -0.0004133182
12  9   0.0291947764   0.0082507825  -0.0123996655  -0.0071227208   0.0046350887
12 10  -0.0011170160   0.0450169884  -0.0260299345   0.0217695662   0.0021791533
12 11  -0.0170936443  -0.0000199954   0.0011185581  -0.0010286476  -0.0011224480
12 12  -0.0068322005  -0.0151768282  -0.0056585646  -0.0079148121   0.0107598058
12 13   0.0049318952   0.0777265916   0.0000938532
13  1  -0.2180094090   0.0515933376   0.0265360764   0.0828354335  -0.0167395990
13  2  -0.1256789493   0.0131343447   0.0249042262  -0.0256457478  -0.0493066059
13  3  -0.0014218487  -0.0487027816   0.0043622678   0.0347430186  -0.1501586678
13  4   0.0702807703  -0.0981605490   0.0290622274  -0.0979526094  -0.0188363854
13  5  -0.0134965180   0.0004552191   0.0862006073   0.0128405260  -0.0831573852
13  6  -0.0210469586   0.0228037370   0.0694030861  -0.0198305253  -0.1288556103
13  7  -0.0075850714   0.1350736817   0.0061558615  -0.0210028191  -0.0118159883
13  8   0.0128657332  -0.0140028292  -0.0360757183  -0.0037395874   0.0251980663
13  9   0.0287425846   0.0692542419  -0.0716912256   0.1239344940  -0.0236839482
13 10   0.0028885851   0.0088220185  -0.0010359934  -0.0123380537   0.0003899744
13 11  -0.0078488762  -0.0000099274  -0.0009486893  -0.0002501193  -0.0259934516
13 12  -0.0026827256   0.0032031300  -0.0023886237  -0.0114454855   0.0384672975
13 13  -0.0006448960  -0.0069586258  -0.0000064457
14  1   0.0471014766   0.0278802772   0.0152831649   0.2106272949   0.0894758940
14  2   0.0545618510  -0.0990315163   0.0248366586  -0.0347784862   0.1377571570
14  3   0.0169146841  -0.0622305894   0.0510362755  -0.0533918110  -0.0511939399
14  4   0.0991342428  -0.0115215885  -0.1967397808  -0.0301026986  -0.0178310050
14  5  -0.0390071833   0.0329772364  -0.0037329293   0.0359124557  -0.0611328689
14  6   0.0676053467   0.0230894391   0.0696386217  -0.0575728842   0.0019659131
14  7  -0.0204585239  -0.1006364443  -0.1342345347   0.0169032136   0.0426969274
14  8  -0.0003853516  -0.0245551037  -0.0356677217   0.0539329094  -0.0003370514
14  9  -0.0263503524   0.0064655312   0.0004095221  -0.0854552833   0.0062802127
14 10  -0.0006853311   0.0239929634  -0.0071755478  -0.0619564236  -0.0024106712
14 11  -0.0049398350  -0.0000066923  -0.0022749568   0.0068376971  -0.0591427607
14 12  -0.0115047485   0.0120569073   0.0106356535  -0.0001187560   0.0225632965
14 13  -0.0000879853  -0.0016358482  -0.0000004353
15  1   0.0317347004  -0.2376628434   0.1166845481  -0.0386059694  -0.1146807797
15  2  -0.1757574755   0.0751445597   0.0773414141  -0.0358524425  -0.0604749406
15  3   0.0678821584   0.0166679189  -0.0537667138   0.0069727729   0.1333073742
15  4   0.0508031520  -0.0175760282  -0.1112660356  -0.0370967165  -0.0349718515
15  5  -0.0464166648   0.0942803049  -0.0241911063  -0.0031302735   0.0107631987
15  6   0.0775785537  -0.0139552463   0.0087964416  -0.0883083797   0.0148820420
15  7   0.1028646768   0.1111409009   0.0240981230   0.0460460475  -0.0177683406
15  8  -0.0543064329  -0.0472313176  -0.0092866621   0.0070196146  -0.0386473514
15  9   0.0471906684  -0.0006242626  -0.0089266699   0.0287742036  -0.0363694129
15 10   0.0043699614   0.0179940381  -0.0073960417  -0.0373028830  -0.0092591007
15 11  -0.0097841434  -0.0000293350  -0.0013633387   0.0094749338  -0.0103144172
15 12  -0.0085127866   0.0067105667   0.0209549715   0.0299327024  -0.0692149531
15 13   0.0013101776   0.0148248595  -0.0000027407
16  1  -0.1285780135   0.0982953983   0.0369779176   0.0602249866   0.0011866449
16  2  -0.1421427917  -0.0579457539   0.0002253962  -0.0650836151  -0.1235531353
16  3   0.1153322442  -0.1735894552   0.0073332452   0.0144009312   0.0397500474
16  4  -0.0758166238  -0.0189988797   0.1096068308  -0.0387318205   0.0030517279
16  5   0.0027357304   0.0039640512   0.0729726064   0.0390330059   0.0190776995
16  6   0.1028090254   0.0266260185   0.1038484834   0.0098978315   0.0685601884
16  7   0.0357279244  -0.1157109026   0.0586404993  -0.0060681092   0.0018063995
16  8   0.0027523345   0.0314687762   0.0490187215   0.0200714662  -0.0701961607
16  9  -0.0129990998  -0.0189040537  -0.0029137297  -0.0552378563  -0.0836023644
16 10   0.0082545154   0.0000446488  -0.0019606319   0.0017048246  -0.0192910253
16 11   0.0007601185  -0.0000363099  -0.0029088092  -0.0345292857   0.0161291519
16 12  -0.0281990672  -0.0007345691   0.0419441100   0.0313667630   0.0227813396
16 13  -0.0027171700   0.0003491294  -0.0000398857
17  1   0.1121003738   0.0599455489   0.0219768772   0.1947553854   0.0974829158
17  2   0.0395729632  -0.1476027471   0.0105677013  -0.0647964078   0.0750257084
17  3   0.0961139152  -0.1490657926   0.0417694732  -0.0482820202   0.0814023955
17  4   0.0365941970   0.0117393486  -0.0786191406   0.0151901515  -0.0001018099
17  5  -0.0148640699  -0.0286090153   0.0397379238  -0.0096681741   0.0300486274
17  6  -0.1032711108   0.0358751499  -0.0744170669   0.0336842259   0.0014689624
17  7   0.0321858903   0.1354355960   0.1293060510   0.0261645923  -0.0161012383
17  8   0.0069916700   0.0067309203   0.0849176505  -0.0246940252   0.0175319914
17  9  -0.0360323076   0.0339714076   0.0018730338   0.0236870459   0.0827065566
17 10  -0.0056183692   0.0094510774   0.0043125411  -0.0071627009   0.0434970129
17 11   0.0039228102   0.0000237418  -0.0087918833   0.0188002017   0.0228794724
17 12  -0.0310503753  -0.0020576187   0.0358918934   0.0220468259   0.0238623948
17 13  -0.0016034836  -0.0005730635  -0.0000684803
18  1   0.0173408464  -0.1927498652   0.1400042993  -0.0506410854   0.0226414575
18  2  -0.0887080192  -0.0144964143  -0.0076531070  -0.0208635339   0.0590845346
18  3   0.1556067651   0.0353694441   0.0096213734  -0.0554146061  -0.0900857804
18  4  -0.0971296192   0.0017399515   0.0325884308  -0.0125635444  -0.0123346355
18  5   0.0101527895   0.0303202057  -0.0382278466   0.0687351704  -0.0037535821
18  6   0.0976545183   0.0627166294  -0.0833914152  -0.0264848100   0.0057510290
18  7  -0.1621721000   0.0347888120   0.0434700999  -0.0426846237  -0.0257779211
18  8   0.0508803617   0.0492238693  -0.0150393934   0.0147433493   0.0403745157
18  9  -0.0330829494   0.0385797046   0.0419827651   0.0073414416   0.0809233995
18 10  -0.0058397922  -0.0117681950  -0.0231941218  -0.0074073474  -0.0623830770
18 11  -0.0000282873  -0.0000598296   0.0072209903  -0.0564352803  -0.0077545419
18 12   0.0040249942   0.0007769141   0.0038660871   0.0092654946  -0.0027914758
18 13  -0.0005821889   0.0010281122   0.0000297862
19  1  -0.1179701205   0.0641841454   0.1541826350   0.0080160924  -0.0197479079
19  2  -0.0700930298  -0.1204335503  -0.1816810870  -0.0158159389  -0.1677502888
19  3  -0.0954615270  -0.0324108439   0.0606674664  -0.0880614612   0.0422694600
19  4  -0.0368108492   0.0206903839  -0.0401066888   0.0043815264   0.0032872137
19  5  -0.0074127918   0.0037853761   0.0223159609   0.0201395925   0.0560532716
19  6   0.0087522713  -0.0529884191   0.0020473674   0.0000286976   0.0776359723
19  7  -0.0862522347   0.0772118260  -0.1357144404  -0.0334349553  -0.0505598352
19  8  -0.0608351108  -0.0395499273  -0.0161332674  -0.0580732295  -0.0281940794
19  9  -0.0010259822  -0.0373632112  -0.0282923189   0.0145628872   0.0826313338
19 10  -0.0125713582   0.0026340033   0.0077383133  -0.0023652057  -0.0095488888
19 11   0.0007513891  -0.0003017124   0.0194626204   0.0124926015  -0.0038750507
19 12   0.0490116463  -0.0119624877   0.0076020105   0.0423313930   0.0159198951
19 13  -0.0085105107   0.0047405200  -0.0000069187
20  1   0.1621068016  -0.0004931234   0.0825090226   0.1643143760  -0.0649153836
20  2  -0.0108929867  -0.0972660548  -0.0355733317  -0.0644802465  -0.0778641074
20  3  -0.0058024595   0.0226563799   0.0057754584  -0.1024295891   0.0546495527
20  4   0.1253471088  -0.0587333622   0.1273959143  -0.0110291694  -0.0717776153
20  5   0.0624769683   0.0006300066   0.0239916319   0.0142604248   0.0628181593
20  6   0.0445805567  -0.0409175133  -0.1040900493  -0.0090037888  -0.1695426680
20  7   0.0331247324  -0.0581106084  -0.0104195911  -0.0028895373  -0.0104991037
20  8   0.0317490494   0.0173753352  -0.0613883484  -0.0374825573   0.0361809239
20  9  -0.0111614950   0.0038240855   0.0431018979  -0.0234841703  -0.0851485969
20 10   0.0004168498  -0.0164402341  -0.0360345935   0.0025289889   0.0206595711
20 11  -0.0015579551  -0.0002470052   0.0554328849   0.0120787971  -0.0003682583
20 12   0.0182595344  -0.0041919086   0.0037939728   0.0240710158   0.0100737034
20 13  -0.0014755550   0.0016724763   0.0000119562
21  1   0.0109260485  -0.1939483238   0.1761189473  -0.0659722439   0.0491562249
21  2  -0.0474400078  -0.0523206740  -0.0740055222  -0.0006826466   0.0737912379
21  3   0.0892533338   0.0605178630   0.0389330275  -0.0821818245  -0.0913879942
21  4  -0.0942817434   0.0116849088   0.0020627741   0.0009830952   0.0207938608
21  5   0.0091699064  -0.0502996271   0.0519790957  -0.0109670252   0.0010446650
21  6  -0.0979236841  -0.0387428796   0.0912903388   0.0624430657  -0.0069133659
21  7   0.1561779776  -0.0320665403  -0.0458459345   0.0458319159   0.0127891854
21  8  -0.0302360675  -0.0427073713   0.0270545531  -0.0361503136   0.0678398231
21  9  -0.0143049576   0.0341414727   0.0393598053  -0.0108657273  -0.0723715093
21 10   0.0009048086   0.0332383111   0.0553825085   0.0143318128  -0.0240742644
21 11   0.0039631882  -0.0001753569  -0.0409187116   0.0007543128  -0.0034632254
21 12   0.0350412845  -0.0089996905   0.0029000121   0.0211662619   0.0073426486
21 13  -0.0082614009   0.0036747599   0.0000183834
22  1  -0.0321624361   0.1093378426   0.1631953500  -0.0132485358  -0.0023479682
22  2  -0.0865317532   0.0126828382  -0.1342623951   0.0707756880  -0.0587170072
22  3  -0.0681085268  -0.0306358797   0.0181139171   0.0723587480  -0.0085502104
22  4  -0.1134247999   0.0618310132  -0.1545715336   0.0161244983  -0.1477223842
22  5   0.1027891649   0.0233597032  -0.0752353534   0.0359583927  -0.0384366419
22  6  -0.0386153436   0.0246964428  -0.0245891891  -0.0190390494  -0.0683413548
22  7   0.0461841597  -0.0407152799   0.1056932083   0.0187628214   0.0618539063
22  8   0.0269184565   0.0072895586  -0.0177349429   0.0116849596   0.0186428025
22  9   0.0162686715  -0.0091664534  -0.0017195638  -0.0011749021  -0.0167328628
22 10  -0.0805640232  -0.0073050082  -0.0056274578   0.0005705143   0.0004492632
22 11   0.0000938423  -0.0004386106  -0.0043408047   0.0004216473   0.0014312063
22 12  -0.0226241336   0.0154737276  -0.0488621458   0.0389686807   0.0064952289
22 13  -0.0060726867   0.0010452513  -0.0000020088
23  1   0.2311421516   0.0346058590   0.0889400633   0.1476801074  -0.0543465286
23  2  -0.0263358004   0.0115762447   0.0046360289   0.0022583696   0.0048057058
23  3   0.0255355466   0.0379559375  -0.0344699480   0.0366218891  -0.0198086363
23  4   0.0576013060  -0.0382828633   0.0966458051  -0.0100698555  -0.1512384796
23  5   0.1361349429  -0.0164187300  -0.0032496157  -0.0056370299  -0.0388579301
23  6  -0.0552583054  -0.0216449820   0.1204297377  -0.0205511421   0.1435203625
23  7  -0.0745222433   0.0484915636  -0.0342596026  -0.0210770772  -0.0221961231
23  8  -0.0343178418  -0.0096289170   0.0712184122   0.0717189184   0.0613152213
23  9   0.0584637601  -0.0347205920  -0.0144830884   0.0033993908   0.0058256498
23 10   0.0219864507  -0.0028355979   0.0003681088  -0.0001201542   0.0013499912
23 11   0.0009879394  -0.0002426660   0.0011302679   0.0005415596   0.0001059457
23 12  -0.0004878194   0.0002542554  -0.0004391705  -0.0002628436  -0.0001460213
23 13  -0.0111631579   0.0005889008   0.0000244732
24  1  -0.0036269428  -0.1540222401   0.2063450361  -0.0807168018   0.1790315314
24  2   0.0412111648  -0.1228574710  -0.1439361796   0.0550428429   0.1632910750
24  3  -0.0470801907  -0.0523009533  -0.0048786356   0.1166051505   0.0365503144
24  4   0.0618549788  -0.0353853769   0.0594266008  -0.0069315091   0.0308628384
24  5  -0.0186650400  -0.0321042498   0.0749553057  -0.0958349822   0.0295129202
24  6   0.0131186692  -0.0670089961   0.0211379343  -0.0952143575  -0.0204240074
24  7  -0.0566364714  -0.0408940186   0.0671638301  -0.0180530792   0.0338370794
24  8   0.0147410334   0.0136471238  -0.0308213801   0.0039699817  -0.0346786566
24  9   0.0068950977  -0.0219435571  -0.0186963562  -0.0002016770   0.0279912676
24 10   0.0079146310   0.0009038821   0.0067422339  -0.0023726151  -0.0028619340
24 11  -0.0010716526  -0.0009727213   0.0040237989   0.0003102668   0.0000750183
24 12  -0.0083163556   0.0032318509  -0.0037675224  -0.0074956579  -0.0037585782
24 13  -0.0929370797   0.0050748825   0.0000108947
25  1   0.0889609771   0.1855418157   0.1394569884  -0.0276934526   0.0294637066
25  2  -0.1330029823   0.2530971172   0.0091401327   0.1874501550   0.0587328792
25  3   0.0141301218   0.0080615999   0.0361929579  -0.0185802339   0.0113494735
25  4   0.0194111205  -0.0076982753   0.0117257009  -0.0006689257   0.0490571698
25  5  -0.0389707616  -0.0016232906   0.0109129950  -0.0060093216   0.0095320493
25  6   0.0118714438  -0.0014419035  -0.0113405351   0.0014557761  -0.0103166623
25  7  -0.0001744674  -0.0026823265  -0.0064516873  -0.0026031153  -0.0062910706
25  8  -0.0027057692   0.0000751884   0.0061390441   0.0049457646   0.0024599905
25  9   0.0025586192  -0.0008429690  -0.0007993166   0.0002547389  -0.0000447983
25 10  -0.0020478782  -0.0002518347  -0.0002314224  -0.0000402715  -0.0001906353
25 11  -0.0002186401   0.0197070659  -0.0000766849  -0.0000571549  -0.0000166956
25 12  -0.0001766044   0.0000988509  -0.0002738228   0.0000344075  -0.0000440630
25 13  -0.0003258626   0.0000153641   0.0000043761
26  1   0.1717749700   0.0273463864   0.0684922827   0.1668951184  -0.0180336094
26  2  -0.0025686332  -0.0755660666  -0.0014051429  -0.0526570924  -0.1180461093
26  3  -0.0096083793   0.0403165722  -0.0509490645   0.0682224553  -0.0694362726
26  4  -0.0582396434   0.0154186900  -0.0232874605   0.0017728360   0.0913491273
26  5  -0.0735005306   0.0018558246   0.0062714569   0.0087246620   0.0135776172
26  6  -0.0058971178  -0.0126442711  -0.0027360272  -0.0119637497  -0.0086354205
26  7  -0.0028827964  -0.0060963118   0.0113104121  -0.0018009865   0.0075516998
26  8  -0.0017283840  -0.0016076273  -0.0000590686  -0.0000205016   0.0007910941
26  9  -0.0001222712   0.0007073813   0.0002101665   0.0000844553  -0.0003242079
26 10  -0.0024594253   0.0001362497   0.0004531633   0.0000925657  -0.0002884115
26 11  -0.0000518704   0.0004761632  -0.0002145806  -0.0000359605   0.0000468130
26 12  -0.0002089024   0.0000883004  -0.0001963390   0.0001506095   0.0000155745
26 13  -0.0000730141   0.0000090140  -0.0000017769
27  1  -0.0067164536  -0.0298677497   0.0725052551  -0.0294958093   0.3957315014
27  2   0.0465445605  -0.0073943175   0.1201338056   0.0631310153  -0.1076554908
27  3  -0.0364077407   0.0041097182  -0.0220433774  -0.0152884034   0.0019998832
27  4   0.0050375787  -0.0017970805   0.0040949457   0.0005689994  -0.0217003504
27  5   0.0171566262   0.0018763473  -0.0080036480   0.0005114393  -0.0094887792
27  6   0.0079322975   0.0156238589  -0.0036033010   0.0191255128   0.0031687889
27  7   0.0145942504   0.0058412507  -0.0165634203   0.0084604727  -0.0144681769
27  8   0.0092191282   0.0064404802   0.0000246594   0.0041602800  -0.0013842044
27  9   0.0016587716  -0.0018161541  -0.0011920784   0.0001685455   0.0008826042
27 10   0.0005887403  -0.0002889538  -0.0004567512  -0.0001947659   0.0002123517
27 11  -0.0000761868   0.0244506370   0.0000597055   0.0000208131   0.0000468450
27 12  -0.0002028043   0.0000885485  -0.0001610357   0.0001741598   0.0000544672
27 13  -0.0001362172   0.0000059419  -0.0000163922
28  1  -0.0594162989   0.1610219211  -0.0327713514   0.0759765703   0.0305259602
28  2  -0.2045379772  -0.3291539201   0.1055356010   0.1632967449   0.1843636262
28  3  -0.0726741280   0.1740548152  -0.0216855073  -0.0217499349   0.1176980497
28  4  -0.2053037768   0.0373218880   0.1704129014  -0.4309807675  -0.6079808784
28  5  -0.6736203579  -0.4393382058  -0.1819263884  -0.0146450722   0.0836912603
28  6   0.0106362852   0.0204498513   0.0388393366  -0.0040470102  -0.0087973373
28  7   0.0204125079   0.0105084587  -0.0132477499  -0.0615260538   0.0000208014
28  8   0.0858471826  -0.0882690292   0.0134195225   0.0287956609  -0.0046309400
28  9  -0.0770354931  -0.0693879274   0.0259442152   0.0548468734  -0.0153674045
28 10   0.0001745907  -0.0045768673   0.0039686510  -0.0076216374  -0.0023158331
28 11  -0.0908021055  -0.0000450713  -0.0001127547  -0.0001679803  -0.0002637639
28 12  -0.0002079395  -0.0008713472  -0.0001724419  -0.0000855802   0.0005619153
28 13  -0.0000659204  -0.0004117463   0.5456912204
29  1  -0.1805651739  -0.0409104008  -0.0364834640   0.2755429876   0.1476266087
29  2   0.1269722715   0.2720418894  -0.1962816676  -0.0613817713  -0.0377657195
29  3   0.1203193560   0.0714438153  -0.0538238272   0.0132884757   0.0444430569
29  4   0.0227356327  -0.2104873682  -0.1106274497   0.4949563900   0.3021186251
29  5   0.3372919808   0.3114692209   0.1364028151   0.0082060501  -0.0608770899
29  6  -0.0161511439  -0.0150263079   0.0047250445   0.0339977463  -0.0270712816
29  7  -0.0796279991  -0.0179820364   0.0125183521   0.1215419290   0.0024857926
29  8  -0.1285972046   0.1230863816  -0.0189996681  -0.0301879535   0.0047651652
29  9   0.0763105883   0.0687411434  -0.0254890604  -0.0489332778   0.0122735811
29 10  -0.0000448182   0.0022563133  -0.0024925547   0.0062508123   0.0019298767
29 11   0.1208000498   0.0001302862   0.0001235738   0.0000056307  -0.0004131244
29 12  -0.0010331635  -0.0023882583  -0.0000003030   0.0005508579   0.0007536468
29 13  -0.0000836857  -0.0013030369   0.8179865931
30  1   0.0443766270  -0.0095446199  -0.2282109572   0.0976787954   0.2021653638
30  2  -0.2834066355  -0.0406745055  -0.1291951260   0.0758037741   0.0532748833
30  3  -0.0101572865   0.0885380455  -0.0189955100  -0.0072479221   0.0740582861
30  4  -0.1125901750  -0.0813022805   0.0766805942   0.3239294506  -0.3566093182
30  5  -0.3924462160  -0.0386030020   0.1481851459   0.0614216962  -0.2976892527
30  6   0.0082656707  -0.1737389740  -0.1063434637   0.1049675643  -0.0087403958
30  7  -0.1881519063  -0.0777309106   0.0307118474   0.3442944541   0.0129650373
30  8  -0.4472275275   0.4721167210  -0.0712302843  -0.1399550200   0.0202690380
30  9   0.3430140636   0.3015229855  -0.1088727649  -0.2304147623   0.0558933361
30 10   0.0001644849  -0.0059437960  -0.0045819131   0.0277134288   0.0045784875
30 11   0.4676998032   0.0001563956   0.0000898704  -0.0002027774   0.0002883166
30 12   0.0000589408  -0.0002694720  -0.0002447626  -0.0002109956   0.0007018165
30 13  -0.0000595179  -0.0002581182  -0.1712554866
31  1  -0.2816794910  -0.0036554941   0.0834440297   0.0714535555  -0.0422970206
31  2  -0.0728984687   0.0950679788  -0.0282035955   0.0280222653  -0.1080003152
31  3   0.0931018421   0.0363368219  -0.0560052702   0.0516866951  -0.0608082809
31  4   0.0890378510   0.1449962072   0.1574047165  -0.2000103579  -0.0339226830
31  5  -0.0178856145   0.0739088275   0.1177083822  -0.0430246867  -0.0236275848
31  6  -0.2921160402   0.0755041252  -0.3138370036   0.0647970271   0.0924186045
31  7  -0.1985930422  -0.1695707808   0.2186843149   0.3057968608  -0.2409116156
31  8  -0.0908106263  -0.4431299642  -0.2483220623   0.2287941917   0.0320148536
31  9  -0.1178573838   0.0587299139  -0.1740165932  -0.3555360798   0.0256926079
31 10   0.0012277099   0.0932600205  -0.0634898262   0.0719143903  -0.0066037486
31 11  -0.0850491732  -0.0000846952  -0.0026711697  -0.0009077425   0.0928650607
31 12   0.1289825091   0.4827805437   0.0690841403  -0.0480602105   0.0522174979
31 13   0.0144152866   0.1760233560   0.0018920434
32  1  -0.0839753897  -0.0886823327   0.0355574251   0.2315177048  -0.0294599342
32  2   0.0610458481   0.1042211588   0.0481901476   0.0552905673   0.0647989782
32  3  -0.0923676581   0.0173488969   0.0175122992  -0.0081753257   0.0309881786
32  4  -0.0766446345   0.1394159225   0.0807895377  -0.2767552676  -0.0066614723
32  5   0.0030612197   0.1808163507   0.0721654575  -0.0195909366  -0.0675025877
32  6  -0.0395257495  -0.1292874899  -0.0487744038   0.2069742288   0.0089088892
32  7  -0.1944213771  -0.1026894755   0.2561508547   0.1764975468  -0.1969066061
32  8  -0.0217018239  -0.2939929013  -0.1474000288   0.1189580168   0.0275588579
32  9  -0.0574484451   0.0405037224  -0.1214238771  -0.1661211862   0.0096568627
32 10  -0.0005535129   0.1269826866  -0.0787358526   0.0709981602  -0.0070153209
32 11  -0.0847923427   0.0000280577   0.0043751093   0.0007816953  -0.1434281493
32 12  -0.1921838824  -0.7158771677  -0.1009163031   0.0734628071  -0.0813091487
32 13  -0.0212724413  -0.2652061478  -0.0015970521
33  1   0.0514204206  -0.2236616851  -0.0066607447   0.0132926490  -0.1791711390
33  2  -0.3036042498   0.0907711432   0.2317477186  -0.0620329744  -0.0210081631
33  3  -0.2756427068  -0.1695606743   0.0752360763   0.0201308953  -0.0083951404
33  4  -0.2972543713  -0.5728415112   0.0639896043   0.0911975329   0.0899048865
33  5   0.1137910547  -0.3341463789   0.0529987175   0.0365434501  -0.0019302906
33  6  -0.2114833408   0.2606622921  -0.3523965214  -0.2953941104   0.1264940107
33  7   0.0656182684  -0.0183157879  -0.0900062582   0.1347028104  -0.0379413572
33  8  -0.0981783681  -0.0984618779  -0.0742041342   0.0807918249   0.0083602982
33  9  -0.0961181798   0.0403997891  -0.0404393499  -0.1746250735  -0.0358612709
33 10   0.0131748568  -0.5193626396   0.3030974898  -0.2639158073   0.0062797030
33 11  -0.0267001623  -0.0000198090   0.0014473427  -0.0007192324  -0.0286490972
33 12  -0.0383139976  -0.1353187354  -0.0193533070   0.0116194179  -0.0125016632
33 13  -0.0028919103  -0.0370413259  -0.0010406850
34  1  -0.2235044830  -0.0073039872   0.1897579992   0.0142417059  -0.0504267442
34  2  -0.0200995085   0.0181782866  -0.0184689557  -0.0357326552  -0.0814461563
34  3   0.2377477192   0.0980107565  -0.1110237657   0.0365481163   0.0431685304
34  4   0.2797537923   0.1562681045  -0.1666763910  -0.1281942794  -0.0748562931
34  5  -0.1026639764   0.2487564675  -0.0982010061  -0.1039807736   0.0536491424
34  6  -0.0741007967  -0.2294491634  -0.0934379461   0.2173685799   0.2276024813
34  7   0.1547737285  -0.1814717423   0.0559954078  -0.3299604884  -0.0208435797
34  8  -0.0733850849   0.3049534469  -0.1069602503   0.0183267761   0.2865900241
34  9  -0.4428957851   0.0076549338  -0.4995892201   0.0395708552  -0.0801294075
34 10   0.0090159172  -0.2600776502   0.1676747302  -0.1151871558   0.0072204535
34 11   0.1465177488  -0.0000251630   0.0043168422  -0.0039773601  -0.0130254436
34 12  -0.0316071196  -0.0882524387  -0.0236602706  -0.0212805899   0.0332384541
34 13   0.0140595916   0.2269732330  -0.0002191770
35  1  -0.0138076288  -0.1274698488   0.0905489023   0.1986607941  -0.1661922231
35  2   0.0112854207   0.0551715363   0.2414839774  -0.0104355652   0.1087637506
35  3  -0.2413935382  -0.0517968768   0.0585725972  -0.0173559888   0.0901363854
35  4  -0.3184354331  -0.4846929691  -0.0321907932  -0.1993316310   0.1164606044
35  5   0.1307894820  -0.2182240453   0.0282809904   0.0529782180  -0.1358696277
35  6  -0.0292278673  -0.0008579928  -0.3610619478  -0.2161511129   0.2649838051
35  7   0.2989409650  -0.0484835204  -0.0724199038  -0.1287216527   0.0408398782
35  8  -0.1885000919   0.2475728031  -0.1006648870   0.0954357416   0.1198378598
35  9  -0.2801668964  -0.1120877055  -0.1782370416   0.1174430552  -0.0074411380
35 10  -0.0092059661   0.4911341371  -0.2808589458   0.2543198731  -0.0073344623
35 11   0.2380271714   0.0000355853   0.0001221219   0.0003167258   0.0054027708
35 12   0.0084891729   0.0260272400   0.0052735974   0.0026041452  -0.0045299039
35 13  -0.0024064493  -0.0416429372  -0.0003819246
36  1   0.0389536093  -0.1961924717   0.0273965111  -0.0025019558  -0.0789223652
36  2  -0.2268762383   0.0656655657   0.0866695642  -0.0414570901  -0.0430839976
36  3  -0.0384455835  -0.0779182376   0.0042974365   0.0147802562   0.0046805325
36  4   0.0554840291  -0.0793978022  -0.0890512348   0.0795839951  -0.0580530461
36  5  -0.0724938517   0.1314129443  -0.0613914993  -0.0695336800   0.1087449437
36  6  -0.0818671589  -0.0414810064   0.0573112429   0.1627153916   0.0148714866
36  7  -0.0791164050  -0.1149898636   0.0045284257  -0.0983499965   0.0035644858
36  8   0.0727648389   0.0460196567   0.0131395842  -0.0359669332   0.0784150073
36  9  -0.0844398277   0.0247189145  -0.1613044284  -0.0144899983  -0.0196177497
36 10   0.0022626205  -0.0582233018   0.0378040340  -0.0244601456   0.0043645247
36 11   0.0435424572   0.0000135559  -0.0143332688   0.0167986546   0.0419028712
36 12   0.1159849315   0.3113398528   0.0853456349   0.0816835183  -0.1193899647
36 13  -0.0557007330  -0.8910158809  -0.0004729244
37  1  -0.2840872743   0.0068935929   0.0486327233   0.0868094898  -0.0359130292
37  2  -0.0944902886   0.0703349994   0.0305070610   0.0133258472   0.0024676358
37  3  -0.0470541346   0.0596723050  -0.0055640116   0.0382412247  -0.2441630793
37  4   0.0654502680  -0.0925848729   0.0777026122  -0.1753762501  -0.0117240270
37  5   0.0262943353   0.0361254321  -0.0174686299  -0.0000715299  -0.1537309321
37  6   0.1171544761  -0.2219101288  -0.0613879259  -0.0198275610  -0.2272712931
37  7  -0.0788202719   0.4344169322  -0.1645225987   0.2073359434   0.2663128015
37  8   0.1580775012   0.0440522663   0.3573822027  -0.0793392512  -0.0181060424
37  9  -0.2693831558  -0.2077951141  -0.1616227830  -0.5506761917   0.0089806873
37 10  -0.0004487890   0.0449197627  -0.0299384511  -0.0737772529   0.0057439061
37 11   0.0319233182  -0.0000186278   0.0172864919  -0.0422529398   0.4311866171
37 12   0.0723445807  -0.0798463096  -0.0496669699   0.0404484993  -0.2527689223
37 13   0.0033205571   0.0363529021   0.0005932317
38  1   0.0900129440   0.0306305195   0.0316880042   0.1962035451   0.0582829863
38  2   0.0362402853  -0.1127106685   0.0319198815  -0.0590924011   0.0666550400
38  3   0.0576704948  -0.1070841744   0.0250740816  -0.0473919241   0.1431505065
38  4   0.0955780348   0.0435520585  -0.2638079566  -0.0324355441   0.0334053747
38  5  -0.0305808769  -0.1157366225   0.1405686705   0.0847746224  -0.1382129430
38  6  -0.0655352819   0.2009436990   0.2063939578  -0.0142599353  -0.0315377031
38  7  -0.0979010355  -0.3053376777  -0.1037056649  -0.1311910801  -0.0826704993
38  8  -0.0322274444  -0.0375954786  -0.2500878446   0.1119096757   0.0385692617
38  9   0.0855326594   0.1716015852   0.0420178173   0.2879900479   0.0206339881
38 10   0.0019489314  -0.1076814916   0.0505339615   0.2283019957   0.0178160489
38 11  -0.0249241757  -0.0000085868   0.0214660111  -0.0641012564   0.6537137427
38 12   0.1127012064  -0.1178748461  -0.0773593285   0.0610614582  -0.3977747735
38 13   0.0049894924   0.0519638820   0.0003672237
39  1   0.0322488483  -0.3092018678   0.2006453178  -0.0710347066  -0.2339255942
39  2  -0.1707133350   0.1392711130   0.1071921587  -0.0345538394  -0.1621958753
39  3   0.0979510292   0.0887647416  -0.1434905599   0.0296520904   0.5027289905
39  4   0.0325715135   0.1471569774  -0.2146300374  -0.1783357345   0.1229984280
39  5   0.0498471847  -0.2620565994   0.1878988670   0.1126113802  -0.3301510714
39  6  -0.0392233968   0.0489881964   0.1650512678   0.0270739006  -0.2632620014
39  7  -0.2461304723   0.0851465245  -0.2038535005   0.0372212010   0.1326840542
39  8   0.1272874579   0.0212472513   0.0954064972   0.0200202531   0.0108884325
39  9  -0.1665590647  -0.0418650325  -0.0543878280  -0.1583025526   0.0597440877
39 10   0.0030125409  -0.2434104239   0.0861211823   0.5919240969   0.0497151127
39 11   0.0412152642  -0.0000355557  -0.0103837346   0.0272473515  -0.2532831217
39 12  -0.0455366154   0.0452261941   0.0328173108  -0.0183886412   0.1381377249
39 13  -0.0016995820  -0.0171273261  -0.0003837844
40  1  -0.2229810312   0.0786517541  -0.0607749375   0.1211333573  -0.0004890293
40  2  -0.1801099047   0.0210413437   0.0551190050  -0.0219536865  -0.0286924843
40  3  -0.1211036642  -0.1397389518   0.0618283707   0.0501113891  -0.3060203335
40  4   0.0801400210  -0.2335937082   0.0439156123  -0.0058685109  -0.1011008551
40  5  -0.0885352220   0.2352460118  -0.0361341415  -0.1212929002   0.1158430804
40  6  -0.0756359604  -0.1396510665   0.1542249160   0.1568003041  -0.0711010882
40  7   0.3008635785   0.2655770575   0.1214060327  -0.2729543747  -0.0198727790
40  8  -0.2332795945   0.1248159074  -0.2247091174   0.2961662252  -0.0384620814
40  9  -0.0988971867  -0.0613874308   0.5254578405  -0.3255698003   0.2825439555
40 10  -0.0213992653  -0.1495972319   0.0388341511   0.2830736271   0.0106395247
40 11   0.0025232989   0.0000383670  -0.0066485942   0.0412847240  -0.1198748546
40 12  -0.0455171751   0.0389421672   0.0834340357   0.1009214633  -0.2070088713
40 13   0.0041846523   0.0447623640   0.0000799701
41  1   0.0188826939   0.0779148661  -0.0292407273   0.2312172068   0.2126653002
41  2   0.0903269308  -0.1507758096  -0.0243713435  -0.0205462189   0.2645482247
41  3   0.0185713193  -0.0640297683   0.1282009165  -0.0877914893  -0.4453334069
41  4   0.0838815966  -0.1305112252  -0.0297253652   0.0543599627  -0.1461473952
41  5  -0.0799106716   0.3332096013  -0.2354975023  -0.0329279881   0.2090205021
41  6   0.2915232969  -0.0881323072  -0.2449338527  -0.2424334456   0.2658631351
41  7   0.1191863130  -0.0325848646   0.0280395282   0.2775090614  -0.0117246351
41  8  -0.0050962498  -0.1283963953   0.1516290675  -0.1105903162  -0.1109110059
41  9   0.0722371567  -0.0376071314  -0.1774833420   0.2159746518  -0.1559616547
41 10   0.0234268062  -0.2329483153   0.0997221271   0.5752384266   0.0411614768
41 11   0.0037253185  -0.0000048013   0.0007496217  -0.0191018544   0.0506105311
41 12   0.0226451424  -0.0203935963  -0.0454024752  -0.0584805186   0.1237895195
41 13  -0.0026363528  -0.0274147929  -0.0002386363
42  1   0.0352733765  -0.2384984999   0.0985769654  -0.0308519050  -0.1317546099
42  2  -0.1983481645   0.0871384203   0.0952543783  -0.0382362877  -0.0772286574
42  3   0.0312745964  -0.0119548559  -0.0499155635   0.0179163032   0.1567844931
42  4   0.0570389180  -0.0351244990  -0.1378876695  -0.0246293283  -0.0353125796
42  5  -0.0610247137   0.1087221489  -0.0186546716  -0.0297529396   0.0197669727
42  6   0.0205989615  -0.0404317655   0.0905074868  -0.0020187299  -0.0173482853
42  7   0.1608238105   0.1378627242   0.0285910780  -0.0729943847  -0.0113144063
42  8  -0.1257605716   0.0102956048  -0.1009200040   0.1286875546  -0.0403732886
42  9  -0.0102820088  -0.0330384989   0.2022216473  -0.1563245970   0.0836574251
42 10  -0.0068946415   0.0085602283  -0.0134008825  -0.0446066713  -0.0157643378
42 11  -0.0084119566   0.0000622164   0.0240138921  -0.1418911402   0.3731114670
42 12   0.1484494315  -0.1240816968  -0.2783718859  -0.3369695223   0.6919543709
42 13  -0.0141438557  -0.1617195357  -0.0006350586
43  1  -0.0626674018   0.1439305210   0.0118706090   0.0575706728   0.0209213624
43  2  -0.1752094231  -0.0865434060   0.0291524559  -0.1018988590  -0.1627527545
43  3   0.2399514529  -0.3077027238  -0.0056150964   0.0549059082   0.1895988229
43  4  -0.2310673471   0.0284418053   0.3361806475   0.0151900651   0.0444631824
43  5   0.0428305282   0.0789096581  -0.2096211618  -0.1145257435  -0.0068931669
43  6   0.1057577244  -0.2444297667  -0.0154573625  -0.0338499420  -0.0059560532
43  7   0.0727411616  -0.0532370349  -0.2509381140   0.1788712587   0.2023540497
43  8   0.0825071434  -0.0790498668  -0.0137628639   0.1876801539   0.0968099492
43  9  -0.0854460088   0.3284932777   0.0324410007   0.1615053276   0.2521078571
43 10  -0.0318423989   0.1010756797   0.1403950266  -0.0386449361   0.4605150305
43 11   0.0011346812   0.0000217831   0.0808499737  -0.2386664745  -0.1816183037
43 12   0.2319460462   0.0131377302  -0.2543732270  -0.1452356023  -0.1723235352
43 13   0.0093753372   0.0046997917   0.0000470226
44  1   0.0697370044   0.0597369830   0.0041504825   0.2095318058   0.1332416912
44  2   0.0588071844  -0.1391327696   0.0289567411  -0.0500353613   0.1409335546
44  3   0.0942727508  -0.1394261767   0.0555362617  -0.0395109862  -0.0068371927
44  4   0.0590045803  -0.0001282222  -0.1807875810  -0.0046344252   0.0189475324
44  5  -0.0484226909  -0.0483409797   0.0708831873   0.0174643836  -0.0894399847
44  6  -0.1992668842   0.1904029363   0.0269006923   0.0276952364  -0.0347953861
44  7  -0.0246579840   0.1085351462   0.2431076826  -0.1652652282  -0.2159586341
44  8  -0.1100455716   0.0575505081   0.0393721505  -0.2181023604  -0.1144628156
44  9   0.0858896891  -0.3509204910  -0.0480144093  -0.1697259275  -0.2620957092
44 10   0.0108025230  -0.0145477062  -0.0184771250   0.0244404307  -0.0588465918
44 11   0.0155819447   0.0000477715   0.1250119545  -0.3467050542  -0.2781586326
44 12   0.3614891018   0.0186374020  -0.3952536838  -0.2231855615  -0.2689633501
44 13   0.0157142522   0.0080592696   0.0007679782
45  1   0.0167790870  -0.1219330460   0.0571764446  -0.0186612849   0.1409168432
45  2  -0.0933626993  -0.0387596582   0.0811428859  -0.0431759274   0.1632294293
45  3   0.3491832020  -0.1568867165   0.0231362320   0.0265771610  -0.0659880424
45  4  -0.2808571715   0.0464830936   0.1323108183   0.0265522261   0.1011634855
45  5  -0.0132237397   0.0892913607  -0.3914556284  -0.1034825505  -0.3262991686
45  6  -0.1307917148   0.0215693532  -0.0195505800  -0.1002933842  -0.1857857212
45  7  -0.2373579927   0.0652061664  -0.1419836750  -0.2184251046  -0.1977342765
45  8  -0.1095485015   0.0021656682  -0.2310746119  -0.1847619020  -0.0187185912
45  9   0.1502933593  -0.3562468431  -0.0150488394  -0.1226180566  -0.2237684526
45 10  -0.0343167813   0.0999387253   0.1633027013   0.0049339291   0.4922732203
45 11   0.0243376715   0.0007359307  -0.0486839128   0.1293979848   0.1144045114
45 12  -0.1462763882  -0.0079728398   0.1634867810   0.0957312507   0.1098819761
45 13  -0.0062056249  -0.0029254512  -0.0002313027
46  1  -0.1332568170   0.1161363712  -0.0228935591   0.0867445715   0.0120461191
46  2  -0.1791392109  -0.0279383227   0.0885973924  -0.0856467912  -0.1013866984
46  3   0.2048678225  -0.2584441819  -0.0213424719   0.0853562817   0.0647535493
46  4  -0.0790754250  -0.0380970674   0.1747681021  -0.0470923928   0.0235139592
46  5  -0.0233923649   0.0837202225  -0.0975747120  -0.0555815449  -0.1568008745
46  6   0.1041998937   0.0220531697   0.1662944125  -0.2043719995  -0.0366911965
46  7   0.0909510313  -0.2340737980   0.0365041044   0.0962054968  -0.1745763423
46  8   0.0313389703  -0.0173752513   0.0501806489  -0.2765360616   0.2921011117
46  9  -0.0744980951  -0.0890850384   0.1014320840  -0.0317443529   0.2721814660
46 10  -0.0214823710  -0.0515566447  -0.0801257220   0.0025897187  -0.2259170956
46 11   0.0086602705   0.0007298516  -0.0444822401   0.6506088445  -0.0143797509
46 12   0.1128102472  -0.0027957414  -0.2461868009  -0.2317115041  -0.0952542568
46 13   0.0204569509  -0.0073343826   0.0003467472
47  1   0.1676340934   0.1343624160  -0.0029021856   0.1912666249   0.1974502507
47  2   0.0482774817  -0.2214038060   0.0112601868  -0.0938666493   0.1101726935
47  3   0.2758886851  -0.3289945622   0.0645875290  -0.0281750138   0.1705757186
47  4  -0.2537798003   0.1036918766   0.1607041689   0.0939859310   0.1032029717
47  5   0.0402206081   0.0100617420  -0.3245328067  -0.1711752507  -0.0893283362
47  6  -0.2736751166  -0.2132260663  -0.2122589881   0.1555749097  -0.1473489562
47  7  -0.0958034121   0.2868004618  -0.3001599988  -0.0771083485   0.2228427077
47  8  -0.0493277145  -0.0410952394  -0.1382981633   0.2739280244  -0.2433895956
47  9   0.1125693427   0.1004018600  -0.1336363847   0.0808455341  -0.2880930785
47 10   0.0622587698  -0.1044967639  -0.1464133600   0.0211113171  -0.5031963120
47 11  -0.0348404182  -0.0002064949  -0.0114144208   0.1246580016  -0.0016992501
47 12   0.0147357580   0.0007487344  -0.0377868930  -0.0400578679  -0.0154376521
47 13   0.0050738600  -0.0017787430   0.0001158852
48  1   0.0115346996  -0.2286707860   0.2149301130  -0.0808852627  -0.0103149003
48  2  -0.0472941371  -0.0345081497  -0.1110781107   0.0093202838   0.0253905899
48  3   0.0137190349   0.1695740592   0.0380004597  -0.1422331622  -0.1363889239
48  4  -0.0375713316   0.0051527329  -0.0898044881  -0.0193065995  -0.0558636552
48  5   0.0292081593  -0.0691835730   0.2322455699   0.2095611573   0.2213141428
48  6   0.1287294076   0.1146904303  -0.1243788884   0.1968253262   0.1551640323
48  7  -0.2004656970   0.1482876098   0.1477616709  -0.1416899772   0.1299343127
48  8   0.0236103821   0.1124455941   0.0242418793   0.2987734455  -0.3324724827
48  9   0.0035329133   0.1096501901  -0.0515579800  -0.0344324899  -0.2590746345
48 10   0.0077897002   0.0799921396   0.1074648511  -0.0204109330   0.3213726713
48 11  -0.0012193314   0.0007455555  -0.0366152956   0.5439798714  -0.0190990249
48 12   0.0996317799  -0.0010186156  -0.2114628518  -0.2028437184  -0.0840400347
48 13   0.0209604976  -0.0069292193   0.0001355416
49  1  -0.1840777524   0.0185565554   0.1789439997   0.0108581394  -0.0394578981
49  2  -0.0371962090  -0.2383249224  -0.2685817492  -0.0629695333  -0.2506573039
49  3  -0.1983927379  -0.0047444179   0.1182061551  -0.2752159488   0.1244293661
49  4   0.1216113437  -0.0445591291   0.0748013327   0.0063933557   0.2270039817
49  5  -0.1863673573   0.0379426299  -0.0780456536  -0.1149980208  -0.1311846320
49  6   0.0384654605   0.1336563077   0.0753222674   0.0145101663   0.3397818024
49  7  -0.0821528559   0.2029828101   0.1627347915   0.1249944836   0.1961063066
49  8   0.1956519671   0.0529726049  -0.1719218367   0.0543488722   0.3523791250
49  9   0.1464021879  -0.0927535049   0.0996405042  -0.0383230435  -0.2281158076
49 10   0.0686324764  -0.1948127972  -0.3530155736  -0.0180134913   0.1591629891
49 11  -0.0140350487  -0.0000340402  -0.4784718729  -0.0837691585  -0.0010168455
49 12  -0.0670620291   0.0136750205  -0.0271550697  -0.1278486846  -0.0590072712
49 13  -0.0008103781  -0.0040164058   0.0001975473
50  1   0.2046084630   0.0000379266   0.1001842026   0.1495586492  -0.1001535508
50  2  -0.0300427810  -0.0382082906  -0.0315763394  -0.0369801816  -0.0757105767
50  3  -0.0063969247   0.0753771624  -0.0183980432  -0.0554808870  -0.0079837679
50  4   0.0745284575  -0.0442424059   0.1152499530  -0.0073710550  -0.1681633789
50  5   0.1484810126   0.0119796834  -0.0501291121   0.0520563923   0.0113825174
50  6  -0.0085701759  -0.0676593673  -0.0882279864  -0.0448372775  -0.3609226793
50  7   0.0485125684  -0.2257356034  -0.1019520580  -0.1421076585  -0.1813766195
50  8  -0.1841890571  -0.0344554802   0.1453084386  -0.0597152134  -0.3630508257
50  9  -0.1477830686   0.0718015039  -0.1063157983   0.0378815805   0.2171323216
50 10  -0.0299630381   0.0164615281   0.0173027409  -0.0195811070  -0.0123328537
50 11   0.0024129495   0.0000355788  -0.7355458001  -0.1326831195  -0.0020910607
50 12  -0.1160195135   0.0234057079  -0.0356240902  -0.2081091362  -0.0905056437
50 13  -0.0017997108  -0.0078685873   0.0000657323
51  1   0.0114881895  -0.2650288195   0.2592644401  -0.0980750536  -0.0695519522
51  2  -0.0427570325  -0.0944178313  -0.2027688526  -0.0076985664  -0.0542783562
51  3  -0.0769130380   0.2351024415   0.0711261580  -0.2586381281  -0.1142267317
51  4   0.0305233671  -0.0557577987   0.1539486032   0.0133090450   0.1401245610
51  5  -0.0656539617   0.0316494343  -0.2837309489  -0.1251851141  -0.4066184211
51  6  -0.1696137388   0.1805133605   0.2342591295  -0.0037997592  -0.0832681716
51  7   0.1979908503  -0.2586901221   0.1810700743  -0.0525709317  -0.0216157578
51  8  -0.1643052688  -0.0310909576   0.2829542405   0.0867117492  -0.3239198584
51  9  -0.1175840705   0.1226963834  -0.1278038659   0.0689027583   0.1809480199
51 10   0.0745939386  -0.2314776876  -0.4385970130  -0.0632632276   0.1866956972
51 11  -0.0213584912  -0.0009652399   0.2843361544   0.0529652207  -0.0018387696
51 12   0.0521742453  -0.0111195432   0.0177116023   0.0870616367   0.0402373733
51 13  -0.0002260017   0.0036095983  -0.0000678281
52  1  -0.1115987718   0.0466824924   0.2158443555  -0.0196115897  -0.0305848241
52  2  -0.0323918815  -0.1553986264  -0.2789688835   0.0142828875  -0.1865105562
52  3  -0.2149740106   0.0349259331   0.0781467031  -0.1171880229   0.0636801218
52  4   0.0472850895   0.0158143402  -0.0575440286   0.0284694635   0.0421033331
52  5  -0.0453783642   0.0383569536  -0.1343773351  -0.1148020276  -0.1160094447
52  6  -0.1236639484  -0.0642630827   0.0826010500  -0.1888107067   0.0872673999
52  7  -0.1395737903   0.0777033933  -0.0492753941  -0.0034678826  -0.2581115888
52  8   0.0510826323   0.0766868057   0.1512308790  -0.0193173421   0.0017877338
52  9  -0.2225476987   0.3165583542   0.2104469419  -0.0568754255  -0.2897676798
52 10  -0.0064451534   0.1383424689   0.1714942748   0.0356710462  -0.0800750335
52 11   0.0175063272  -0.0010317366   0.2453629976  -0.0718734262   0.0511166727
52 12  -0.5284160439   0.1326812474  -0.0575168674  -0.3791905921  -0.1344882807
52 13   0.1013308749  -0.0543940959  -0.0000543240
53  1   0.1084484382  -0.0751508910   0.1083400001   0.1670954304  -0.1669610963
53  2  -0.0205634011  -0.1833818081  -0.1106063663  -0.1302659931  -0.2200863092
53  3  -0.0857267501   0.1260707431   0.0708265626  -0.3609818466   0.0657521876
53  4   0.2418527258  -0.1460135637   0.3244129965  -0.0164975391   0.1429435769
53  5  -0.0836922172   0.0474804356  -0.1699936235  -0.0369148010  -0.2444129034
53  6   0.0890313282   0.2812762217   0.0025201918   0.1538693838  -0.0280596812
53  7   0.1383517974  -0.0948471589   0.2746433344   0.0238462824   0.2955014560
53  8   0.0168201343  -0.0193356000  -0.0864353118   0.1072320700  -0.0290081557
53  9   0.2311772020  -0.2906072302  -0.2137885270   0.0391876260   0.3125060654
53 10  -0.0894550652   0.2124479371   0.4919782535   0.0253867336  -0.2047582165
53 11   0.0198499893   0.0027137621   0.0648893315  -0.0122458164   0.0101002924
53 12  -0.1086217219   0.0267880344  -0.0132746265  -0.0789144555  -0.0277385586
53 13   0.0197775742  -0.0109676023  -0.0000197650
54  1   0.0163879727  -0.1572964880   0.1021668850  -0.0361771133   0.0848355358
54  2  -0.0867321325   0.0063558349   0.0515972117  -0.0203542863   0.1282678913
54  3   0.2428785320  -0.0383919108   0.0016891292   0.0096025905  -0.1177545947
54  4  -0.2099073951   0.0375489300  -0.0204168497  -0.0248922092  -0.0724316261
54  5   0.0839677468  -0.0963824512   0.2656707859   0.1511043843   0.2563441423
54  6   0.0394226369  -0.0944864289  -0.0183347900   0.2329039822  -0.0484397377
54  7   0.1904742541  -0.0279841039  -0.1952390664   0.0053432856   0.1797787904
54  8  -0.1551433958  -0.1657324747  -0.1501534944  -0.1141038936   0.0516696976
54  9   0.1784820757  -0.2960425734  -0.1682509156   0.0557730366   0.2479153269
54 10   0.0186218156  -0.1816993057  -0.2696934460  -0.0346662053   0.1138673557
54 11  -0.0185582966   0.0001686343   0.2045760221  -0.0652795049   0.0446212106
54 12  -0.4705621764   0.1177170792  -0.0552765312  -0.3403879501  -0.1212443069
54 13   0.0879746374  -0.0484845665   0.0001090412
55  1  -0.0335802969   0.1303050980   0.0995416689   0.0142245186   0.0099929896
55  2  -0.1267850359   0.0790134436  -0.0083273725   0.0375263839  -0.1927812912
55  3   0.0206129138   0.0413770785   0.0536933043  -0.1189086283  -0.0822010260
55  4  -0.2437122808   0.1309231294  -0.2989649605   0.0407892081  -0.2013461765
55  5   0.1521501025  -0.0771897782   0.1113157366  -0.2881814579   0.0135933273
55  6  -0.0339620524  -0.1379594722   0.0144327115  -0.2503211858  -0.1215755025
55  7  -0.0726217097  -0.1134526396   0.2501180134  -0.0034703755   0.1028803031
55  8   0.0903207051   0.0586110443  -0.0938569082   0.0161171663  -0.0369113641
55  9   0.0322138954  -0.0702018509  -0.0272812729  -0.0045609248   0.0909646288
55 10   0.4558097884   0.0324554013   0.0579873520  -0.0025605975   0.0010379574
55 11  -0.0029605269   0.0135851064   0.0223388137  -0.0008464010  -0.0126655484
55 12   0.2231535046  -0.1400886677   0.4127252333  -0.2849174704  -0.0376783274
55 13   0.4242551505  -0.0295815608   0.0000330067
56  1   0.2833380925   0.1102502738   0.0618469744   0.1456220303   0.0509019511
56  2  -0.0155467470   0.1202508065   0.0987504754   0.0783806819   0.0308481759
56  3   0.0130207781   0.0247181390  -0.0737698275   0.1122584057  -0.0135057832
56  4   0.0952674580  -0.0556037140   0.1207268913  -0.0156345845  -0.1532212921
56  5   0.1346440937  -0.0120536649  -0.0121234130  -0.1412777539  -0.1609503789
56  6   0.1652569280   0.2331681476   0.0722511377   0.1452594031   0.3257067910
56  7  -0.1752952928   0.1309147191   0.1273909167  -0.1162831244   0.4218588312
56  8  -0.2612430827  -0.2722904256  -0.2685979130  -0.5478448299  -0.1678308886
56  9  -0.3625611590   0.2611728492   0.1455955960  -0.0133153532  -0.0824259436
56 10  -0.0775991588   0.0210923627  -0.0054615515   0.0108474825  -0.0164499359
56 11  -0.0009119761   0.0028570598   0.0037015871  -0.0021585216  -0.0017867633
56 12   0.0313796157  -0.0193107207   0.0566329189  -0.0358513046  -0.0041516881
56 13   0.0537663266  -0.0030296945  -0.0000227784
57  1  -0.0093226699  -0.1861520570   0.2760776121  -0.1089255332   0.1517832980
57  2   0.0814750974  -0.2066307570  -0.2877143523   0.0790396479   0.2992247312
57  3  -0.1378382848  -0.1252775549  -0.0359385621   0.3052138287   0.1126488220
57  4   0.1929894830  -0.1057793326   0.2087540990  -0.0321187173   0.0932933822
57  5  -0.0747703894   0.0732560365  -0.1192175384   0.2667504086  -0.0057286635
57  6  -0.0243237853   0.0657270238  -0.0131163984   0.1236334229   0.0068295511
57  7   0.0845295735   0.0219031626  -0.1049036677   0.0199759999  -0.0672820691
57  8  -0.0194426683  -0.0052412342   0.0891610527   0.0756252860   0.0587426188
57  9   0.0454356077  -0.0001017509  -0.0105987538   0.0051049725  -0.0674872363
57 10  -0.5080006565  -0.0419724419  -0.0565235400  -0.0000350729  -0.0013277250
57 11   0.0031879428   0.0106512727   0.0256425704  -0.0033896913  -0.0123346937
57 12   0.2218870181  -0.1402014290   0.4151942032  -0.2870145061  -0.0383648951
57 13   0.3999293812  -0.0278240516   0.0000713191
58  1  -0.0335663208   0.0805786009   0.2449990190  -0.0479004081  -0.0189293341
58  2  -0.0339665305  -0.0784106913  -0.2997718319   0.1122373019   0.1154604314
58  3  -0.1847421934  -0.1298919894  -0.0317186595   0.2967719169   0.0916426868
58  4   0.0658468202  -0.0334947888   0.0471884520  -0.0175138945  -0.0174244266
58  5  -0.0103264146   0.1537099864  -0.2946802030   0.4535740421  -0.0733043755
58  6  -0.0129938565   0.2233338342  -0.1202394101   0.2738280593  -0.0517884424
58  7   0.1906455004   0.0436373151  -0.0955385233   0.0447270865  -0.0196840990
58  8  -0.0213207425  -0.0334904313   0.0016818780  -0.0696037046   0.0655125762
58  9  -0.0396062690   0.0371827842   0.0599294678  -0.0087793984  -0.0008140873
58 10   0.6176397709   0.0515144992   0.0612061751   0.0080450648   0.0097995649
58 11   0.0009932949  -0.0029692438   0.0316042326   0.0027252521  -0.0034833379
58 12   0.0517975188  -0.0453083835   0.1660505371  -0.1725637770  -0.0381485093
58 13  -0.3482453917   0.0169574452   0.0000530609
59  1   0.2716498463  -0.0050644022   0.1319300703   0.1250108764  -0.1675019530
59  2  -0.0629667098   0.0512709772  -0.0493598393   0.0153630376   0.1231893688
59  3   0.0800002142   0.0677403286  -0.0010045695   0.0450832453  -0.0509865532
59  4   0.0416048304  -0.0394447396   0.1013189530  -0.0103587684  -0.0591289407
59  5   0.0737318697  -0.0192336690  -0.0334189130   0.0897720435  -0.0531647280
59  6  -0.2529539483  -0.0564708267   0.2756692351   0.0554896076   0.2961994123
59  7   0.2695701192   0.1571368454  -0.1200653986   0.3552323204  -0.2033009486
59  8   0.5615790733   0.3132533990  -0.4650511802  -0.1487119904  -0.4158355280
59  9  -0.1238084996  -0.0373813874  -0.0702433574   0.0021417808   0.1629791840
59 10  -0.0109527869  -0.0108700761  -0.0183514172  -0.0168132739  -0.0016410277
59 11  -0.0088198947   0.0007593481  -0.0051803385  -0.0012587967   0.0003924632
59 12  -0.0148438774   0.0117355173  -0.0398111996   0.0388574373   0.0080592782
59 13   0.0749300577  -0.0037685116  -0.0000768198
60  1  -0.0080229251  -0.1646683445   0.2430062529  -0.0958392176   0.1811387118
60  2   0.0706370814  -0.1719631648  -0.2214043934   0.0745884199   0.2391410040
60  3  -0.1103022896  -0.1049994057  -0.0334609358   0.2277977340   0.0898779161
60  4   0.1535603643  -0.0835094030   0.1618281351  -0.0240504303   0.0841592619
60  5  -0.0664628479   0.0322186215  -0.0302007066   0.1022483447   0.0136973285
60  6   0.0441777558   0.0331636089  -0.0377585522   0.0420722462  -0.0249600480
60  7  -0.0199912601  -0.0112539126  -0.0253897655  -0.0451457466   0.0126759684
60  8  -0.0754712648  -0.0430212612   0.0398702647  -0.0113614613   0.0388924431
60  9  -0.0000910667   0.0013622372   0.0155488257  -0.0027189083   0.0187688337
60 10   0.3337717377   0.0304264135   0.0424678567   0.0033371271   0.0009745624
60 11   0.0009037024   0.0023249552  -0.0754511648  -0.0013183862   0.0085999618
60 12  -0.1188163255   0.1012794314  -0.3689173866   0.3731802981   0.0814243113
60 13   0.7051187330  -0.0336346723  -0.0000684600
61  1   0.0824461506   0.1518675279   0.2272329211  -0.0638586529   0.0105515646
61  2  -0.0753049175   0.1221818039  -0.1766686803   0.3442672887   0.2456499081
61  3  -0.2112893058  -0.3610380206  -0.6456967358  -0.3064821073  -0.1450746555
61  4  -0.1126633411   0.0365260233  -0.0727683830   0.0082026591  -0.0281348061
61  5   0.0253264350  -0.0298627608   0.0573951317  -0.2154377722  -0.0660137180
61  6   0.1994985072   0.1658835705  -0.1005962951   0.1601775085  -0.0132172974
61  7   0.0843374850   0.0354247806  -0.1366145951   0.0370466627  -0.1075534319
61  8   0.0345241199   0.0330518374   0.0214090636   0.0336341126   0.0037351739
61  9   0.0155566310  -0.0095452375  -0.0050115431   0.0017107220   0.0014588071
61 10  -0.0080040284   0.0003639565   0.0008596677  -0.0005749192   0.0039410414
61 11   0.0086894228  -0.6281321967   0.0004655510   0.0000363928  -0.0002578306
61 12   0.0036108380  -0.0022107225   0.0062602239  -0.0045381952  -0.0006530160
61 13   0.0100252104  -0.0006487798  -0.0000225820
62  1   0.1161139472  -0.0686859592   0.1073832477   0.1657983892  -0.1607022951
62  2  -0.0211035157  -0.1863293638  -0.1207192713  -0.2220248582  -0.1223347789
62  3   0.0956433024   0.2249438103   0.4011754032   0.4401756369   0.0289740395
62  4  -0.0565957491   0.0315134990  -0.1160543629   0.0130642358  -0.1103000745
62  5   0.0801830393  -0.0731301392   0.1417352449  -0.5173832575  -0.1554286015
62  6   0.5122911497   0.4035852215  -0.2570359189   0.3793183820  -0.0327190402
62  7   0.1828308471   0.0733615657  -0.3077515383   0.0664818644  -0.2296845461
62  8   0.0601471536   0.0608157879   0.0625366373   0.0776280790   0.0132030198
62  9   0.0328650847  -0.0141645711  -0.0109378266   0.0014475420   0.0001900231
62 10   0.0025158466  -0.0049392590  -0.0085263407  -0.0015100746   0.0035331581
62 11  -0.0023899114  -0.0154902893   0.0001571680   0.0000941241   0.0001908477
62 12  -0.0009604991  -0.0001681264   0.0014740497  -0.0025406785  -0.0005756292
62 13   0.0038281652  -0.0004543082   0.0000691386
63  1   0.0000000000   0.0000000000   0.0000000000   0.0000000000   0.4147505424
63  2   0.0000000000   0.1015105520   0.2739113318  -0.0607274767  -0.2589158001
63  3   0.1442725696   0.2988646747   0.5200146184   0.2099683661   0.1260059900
63  4   0.1107561327  -0.0374497233   0.0733482143  -0.0067173492   0.0436761715
63  5  -0.0369404394   0.0260324384  -0.0480657878   0.1783459868   0.0539035281
63  6  -0.1534983049  -0.1269414197   0.0738470089  -0.1176861621   0.0058477132
63  7  -0.0578100954  -0.0272934677   0.0986336363  -0.0247650545   0.0750152820
63  8  -0.0214535602  -0.0211722275  -0.0157612722  -0.0210546033  -0.0034294171
63  9  -0.0086483328   0.0035796800   0.0015676034  -0.0009674661   0.0012581843
63 10   0.0045910622   0.0002489594   0.0010524724   0.0002965540  -0.0032741525
63 11  -0.0045078145  -0.7771036260  -0.0007428350   0.0009727511  -0.0000399922
63 12   0.0033682997  -0.0021837485   0.0058369382  -0.0041280330  -0.0003874283
63 13   0.0095469630  -0.0007330009   0.0000762959
$end
