$vibrational normal modes
 1  1  -0.0768886046   0.0956394032   0.1333162471   0.0451588889   0.1651420432
 1  2  -0.0101042845  -0.0283930839   0.1486967723  -0.1426909242  -0.1397671552
 1  3  -0.0807406016   0.0930100450   0.1032373509  -0.1991448735   0.0189580522
 1  4   0.1472458979  -0.0058602001  -0.0062139527  -0.0023651284   0.0224901934
 1  5  -0.0069321021  -0.0007068991   0.0112958781   0.0178179506   0.0017672474
 1  6   0.0669301234  -0.0472595971  -0.0360995167  -0.1200977436  -0.0312469250
 1  7   0.0165773178   0.0016045396  -0.0016913943  -0.0478666361  -0.0296749538
 1  8  -0.0339312873   0.0360283988   0.0001060448   0.0053523806  -0.0160528299
 1  9  -0.0021249267   0.0122414411  -0.0111061014  -0.0055543448   0.0009164016
 1 10   0.0000119940   0.0003672104  -0.0000977062   0.0001932435   0.0343088099
 1 11   0.0023726562   0.0002214892   0.0004580163  -0.0003495729   0.0000205258
 1 12   0.0000031632   0.0444629135   0.0181674138  -0.0000197354  -0.0000392052
 2  1   0.0384365383   0.1952970408  -0.0151380605   0.1926263525  -0.1244771748
 2  2  -0.0762306822   0.1793442798  -0.1380479365  -0.0506306841   0.0679892722
 2  3  -0.1226641717  -0.0179834555  -0.0052410563  -0.0192094287  -0.0051546840
 2  4   0.1055034937   0.0547205899  -0.1315096475   0.0043534607   0.0083456828
 2  5   0.0066967085  -0.0026202749   0.0145497262   0.0637934733   0.0079090867
 2  6   0.1262296024  -0.0471591355   0.0818440046  -0.0335483930   0.0061414203
 2  7   0.0356123509  -0.0010509396   0.0190107678   0.1123468264   0.0809994797
 2  8   0.0332169509  -0.0091917591  -0.0182611611   0.0199304995  -0.0063888994
 2  9  -0.0455703531   0.0106693798   0.0066158310  -0.0273496018   0.0310774614
 2 10   0.0064626783  -0.0051985916   0.0001147394  -0.0003246311  -0.0622709772
 2 11   0.0106066602  -0.0003661399  -0.0004774293   0.0006383236   0.0000327801
 2 12   0.0000217629  -0.0341617440   0.0339202576   0.0000104790  -0.0002210559
 3  1  -0.2430668483  -0.0337098728  -0.0475071094  -0.0603292859   0.0696298050
 3  2   0.2094945919  -0.2141876738   0.0657914834   0.1580270867  -0.0059771017
 3  3  -0.1392664366  -0.0021263804   0.2077542010   0.0491817001  -0.0695238556
 3  4  -0.0618994524   0.0546577364  -0.1179983028   0.0204036521  -0.0018454242
 3  5  -0.0000230019  -0.0053724005   0.0036160863   0.0510782475   0.0044081415
 3  6   0.0801792647  -0.0328837060   0.0486202808  -0.0244400257   0.0040500309
 3  7   0.0462450257   0.0154211770  -0.0069345803   0.0261500300   0.0092649042
 3  8   0.0401047499  -0.0062146121   0.0113716099  -0.0199437374   0.0135146098
 3  9   0.0368406637   0.0054161880   0.0001516488   0.0257392148  -0.0623688984
 3 10  -0.0057957925   0.0055961739  -0.0021782332  -0.0010888066  -0.0244865267
 3 11   0.0018318060  -0.0001730669   0.0019428619  -0.0009551774  -0.0000421386
 3 12  -0.0000217211  -0.0051753418  -0.0714254092  -0.0000546401  -0.0001176431
 4  1  -0.0325360382   0.0790920786   0.0316895050  -0.0020249238   0.1915532946
 4  2  -0.0346037937  -0.0128186947   0.0234595922  -0.0456637410  -0.0974982010
 4  3  -0.0157747160  -0.0004002038  -0.0596290869   0.0042909519   0.0276601080
 4  4  -0.0456194040   0.0248976265  -0.0366940955  -0.1262732752  -0.1120613603
 4  5  -0.0073274862   0.0039448741   0.0158517943   0.0703880571   0.0005532221
 4  6   0.0799630344  -0.0431027440  -0.1198149713   0.1703863720   0.0189358052
 4  7  -0.1501274452  -0.0398230322   0.0123651446   0.0512840128   0.0456650485
 4  8   0.0258175712  -0.1164546477  -0.0163032940  -0.0057240241   0.0948812043
 4  9  -0.0395893471  -0.0872756396   0.0488806800   0.0288086151  -0.0284860084
 4 10  -0.0030863240   0.0070066385  -0.0026301276  -0.0065464190   0.0249435331
 4 11   0.0310799297  -0.0019985227  -0.0247190510   0.0124117897  -0.0001089260
 4 12   0.0000436661   0.0022555497  -0.0002461902   0.0000449770  -0.0005969929
 5  1   0.0169834911   0.1380363483  -0.0281840343   0.1962442588  -0.0713114894
 5  2   0.0007139973   0.1137624022  -0.1232010718   0.0113609904   0.0200184014
 5  3  -0.0931309321  -0.0267841203   0.0991820088   0.0004299435  -0.0094790565
 5  4  -0.0231926983   0.0572734728  -0.1554379503   0.0231478005   0.0208329063
 5  5  -0.0157031139  -0.0001924835   0.0180329014  -0.0395022706  -0.0014373487
 5  6  -0.0432964253   0.0150774106  -0.0618616786   0.0031361274  -0.0209153301
 5  7  -0.1014274797  -0.0195589832  -0.0280084719  -0.1660783707  -0.1238170607
 5  8  -0.0366646443   0.0010237958   0.0441021315  -0.0658974111   0.0548127763
 5  9   0.1225959066  -0.0648072760   0.0080521549   0.0555447861   0.0547494399
 5 10  -0.0082756024  -0.0019870592   0.0137083892  -0.0034938326   0.0065748420
 5 11   0.0567138969   0.0038044272   0.0458524196  -0.0241664952  -0.0001020611
 5 12  -0.0001165917   0.0003815945   0.0014421110   0.0000019392  -0.0003067480
 6  1  -0.1849826156   0.0902696404  -0.0417820400  -0.0792626962  -0.0429407501
 6  2   0.0321396490  -0.0544598774   0.0071535651   0.0415097159   0.1132176741
 6  3  -0.1937986246   0.0073385070  -0.0502121297   0.0416279275  -0.0601629777
 6  4   0.1638085901  -0.0037760061   0.0863948698  -0.0632944025  -0.0459241552
 6  5   0.0482599702   0.0020713161  -0.0053083555   0.0601257338   0.0035129307
 6  6   0.0379591568   0.0080691098   0.0122916126   0.1805118576   0.0604518205
 6  7   0.1054794594   0.0335830396  -0.0180779477  -0.1161673104  -0.0797194707
 6  8  -0.0522332598  -0.0069026315  -0.0013336792   0.0310659367  -0.0377675300
 6  9  -0.0405882207  -0.0560390864  -0.0138649737  -0.0157652328   0.1105700604
 6 10   0.0100099600  -0.0142839896   0.0095724878   0.0030393525   0.0106093220
 6 11   0.0146843977  -0.0035416128  -0.0533878049   0.0266795721   0.0000284006
 6 12   0.0000988775   0.0020107016  -0.0015479468   0.0000248091  -0.0001284908
 7  1   0.0608937055   0.1215364985   0.0165783475  -0.0338607999   0.1683243129
 7  2  -0.0310074040   0.0239205505   0.0398295449  -0.0425420107   0.0119794149
 7  3   0.1224924852  -0.0127675162  -0.0000904185  -0.0092841327  -0.0328512626
 7  4  -0.0853307242   0.0102357845  -0.0584883387  -0.0980315793  -0.0417310718
 7  5  -0.0612656562   0.0051326528   0.1436907344   0.2351682305  -0.0066857478
 7  6  -0.0593303086   0.0537026209   0.1090330616   0.0161818449  -0.0406243180
 7  7   0.0368794146   0.0838997907  -0.0222542241  -0.0212421493  -0.0169536006
 7  8  -0.0365628942  -0.0031037823   0.0553090415  -0.0178107433   0.0525191401
 7  9   0.0068498531   0.1030094713  -0.1234947274  -0.1179835661   0.0088492729
 7 10  -0.0017884492  -0.0330128399   0.0517469033  -0.0959680187  -0.0046282472
 7 11   0.0131538468   0.0117631140   0.0106158618   0.0229243853   0.0000058414
 7 12  -0.0001140652  -0.0002039715  -0.0000310871   0.0001435526   0.0000333831
 8  1  -0.0268965570   0.0042777485  -0.1080841678   0.1853871046   0.0544708547
 8  2   0.1352410886  -0.0224182905  -0.1807596088   0.1780870681  -0.1080986058
 8  3   0.0422212854   0.0056356592   0.0425400821   0.0394492504   0.1524160305
 8  4   0.1028577849  -0.0051772273  -0.0148482096  -0.0438460636   0.0185067620
 8  5  -0.0457016577   0.0020914869   0.0474423997   0.0202421501  -0.0092484291
 8  6  -0.0733660123  -0.0002778442  -0.1637033113  -0.0177992467  -0.0002655475
 8  7   0.1299444366   0.0792637395   0.0084501551   0.0255414974   0.0263023771
 8  8  -0.0470599066   0.0062961639  -0.0167704225   0.0405622733   0.0261055400
 8  9  -0.0482756274   0.0352972634  -0.0019519017  -0.0099060579  -0.0134121018
 8 10  -0.0034048813  -0.0109535117   0.0450638944  -0.0540538618  -0.0018400368
 8 11  -0.0004874687   0.0337644740  -0.0392889003  -0.0736177861  -0.0005173371
 8 12  -0.0002727155  -0.0001348961  -0.0001712456  -0.0000817240  -0.0000205364
 9  1  -0.1015100303   0.1267634828  -0.0563735069  -0.1080292958  -0.0622538704
 9  2   0.0370606223  -0.0253110639   0.0211265353   0.0548068011   0.2073191474
 9  3  -0.0722064568   0.0154955619  -0.0156947905   0.0098941534  -0.0606826064
 9  4   0.0942321163  -0.0426080253   0.0679039391  -0.1383126277   0.0633954898
 9  5  -0.0229889721   0.0085555905   0.1629119403  -0.0510374857  -0.0013578048
 9  6  -0.0473173921   0.0039319193  -0.0914934269  -0.1364398787  -0.0856258141
 9  7  -0.1277784770  -0.0038106380  -0.0065877457   0.0691258970   0.0453144127
 9  8   0.0404389103   0.0044417505   0.0564549511   0.0002011711  -0.0293257743
 9  9   0.0356703807  -0.0318894713   0.0194995994  -0.0275784032  -0.0156873310
 9 10   0.0258303178  -0.0738574958   0.0315180204  -0.0174569337   0.0036076026
 9 11  -0.0107621586   0.0589803445   0.0099155281   0.0296360664   0.0005084225
 9 12   0.0000016114  -0.0000334339   0.0003346610   0.0001761567   0.0000215591
10  1   0.0271506657   0.1187273772   0.0542614957  -0.0114210291   0.1639404209
10  2  -0.0233650328   0.0218259359   0.0114223881  -0.0258883554   0.0019494846
10  3   0.0986106077  -0.0439529001   0.0796808073   0.0743532310  -0.0227015796
10  4   0.0405821017   0.0390218648   0.0128333708  -0.0137223902  -0.0269398599
10  5   0.0628218283  -0.0047619665   0.1304000193   0.0880608293  -0.0024295051
10  6  -0.0536401628   0.0448408325  -0.0145021228  -0.0595701311   0.0021901642
10  7   0.0404758747  -0.0516098753   0.0410025800  -0.0120049512  -0.0045705931
10  8   0.0273135621   0.0135404492  -0.1509349225  -0.0319837542  -0.0314447250
10  9  -0.0205571961   0.0308711882   0.0160170719   0.2084501227   0.0234649170
10 10  -0.0165266387  -0.0090712376  -0.0320967412   0.3281900770  -0.0006748996
10 11  -0.0080080580  -0.0000502439  -0.0003174917  -0.0002350758   0.0031587412
10 12   0.0021380901  -0.0000318780  -0.0001271614  -0.0017497532   0.0000233900
11  1  -0.0152209249   0.0041433302  -0.2010917248   0.1490733179   0.0575857866
11  2   0.0503697319  -0.0336503837  -0.0768788163   0.1153613256  -0.0339222764
11  3   0.0939779016   0.0643241866  -0.1301073326  -0.0707919965  -0.1058533739
11  4  -0.0025895630  -0.0496761773  -0.0054450604  -0.0315050801   0.0285400675
11  5  -0.1012378998   0.0094226436  -0.0619955048   0.0164051164  -0.0022418426
11  6   0.0059523076  -0.0245758055   0.0232765461   0.0172067004   0.1302994760
11  7   0.0080299818  -0.0676461949   0.0405887439   0.0151425714  -0.0218199112
11  8  -0.0278743694  -0.0137269872   0.0120856363  -0.0861279236  -0.0040995665
11  9   0.0124621924  -0.0213894202  -0.0264818590  -0.1176711176  -0.0132286038
11 10   0.1248807848  -0.0450738181  -0.1371731281   0.2417449298  -0.0007234851
11 11  -0.0018150452   0.0000674829  -0.0007076542  -0.0012604161   0.0044189591
11 12  -0.0000170278  -0.0000131276   0.0000134830   0.0007930166   0.0000207823
12  1  -0.0079459906   0.1357008776  -0.0778779596  -0.1406250816  -0.0517563511
12  2   0.1011980009  -0.0068124677   0.0014812560   0.0756056227   0.1610937995
12  3   0.0812867660   0.0423580368  -0.0356227529  -0.1109794549   0.1088934885
12  4  -0.0566296565  -0.0692609352  -0.0468027297  -0.0388168136   0.0414831103
12  5  -0.1677988190   0.0146692492  -0.1138590061   0.0167522338  -0.0048975086
12  6   0.0118345665  -0.0389079126   0.0583740084   0.0467475809  -0.0563771806
12  7  -0.0252365805  -0.0140632611  -0.0200908501  -0.0557699414  -0.0243397567
12  8   0.0520365458   0.0025350597  -0.1050143378   0.0195965998   0.0086723720
12  9  -0.0413485588   0.0487567273   0.0060678349   0.1685844116   0.0181606343
12 10  -0.0831211867   0.0117654558   0.0749545115   0.0250128593   0.0007632519
12 11   0.0029031445   0.0001547970   0.0000366500   0.0005729928  -0.0010978073
12 12   0.0012146698   0.0000200144  -0.0000136812  -0.0014586455  -0.0000190134
13  1   0.0550489565   0.1621503246   0.1288944479   0.0059458143   0.1256334471
13  2  -0.0003317125   0.0461092711  -0.0296885187   0.1459980513  -0.0864045663
13  3   0.1371573376  -0.0172296464   0.0153537995   0.0614455827  -0.1198074355
13  4   0.0840253544   0.0019137811   0.0479005827   0.0232918088   0.0308869443
13  5  -0.0209244998   0.0636972852  -0.0417873395  -0.0246076854   0.0007436859
13  6  -0.0272715625  -0.0642192414   0.0292841256   0.0153237409  -0.0965087805
13  7   0.0108823925  -0.0949901150  -0.1456022805  -0.0537517610   0.1004335931
13  8  -0.0028437117   0.0013287502  -0.1322827928  -0.0781274122  -0.0436139684
13  9   0.0027487212  -0.0499776709   0.0274899536  -0.0705763397  -0.0082487936
13 10  -0.0705778809  -0.0040990717  -0.0202383168  -0.1835226835   0.0003707222
13 11   0.0024102944  -0.0005670688   0.0000664221  -0.0000678846   0.0184139604
13 12   0.0070281637  -0.0000006678  -0.0000162236   0.0004782138   0.0000031412
14  1  -0.0281441528  -0.0446376323  -0.2546490897   0.1355745631   0.1042431446
14  2   0.0770940019  -0.0479046534  -0.0878099155  -0.0568460804   0.0041533911
14  3   0.0773185657   0.0458789938  -0.0886442355  -0.0477062271  -0.0877465731
14  4  -0.0100386726  -0.0068444472   0.0001109782   0.0048472026  -0.0277248240
14  5   0.0552906484  -0.0741261624   0.0561626362   0.0393324471  -0.0013202147
14  6   0.0239924446   0.0915416635   0.0013972809  -0.0612924834   0.1062396002
14  7   0.0117332825  -0.1977928727   0.0358524534   0.0129097832  -0.1000714614
14  8   0.0576608976   0.0108566237  -0.0460478542   0.0127110962  -0.0215940650
14  9  -0.0246171575  -0.0175158535   0.0346370358   0.0162538520   0.0002478475
14 10  -0.1286885536   0.0146055226   0.0492137590  -0.2059945690   0.0006954576
14 11   0.0034179213   0.0000432744   0.0001385138   0.0004633177  -0.0667066495
14 12  -0.0178788490   0.0000062645   0.0000212535   0.0010459663   0.0000008877
15  1   0.0116584585   0.0617943685  -0.0945890477  -0.1482879255   0.0266422058
15  2   0.2535954272   0.0010358052  -0.1401908544  -0.1410989769   0.0828409852
15  3   0.0732494870   0.0364319512  -0.0394296033  -0.0780841684   0.0436756097
15  4  -0.0503537548  -0.0007110712  -0.0305122066   0.0571029331  -0.0458964529
15  5   0.0970471520  -0.1222157924  -0.0031712254  -0.0327157988  -0.0001212581
15  6   0.0800165904   0.1099799703  -0.0432288105   0.0126141592  -0.1334048622
15  7   0.0060851075   0.0807960852  -0.0968302837  -0.0318377511   0.1218418960
15  8  -0.0376422369  -0.0052426890  -0.0409896469  -0.0489101390  -0.0118659661
15  9   0.0168327223  -0.0176341586  -0.0044466525  -0.0451498383  -0.0055091670
15 10   0.0422609753  -0.0117664497  -0.0431731801   0.0325046540  -0.0000520732
15 11  -0.0000792022  -0.0001860234  -0.0001142229  -0.0004812804   0.0518309688
15 12   0.0150274428   0.0000004528   0.0000023002  -0.0004204899   0.0000082844
16  1   0.0010804607   0.1375019940   0.1372864062   0.0242210402   0.1391848718
16  2  -0.0025025711   0.0217899906  -0.0553765279   0.1751398561   0.0199444796
16  3   0.1695248565   0.0119005385  -0.0228390845  -0.0088624385  -0.0767893492
16  4   0.0372985733  -0.0023581083   0.0262125488   0.0642311810  -0.0012874382
16  5   0.0483630042  -0.1199690799  -0.0531910720  -0.0737688341  -0.0117689134
16  6   0.0357951712  -0.0058745756   0.0051306874   0.0512438945  -0.2914060246
16  7  -0.0038580971   0.0160120095   0.1250679519   0.0261792502  -0.0694381315
16  8   0.0157026659  -0.0009726186   0.1301013684   0.0166575680   0.0127016042
16  9  -0.0267698036   0.0279367563  -0.0045098605   0.0411641431   0.0029053067
16 10   0.0381394503   0.0172005347   0.0434020034   0.0047280637   0.0000118942
16 11  -0.0005682205   0.0001728233   0.0000662768   0.0002158116  -0.0002803408
16 12  -0.0003425656  -0.0000088716   0.0000076492  -0.0001769571  -0.0000099602
17  1  -0.0077503447  -0.0196480110  -0.3364242329   0.0998252240   0.0838536407
17  2  -0.0364992736  -0.0505313642   0.0715087520  -0.1492890236   0.0282008809
17  3   0.0329560284  -0.0229380821   0.0529115521   0.0377442647   0.0052110193
17  4   0.0333743840   0.0077843392   0.0164522324   0.0165967355   0.0138720006
17  5  -0.0031119853   0.1351480744  -0.0270556498  -0.0204789938   0.0173784864
17  6   0.0006402499  -0.0162089923   0.0066675824   0.0400607452  -0.2811627884
17  7   0.0207392225  -0.0355948913   0.0336739118  -0.0255753713   0.0085707460
17  8   0.0240302491   0.0058518305  -0.0760441136   0.0634129522   0.0163685010
17  9   0.0555793346  -0.0364421302  -0.0049855493  -0.1267544735  -0.0136725021
17 10   0.0663068887   0.0428934855   0.0981587139   0.0823324865  -0.0001954316
17 11  -0.0004486831  -0.0000590225  -0.0000178613   0.0002012971   0.0003695859
17 12  -0.0014712405   0.0000005667  -0.0000034526   0.0009973254  -0.0000121372
18  1   0.1103072452   0.1071570430  -0.1114736037  -0.1822600407   0.0015715142
18  2   0.2553147748   0.0453450999  -0.0908002875  -0.1927361407  -0.1142029857
18  3   0.0195038934  -0.0146579591   0.0215063168   0.0499445337  -0.0632403296
18  4   0.0438935300   0.0090436875   0.0263297190   0.0137631334   0.0220663565
18  5  -0.0095538935   0.2152157807  -0.0342464044  -0.0225487725   0.0296357006
18  6  -0.0008604657  -0.0250886680   0.0011866005   0.0035759641   0.0195620091
18  7  -0.0141441075   0.0312129270   0.0460833617   0.0325354727  -0.0415760193
18  8  -0.0075388013  -0.0035602355   0.1193058776  -0.0299197146  -0.0045839998
18  9  -0.0485474949   0.0373914022   0.0017651004   0.1031792993   0.0101093911
18 10  -0.0213137824  -0.0182795793  -0.0378722004  -0.0498129712   0.0002333510
18 11  -0.0008267392   0.0001223743   0.0000198983   0.0000046656  -0.0003903094
18 12   0.0007455615   0.0000045115   0.0000012216  -0.0007234787   0.0000036441
19  1  -0.0590973860   0.0796325968   0.0684351628   0.0180437881   0.1852950415
19  2  -0.0266228097  -0.0166264582  -0.0323473295   0.0237571385   0.1768122939
19  3   0.1639093890  -0.0076262826   0.0431172598  -0.0140735404   0.0356546287
19  4   0.0081253008   0.0257049879   0.0135891260   0.0628424742  -0.0009573412
19  5   0.0359413365   0.0922913239  -0.0587384563  -0.0407332518   0.0756134627
19  6   0.0167729560  -0.0031400442  -0.0225886252  -0.0154287708   0.2227275408
19  7  -0.0201960693   0.0880965486   0.1149556720  -0.0800788363   0.0748738273
19  8   0.0290909536   0.0039041693   0.0128429759   0.0723184349   0.0251744916
19  9   0.0482675038  -0.0186032540  -0.0167607198  -0.1090609557  -0.0057538843
19 10  -0.1612860268  -0.0486062504  -0.0625491678   0.0114965464  -0.0000904338
19 11  -0.0007173010   0.0001017112   0.0000079295  -0.0002015077   0.0169353868
19 12  -0.0641514002  -0.0000009010   0.0000096628   0.0030923218  -0.0000021045
20  1   0.0173675955   0.0439424792  -0.3321916334   0.0918009692   0.0251406502
20  2  -0.1313310738  -0.0381158924   0.1796278572  -0.0358095677   0.0010122564
20  3   0.0216536772  -0.0356636944   0.0701483753   0.0436572788   0.0313102930
20  4   0.0382675689  -0.0201002845  -0.0004658157   0.0116218979   0.0076908507
20  5  -0.0108420001  -0.1125504174  -0.0261444644  -0.0330114539  -0.0839834598
20  6   0.0101433709  -0.0170853652  -0.0011878229   0.0262327709  -0.0841175401
20  7   0.0137922560  -0.0140592046  -0.0186848853  -0.0372343756   0.0730932047
20  8  -0.0073074779  -0.0051411303   0.0826356403   0.0193329105   0.0175788061
20  9  -0.0122025996   0.0450350681  -0.0178993251   0.1164490622   0.0162755631
20 10  -0.0862958941  -0.0891332480  -0.2011514433  -0.0867097874   0.0004743450
20 11  -0.0004587473   0.0001569151   0.0000682992  -0.0001984628  -0.0058482206
20 12   0.0276197213  -0.0000091465   0.0000030191   0.0000435511  -0.0000089699
21  1   0.1498013956   0.2074447666  -0.1050057264  -0.1949579768  -0.0910473158
21  2   0.1054046357   0.0649757385   0.0795926455  -0.0151986335  -0.1559745882
21  3   0.0011469477  -0.0345569454   0.0491586264   0.0601636893  -0.0254952050
21  4   0.0530785409  -0.0364165978   0.0009596295   0.0028816529   0.0122150900
21  5  -0.0203768091  -0.1757164214  -0.0193129256  -0.0306364214  -0.1334674029
21  6   0.0079936516  -0.0189059427   0.0055223743  -0.0162948498   0.1802838517
21  7  -0.0234877670   0.0552484352   0.0750409077  -0.0223496421  -0.0064669080
21  8   0.0209128193   0.0046858268  -0.0451559621   0.0266074406   0.0037004394
21  9   0.0336668482  -0.0380279336   0.0020044568  -0.1328646543  -0.0132548700
21 10  -0.0326385126   0.0299377381   0.0928385822   0.0607800179  -0.0003294974
21 11  -0.0000153136  -0.0000248601   0.0000075023  -0.0000243081   0.0128053772
21 12  -0.0519749421   0.0000017526   0.0000137673   0.0016415329  -0.0000095200
22  1  -0.0460333842   0.0661954854   0.0164603999  -0.0033378976   0.2018107213
22  2  -0.0399544783  -0.0199969160   0.0063411156  -0.1073623865   0.1725170923
22  3   0.1292390169  -0.0480524716   0.1260320086   0.0637858224   0.0432793430
22  4   0.0565352473  -0.0680061858  -0.0250376885   0.0354918218   0.0116857799
22  5  -0.0190697049  -0.0351981608  -0.0643246024  -0.0336709628  -0.0139144221
22  6   0.0146810934  -0.0078709240  -0.0123768139  -0.0133003840   0.1803043052
22  7  -0.0078669466   0.0012997795  -0.0425384414   0.0796915443  -0.0903457803
22  8  -0.0302210098  -0.0026504164  -0.0406424349  -0.0187217447  -0.0011021627
22  9  -0.0018105332  -0.0006235074   0.0047255713   0.0332514058  -0.0021112513
22 10   0.2147482379   0.0293076128  -0.0107082119  -0.1376572653   0.0000018527
22 11   0.0011734611  -0.0002395221  -0.0002103884  -0.0002262313  -0.0013454089
22 12   0.0015688798  -0.0000059144   0.0000263749  -0.0165384582  -0.0000135020
23  1   0.0139320508   0.0605250400  -0.2519109447   0.1206396672   0.0072836796
23  2  -0.0836322141  -0.0257717800   0.0991850941   0.1319762888  -0.0372294285
23  3   0.0630904344   0.0250674464  -0.0638988859  -0.0473359211  -0.0479796962
23  4  -0.0105617668   0.0826737383   0.0572015557   0.0322624405  -0.0059261716
23  5   0.0610991856   0.0377177083   0.0074436770  -0.0321764531   0.0203829724
23  6   0.0135823505  -0.0022124978   0.0212071263  -0.0238316736   0.0975955627
23  7  -0.0936052611   0.2608849777  -0.0712100488   0.0257459063  -0.0160044073
23  8  -0.0121227088   0.0032449455  -0.0288307765  -0.0317990698  -0.0148255317
23  9  -0.0323932682   0.0179326995   0.0128436176   0.0756280304   0.0058038968
23 10   0.0117733502   0.0312556566   0.0734912595  -0.0048318220   0.0000322805
23 11  -0.0007434337  -0.0000226288  -0.0000244166   0.0003197346   0.0004987450
23 12   0.0001806178  -0.0000045077   0.0000536600  -0.0658323902  -0.0000071720
24  1   0.0814100193   0.2284359711  -0.0848537509  -0.1708292507  -0.1263971222
24  2   0.0080511282   0.0381438466   0.1462319919   0.1610138269   0.0079509254
24  3   0.0409060113   0.0065370719  -0.0094688065  -0.0784279393   0.1105313581
24  4  -0.0680697293   0.1417677652   0.0394942753   0.0294376957  -0.0217885924
24  5   0.0581542886   0.0582726029   0.0236908541   0.0157292563   0.0258527993
24  6  -0.0172765629   0.0042618210  -0.0295176198  -0.0039928998   0.0349566872
24  7   0.0604513375  -0.1619623662   0.0239583773   0.0310280406  -0.0343451115
24  8  -0.0119307500  -0.0029210052  -0.0037085004   0.0106263193   0.0078981808
24  9   0.0223111844  -0.0123542066  -0.0049915491  -0.0288872632  -0.0042853732
24 10   0.1089944929  -0.0021261654  -0.0524614440  -0.0726798664   0.0000660593
24 11   0.0012443676  -0.0003268221   0.0000658426  -0.0002478150  -0.0010468835
24 12   0.0007044710   0.0000232263  -0.0000156265   0.0316367601  -0.0000051448
25  1   0.0105868329   0.0812926667  -0.0200449542  -0.0319167374   0.1985733170
25  2  -0.0453628260   0.0149725474  -0.0308563524   0.0053634832  -0.0401355661
25  3  -0.1335342617  -0.0054587177  -0.0863472330   0.0291028230   0.0346198410
25  4  -0.0888585117   0.0078025210  -0.0351147992  -0.1205767533  -0.0369220231
25  5   0.0005403320   0.0044379151   0.0262993246  -0.2092114665   0.0109478016
25  6   0.0379031465  -0.0068049234   0.0232905807   0.0498228053   0.0277183341
25  7   0.0327320813  -0.0046039647  -0.0101796169  -0.0122115407  -0.0142587487
25  8   0.0054471924   0.1429370413   0.0061637932  -0.0069910205  -0.0311563401
25  9   0.0608142167   0.1834457735   0.1481317212  -0.0631928388   0.0203557286
25 10   0.0061104149   0.0001477581  -0.0099258603   0.0060489017  -0.0059243815
25 11  -0.1715240899   0.0002911174   0.0000545772   0.0001780929   0.0000118209
25 12   0.0000053002  -0.0001286495  -0.0000893428   0.0000311855   0.0026738232
26  1   0.0007821997   0.1251711281   0.0591283460   0.2323115721  -0.0622685479
26  2   0.1005533357   0.0061704444   0.0267948034  -0.0308149592   0.0164934893
26  3  -0.0536322029  -0.0097445224   0.0968784266  -0.0135962392  -0.0131052129
26  4  -0.1052767600  -0.0306380251   0.0921898448  -0.0488864239  -0.0722374945
26  5   0.0051494405   0.0018245691  -0.0636628079  -0.0407272975  -0.0015064969
26  6  -0.0328194389   0.0123380509   0.0247364208  -0.0449151572  -0.0085697746
26  7   0.0177500709   0.0047843340   0.0032509204   0.0048247771   0.0046845480
26  8  -0.0009634682  -0.0511254638  -0.0043812471   0.0015335099   0.0156258031
26  9  -0.0238105285  -0.0619907209  -0.0472019405   0.0168305588   0.0035509739
26 10  -0.0023406644   0.0006980430   0.0037356237  -0.0061097907  -0.0003476293
26 11  -0.6831288409   0.0008522268   0.0017758885  -0.0015411674  -0.0000067618
26 12   0.0000020772  -0.0001650853   0.0000020941   0.0000931350   0.0003056996
27  1  -0.2665979893   0.0996530743  -0.0202568417  -0.0506407220  -0.0693723308
27  2  -0.0553095807  -0.0065065170  -0.0417241455  -0.0348394781  -0.0309662226
27  3  -0.0593106105  -0.0030842838  -0.0725683514   0.0155904220  -0.0049839807
27  4   0.0693531524   0.0099732319   0.0264027054   0.0888551535  -0.1124264081
27  5  -0.0085297111  -0.0043774489  -0.2130758117   0.2301448563  -0.0219058012
27  6  -0.1272055917   0.0304849027  -0.0250745691  -0.0778988948  -0.0440599754
27  7  -0.0702317902  -0.0042979144   0.0058489110   0.0309332386   0.0236735452
27  8   0.0033862538   0.0503101329   0.0071920765  -0.0158331834   0.0296974132
27  9   0.0310201571   0.0949688700   0.0924077928  -0.0378840457   0.0027778662
27 10   0.0013852954  -0.0002227131  -0.0056727631   0.0010770274  -0.0012043505
27 11  -0.0326062630   0.0006305661  -0.0007670782   0.0006184048   0.0000612179
27 12   0.0000026411   0.0002134232   0.0000236372   0.0000168229   0.0013088195
28  1   0.0094703581   0.0477762626  -0.1048271884  -0.0603847278   0.2325275953
28  2  -0.0689793828   0.2487739075  -0.1031278657   0.0675214444  -0.0056058076
28  3  -0.3071336617   0.0053722552   0.0829145259  -0.0237098705   0.0112494580
28  4  -0.1603747097  -0.0675283565   0.1346283845   0.0743174585   0.0666812521
28  5   0.0136785233  -0.0026643169  -0.0054364140   0.0703336853  -0.0030969941
28  6  -0.0058106628   0.0007037106  -0.0025886683  -0.0062092698  -0.0020486859
28  7   0.0008430714   0.0009584014   0.0031570517   0.0124464453   0.0093285844
28  8   0.0018432153  -0.0170068876  -0.0027370345   0.0041582124  -0.0017160807
28  9  -0.0114344472  -0.0202962992  -0.0205699324   0.0077745827  -0.0072907413
28 10  -0.0005466813  -0.0004025011   0.0009005929   0.0003276985   0.0006450099
28 11   0.0888910083  -0.0000100092  -0.0001139418  -0.0000685142   0.0000008992
28 12  -0.0000035675   0.0000777222   0.0000088338  -0.0000127072  -0.0003175312
29  1   0.0004259657   0.1289924109   0.0741754564   0.2376083056  -0.0662724652
29  2   0.1083865926  -0.0312994210   0.0433598939  -0.0405099415   0.0127149499
29  3  -0.0273409485  -0.0132455237   0.0606060905  -0.0022992349  -0.0085219531
29  4  -0.0964644540  -0.0227307403   0.0774362468  -0.0899372003  -0.1040422219
29  5   0.0045264335   0.0038268250  -0.0753210932  -0.0994110654   0.0003854706
29  6  -0.0332436142   0.0119552107   0.0311971981  -0.0523715846  -0.0061649960
29  7   0.0296131098   0.0063246813   0.0041316466   0.0001543453   0.0012672656
29  8  -0.0046336923  -0.0909765782  -0.0043056793   0.0182294399  -0.0475681427
29  9   0.0043235026   0.0427676652   0.0096529557  -0.0089654885  -0.0148452350
29 10   0.0017528282  -0.0004645683  -0.0018803007   0.0040289595   0.0002519376
29 11   0.4312975174  -0.0004917794  -0.0006565374   0.0006415560   0.0000030889
29 12   0.0000009894   0.0001684608  -0.0000021074  -0.0000554019   0.0007755867
30  1  -0.2414838654   0.1994345037  -0.0103442140  -0.0583194183  -0.1644766591
30  2  -0.2166675249  -0.2433887281  -0.1836365704  -0.0931838445  -0.1293352830
30  3   0.1223336946   0.0079941249   0.0572727789   0.0043872166   0.0120515812
30  4  -0.1244642968  -0.0322707408   0.0542566285   0.0229273469   0.0493789800
30  5  -0.0106094940   0.0019897298   0.0852843853  -0.0447838680   0.0058293980
30  6   0.0345083294  -0.0075506096   0.0064864859   0.0221367489   0.0112508654
30  7   0.0189757495   0.0016503537  -0.0014232870  -0.0028766996  -0.0027894281
30  8   0.0005206446   0.0019254318  -0.0012976574   0.0025505302  -0.0048941542
30  9  -0.0058990719  -0.0126826568  -0.0144482950   0.0044540606  -0.0001612530
30 10   0.0000216910  -0.0000521266   0.0007046607  -0.0001858628   0.0002075319
30 11   0.0145765517  -0.0002073503   0.0001910102  -0.0000424225  -0.0000062737
30 12   0.0000009223  -0.0000560877  -0.0000243312  -0.0000010982  -0.0001906093
31  1   0.0529617189   0.1254251477   0.0371452424  -0.0246102811   0.1626528124
31  2  -0.0259622397  -0.2694346344   0.0073538674  -0.0228130701  -0.0153321839
31  3  -0.1848676085  -0.0082994680  -0.2696110761   0.0661943887   0.0562927977
31  4   0.0027040307   0.0195845713  -0.0818773775   0.0199635992   0.0596662557
31  5   0.0158041650  -0.0022975149  -0.0584671179  -0.0622535737  -0.0015707627
31  6  -0.0526059333   0.0196839226   0.0432917238  -0.1032211898  -0.0227633468
31  7   0.0230347107   0.0063878316   0.0033173736  -0.0059433848  -0.0027748820
31  8  -0.0062766839  -0.0651278294  -0.0023138087  -0.0002520513   0.0130713583
31  9  -0.0183915816  -0.0643385272  -0.0513889040   0.0225717208  -0.0033889398
31 10  -0.0026003428   0.0000870137   0.0031539943  -0.0013541398   0.0008869319
31 11   0.0059427126  -0.0001348182   0.0002322441  -0.0002676261  -0.0000145526
31 12  -0.0000082537  -0.0001504160  -0.0000576804   0.0000082079   0.0493141397
32  1  -0.0144096962   0.1055695903   0.1168907880   0.2578601265  -0.0460700731
32  2   0.1838173946  -0.0545827071   0.1443454584  -0.0538916432   0.0224961052
32  3  -0.0113285675  -0.0215975207  -0.1167098994   0.0425468933   0.0235682703
32  4  -0.0756702125  -0.0367622520   0.0650369331   0.0803928311   0.0800226162
32  5  -0.0000655324  -0.0021657636   0.0600971171   0.0986893532  -0.0008431589
32  6   0.0335794354  -0.0120386597  -0.0366168244   0.0863809328   0.0184496163
32  7  -0.0242538385  -0.0075680819  -0.0029322804   0.0231727701   0.0142617555
32  8   0.0129733884   0.1758335055   0.0045867416  -0.0126956378   0.0252662861
32  9  -0.0006118525  -0.0125605591   0.0002635145   0.0033698144   0.0006229542
32 10   0.0000998585  -0.0000103446  -0.0007815126   0.0012313759  -0.0004274005
32 11   0.0697500818  -0.0000626434  -0.0002254520   0.0002665587   0.0000084252
32 12   0.0000009248   0.0000416465  -0.0000442788  -0.0000116176   0.0278954970
33  1  -0.3683957028  -0.0133282796  -0.0134910095  -0.0163116262   0.0230359277
33  2   0.0642555362   0.3814888464   0.1093613370  -0.0267383599  -0.0655851204
33  3   0.0932468983  -0.0114386668  -0.1443271946   0.0503667685   0.0305026420
33  4  -0.0176798252   0.0057409184  -0.0352754443   0.0365367113  -0.0163719181
33  5  -0.0448686174   0.0035738297   0.0678217873  -0.1212681191   0.0054694169
33  6   0.0013112285   0.0045208349   0.0316752991  -0.0413165212  -0.0035767810
33  7   0.0282904837   0.0048881421   0.0006264303  -0.0090902884  -0.0060019101
33  8  -0.0046633387  -0.0434023535  -0.0021106370   0.0019915735   0.0010692762
33  9  -0.0094599544  -0.0311536914  -0.0271798843   0.0113412619  -0.0007513283
33 10  -0.0011467490  -0.0000978842   0.0020775900  -0.0010019058  -0.0001244962
33 11  -0.0028300251  -0.0001770164   0.0000305064  -0.0002343698  -0.0000174423
33 12  -0.0000035778  -0.0000423406  -0.0000280683   0.0000048066   0.0237123111
34  1  -0.0192777678   0.1401761577   0.1712672371   0.0415779413   0.1320825909
34  2   0.0052284352  -0.0072485874   0.2957018387  -0.1638857912  -0.0555155977
34  3  -0.0883199001   0.7482556179   0.4219436809   0.3110019210   0.0455810758
34  4   0.0586233279   0.0639546373  -0.0890478294   0.1118151431   0.0948243186
34  5  -0.0269961211  -0.0078833349   0.0257487575  -0.2205083089  -0.0090568532
34  6  -0.3873958339   0.2180265292   0.0712613037   0.4070418812   0.0991044067
34  7  -0.1078213808  -0.0255006759   0.0108075271   0.0855017957   0.0577988816
34  8   0.0349218700  -0.0584979935  -0.0021020368   0.0083433469   0.0081168613
34  9  -0.0102183091  -0.0273928022   0.0399627113   0.0026758267   0.0006841176
34 10   0.0055087110  -0.0173342868   0.0051407359  -0.0011676285  -0.4334890966
34 11   0.0250651845  -0.0012616259  -0.0099766986   0.0021342678  -0.0004136035
34 12  -0.0001411251  -0.1900989250   0.2245610234   0.0004154913  -0.0005532087
35  1   0.0148082591   0.1426299409   0.0037564050   0.2080229872  -0.0765701132
35  2   0.0228019085   0.1010477050  -0.0556430424  -0.0084690762   0.0198987859
35  3  -0.1121232532   0.1363723834   0.2659766991   0.0552407352  -0.0229538526
35  4  -0.0261051310   0.1071731670  -0.3001105190   0.1343873319   0.1224123337
35  5  -0.0412776850  -0.0046349045   0.0542431731  -0.2135332438  -0.0003492079
35  6  -0.2651628994   0.1742745869   0.1923977111   0.2408949404   0.0421576207
35  7  -0.3319065114  -0.1586755054   0.1303237675   0.2404038032   0.2403222480
35  8  -0.1649507319   0.0299573595  -0.1161531957   0.1699240531  -0.1219219188
35  9  -0.2896620541   0.0570646763   0.0086728413  -0.1825006071   0.2554612223
35 10   0.0300191397  -0.0137177029  -0.0082954918   0.0078181346   0.2808817931
35 11   0.0116143290   0.0026029376   0.0094720071  -0.0021000855  -0.0003363314
35 12  -0.0001040362   0.4766843873  -0.4693961541  -0.0004372516   0.0019060632
36  1  -0.2932769586  -0.1061836197  -0.0468673801  -0.0435811118   0.1320489880
36  2   0.2991786035  -0.3006253106   0.0774592894   0.2094243756  -0.0926597064
36  3  -0.1253950129  -0.1593501766   0.3227501257  -0.1172460031  -0.0997172265
36  4  -0.1487419291   0.0728813701  -0.2439066064   0.0975273641   0.0808613693
36  5  -0.0378489887  -0.0031152427   0.0382077523  -0.1285033610   0.0004095780
36  6  -0.1273253032   0.0818767940   0.1101293311   0.0464296222  -0.0107043986
36  7  -0.2698239725  -0.1301422878   0.0977674304   0.0961615259   0.1299241235
36  8  -0.1846902492   0.0664061650  -0.0854938164   0.1290383279  -0.1095374783
36  9  -0.2056454337   0.0619320781  -0.0144929524  -0.1314585133   0.1655969241
36 10   0.0163396355   0.0023538977  -0.0118021530   0.0081412019   0.4968083844
36 11  -0.0033139105  -0.0005205419  -0.0153829986   0.0107807310   0.0003461782
36 12   0.0001538617  -0.4870063744   0.4729127989   0.0004543308  -0.0016884739
37  1  -0.1375944973   0.0679787765   0.1429226108   0.0657722051   0.1803191224
37  2  -0.0124998836  -0.0580291437   0.0832292950  -0.1599394621  -0.2246472179
37  3  -0.1102106469  -0.3542541715  -0.0197390986  -0.7028556881  -0.0158520282
37  4   0.3556880267  -0.0717223571   0.0515774612   0.0257648044   0.1435186908
37  5  -0.0052356836   0.0163920800   0.0782402635  -0.2591629618  -0.0062136226
37  6  -0.3374389355   0.2022919977   0.0361019010   0.3477128538   0.0900565098
37  7  -0.0148647472   0.0034990170  -0.0067350738   0.0840639461   0.0451658210
37  8   0.0733275725  -0.0560717666   0.0019133715  -0.0102437228   0.0291134043
37  9   0.0067166429  -0.0200050337   0.0343879210   0.0121575776  -0.0044084989
37 10   0.0030586928  -0.0080429055   0.0039233668  -0.0013735276  -0.2448383109
37 11   0.0170799715  -0.0008324962   0.0013239537  -0.0008174523  -0.0001427861
37 12  -0.0000474241  -0.4477962511  -0.4749799121  -0.0003868631  -0.0011810184
38  1   0.0669780680   0.2825576054   0.0376578735   0.1999714844  -0.2065558276
38  2  -0.1633785959   0.2696132130  -0.0895523948  -0.1579761371   0.1365598863
38  3  -0.1753442222   0.1978917863  -0.0232315968   0.0091090240   0.0177318326
38  4   0.3735277269   0.0118565087   0.0179949004   0.0325255350   0.0864289195
38  5   0.0417627114   0.0002046021   0.0347613874  -0.0655457382   0.0023123187
38  6  -0.1633553685   0.1305144735   0.1505293260   0.3753334204   0.1626033374
38  7   0.4171129175   0.1874514797  -0.1100368956   0.1693261544   0.0099054143
38  8   0.4010589626  -0.1215956280   0.1003816254  -0.1756581889   0.1279680713
38  9   0.2848685812   0.0503815610   0.0045645315   0.1538222817  -0.3613205314
38 10  -0.0437535593   0.0646884055  -0.0289037396  -0.0032205362   0.5986218273
38 11  -0.0355778263   0.0010931861   0.0045135618  -0.0005072237   0.0001777764
38 12   0.0000586851  -0.0171427932  -0.0057086088   0.0000417598   0.0001441409
39  1  -0.2982076995  -0.0576079619  -0.0378344836  -0.0413241623   0.0821773841
39  2   0.2058601640  -0.2404178534   0.0065761783   0.1407866128  -0.0824386576
39  3  -0.1671125142  -0.4076125833   0.0942089469  -0.4086770068  -0.1010234064
39  4   0.1305829657  -0.0052173316  -0.0647828014   0.0446935564   0.1051073102
39  5   0.0027799067   0.0096506198   0.0620977619  -0.1840288272  -0.0020191959
39  6  -0.2583848644   0.1771736209   0.1143205763   0.3644379269   0.1072965534
39  7   0.0365467182   0.0225331115  -0.0133411405   0.1401824369   0.0723138187
39  8   0.1371759836  -0.0805868201   0.0135645047  -0.0349210720   0.0502374204
39  9   0.0473140057  -0.0149530922   0.0351579222   0.0419734405  -0.0772298312
39 10  -0.0041674196   0.0003749250   0.0001089084  -0.0018142740  -0.2340843931
39 11   0.0080380377   0.0001984073   0.0004967067  -0.0008957350   0.0001209827
39 12   0.0000374971   0.5433727329   0.5225928851   0.0003357960   0.0020337502
40  1  -0.0969858302   0.0309855732  -0.0063467409   0.0034818532   0.2267853085
40  2  -0.0505303216  -0.0121450688  -0.0562157596  -0.0189176164  -0.2020014331
40  3  -0.0351097010  -0.0222191472  -0.1442623871   0.0265710628   0.0990341633
40  4  -0.0317354010   0.0906664245  -0.1455971707  -0.0040143638  -0.1844937699
40  5  -0.0524131962  -0.0118130338  -0.2028129911   0.1652794466  -0.0202848378
40  6   0.0097009238  -0.0621383456  -0.3433188539   0.3072273819   0.0631548060
40  7  -0.1306614327   0.0037452075  -0.1036342644   0.1166858697  -0.0200047802
40  8   0.3220140747   0.0612345122   0.1017083857   0.0970030683  -0.7279195514
40  9   0.1890960185   0.0500659887  -0.5461555997   0.0403997559   0.0757250465
40 10   0.0304335635  -0.0282590145   0.0372409644  -0.0078338630  -0.0136491286
40 11  -0.1643407062   0.0217035483   0.2915642674  -0.1423378247  -0.0000531424
40 12  -0.0002991186  -0.0047861761   0.0049929168  -0.0005015505   0.0006180257
41  1   0.0435393536   0.1976519239  -0.0480667890   0.1794040601  -0.1255874098
41  2  -0.1100079021   0.2093143237  -0.1940848411  -0.0372615186   0.0680763552
41  3  -0.1135937401  -0.0575867979  -0.0489006152   0.0094676668  -0.0115963597
41  4   0.0422269307   0.0817165482  -0.1936600943   0.0290466972  -0.0023537392
41  5  -0.0210493228  -0.0029213637  -0.0028672902   0.0073168856  -0.0025042722
41  6  -0.0439473546   0.0271284378  -0.0209749940   0.0949492030  -0.0121422265
41  7  -0.2789621389  -0.1183614858   0.0485053646  -0.1930666679  -0.0799501738
41  8  -0.2709545356   0.1621670644  -0.0131207989   0.1219333925  -0.3148765639
41  9   0.0245665585   0.1062499727  -0.2064407633   0.1675861283  -0.6345788901
41 10  -0.0404575253   0.0486050258  -0.0222168933  -0.0039882512  -0.0540001777
41 11  -0.1741620053  -0.0421508518  -0.5586603015   0.2769335754   0.0006508211
41 12   0.0011447734   0.0075739801  -0.0110436734   0.0010357861   0.0000072913
42  1  -0.1324498621   0.1651074749  -0.0426105636  -0.0967964814  -0.1072534354
42  2  -0.0598804778   0.0330032705  -0.0193773880  -0.0135101953   0.2032564136
42  3  -0.2010731661  -0.0067673018  -0.1424006008   0.0425822585  -0.0940871583
42  4   0.2148565595  -0.0124752024   0.0980051520  -0.1127254902  -0.0336289484
42  5   0.0634527319   0.0079640480   0.0756659110   0.0594767190   0.0115534948
42  6   0.0619875729   0.0301428449   0.1454441691   0.2027253249   0.0453095469
42  7  -0.0713036376  -0.0754761305   0.1024578133  -0.1744544664  -0.0124935549
42  8  -0.3965765067   0.0576670383  -0.1085295922   0.1538576273   0.0107710834
42  9  -0.2418975663   0.0353403619   0.0767936214   0.0715519340  -0.5406536877
42 10  -0.0288065481   0.0442305843  -0.0409853938   0.0056603971  -0.0247606633
42 11  -0.0627315964   0.0455592448   0.6314992122  -0.3163216775  -0.0009154269
42 12  -0.0014302532  -0.0106345682   0.0106191054  -0.0007923262  -0.0002913706
43  1   0.1262315794   0.1696178094   0.0533676659  -0.0400448011   0.1333088107
43  2  -0.0153528076   0.0748065828   0.0305934989  -0.0469338912   0.0471891778
43  3   0.1868930266  -0.0436941133   0.1217756911  -0.0265707991   0.0853072222
43  4  -0.1738684622   0.0411598318  -0.1753997013  -0.0358797329  -0.0112090222
43  5  -0.1238468821   0.0055351257   0.1534913405   0.2953099169  -0.0195262793
43  6  -0.1548840813   0.0727594991   0.1352319674  -0.1371621102  -0.1866494946
43  7   0.0011854831   0.2866070438  -0.2774022247  -0.2313551247  -0.2723115469
43  8   0.3380584729   0.0980851273   0.3464176635   0.2228407379  -0.2454349695
43  9  -0.3805226909  -0.4662113896   0.4756779723  -0.3276943928  -0.1242112200
43 10   0.1307127038   0.0048543631  -0.2966449070   0.1442537252   0.0155760922
43 11  -0.0093325192  -0.1805591496  -0.1118112747  -0.2447514572  -0.0028977915
43 12  -0.0012364109   0.0010870012  -0.0013204774   0.0002866584  -0.0000785959
44  1  -0.0538423936  -0.0561731014  -0.0877809064   0.2025186975   0.1095026710
44  2   0.2476441452  -0.0745442134  -0.2579850922   0.2754760365  -0.2206797871
44  3   0.0825082917  -0.0137502470   0.1325173074   0.0995269651   0.5285317798
44  4   0.3173745609  -0.0490384301   0.1762153268  -0.0894993427  -0.0239384146
44  5   0.0340055317   0.0188309519   0.1171756570   0.1116660570   0.0051690036
44  6   0.0499277346   0.0598027773   0.2937797201  -0.0468507098  -0.0585631306
44  7  -0.2285738799  -0.0031779981  -0.0697868496  -0.0801685006  -0.0964992014
44  8   0.0871652573   0.0100341810   0.1377356751   0.0028991138  -0.0351288288
44  9  -0.0326108003  -0.0539187310  -0.0073708010  -0.1449837402   0.0439399096
44 10  -0.1072948272   0.5192850002  -0.4234650179   0.0782209963  -0.0251501154
44 11   0.0123763324   0.3545866983   0.2039491649   0.4670594128   0.0029939738
44 12   0.0006015374  -0.0004817946   0.0005770126   0.0001791365   0.0005323500
45  1  -0.1540535402   0.0530594263  -0.0553597352  -0.0904792881   0.0009165152
45  2   0.1269924453  -0.0944645813  -0.0420880608   0.1407402094   0.0932486061
45  3  -0.0670112199   0.0117438467   0.0046147758   0.0681533949   0.2076020042
45  4   0.3165619664  -0.0936875217   0.2815212366  -0.2055945533   0.0115798446
45  5   0.0716917550   0.0225875836   0.2157076416   0.0055422717   0.0164538179
45  6   0.0990435550   0.0462939281   0.2848680102  -0.0881958914  -0.0729417904
45  7  -0.4136507742  -0.1600317109   0.0407030372   0.0760116788   0.0598869039
45  8  -0.0125135128  -0.0363438947   0.0590157248  -0.1340701552   0.0529121009
45  9   0.2205285160   0.1589123173  -0.2596407474  -0.0493525962   0.1010992636
45 10  -0.1321896268   0.3869957971  -0.2196283680  -0.0164997049  -0.0203322373
45 11   0.0098968136  -0.3897674276  -0.2377071762  -0.5460014716  -0.0042242489
45 12  -0.0011186327  -0.0001018650   0.0010053553   0.0001132451  -0.0006733787
46  1   0.0934618159   0.1085047530  -0.0603139304  -0.0692778791   0.1886169603
46  2  -0.0496265995   0.0016601848   0.0780517692  -0.0368435668   0.0474363601
46  3   0.2404697199   0.0511123769  -0.1597840523  -0.1215014021  -0.1880470502
46  4  -0.1930922084  -0.0600291364  -0.0985856239  -0.1092078424  -0.0093907915
46  5  -0.2132663050  -0.0000858459   0.0609998120   0.3072190654  -0.0184715085
46  6  -0.0895699943  -0.0043637255   0.0666982558   0.0260333302   0.0114626903
46  7   0.2960960324   0.1647558139   0.1691830265   0.2978247258   0.3136391679
46  8  -0.3978660433   0.0219997772   0.2032817319   0.1973069055  -0.2347719806
46  9   0.5077902977  -0.4748458484   0.3214163836   0.4644266161   0.1169551013
46 10  -0.1343262676   0.3287586152  -0.0531546050  -0.1209278686   0.0067539598
46 11  -0.0303978714   0.0431746843  -0.0096993273  -0.0206872638  -0.0012436850
46 12  -0.0001113859   0.0003236468   0.0005441481   0.0004646537   0.0000424738
47  1  -0.0425496086  -0.0364055814  -0.1140958887   0.1892301171   0.0921399540
47  2   0.1928894680  -0.0607706770  -0.2159203425   0.2348473481  -0.1632876331
47  3   0.0824038372   0.0096342899   0.0561181662   0.0588629034   0.3177614209
47  4   0.2190291857  -0.0429115735   0.1021737021  -0.0823286951   0.0049752414
47  5  -0.0145821060   0.0053349908   0.0887508489   0.0718247120  -0.0007943263
47  6  -0.0124075119   0.0206624305   0.0772517777  -0.0424559202  -0.0092918097
47  7  -0.0242268728   0.0197759150   0.0318229465   0.0635209489   0.0548107076
47  8  -0.0706779261   0.0113403811   0.0532694166   0.0314985477  -0.0520714963
47  9   0.1026315053  -0.1120211900   0.0954450761   0.0877244801  -0.0212099759
47 10   0.0669190909  -0.2536774917   0.1887599661  -0.0489095342   0.0158901347
47 11  -0.0238302401  -0.7602640175   0.2677626184   0.4251959295  -0.0018663263
47 12   0.0013293785   0.0014575879   0.0002487478  -0.0000194280  -0.0001750473
48  1  -0.0618219277   0.2188294530  -0.0512774162  -0.1208853882  -0.1465650043
48  2  -0.0976060917   0.0648611291   0.1077944439  -0.0783075758   0.3396301079
48  3  -0.1549009042   0.0165503570  -0.0623292217  -0.0484311466  -0.4551328161
48  4  -0.1820535860   0.0303721534  -0.2029984627  -0.0471484790   0.0954148670
48  5  -0.1088118917   0.0002518814   0.0503939868  -0.1602433172  -0.0214160899
48  6  -0.1899799731  -0.0476333988  -0.6393736011  -0.0761904848  -0.0547741474
48  7   0.2444235258   0.1387426335  -0.0378984111   0.0102952591   0.0082378837
48  8   0.0485244999  -0.0048558819  -0.0789428554   0.0386719191   0.1216835938
48  9  -0.2457020444   0.2380948187  -0.1566599684  -0.1901353262   0.0232403354
48 10  -0.1630901560   0.5605900244  -0.3430044322  -0.0108558537  -0.0380338379
48 11   0.0111042534  -0.3173801938   0.1180034128   0.1927821530  -0.0011622439
48 12   0.0006053475  -0.0001179306   0.0001262433   0.0000321636  -0.0001376360
49  1   0.1106030023   0.2094930368   0.1768054157   0.0063345878   0.0892693871
49  2   0.0175930075   0.0782719710  -0.0398061441   0.2580018892  -0.2186604053
49  3   0.1480848771   0.0029608092  -0.0358023406   0.0768300747  -0.2481786971
49  4   0.1136190925  -0.0454750180   0.0546530272   0.0411982875   0.0608387097
49  5  -0.0784262873   0.1988085566  -0.1756972183  -0.0721748299  -0.0500135384
49  6   0.2804529692   0.3591581487  -0.0555367905  -0.1115273729   0.3077779156
49  7  -0.0414274092  -0.3248393853  -0.6236873286  -0.0877878805   0.2306970417
49  8   0.0170280705  -0.0077019172   0.3230522941   0.5769721596   0.2357687278
49  9   0.1018861765   0.1552730949  -0.1004649240   0.2084410483   0.0238184797
49 10   0.2214859027   0.0362982827   0.1339238719   0.4217094814   0.0015741765
49 11  -0.0025232929   0.0019874983   0.0004631362   0.0025189533  -0.2409482095
49 12  -0.0644090671  -0.0000746206   0.0000845059   0.0004424086   0.0000263742
50  1  -0.0508286401  -0.0959005255  -0.2387466778   0.1495886205   0.1509529344
50  2   0.1712099926  -0.0541499937  -0.2042415030  -0.1262772833   0.0097697569
50  3   0.0921142128   0.0610537053  -0.1321656584  -0.0655179839  -0.1341010585
50  4  -0.0027404325   0.0423534325   0.0453767849   0.0313109048  -0.0500972073
50  5   0.1693828130  -0.2346273375   0.1614501322   0.0101528941   0.0658298161
50  6  -0.2878706165  -0.3993579945   0.1294431565  -0.0382898872   0.3648644256
50  7  -0.0311241078  -0.3477969755  -0.2159645466  -0.0174322693  -0.0543072484
50  8   0.0722836564   0.0052840835   0.1840103985   0.3515361050   0.1257061474
50  9   0.0247670141   0.0888568945  -0.0350944406   0.1465865107   0.0199786273
50 10   0.0067363557   0.0471109694   0.1419689753   0.0572159472  -0.0004412794
50 11   0.0016118775  -0.0028475135   0.0002378697  -0.0024327018   0.7245344224
50 12   0.1932481788   0.0000949492  -0.0002809413  -0.0007592634   0.0000541190
51  1  -0.0397310555  -0.0212109332  -0.0953563532  -0.1312434087   0.0994056866
51  2   0.3615764401  -0.0201147613  -0.2794540486  -0.2739291434   0.1454666937
51  3   0.0865566997   0.0461275589  -0.0725008723  -0.1071836443   0.0403532270
51  4  -0.0542337603   0.0796975139   0.0220158303   0.0815560488  -0.0862476117
51  5   0.2613653120  -0.3768411258   0.1822366315  -0.0494390537   0.1040351533
51  6  -0.4325335351  -0.6738849505   0.1483832112   0.0977151487   0.0058521012
51  7  -0.0257806320   0.0157558811  -0.2164106578  -0.0586780307   0.1449197196
51  8  -0.0372363878  -0.0101466322   0.0554766922   0.0867892555   0.0555135360
51  9   0.0399695599   0.0358648253  -0.0460231029   0.0090225504   0.0068748063
51 10   0.1137541699  -0.0000484486  -0.0196070983   0.1845209319  -0.0015861207
51 11  -0.0018315718   0.0029822152   0.0004215440   0.0032106002  -0.5847654478
51 12  -0.1560853253  -0.0000657180   0.0002761064   0.0008292543  -0.0000349526
52  1  -0.1123624628   0.0460148518   0.0528043433   0.0279612187   0.2081483880
52  2  -0.0354003283  -0.0430465667  -0.0418667597  -0.0107665033   0.2950658269
52  3   0.1757819163   0.0029997157   0.0438644806  -0.0608657929   0.1093733454
52  4  -0.0396878178   0.0841901873   0.0119694727   0.0731368733  -0.0197638021
52  5   0.0896990501   0.2584837201   0.0043703560  -0.0581172914  -0.4010035366
52  6   0.0012213893  -0.0520552089  -0.0202604588  -0.0292957746   0.4593399898
52  7   0.0512186710  -0.1518218060   0.1520966321  -0.2451440335   0.3257817203
52  8   0.0275667259  -0.0126733037   0.3249939576  -0.2012470486  -0.0685583024
52  9  -0.1057171078  -0.0286065650   0.0365066647  -0.1505748429  -0.0214061893
52 10  -0.0520425477   0.1256822008   0.3638113375   0.1593614252  -0.0003022566
52 11  -0.0009205381   0.0013577183   0.0007058245  -0.0011091234  -0.1908083593
52 12   0.7087064719   0.0000064427   0.0000003999  -0.0118336984  -0.0000076854
53  1   0.0381979701   0.0792696862  -0.3843633003   0.0660432316  -0.0057234446
53  2  -0.2338898966  -0.0373998552   0.3164687647  -0.0566327950   0.0087662547
53  3  -0.0122616451  -0.0819765155   0.1631874409   0.1014771040   0.1016145500
53  4   0.0633666548  -0.0818973782  -0.0365821449  -0.0206120938   0.0207728990
53  5  -0.1078636506  -0.3077889349  -0.0787104097   0.0646037912   0.4697813057
53  6  -0.0173887243   0.0578142292  -0.0702856415  -0.0233647602   0.2228092208
53  7   0.1169504361  -0.3814332750   0.0125273087  -0.2841071228   0.4581088031
53  8  -0.0060358344  -0.0287702846   0.5457305315  -0.4085233878  -0.1331581312
53  9  -0.2580667633   0.0353726383   0.0692325456   0.0934979681  -0.0048153276
53 10   0.1047329078   0.1799917688   0.4400707290   0.1122278168   0.0000268860
53 11  -0.0010257382  -0.0003005701  -0.0001352828   0.0008111772   0.0821142322
53 12  -0.3058535973  -0.0000075773   0.0000103421   0.0027195445  -0.0000341365
54  1   0.2263373708   0.2677432811  -0.1140621186  -0.2210390300  -0.1357415267
54  2   0.0607041836   0.0977757014   0.1651309756   0.0159228671  -0.2967303266
54  3  -0.0310879426  -0.0728892251   0.0989941948   0.1488929823  -0.0778249073
54  4   0.1260300262  -0.1411073137  -0.0158039197  -0.0237179972   0.0426481017
54  5  -0.1369274861  -0.4851459820  -0.1300688669   0.0378853807   0.7499710111
54  6   0.0144672141   0.0798940105  -0.0368851622  -0.0258048815   0.0746943049
54  7  -0.0570191168   0.1597076282   0.0694625751   0.0487610462  -0.1144060996
54  8   0.0252447325   0.0125583205  -0.1722279516   0.1499057700   0.0447935192
54  9   0.1044822104  -0.0404596978  -0.0209505520  -0.1429319021  -0.0096357811
54 10  -0.0939817027  -0.0437433911  -0.0814266468   0.0161910408  -0.0005060518
54 11   0.0000059785   0.0013858347   0.0004124986  -0.0012521565  -0.1544256075
54 12   0.5742279613  -0.0000053126   0.0000207704  -0.0081046888  -0.0000306678
55  1  -0.0830047630   0.0250021209  -0.0403570898  -0.0120622878   0.2358936398
55  2  -0.0588011722  -0.0386990944   0.0294952683  -0.2293055606   0.2742786739
55  3   0.1256149655  -0.0812618892   0.1696361956   0.0451077706   0.1441082911
55  4   0.0209048759   0.3968073910   0.2540690714   0.0244223134   0.1281955490
55  5  -0.1897705438  -0.1977117548  -0.2106595428  -0.1223647695  -0.0163849598
55  6   0.0822520665  -0.0083739674  -0.0579191400   0.0650513562  -0.0607679819
55  7   0.0457635116  -0.1130003464  -0.4342647202   0.5330768258  -0.4017910869
55  8  -0.2718204478  -0.0446979410   0.2142582481  -0.1482044229  -0.0203035942
55  9  -0.0382679187  -0.0651430866   0.0134368864  -0.3023688209  -0.0287970886
55 10  -0.7168193120  -0.0434263850   0.1816963957   0.5571624210  -0.0018553076
55 11   0.0035808591   0.0008062500   0.0010343369  -0.0019105845   0.0012052000
55 12  -0.0033643097   0.0000290642  -0.0000769130   0.2195758994   0.0000551756
56  1   0.0297206790   0.1053329590  -0.2337816105   0.1209027938  -0.0345745177
56  2  -0.1365979208  -0.0246635485   0.1565058016   0.2340493608  -0.0618354940
56  3   0.0667618934   0.0351325040  -0.0431461052  -0.0210955533  -0.0532824660
56  4   0.0250695905  -0.4354839968  -0.2690644663   0.1003228800  -0.1438795313
56  5   0.2779979770   0.2144299112   0.0796334890  -0.0232960392   0.0233876812
56  6  -0.0185742387  -0.0346477027   0.0156420125  -0.0165183036   0.0958516777
56  7  -0.0948880155   0.2697351308  -0.0799746445   0.0302430613  -0.0215635253
56  8  -0.0107556406   0.0049969171  -0.0260982124  -0.0358735977  -0.0230279920
56  9  -0.0400951886   0.0235212911   0.0101958352   0.0874168262   0.0070008332
56 10   0.0085650277   0.0299196092   0.0806959229   0.0081794322  -0.0001511270
56 11  -0.0038069897   0.0005002898   0.0003980747  -0.0003618366  -0.0016315478
56 12   0.0159130383   0.0001198439  -0.0008237723   0.8765725863  -0.0002059137
57  1   0.0950894852   0.3004025588  -0.0766170549  -0.1748181149  -0.1959137337
57  2  -0.1121430983   0.0310391920   0.2771203129   0.3095110879   0.0105095129
57  3   0.0469080578   0.0102158450   0.0570617032  -0.0331296190   0.1522052824
57  4  -0.0126351969  -0.6935906315  -0.4941511328   0.1669197627  -0.2480431193
57  5   0.4204499008   0.3409494516   0.0950577044  -0.0137849792   0.0307633122
57  6  -0.0493173063  -0.0640034663  -0.0680169512   0.0536079880  -0.0917623308
57  7   0.0940155160  -0.2327172226  -0.1834774364   0.2710955014  -0.2036417561
57  8  -0.1330391553  -0.0213895073   0.1396230726  -0.0522019889  -0.0142541085
57  9   0.0026190839  -0.0458479635  -0.0091932074  -0.2230312881  -0.0201548904
57 10  -0.3918781234  -0.0494334122   0.0474397573   0.3001123781  -0.0014097518
57 11  -0.0065461050   0.0012668783  -0.0013127313  -0.0007799862   0.0016855799
57 12  -0.0116233066  -0.0000481599   0.0002554949  -0.4213782866   0.0000991416
58  1   0.0816949766   0.1256146190  -0.0006124006  -0.0456434008   0.1686329574
58  2  -0.0340429379  -0.2201038080  -0.0272176151   0.0127532310   0.0337368231
58  3  -0.3064372293  -0.0056390946  -0.2084474078   0.0442303225   0.0214143195
58  4   0.0798185745   0.0149324514   0.0360711593   0.2701689291  -0.4280766820
58  5  -0.2950596392   0.0199562404   0.1861668690  -0.3371507072   0.0090680383
58  6  -0.0418062165   0.0219206371   0.0679649816  -0.1022701754  -0.0135665910
58  7   0.0421829256   0.0038614073   0.0032847614   0.0632217116   0.0429579774
58  8   0.0252886848   0.3494452920   0.0056427315  -0.0363701763   0.1148771345
58  9  -0.0681575662  -0.2534884820  -0.1760042186   0.0862647353  -0.0139321122
58 10  -0.0071983729  -0.0006264681   0.0087262302  -0.0017762413   0.0021866928
58 11   0.2071881737   0.0000898269   0.0004590420   0.0001154319   0.0000434817
58 12  -0.0000062235   0.0022993471   0.0000055547  -0.0001557076  -0.8012053954
59  1  -0.0254786357   0.0945504982   0.1694129720   0.2800553748  -0.0376088583
59  2   0.2489663862  -0.1330842238   0.2361204331  -0.0760565296   0.0202244792
59  3   0.0197210664  -0.0335030380  -0.3267411388   0.0929264355   0.0701801967
59  4  -0.0628777047  -0.0495093530  -0.0001207336   0.2852583651   0.4312103291
59  5   0.0390313841  -0.0130979950   0.2170058853   0.3375052784  -0.0017097780
59  6   0.1052872823  -0.0413231274  -0.0931580142   0.0798287055   0.0004503205
59  7  -0.0629533084  -0.0017090385  -0.0029389310  -0.1359396623  -0.0919163130
59  8  -0.0552628032  -0.8015585515  -0.0126073494   0.0662664176  -0.2058947165
59  9   0.1241033329   0.4512589821   0.3081515626  -0.1533478838   0.0246251666
59 10   0.0110915917  -0.0017232638  -0.0129569443   0.0023205378  -0.0029081251
59 11  -0.4144515746   0.0007799840   0.0002780810   0.0003200206   0.0000395060
59 12   0.0000069075   0.0023492881  -0.0005172417  -0.0000616140  -0.4538759399
60  1  -0.4146571230   0.0000000000   0.0000000000   0.0000000000   0.0000000000
60  2   0.0000000000   0.3757485166   0.0659396377  -0.0732818807  -0.1655253665
60  3   0.3083856506  -0.0033787329  -0.0141578103   0.0345822163   0.0462849684
60  4  -0.1969691944   0.0306656878  -0.1995820472  -0.7378890001   0.5687093017
60  5   0.5558288881  -0.0293948483  -0.6373997143   0.1583529776  -0.0158382331
60  6  -0.1111027761   0.0367003861   0.0497514198  -0.0349803845  -0.0004613838
60  7   0.0369494172   0.0033300056  -0.0002723051   0.0361399800   0.0241410669
60  8   0.0115878013   0.2577181218   0.0026181176  -0.0155958427   0.0543166290
60  9  -0.0453186480  -0.1578607143  -0.1129987930   0.0539090896  -0.0054578338
60 10  -0.0037536459   0.0030861242   0.0032461826  -0.0000045630  -0.0009187353
60 11   0.1360045318   0.0001591209  -0.0001369340   0.0002835281   0.0000104869
60 12  -0.0000028992   0.0013309432  -0.0001053677  -0.0001223637  -0.3850588702
$end
