$dipgrad          cartesian dipole gradients
  -.10408299290865D+01  -.14558601557874D+00  0.70022569800890D-01
  -.18549584853881D+00  -.79058350523411D+00  -.60892350990672D-01
  0.14233235486155D+00  0.14971874939117D-01  -.59839050869117D+00
  0.21820176918779D+01  -.13095756780979D+00  -.97198925317831D-01
  -.18894819027140D+00  0.17692098669207D+01  0.10420362500866D+00
  -.88090452576535D-01  -.16577572690853D-01  0.21353508605947D+01
  -.75362553326843D+00  0.11663797064726D+00  0.31958227770869D+00
  0.13293699709509D+00  -.68303375506035D+00  -.19157418171927D+00
  0.30993577690303D+00  -.18112697795683D+00  -.10540535798467D+01
  -.84746491338330D+00  0.26444386260846D+00  -.25845134008764D+00
  0.34620235091549D+00  -.63849861694235D+00  0.22326966412628D+00
  -.32579877654611D+00  0.29118497132440D+00  -.92479914080112D+00
  -.10998025088867D+00  -.26560425699342D-01  0.31032474031712D-01
  -.44954114351229D-01  0.19661597889874D-01  0.36564496139107D-01
  -.95741047144987D-02  -.12041752053977D-02  -.18885882429512D-01
  0.13993801832975D+00  -.46146127574038D-01  -.30754255032541D-01
  0.62643223721635D-01  0.45421145641880D-01  -.36742190132269D-01
  -.34091420856460D-02  0.39634435198537D-01  0.91199159914625D-01
  0.65592357083168D-02  -.37308822240976D-01  0.57155884336826D-02
  0.37621001471991D-02  0.72565969596539D-01  -.91645769218726D-01
  -.24415018075620D-02  -.10468067896606D+00  0.46719220299445D-01
  0.61026659487674D-01  0.36594279977127D-01  0.33224630195561D-01
  -.72983993915589D-02  0.15079835913182D+00  -.13614746461893D-01
  -.48322963236860D-01  0.10280482746663D-03  0.15361234226718D+00
  0.58630158250569D-01  -.41052538146639D-01  -.21135208493365D-01
  0.49449725567755D-01  0.14893086671001D+00  -.19750739164730D-01
  0.17376486676470D-01  -.29062655224053D-01  0.14640819590334D+00
  0.10662816553520D-01  -.11410793241193D-01  0.16979838109191D-02
  -.42527517805201D-01  0.39821153317635D-01  -.51133049903465D-01
  -.46527784170639D-01  -.50275323648241D-01  0.14313654683231D+00
  0.58259491977786D-01  -.34927550212586D-01  -.15462752630870D-01
  -.33608430454164D-01  0.12942575155653D+00  -.11747223098449D-01
  -.25935943317190D-03  -.58767054888164D-02  0.18536796178049D+00
  -.11293150603629D-01  -.23703249231337D-01  -.15736130584657D-01
  0.10139439838258D-01  0.50585233172575D-01  -.20699402617437D-01
  -.30853747151974D-01  -.39881210837127D-01  0.15009416104996D+00
  0.13031823341977D+00  0.24170993022948D-01  -.20436754457243D-01
  -.89242242187117D-01  0.80567253036495D-01  -.50092171143233D-02
  0.42246320734629D-02  0.48595684303258D-01  0.15923717049570D+00
  0.26839613653925D-01  -.12515437924913D+00  -.52929251791691D-02
  -.59085590877908D-02  0.64175547339874D-01  0.19678362475546D-01
  -.69499635937202D-01  -.10492856182516D+00  0.11786686222470D+00
  0.21549592908683D+00  0.18140268021016D+00  -.51348060677739D-02
  0.22375245354658D+00  0.31096642197062D+00  0.11556812331355D+00
  -.26283978447876D-01  0.65365375909320D-01  0.44167611912301D-01
  -.14934255385030D+00  -.28475341578967D-01  0.12458245532788D+00
  -.93351451823235D-01  -.23326390888590D+00  -.70160578773103D-01
  0.22183379853997D+00  -.24055434634857D-01  -.71332429159857D-01
  0.31978940539197D+00  -.56950528854352D-01  -.25542154935160D-01
  -.99121341143401D-01  0.29778046589427D+00  -.67159143599981D-01
  -.19476117910130D-01  -.52836307453872D-01  0.30863334730866D+00
  0.78406609013084D-01  0.23006483161165D-01  -.60910532435431D-01
  0.38124618953284D-01  0.16884529406997D-01  0.98049712647728D-02
  -.15411298745184D-01  -.15562778182274D-01  -.29224731290486D-03
  -.47338126814440D-01  0.60223464695887D-02  0.44779299108171D-01
  0.46466335887166D-02  0.93918763337462D-03  -.36129006739373D-01
  0.39119408232853D-01  -.44871894365711D-01  0.59407758718201D-01
  0.12651640624608D-01  0.24644728387956D-01  0.31527660320567D-02
  0.28841282451859D-01  0.28765834087911D-01  0.86282820101180D-01
  -.35346062766450D-01  0.56699482166297D-01  -.27056330177692D-01
  -.15028420691242D-01  -.64796382252276D-03  0.28301943386206D-01
  -.66366790371487D-01  -.11363022617564D+00  -.72249712760669D-01
  0.14425897040130D-01  -.85899495312004D-01  0.21829874457701D-01
  -.53084759952439D-02  0.38985574320877D-01  -.19454327794655D-01
  0.46195726140525D-01  -.28371790098085D-01  0.10182924155173D+00
  -.27234885761082D-01  0.84417165306326D-01  -.88892242225089D-01
  0.53820782945493D-01  -.45228628792359D-01  -.28900624305746D-01
  -.78663391718019D-01  -.24918484150812D-01  -.20720602203640D-01
  -.35238042860878D-01  -.16357053609214D-01  0.27158615181991D-01
  -.93785972316351D-01  -.11176428877028D+00  -.38589914521118D-01
  -.99525452496181D-01  -.10891660225748D+00  -.83925023825562D-01
  -.22509949609413D-02  -.48141182179500D-01  0.12111523289611D-01
  0.22781210792083D-02  0.30184590591570D-01  -.16322120410495D-01
  0.68445015661352D-01  -.51337792613531D-01  0.11268323036863D+00
  -.75899521325779D-02  0.72574041404135D-01  -.75888706446958D-01
  -.50395714192241D-02  0.19553941620881D-01  -.25107232358677D-01
  0.60589269187331D-03  -.81326550672319D-01  0.80373795471986D-01
  -.55712166549423D-01  0.12619131104426D+00  -.50150295415691D-01
  -.53027100791724D-01  0.43849424509895D-01  0.92026866327181D-01
  0.11699665450324D-01  0.65670677257943D-02  -.61522028711069D-01
  0.77733138931407D-01  -.98886334954160D-01  -.12009323908190D+00
  -.12339401222382D-02  0.20550450274353D-01  -.30981349593057D-01
  0.30241798199803D-01  -.84718294243719D-01  0.83286626901022D-01
  -.40577001306963D-01  0.10403481680289D+00  -.37672733125015D-01
  0.22983832340301D-01  0.86485073665669D-02  0.28187412337180D-01
  0.23689921382787D-01  -.38327451284482D-02  -.59539932621147D-01
  0.70908199672660D-01  -.73047583008894D-01  -.11048529911057D+00
  -.64599570257558D-02  0.17822139181905D-01  -.25612101310580D-01
  0.19354581045648D-01  -.96228453095314D-01  0.80011204491793D-01
  -.43327632834036D-01  0.11081164630384D+00  -.39373610690328D-01
  -.20245394574384D-01  0.12317924993033D-01  0.44902852186243D-01
  0.12599024065524D-01  0.19632858437349D-02  -.59556234796195D-01
  0.58422967334508D-01  -.91035684791839D-01  -.12882767948299D+00
  -.27847799323924D-02  0.14856480494557D-01  0.41304257653118D-01
  0.62977420390902D-02  0.39127183734952D-02  -.58472332309265D-01
  0.51380081006997D-01  -.79816898374667D-01  -.11780757579531D+00
  0.19791537347064D-01  0.51873097431853D-01  -.26793610022891D-01
  0.22397047993664D-01  -.87717451888986D-01  0.77354433222834D-01
  -.18051142759110D-01  0.11124248327694D+00  -.34661492110892D-01
  -.41797541023180D-02  -.28162189022456D-01  -.10255598699791D-01
  0.76540903078227D-02  -.13885961141854D+00  0.91697432199838D-01
  -.32167221765906D-01  0.11181605210934D+00  -.17730406927081D-01
  -.21128278456704D-01  -.50643013493487D-02  0.36196779465495D-01
  0.16922599026077D-01  0.25215072472803D-01  -.43170346549921D-01
  0.57935111947252D-01  -.90320068390559D-01  -.13632397889401D+00
  -.16626079150868D+00  0.34912752526106D-01  -.33893860164488D-01
  0.47666972500545D-02  0.82836411748943D-02  0.11594527559568D-01
  -.16184156045529D-02  0.13787465054609D-01  0.47160141219609D-01
  0.44429958095690D-01  0.19696094741564D-01  0.59483199503528D-01
  -.85037074642537D-02  -.20466098814728D-02  -.52043251211766D-01
  0.37784736778309D-01  -.20617805308321D-01  -.11182819467993D+00
  -.14462663154758D+00  -.14903175830962D-01  -.42125607264903D-01
  -.99522396721228D-02  -.17081559251407D-01  -.15611796775042D-02
  -.37652331692093D-01  -.14954082899821D-01  0.37509257087584D-01
  0.11860177626380D-01  -.66364178094459D-01  -.50298108123965D-02
  -.52903261976846D-01  -.56938563145793D-01  -.93020667428769D-01
  -.80023643976624D-02  -.60813720836797D-01  -.10713544272317D+00
  0.43223613603238D-01  -.98062574372838D-02  -.10507141282802D+00
  -.64997688326966D-01  -.31136448719884D-01  0.47836357432965D-01
  -.72695511844681D-01  0.99400576174500D-01  -.15289595377298D-01
$end
