$dipgrad          cartesian dipole gradients
  -.28190123348160D+00  -.16089559732657D+00  0.39452685071435D-01
  -.15985234202755D+00  -.10667188764813D+00  0.75866648590344D-01
  0.43055851937058D-01  0.79014962837260D-01  0.19584929437044D-01
  0.13956505086354D+01  -.18615129739445D+00  0.34839371913556D+00
  -.57146586125961D+00  0.10969683860113D+01  -.72517012687884D+00
  0.58269985904385D+00  -.65731704055845D+00  0.58389612059817D+00
  -.65407747983564D+00  0.98831438052728D-02  -.74124245802709D-01
  0.29894320589613D+00  -.10242469324962D+01  0.51102291373359D+00
  -.24795114357027D+00  0.45711335452425D+00  -.59772447972040D+00
  -.48006364300405D+00  0.36974812383280D+00  -.29739825391283D+00
  0.44344696062860D+00  -.87648615705918D-01  0.87216110477545D-01
  -.34426804611940D+00  0.76387508183432D-01  -.18322078427661D+00
  -.61273401931540D-01  0.22205095574738D-01  -.43680864839136D-01
  0.28427026136485D-01  0.52611714920390D-01  0.33230352508254D-01
  -.49874119748133D-01  0.31224527986467D-01  0.66171131480926D-01
  0.42053507663424D-01  0.63103225441550D-01  0.38463742239507D-01
  0.82021310281880D-02  -.25358975398610D-01  -.38168178894802D-01
  0.69558660852840D-02  -.49312386975716D-01  0.76270235857648D-01
  0.60997618142892D-01  -.19624637235910D-01  -.44570662136243D-01
  -.11087261307546D-01  0.87636639906687D-01  -.73491484179906D-02
  0.13519483029338D-01  0.11295896286904D-01  -.54557670611205D-01
  -.21385876204296D-01  -.98268056697427D-01  0.33463880244491D-01
  -.36613859094705D-01  0.67096703945955D-02  0.63351428881883D-01
  -.41377506575948D-02  0.51593177715813D-01  0.89580517218583D-01
$end
