$vibrational normal modes
 1  1  -0.0224462262  -0.1377439667   0.1574809086   0.3128246729   0.0996458139
 1  2  -0.0070781534  -0.0001443706  -0.0049303331   0.2462626954   0.0606996597
 1  3  -0.0019301241   0.2230120144   0.0833716377   0.0139676830   0.0238989737
 1  4   0.1680135617  -0.1194411973  -0.0446074022   0.0052881924   0.0357516900
 1  5  -0.0002764110   0.0329802938  -0.0126601437   0.0564275657
 2  1   0.0734380811   0.1765763919  -0.0521000462   0.0972238853  -0.3901187010
 2  2   0.0654293932  -0.0032269349   0.0190013888  -0.0774324606  -0.2008656639
 2  3  -0.0014079349   0.1402013695   0.0949549977   0.1280510103  -0.0843449451
 2  4  -0.0514247394  -0.0818426616   0.0240771365  -0.0283215100   0.0500951654
 2  5   0.0007977742   0.0325107518   0.0479642341  -0.0589652174
 3  1   0.2276500232  -0.0541848842   0.0176409035  -0.0335518186  -0.0222005662
 3  2   0.4020324226  -0.0066255112   0.0313018587   0.0910308104   0.1335348214
 3  3   0.0008185517  -0.0457427352  -0.0434950663  -0.0786635405  -0.1325182826
 3  4   0.0624030128   0.0294055036  -0.0199991940  -0.0469221354  -0.0238600524
 3  5  -0.0004966090  -0.0165923900   0.0770250185   0.0457604977
 4  1   0.0151907578  -0.0042048028   0.2647155111   0.2892530219  -0.0106952766
 4  2  -0.0256319822   0.0021592818   0.0080284996   0.0399232817   0.0214375107
 4  3  -0.0560245257   0.2287798257  -0.0849497664  -0.1157292837  -0.0246623664
 4  4  -0.3117782662   0.0292868026  -0.0155143473   0.0027305576  -0.0896015447
 4  5  -0.0008668941  -0.0009574922  -0.0002244767   0.0008678729
 5  1  -0.0407133165  -0.0976700177  -0.1597907432   0.1033197531  -0.2305057123
 5  2   0.0003087256  -0.0078697349  -0.0265522348   0.1455132690  -0.1339813636
 5  3   0.1856029983  -0.1106999104  -0.0125814719  -0.0434935335   0.0866539002
 5  4  -0.0064750806   0.0032498380  -0.0130187268  -0.0104686269  -0.6318024273
 5  5  -0.0020461774   0.0004321239   0.0004445272  -0.0021302005
 6  1   0.0588901665  -0.2667405440   0.1793103945  -0.1209974864  -0.0444215653
 6  2   0.1267057538  -0.0109223731  -0.0440785895  -0.0823192404   0.0857909003
 6  3   0.3013060970   0.1146261677  -0.0066945430   0.0090814032   0.1408949452
 6  4  -0.0528763213   0.0037259382   0.0057472777  -0.0154164207   0.3684087425
 6  5   0.0010891162  -0.0004755534   0.0008287969   0.0014651302
 7  1   0.0712042124   0.1515629198   0.4132952059   0.2544130635  -0.1511275209
 7  2  -0.1021776273  -0.0071174709   0.0033647285  -0.0549288342   0.5361794141
 7  3   0.0219660136  -0.1473386329  -0.0215351414   0.0144715562   0.0053306234
 7  4   0.0585232851  -0.0035935412   0.0038557039  -0.0000547548   0.0074251119
 7  5   0.0004735309   0.0000206279  -0.0000304085  -0.0002682926
 8  1  -0.1992007452  -0.2159474337  -0.0794371384   0.0531797522  -0.2448878025
 8  2  -0.0300398032   0.0227763846  -0.0116403893   0.1397712195  -0.0766550306
 8  3  -0.0688336075  -0.1332948345  -0.0190058784  -0.1002754346  -0.0152440458
 8  4  -0.0035078075   0.0021541191   0.0201432397   0.0017359247   0.4238543365
 8  5   0.0011914843  -0.0005344618   0.0001084785   0.0008473233
 9  1  -0.2016166306  -0.4585698908   0.3154008521  -0.2046046602  -0.0713608374
 9  2   0.0748429318   0.0393041191  -0.0195967343  -0.0935968704   0.1433748111
 9  3  -0.1168872647   0.0524896362   0.0075166429   0.0630847860  -0.0289086400
 9  4   0.0127325630  -0.0020182730  -0.0114736583   0.0004073222  -0.2564099537
 9  5  -0.0006426857   0.0003273883   0.0001603099  -0.0005768171
10  1  -0.0271239403  -0.0837959608   0.1622321237   0.3153591633   0.0743160270
10  2   0.0755569854   0.0028116795  -0.0067395583  -0.0958607676  -0.3139250465
10  3   0.0057168253  -0.0979287819  -0.0291694471   0.0309683391   0.0006752438
10  4   0.0265079896  -0.0026005056   0.0008669516  -0.0001131946   0.0201721361
10  5  -0.0113830873   0.0000525809   0.0000200267  -0.0001504588
11  1   0.0700383984  -0.2595629201  -0.4301025419   0.1929560007  -0.0005959589
11  2  -0.0344432178  -0.0069758950   0.0214625684  -0.0802166410   0.1866446307
11  3  -0.0168890042   0.0277319844  -0.0176750563   0.0156099759  -0.0033946827
11  4   0.0003687683   0.0000320528  -0.0003989955   0.0004483184   0.0015432464
11  5  -0.0258872687   0.0001048254  -0.0000387278  -0.0000093436
12  1   0.2630484242  -0.2305939911   0.1677326079  -0.0985242296  -0.0294780753
12  2  -0.1453030112  -0.0121482862   0.0356277726   0.0311517381  -0.1704164638
12  3  -0.0264313779  -0.0350732226   0.0054120676  -0.0040645344  -0.0052703412
12  4   0.0046278740  -0.0004947548   0.0003344382   0.0007536215   0.0026893464
12  5   0.0136418458  -0.0000555614  -0.0000867848  -0.0000174055
13  1   0.0088259473  -0.0750003405   0.2342253309   0.2935092694   0.0346481637
13  2  -0.0773938612   0.0868546930  -0.0201693923   0.0211844825  -0.0780349882
13  3   0.0624862698   0.5415795394  -0.0255233586  -0.3020549359  -0.0627171624
13  4   0.6001542757   0.2552026020   0.2507185530  -0.1002865748  -0.1367783171
13  5   0.0001819680  -0.3656903630  -0.0287492789  -0.6943622638
14  1  -0.0144223890   0.2448849794   0.1096887412   0.0395377554  -0.5184549715
14  2   0.0792405269  -0.2813096194   0.0611437912  -0.3634203949  -0.3771296549
14  3  -0.1890601815   0.5265036433  -0.0414941164  -0.2700523090   0.1823812832
14  4   0.4945368044   0.3631752343   0.3278341797   0.4048871386  -0.1901667463
14  5   0.0002050988   0.2123830258   0.0241229723   0.3866966386
15  1   0.0816990340  -0.0991867256   0.0418714825  -0.0568414428  -0.0339186505
15  2   0.5440259206  -0.4468862309   0.1017529524   0.2133005056   0.2095789896
15  3  -0.3067491309  -0.2259773938   0.0216093543   0.1121848522   0.2957747250
15  4  -0.1908319098  -0.1880795844  -0.2150377805   0.5860258378   0.0938815367
15  5   0.0000308630  -0.2071120904   0.0007970278  -0.3821809001
16  1  -0.0475571193  -0.3408081485   0.0567281487   0.3291896876   0.2363405748
16  2  -0.1244748347   0.1695357986  -0.0903221400   0.4721793276   0.1943664538
16  3   0.4790458861  -0.0958973090   0.2433793929   0.4213261882  -0.5029911575
16  4  -0.2055130725   0.5132431600   0.1107363078   0.4578795328   0.1193082764
16  5   0.0007985033   0.0748798162   0.0812986650  -0.0332960780
17  1  -0.0291402828   0.0824273517  -0.0155021130   0.0687001363  -0.3836075902
17  2   0.0417603139  -0.1852890855   0.0146053237  -0.0672802998  -0.1975536077
17  3   0.1292203381   0.1294070830   0.0959758751   0.1198650911  -0.2868732046
17  4   0.0170664814   0.1333649229  -0.1924103247  -0.0617839411   0.1040426659
17  5  -0.0037932397  -0.5607745358  -0.6613182185   0.3153966356
18  1   0.4868378899   0.1267811599  -0.1095242409   0.0459027442   0.0040679255
18  2   0.4265479011   0.5307907988   0.0128156310   0.1375488516   0.1636803418
18  3  -0.2029177730  -0.1167408673   0.0061615905   0.0669836790   0.2729730643
18  4  -0.1968095442  -0.2981411663   0.5640390730   0.2239608340  -0.1763844848
18  5  -0.0020686913  -0.2242555631  -0.2406484580   0.1342629472
19  1  -0.0571398897  -0.0969991883   0.1006205935   0.3336353013   0.1106791933
19  2   0.1965894540  -0.2790384763   0.0852667847   0.4541545170   0.1824324009
19  3  -0.4369593956  -0.0924445666   0.2427125054   0.4342404891   0.4574952498
19  4  -0.2341723752   0.4351075886   0.2804187895  -0.4479310529   0.0765116647
19  5  -0.0002057012  -0.0903819853   0.1012713750   0.0540563786
20  1   0.3511730084   0.4051272094  -0.1742763068   0.1803385927  -0.3840475090
20  2   0.1234820480   0.5225988690   0.0186613954  -0.0637735004  -0.2048605134
20  3  -0.3217139727   0.1479487286   0.0746531737   0.0671159586   0.4475452892
20  4   0.1585210969   0.4086482490  -0.5771980650   0.0798197004   0.2168381282
20  5   0.0002665608  -0.0349390398   0.0597237427   0.0094737483
21  1   0.2417268853  -0.0321503705   0.0005714937  -0.0246348725  -0.0201144970
21  2   0.4367841955  -0.0088790355   0.0438616404   0.1231472372   0.1527693290
21  3  -0.0931070558  -0.0935350875  -0.0211451153  -0.0171709451  -0.0130984584
21  4   0.0035882641   0.1353380736  -0.0041560739  -0.0922735691   0.0078858272
21  5   0.0036728362   0.6293372279  -0.6888460281  -0.3030904781
22  1  -0.0850630268  -0.2563228173   0.0056219593   0.3514607238   0.2258877517
22  2   0.1417482698   0.0221719492   0.1492869892  -0.4365057548   0.1978599425
22  3   0.0555060809  -0.2830186835   0.8279555564  -0.5557252894   0.0112175565
22  4  -0.2195084781   0.0105056722  -0.0142314906  -0.0007448671  -0.1769003154
22  5   0.3674341147  -0.0023969207  -0.0004397173  -0.0000959420
23  1   0.2363732545  -0.0634268043  -0.4513790025   0.2295031643  -0.0502355737
23  2   0.0138843497  -0.0633908851  -0.5024010292   0.0163666380   0.0491241508
23  3  -0.1835116959   0.0782030830  -0.2467823996   0.1705698791  -0.0206137232
23  4   0.0637685430  -0.0038740418   0.0029609782  -0.0025080836   0.0241273233
23  5   0.8227716714  -0.0040737139   0.0001341667   0.0033046083
24  1   0.5305434237   0.0000000000   0.0000000000   0.0000000000   0.0000000000
24  2   0.0000000000  -0.1033491966  -0.8284597686  -0.0831035480   0.0057018464
24  3  -0.3012635320  -0.1020405656   0.2999712071  -0.2048877575  -0.0289513475
24  4  -0.0787860240   0.0038567327  -0.0035353335  -0.0053142046  -0.0466680259
24  5  -0.4324476811   0.0019859150   0.0011936166  -0.0020311256
$end
