$coord
-6.31548105971084 1.97971270119638 -0.74583875321779 c
-4.32161562239743 0.96240467020867 0.74228531001626 o
-2.78928975012095 -0.75962093725413 -0.63875656354515 c
-0.67089364257417 -1.6941788894946 1.03811010328197 c
1.08719121617978 0.24536056497667003 1.71940381766736 o
2.98002289025437 0.75567477603584 -0.13700683447283 c
5.19121228832047 -1.07519032559198 0.10062730431317 c
7.662012601811679 -0.47626564638175006 -2.28133188233922 s
-5.57445273513827 3.02727428760621 -2.37284676583352 h
-7.574547392939979 0.48446643725917 -1.4341166729569 h
-7.38465775870711 3.26372493370596 0.45613337465244 h
-3.9166417783887995 -2.39007442060566 -1.25701158502781 h
-2.0376735355352 0.1640416166316 -2.33721617251507 h
0.28791182208209 -3.26421872485153 0.09238761666491 h
-1.45673372972223 -2.40212301669322 2.80794101583181 h
3.62166180982179 2.68407089368234 0.20947929830855 h
2.19067305371029 0.6809237511174 -2.04576489781132 h
6.02096336106361 -0.97713387327662 1.9802114050138602 h
4.59480540122659 -3.01544555059398 -0.24760743885538 h
8.40553256076457 1.80659675232324 -1.41101690388244 h
$user-defined bonds 
 
$end
