$dipgrad          cartesian dipole gradients
  0.73711543199484D+00  -.13497425745046D+00  0.14814604804917D+00
  -.12847782801001D+00  0.46740341947825D+00  -.13380732380488D+00
  0.27521926500965D+00  -.16267830346763D+00  0.38868774392628D+00
  -.10343820681669D+01  0.35670388865891D+00  -.81242569054301D-01
  0.46995338780483D+00  -.71633094240468D+00  0.24323213557695D-01
  -.59196829238561D-01  -.25483246264372D-01  -.55690850875591D+00
  0.54062146642110D+00  -.16154185268685D+00  -.14524479741097D+00
  -.20937676126975D+00  0.59891421296351D+00  0.12563835067742D+00
  -.33800001578333D+00  0.15100741021890D+00  0.30359442710968D+00
  0.77002678380986D+00  0.19680060607412D+00  0.50442327060208D-01
  0.41186167557315D+00  0.45230804656608D+00  0.88591410768821D-03
  0.20086520482779D+00  0.53510778446096D-01  0.31303571809111D+00
  -.13449724051244D+01  -.19974158157772D+00  0.16364427388614D+00
  -.31203716445175D+00  -.60250490075677D+00  0.56439746631121D-01
  0.21618735795765D+00  0.46633321307053D-01  -.53262416341356D+00
  0.87417162816867D+00  0.69133114549870D-01  -.22106222925536D+00
  -.83618918919029D-01  0.30315630398926D+00  0.48932038659905D-01
  -.27881423280738D+00  -.72431629142641D-01  0.33613324639610D+00
  0.20658195824122D+00  0.21501836465850D-01  -.13473091636677D+00
  0.19205483455768D+00  -.52261399024569D-02  -.10648041715442D+00
  -.14955005627013D+00  0.24004500143033D-01  0.19594800520234D+00
  -.31390367498720D+00  0.53644363720212D-01  -.17262877227740D-01
  -.75082961145866D-01  0.32898688392215D-01  0.11030951030479D+00
  0.34015601278042D-02  0.11578744202676D+00  -.55090517340076D-01
  -.43527191707332D-01  -.48131852775882D-01  0.94598949905017D-01
  -.49102577511749D-02  -.24423867058736D-01  0.79064322825046D-01
  -.27511126298682D-01  0.14357532903266D+00  -.11503867556426D+00
  -.10167785780817D+00  -.34604660300684D-01  -.52203079999981D-01
  -.14252964261189D+00  -.10396071530811D+00  -.70052099799335D-01
  -.11297978744290D+00  -.17912450222826D-02  0.76772194210481D-02
  -.29080182839872D-01  0.82948426363619D-01  0.24436414594110D-01
  0.10888766547800D+00  -.14636972423051D-01  -.52695764111914D-01
  0.58510671309704D-01  -.73931683895693D-01  -.65521841658625D-02
  -.12362176437391D+00  -.10757003068859D+00  -.42928679057947D-01
  -.31875502732666D-01  -.14702630416977D+00  -.72009109190492D-01
  0.12730749850298D-01  -.76688786461086D-01  0.25551342607244D-01
  -.25738992310432D-01  0.33957785346260D-02  0.58223386696073D-01
  -.31782629658119D-02  -.46805658662436D-01  0.10500104610955D+00
  0.13331199113722D+00  0.25022384695979D-01  -.11253707349358D+00
  -.63707194525707D-01  0.95592589994724D-01  0.21186193208294D-01
  0.26971151541185D-01  -.98747134296070D-01  -.52197410047601D-01
  0.29102664245067D-03  -.11780342094274D+00  0.62811485341113D-03
  -.33115342644158D-01  -.59212315163377D-01  0.53373125723601D-01
  -.68665204742930D-01  0.30297475614137D-01  0.36966366176750D-01
  0.36031851586631D-01  0.70773046885280D-01  -.59187992746630D-01
  -.47055371992416D-01  -.74696784168276D-01  0.12720346951128D-01
  -.59152782437632D-01  -.10295387849804D+00  -.57308750280095D-02
  0.69880702201270D-02  -.24383488007845D-01  0.46033883368611D-01
  -.28806863610187D-01  0.62914101950847D-02  -.62461282409462D-01
  0.12983878929038D-01  0.30335320342983D-01  -.28820618888751D-01
  -.39449389106104D-01  0.30895182731675D-01  -.12137939762064D+00
  -.35833986682376D-01  -.55610504225798D-02  0.39693380967520D-01
  0.12091263923600D-01  0.58567077281267D-01  -.27662462182064D-02
  0.35061160347651D-02  0.25760437166277D-01  -.11645393519410D+00
  0.17976388762863D-01  -.67621806645075D-01  0.23579549958035D-01
  -.40001335957008D-01  -.67614206184117D-01  -.81615132216535D-02
  0.18028493509882D-01  -.21812466287742D-01  0.52823711402480D-01
  0.78929239421777D-01  0.76441773225409D-02  0.67092433782437D-01
  -.75897234811969D-01  -.43649824917796D-01  -.54839131584664D-01
  0.40429078734238D-01  -.10996556316173D+00  0.56590359617554D-02
$end
