$vibrational normal modes
 1  1  -0.1060983089   0.1675896524   0.0894504873  -0.0552253276   0.0253233788
 1  2   0.0261885011  -0.1775158472  -0.0837593556   0.1146931122  -0.0811676508
 1  3   0.1009368293   0.0152036305   0.0096197527   0.0242238038   0.0295378961
 1  4   0.0835878526  -0.1410455280   0.0196191098   0.1164731591  -0.0032467416
 1  5  -0.0054685402  -0.0746274491   0.0666076744  -0.0006446778   0.0692490183
 1  6   0.1226310473  -0.0154045874  -0.0711483300  -0.0494134501  -0.0613484360
 1  7   0.1218930415   0.0728463980   0.0511693990   0.0150845312  -0.0028562417
 1  8  -0.0002104173  -0.0082900482  -0.0058825362   0.0013529866   0.0047879676
 1  9  -0.0061957882   0.0221993485   0.0722939377   0.0092320807   0.0351711008
 1 10  -0.0141895475  -0.0023762703  -0.0262921483   0.0000015631  -0.0073220760
 1 11  -0.0215979217   0.0010285861  -0.0030899730  -0.0545111732   0.0024432103
 1 12   0.0000008744  -0.0000945891  -0.0006732773   0.0381846658   0.0002035241
 2  1  -0.2160591179   0.1342316933  -0.2013816793  -0.0645115333  -0.2021427975
 2  2   0.0996152028  -0.0344322557  -0.1091197873   0.1141299044  -0.0677740153
 2  3   0.0119873472  -0.0195195068  -0.0420633329   0.0112356637  -0.0135531756
 2  4  -0.0972385774   0.1173180560  -0.0182895141  -0.0808541316   0.0019135090
 2  5   0.0029932921   0.0419755417  -0.0422302032  -0.0025529614  -0.0289077728
 2  6  -0.0900495262   0.0029505215   0.0259991914   0.0099488278   0.0376712526
 2  7  -0.0220707562   0.1108048749  -0.0718202531  -0.0149917041  -0.0109541969
 2  8   0.0043706823   0.0120869499   0.0088709894   0.0019846222   0.0015114765
 2  9  -0.0052352732  -0.0160668693  -0.0467301134   0.0039285334   0.0419995404
 2 10   0.0253883869  -0.0034482759   0.0052141792   0.0000018464  -0.0009545420
 2 11  -0.0023600004   0.0042130199  -0.0035083025  -0.0709192847   0.0039190871
 2 12  -0.0001197871   0.0001639635  -0.0001391657  -0.0523763538  -0.0003070875
 3  1  -0.2219242556  -0.1387444262  -0.1776407818  -0.0618418436   0.2251846407
 3  2   0.0026123106   0.2124331086  -0.0083605669  -0.0117199750   0.0597593390
 3  3   0.0910181825   0.0266483671   0.0420312374   0.0568511007   0.0178580197
 3  4  -0.1121121980   0.0050765256   0.0013228868   0.0242477190  -0.0012188885
 3  5  -0.0029082098  -0.0357756222   0.0317654325  -0.0018437620   0.0388070428
 3  6   0.0585893147  -0.0164206500  -0.0792116893  -0.0420255963  -0.1371612613
 3  7   0.0540496968  -0.0309411068  -0.1053977191  -0.0321276121  -0.0006490602
 3  8   0.0037730080   0.0132542032   0.0095226049   0.0074279173   0.0134922036
 3  9  -0.0306164184   0.0092823073   0.0283438864  -0.0014674590  -0.0165706094
 3 10   0.0303943807  -0.0119440796  -0.0449820172  -0.0000012496  -0.0166580321
 3 11  -0.0407642047  -0.0053672761   0.0000862502   0.0270411641  -0.0025638400
 3 12  -0.0000290032   0.0003921026   0.0002967607  -0.0628664174  -0.0002851079
 4  1  -0.0951355837   0.1487518238   0.0756955845  -0.0571555183   0.0715304189
 4  2  -0.0299875045  -0.1045606653  -0.0724981479  -0.0374683802   0.1059074186
 4  3   0.1342929350   0.0526294591   0.1116932557   0.0167374957  -0.0045479947
 4  4  -0.0173657503  -0.0789195723  -0.0011977746   0.0457918397  -0.0027367358
 4  5  -0.0025756487  -0.0260655313   0.0119645091  -0.0034454387  -0.0191351108
 4  6  -0.1069552708   0.0109213498   0.0809638037   0.0572783771   0.1422638826
 4  7  -0.1368989977  -0.0306412785  -0.0365413889  -0.0152659059   0.0243569621
 4  8  -0.0075752069   0.0017436238  -0.0006504139   0.0027724651   0.0056896843
 4  9  -0.0084474154   0.0057200895   0.0217204991   0.0035563654   0.0058884662
 4 10   0.0002668462   0.0001886729  -0.0030974405  -0.0000023183  -0.0031110307
 4 11  -0.0019547013   0.0002938495  -0.0001109489   0.0000795473   0.0000631564
 4 12  -0.0000215572  -0.0000417027  -0.0001467903   0.0002898419  -0.0000595932
 5  1  -0.0975505553   0.1802024309  -0.1789647920   0.0483851817  -0.1462000303
 5  2  -0.0236147978  -0.0552696645  -0.0836097745  -0.1136218221   0.1245294280
 5  3  -0.0500527435   0.0074564482   0.0645573502  -0.0869678812  -0.0721263542
 5  4   0.0679088067  -0.0150077560  -0.0004108500  -0.0487516763  -0.0024635346
 5  5   0.0018293147   0.0316927662  -0.0625831756  -0.0134564161   0.0181749381
 5  6   0.0058691233  -0.0140449685  -0.0582415645  -0.0495851043  -0.0849737480
 5  7   0.1126994314  -0.0596325688   0.0499355274   0.0006988329   0.0350334815
 5  8  -0.0101096635  -0.0153500589  -0.0123800818  -0.0072994982  -0.0095725360
 5  9   0.0158363650  -0.0028752185  -0.0160013102  -0.0019272721   0.0078675184
 5 10   0.0021301011  -0.0016485308  -0.0056017535   0.0000100274   0.0027274794
 5 11   0.0006104000  -0.0001324653   0.0001927965  -0.0000902694  -0.0000524508
 5 12   0.0000404232   0.0000406585   0.0000396259  -0.0002054107   0.0000474011
 6  1  -0.1555981232  -0.0820781186  -0.1438866708   0.0179225243   0.2015175322
 6  2  -0.0063623935   0.1003473494  -0.0051070143   0.0351876983  -0.0596683826
 6  3  -0.0059400332  -0.0098285482  -0.0285493317  -0.0139409203   0.0150157416
 6  4   0.1508186347  -0.1265702676   0.0335588377   0.0578101754   0.0000901634
 6  5   0.0050525544   0.0930303124  -0.1160967784  -0.0132751304  -0.0643439317
 6  6  -0.1330333541   0.0044679306   0.0257652310   0.0168461762   0.0074162350
 6  7  -0.0303471062   0.0148616899   0.0823285615   0.0362415619  -0.0100288668
 6  8  -0.0011271689  -0.0225329547  -0.0165235968  -0.0073958806  -0.0137252536
 6  9   0.0288231610   0.0013656591   0.0054950708   0.0010232896  -0.0029410046
 6 10   0.0053426591  -0.0040045739  -0.0215638617  -0.0000005254   0.0010138096
 6 11  -0.0025672647  -0.0006356387   0.0000177012   0.0000777262  -0.0000505003
 6 12  -0.0000252969   0.0000010481   0.0001496183   0.0000738424   0.0000131088
 7  1  -0.0194580407   0.1518742214   0.0990272234  -0.0616387107   0.0897729985
 7  2  -0.0046447617  -0.0904592782   0.0954636554   0.0018735298   0.0144123428
 7  3   0.0079576512   0.0442734945   0.0468259253   0.0900127586   0.1220914761
 7  4  -0.0000134680   0.0048710051  -0.0071117088  -0.1227381488   0.0153383929
 7  5   0.0051109193   0.1300309534   0.0335061333   0.0606370613  -0.1857599212
 7  6  -0.0274916525   0.0301661922   0.0346532642  -0.0090033309  -0.1368348279
 7  7   0.0673602597   0.0043303973   0.0353719500   0.0211468211  -0.0252163903
 7  8   0.0079582976  -0.0055191965   0.0135273740   0.0348798038   0.0482648243
 7  9  -0.1176992807  -0.0077670075  -0.0446243849  -0.0071318904   0.0022692087
 7 10  -0.0113544532   0.0048017018   0.0149749249   0.0000156305   0.0222639827
 7 11  -0.0112349305   0.0462458666  -0.0134502983   0.0042865690   0.0003867626
 7 12  -0.0008368460   0.0000978189   0.0044967502  -0.0004088782   0.0002635044
 8  1  -0.0986054497   0.1193201773  -0.1863620958  -0.0643486410  -0.1205638919
 8  2   0.0567561643   0.0666398999   0.1206652508  -0.0359676608   0.0510468954
 8  3  -0.1275586937   0.0124155253   0.0060241206   0.0357365558   0.0970194714
 8  4   0.1086233489  -0.0702383249   0.0080230399   0.0076028433   0.0050313376
 8  5  -0.0012993436  -0.0006505397   0.0813152196   0.0307631325  -0.0149364360
 8  6   0.1937911757   0.0144405815   0.0118343489   0.0664686807   0.0128756389
 8  7  -0.1759167785   0.0338650884  -0.0357328078   0.0082416516  -0.0212895022
 8  8   0.0002922603   0.0037642862  -0.0047279041  -0.0439586042  -0.0537900500
 8  9   0.0439018825   0.0056828011   0.0207342279   0.0033045224   0.0010339557
 8 10  -0.0138957236  -0.0013504262  -0.0288671202   0.0000187094   0.0257932450
 8 11  -0.0166700478   0.0631743337  -0.0182422566   0.0059034179   0.0010430577
 8 12  -0.0011279302   0.0002964776   0.0045138377   0.0006574383   0.0002459829
 9  1  -0.0703152550  -0.0026994029  -0.1087754831   0.1535163983   0.1897926813
 9  2  -0.0784583351  -0.0383233317  -0.0751040805  -0.0181907478  -0.0683489862
 9  3  -0.0405808787  -0.0226278652  -0.0235833686  -0.0814687079  -0.0528190836
 9  4   0.1162494381   0.0177120254   0.0017938810  -0.1193372944   0.0074968715
 9  5   0.0008139973  -0.0378945291   0.1432182818   0.0510383239  -0.0368409783
 9  6   0.0618526312   0.0357030335   0.1208795881   0.0024917675   0.1454132318
 9  7   0.0919089516  -0.0199232260  -0.0547034863  -0.0455401223  -0.0033066758
 9  8   0.0084408008   0.0447984063   0.0353344782   0.0131276420   0.0112666112
 9  9  -0.0401389661  -0.0062306254  -0.0275358464  -0.0004995139   0.0026246957
 9 10  -0.0557704605   0.0116455114  -0.0464688644   0.0000166216   0.0499786046
 9 11  -0.0163438782  -0.0429619320   0.0021784788  -0.0029825468  -0.0084641435
 9 12   0.0010000039  -0.0003014420  -0.0067346538   0.0002203937  -0.0004638353
10  1  -0.0139242926   0.1317877879   0.0826884248  -0.0633153128   0.1369853008
10  2  -0.0658176371  -0.0022367657   0.0569163797   0.0112262726  -0.0114596800
10  3   0.0850098737   0.0164247870  -0.0043042836   0.0219084620  -0.0220162354
10  4   0.0831392279   0.1757519220  -0.0823743385  -0.0878912795   0.0208527975
10  5   0.0122160664   0.1653312505  -0.0651377598   0.0108792690   0.1239040202
10  6   0.0967922048  -0.0464919557  -0.1332946252  -0.0470894828   0.1170876764
10  7  -0.0283615987  -0.0080089019  -0.0384035350   0.0032963281  -0.0187239855
10  8   0.0142311749  -0.0215134542  -0.0141148416   0.0536625894   0.0547329451
10  9   0.1081541949   0.0008564471   0.0105429253   0.0051251142  -0.0033306388
10 10   0.0036261096   0.0094461029  -0.0074733279  -0.0000644125   0.0042598957
10 11  -0.0029752919   0.0026657621   0.0265902664  -0.0006631296   0.0110729213
10 12   0.0003250240  -0.0040236457   0.0412853497  -0.0001319661   0.0021282189
11  1   0.0308006852   0.1718128354  -0.1616107239   0.0631691298  -0.0604685047
11  2  -0.0808136081   0.0590266434   0.0834686409  -0.0397498548  -0.0436457248
11  3  -0.0366985741   0.0124037267  -0.0172552468   0.0644222194  -0.0074530397
11  4  -0.0269561971   0.0477158871  -0.0313375550   0.1977195403   0.0199076937
11  5  -0.0074699282   0.0410534964   0.1666054406   0.0542001836   0.0307410464
11  6  -0.1717036096  -0.0428195427  -0.1035696636  -0.0700029938   0.0744843727
11  7   0.0340934599  -0.0252486246   0.0108435256   0.0244659221  -0.0332392177
11  8   0.0042239086   0.0025791296   0.0196249235   0.0123534127   0.0163706387
11  9  -0.0131757542  -0.0512113008   0.0064001301   0.0535399907  -0.0104714616
11 10   0.0024024960   0.0209061816  -0.0003473727  -0.0000019695  -0.0069758697
11 11   0.0057294082  -0.0105999486  -0.0566862522   0.0004655058  -0.0292620510
11 12  -0.0038857463  -0.0013234698   0.0074550322   0.0002356222  -0.0016084613
12  1  -0.0051849353   0.0519313291  -0.0743400448   0.2267031678   0.1636416841
12  2  -0.0778491893  -0.1564299106  -0.0478970208  -0.0335098860  -0.0859789964
12  3  -0.0991747159   0.0045215778   0.0169521723   0.0116919291   0.0594748113
12  4  -0.1056879066  -0.0255281440   0.0550291380  -0.1009691170  -0.0038262560
12  5  -0.0089025475  -0.0475093629   0.0258630968  -0.0146507401   0.0433405394
12  6  -0.0247835373  -0.0494163314  -0.1563999284   0.0016094260  -0.0762502374
12  7  -0.1768808232   0.0323690529   0.0332219124   0.0315315096   0.0526676844
12  8  -0.0276637637  -0.0086236437   0.0181010479   0.0394192918   0.0465305219
12  9   0.0484505156   0.0141213224  -0.0047423690  -0.0136834276   0.0020140138
12 10   0.0010444259   0.0002253606  -0.0015280861  -0.0000279422  -0.0040807859
12 11   0.0021841485   0.0050223282  -0.0113033961   0.0009152531  -0.0034021049
12 12   0.0013034018   0.0096332451  -0.0789506234  -0.0002084179  -0.0028675659
13  1  -0.0863572944   0.1361184144   0.0668584355  -0.0585383808   0.1029954289
13  2  -0.0673663549  -0.0140231581   0.0298110078  -0.0273349880  -0.0058928127
13  3  -0.0843684413   0.0003467416  -0.0108222150  -0.0030770426   0.0306528558
13  4   0.0388327331   0.2775937847   0.0916083523   0.0844294267   0.0304323263
13  5   0.0260727561  -0.0476580827  -0.0218893990  -0.0460196312   0.1111767352
13  6  -0.0320307825   0.0162654989   0.1345988789   0.0762856283  -0.1016756104
13  7   0.0099959350   0.0105273034   0.0348049302  -0.0412054507   0.0171321373
13  8   0.0061643851   0.0361216181   0.0022164980   0.0112141354  -0.0023992247
13  9  -0.0011276832  -0.0111281867   0.0033771087   0.0061671462  -0.0013701907
13 10  -0.0009192707  -0.0054067803   0.0006829222   0.0000816266  -0.0002327122
13 11   0.0000916977  -0.0010633400  -0.0022964140   0.0001505527   0.0007895551
13 12   0.0001289050  -0.0008005045   0.0007209961   0.0000829197  -0.0000690292
14  1   0.1122741013   0.1883066134  -0.1479978768   0.1128663380  -0.0154781995
14  2  -0.1457244584   0.0848132557   0.0696011738  -0.0108629316  -0.0918878088
14  3   0.1022474636   0.0298849671  -0.0092620135   0.1099745400  -0.0612512619
14  4  -0.0260820322  -0.0996042275  -0.1249649507  -0.0268011840  -0.0292257957
14  5  -0.0246234091  -0.0452954103  -0.0685028930  -0.0434255642   0.0087261594
14  6   0.0391018797   0.0544067542   0.0989590105   0.0745376296  -0.0587237393
14  7   0.0213983109   0.0097107515   0.0074320312  -0.0390410434   0.0146350417
14  8   0.0294648949   0.0035284513  -0.0319685203   0.0333562155  -0.0055378861
14  9   0.0075082801  -0.0094672429   0.0032855735   0.0087805193  -0.0018236708
14 10   0.0010846125  -0.0036644115   0.0013577677   0.0000707683  -0.0004497605
14 11   0.0002535285  -0.0008521212  -0.0018526617   0.0000650734  -0.0000482204
14 12  -0.0000691115   0.0001654107   0.0004073653   0.0000474348   0.0001146331
15  1  -0.0502132993  -0.0061991674  -0.0722443108   0.0728958660   0.1232723216
15  2   0.1109385973  -0.1961443423   0.0730918169  -0.0106331787   0.0283106731
15  3  -0.0613531424  -0.0117382200  -0.0075663695  -0.0645465728   0.0727003642
15  4  -0.0391145670   0.0911073414  -0.1798293116   0.0972799768  -0.0167470872
15  5  -0.0214410703  -0.0764228384  -0.0740657723  -0.0535482984  -0.1168929610
15  6   0.0322117146  -0.0241584615  -0.0371289332  -0.0081508738   0.0624739277
15  7   0.0376651138  -0.0106601642  -0.0111320655  -0.0318042075  -0.0368615989
15  8   0.0130745571  -0.0187295897  -0.0533930595  -0.0155760102   0.0060170067
15  9  -0.0099483364   0.0053209454  -0.0025609828  -0.0019644113   0.0003629640
15 10   0.0028596299   0.0057938387   0.0017130544   0.0000100167  -0.0002657486
15 11   0.0001503888   0.0001553948   0.0004516658  -0.0000849489  -0.0013166690
15 12  -0.0002851526   0.0003401090   0.0004916270   0.0000173791   0.0003720834
16  1  -0.0756004359   0.1555315780   0.0870246045  -0.0579161731   0.0627485239
16  2  -0.0049122079   0.0285467254   0.0843217223  -0.0257632943   0.0027381116
16  3  -0.0267792129  -0.0050012727  -0.0622076844   0.0550991305  -0.1386733700
16  4  -0.0115408451   0.0341752256   0.1266497046  -0.0040077470  -0.0297776279
16  5   0.0138288303  -0.1117378259  -0.0572678773  -0.0204727943  -0.1468606620
16  6   0.0207865460   0.2057067330  -0.1270600048  -0.0643841824   0.0673030248
16  7  -0.0074755774  -0.0065679840  -0.0278188801   0.0676018184   0.0117913066
16  8  -0.0108590976   0.0036929981   0.0061043018   0.0758525232  -0.0848929494
16  9  -0.0175487883   0.0258537112  -0.0056699201   0.0036928422   0.0004709138
16 10   0.0024793068  -0.0024763324   0.0028543203   0.0002179301  -0.0013495236
16 11   0.0004118502   0.0043874692   0.0092522646  -0.0011786979  -0.0174890133
16 12   0.0077206357  -0.0340821493  -0.0046787428  -0.0001525606  -0.0108648849
17  1   0.1054806205   0.1073671914  -0.1586030175  -0.0382787532   0.0151549151
17  2  -0.0360115037  -0.0043318826   0.1140415528   0.0074768816  -0.0141727042
17  3   0.1672671786  -0.0160703527  -0.0188284258  -0.1536702668   0.0314399852
17  4  -0.0160955778   0.0285810422   0.1055657483  -0.0087016274   0.0233242381
17  5   0.0465369869  -0.0779077827  -0.0591439189   0.0310546336  -0.0619741295
17  6   0.0306365619  -0.2145537764   0.1041937065  -0.1022262921  -0.0065933154
17  7  -0.0363154421   0.0010910407  -0.0150425650   0.0559069770   0.0040136913
17  8  -0.0605891443   0.0218237647   0.0006479049  -0.0214714023   0.0304932421
17  9   0.0061645916  -0.0266599196   0.0038661757  -0.0015710010  -0.0006190771
17 10  -0.0155721320  -0.0544941182   0.0022573141   0.0002297987   0.0005549559
17 11  -0.0003850780  -0.0032270937  -0.0116332530   0.0019956710   0.0268368172
17 12   0.0120049464  -0.0683782529  -0.0070891124  -0.0002179549  -0.0189327836
18  1  -0.0411128815  -0.0086548128  -0.0545977791   0.0319815600   0.0906566377
18  2   0.2047773540  -0.1780619548   0.1397051500  -0.0042317440   0.0591023302
18  3   0.0216412031  -0.0199741754  -0.0587944871  -0.0518053675  -0.0863766110
18  4  -0.0689169681  -0.1004908632  -0.0428584988   0.0065992823  -0.0258322715
18  5   0.0089687232   0.0694524035   0.0090166480   0.0672017084   0.1819248486
18  6  -0.0249855888   0.1577181474   0.1153463770  -0.0002412997  -0.0623242260
18  7  -0.0033139663   0.0030174605  -0.0116807707   0.0729519969   0.0294969352
18  8  -0.0183374186   0.0397904186   0.0037426795  -0.0191747803   0.0283283862
18  9   0.0075761697   0.0031636168   0.0002411443  -0.0021135036   0.0003542671
18 10   0.0102468490   0.0515333302  -0.0056498975  -0.0000495466  -0.0026048832
18 11   0.0006671478   0.0101278531   0.0238998957  -0.0035691139  -0.0535202046
18 12   0.0139388612  -0.0409014516  -0.0046286997  -0.0001211074  -0.0153616819
19  1  -0.0201256319   0.1435372647   0.0914404472  -0.0621508577   0.1083778519
19  2  -0.0306480662   0.0481687270  -0.0032043606   0.0585287127   0.0793337754
19  3  -0.1243983580  -0.0470425343  -0.0388631617   0.0379985501  -0.0926938723
19  4  -0.0415110446  -0.0428505014   0.0192066143  -0.0003423278  -0.1660191656
19  5  -0.1042749808  -0.0099250910  -0.0190274253   0.0593760918  -0.0245374113
19  6   0.0058690833  -0.2518043872   0.0197424134   0.0460860423   0.0019784205
19  7   0.0220744830  -0.0013511425  -0.0100081395   0.0294879076   0.0325935200
19  8   0.0998330787  -0.0114913357   0.0109082395  -0.0359627315   0.0248547120
19  9   0.0033108455  -0.0201094463   0.0072317070  -0.0195425820   0.0024876382
19 10   0.0004989489   0.0075208568  -0.0016963350   0.0005276895   0.0001782333
19 11  -0.0000943921  -0.0003302742  -0.0003776794   0.0001454976   0.0026985952
19 12   0.0035801367   0.0117817527   0.0028314278   0.0002632242  -0.0403797045
20  1   0.1853543310   0.1045134417  -0.1475217342  -0.0247051275   0.0674831457
20  2  -0.0747097356   0.0454493534  -0.0090236840   0.1289266212   0.0911708777
20  3   0.0462728757  -0.0599661323   0.0272577514  -0.1395448130   0.0999257214
20  4  -0.0108836111   0.0339865917   0.0578122570   0.0031438152  -0.0955990832
20  5  -0.0110808899   0.0072515376   0.0055334096   0.0263944528   0.0228253879
20  6  -0.0227490558   0.1899126417  -0.1150231509   0.1127296061   0.0124700081
20  7   0.0471667939  -0.0023819272   0.0007103748  -0.0274033543  -0.0169509256
20  8  -0.0249022201  -0.0317398252   0.0224238374  -0.0103848345   0.0103746183
20  9   0.0035510499   0.0422551184  -0.0169302982   0.0474526520  -0.0062639536
20 10  -0.0030237478  -0.0194366134   0.0027181024   0.0007870327   0.0004124412
20 11  -0.0003546531   0.0003973307   0.0052782122  -0.0001939027  -0.0004221203
20 12  -0.0563354580   0.0025938082   0.0003705049   0.0003390973  -0.0525719515
21  1   0.0580845260   0.0809655922  -0.0103109170   0.1759641022   0.0692407118
21  2   0.1460972956   0.0258715570   0.0220410708   0.1220275756   0.1299844308
21  3  -0.0253118568  -0.0276939780   0.0016685917   0.1015818052  -0.0856855799
21  4   0.0050517746  -0.0328530181   0.0092765817  -0.0095429550   0.1037080164
21  5   0.1973389367  -0.0040712187   0.0220835606  -0.0293767954  -0.0142959850
21  6  -0.0011145947  -0.1114098300  -0.0173430715   0.0572517641  -0.0006455372
21  7   0.0196177765   0.0004423973   0.0088302738  -0.0468028719  -0.0233532745
21  8  -0.0365365074  -0.0428142019   0.0303852566   0.0245736061  -0.0255414181
21  9  -0.0015949425  -0.0219135786   0.0110433832  -0.0281740561   0.0038602532
21 10   0.0036308298   0.0093947918   0.0001117978   0.0004843076  -0.0000335531
21 11   0.0000029233  -0.0003526693  -0.0023275642   0.0002657442   0.0043885772
21 12   0.0334418475   0.0246212108   0.0061000868   0.0004234863  -0.0637479669
22  1  -0.0045248085   0.1681454213   0.1175370273  -0.0614839627   0.0580177229
22  2   0.0489254977   0.1490776053  -0.0511753695  -0.0449606286  -0.0396099098
22  3  -0.0508600599  -0.0135284489  -0.0310542499  -0.1197215893   0.0339360985
22  4  -0.0663478400  -0.0940369411  -0.0701248630  -0.0036406326   0.0590497915
22  5   0.0339088348  -0.0017602237  -0.0024376378   0.0055892632   0.0069671172
22  6  -0.0021050764   0.0123786475  -0.0033877450   0.0034472752  -0.0008940881
22  7   0.0007766777   0.0000482600   0.0007725152  -0.0020874549  -0.0007518518
22  8  -0.0009657000  -0.0007019252   0.0007206928  -0.0007062677   0.0010241541
22  9   0.0003377372   0.0010187287  -0.0003878007   0.0011826766  -0.0001653361
22 10   0.0000445163   0.0000819331  -0.0000097061  -0.0091060821  -0.0000049685
22 11  -0.0000035434  -0.0000013883  -0.0000207609  -0.0000060549  -0.0001262760
22 12  -0.0003122184   0.0000646739  -0.0000048757   0.0000042235  -0.0001554763
23  1   0.1779935732   0.0004333240  -0.1609622934  -0.2187383869   0.1077538870
23  2   0.0656397373  -0.0744492961  -0.0785054757  -0.0319851539  -0.0218230996
23  3  -0.0484108020   0.0006945978   0.0035776644   0.0659338834  -0.0332022279
23  4   0.0070716489  -0.0039285869  -0.0023483914  -0.0012671157   0.0188757340
23  5   0.0156805611   0.0019550895   0.0067206766  -0.0165910960  -0.0040954842
23  6   0.0018311564   0.0041961274   0.0092315166  -0.0188074853  -0.0010041483
23  7  -0.0089166166   0.0006288569   0.0018708465  -0.0015515232   0.0034019639
23  8   0.0115186729  -0.0000611653   0.0009046039  -0.0019445427   0.0003797411
23  9  -0.0003152281   0.0009848386  -0.0003715961   0.0005192692  -0.0000561484
23 10  -0.0001335052  -0.0004081152   0.0000181936  -0.0280378824   0.0000034267
23 11   0.0000009816  -0.0000034791   0.0000483076  -0.0000079570  -0.0000248990
23 12  -0.0003494781   0.0000995226   0.0000141174   0.0000031218  -0.0003332908
24  1   0.0724164172   0.0803214544   0.0133794787   0.1278677520   0.0271280332
24  2   0.2639285125   0.1007998339  -0.0438408121  -0.0248392121  -0.0216657584
24  3   0.0441486556   0.0408887287   0.0141170417   0.0121291184   0.0212835591
24  4   0.0381635824   0.0704158967   0.0432177130   0.0051170779  -0.0579751138
24  5  -0.0500504179   0.0082497054   0.0053118020  -0.0093176627  -0.0006946341
24  6   0.0024858879   0.0073547231   0.0165455469  -0.0280879756  -0.0023753427
24  7  -0.0135690114   0.0010107838   0.0037138200  -0.0078633187  -0.0006057425
24  8   0.0033411315  -0.0019510058   0.0011024868   0.0003198552  -0.0010602441
24  9  -0.0002676096  -0.0011042638   0.0005092486  -0.0016516056   0.0002257209
24 10   0.0000637048   0.0002872525  -0.0000549159  -0.0108993280   0.0000074794
24 11  -0.0000057928  -0.0000174797  -0.0000284665   0.0000117082   0.0001566725
24 12  -0.0000732866  -0.0000125494   0.0000023406  -0.0000016668   0.0001233110
25  1  -0.1160010993   0.1878371586   0.1047454922  -0.0532672375  -0.0237129757
25  2   0.0869572669  -0.2557113267  -0.0910721706   0.2853341115  -0.2940228632
25  3   0.0543784498  -0.0279216801  -0.1022178444   0.0155733878   0.0555290396
25  4   0.2308197275  -0.2154884253   0.0425239057   0.1982279572  -0.0012951359
25  5  -0.0018192996  -0.0027134926  -0.0109941388  -0.0090132522   0.0058620489
25  6   0.0354858831  -0.0168696450  -0.0985389665   0.0087209935  -0.2996150972
25  7  -0.1821906773  -0.5210595999  -0.2828838308  -0.0951643097   0.0229286035
25  8   0.0013081348   0.0352938301   0.0150744257  -0.0452638472  -0.0792693195
25  9   0.1413234673  -0.1310508721  -0.3833161305   0.0256669420   0.2920110462
25 10  -0.1282588788   0.0732381255   0.3590680298  -0.0000245233  -0.1003598922
25 11  -0.2276542546  -0.0328097026   0.0070551601   0.2676927273  -0.0190622017
25 12   0.0001329901   0.0008548225   0.0019376272  -0.0681593908  -0.0001444698
26  1  -0.2515701823   0.0682380683  -0.2143141650  -0.1948189464  -0.1963392213
26  2   0.2049942130   0.0792138162   0.1053373903   0.3185797983  -0.2918382077
26  3  -0.1716159571   0.0970600011   0.3508799180  -0.1700160328  -0.2372219758
26  4  -0.2567502380   0.2198172027  -0.0447189002  -0.1414731218   0.0037092857
26  5   0.0011287881   0.0015638152   0.0380507585   0.0185043444  -0.0272925705
26  6   0.0370588129   0.0236116275   0.0942860622   0.0265539916   0.1900753912
26  7   0.0482914819   0.0349135051   0.3125448283   0.0849619922   0.0193431071
26  8  -0.0138843940  -0.0505162261  -0.0349146439  -0.0048605757  -0.0074904371
26  9   0.0200575231   0.0887290372   0.2447487315  -0.0401497342  -0.3460906606
26 10  -0.3684300725   0.0945067745   0.2089975608  -0.0000416325  -0.1283969768
26 11  -0.3128720426  -0.0551793138   0.0105669566   0.3509549022  -0.0269263808
26 12   0.0004727219   0.0013616288  -0.0002082417  -0.1044852708  -0.0004032128
27  1  -0.2492985984  -0.1720131074  -0.1790012811  -0.1448494497   0.2065874832
27  2   0.0981388100   0.2503185420   0.1266090004   0.1974729807  -0.1813889723
27  3  -0.0487347154   0.0820271145   0.2441225301  -0.0639454486  -0.1146739600
27  4  -0.1482555374   0.0388622657  -0.0053888428   0.0207477286   0.0010388185
27  5  -0.0019757533  -0.0233766559   0.0435074277   0.0083529930   0.0021745598
27  6   0.0842893540  -0.0000527166  -0.0326405563   0.0045721239  -0.1330786192
27  7  -0.0570769107  -0.3494743598  -0.0094030076  -0.0155779591   0.0236621435
27  8  -0.0054943109  -0.0057066404  -0.0091462763  -0.0237849725  -0.0395160139
27  9   0.0707163845   0.0021778482  -0.0017909707  -0.0175111808  -0.1177017079
27 10  -0.2935957701   0.0914398003   0.2829033648   0.0000182139   0.1935785308
27 11   0.4628107117   0.0815613316  -0.0174770520  -0.5683895802   0.0421287560
27 12  -0.0006509080  -0.0020903298  -0.0006391030   0.1308916926   0.0002695036
28  1  -0.0478695919   0.1657147054   0.1036031153  -0.0589588342   0.0490198249
28  2   0.0324174302  -0.1505615062   0.0766765941   0.1515127041  -0.1754035299
28  3  -0.0941955107   0.0943586381   0.3053949565  -0.1827426462  -0.1527974543
28  4   0.2024258490  -0.2468097745   0.0352768200   0.1644698280  -0.0082074557
28  5  -0.0042281238  -0.0420411353  -0.0344354694  -0.0327893573   0.0841266733
28  6  -0.0682178269  -0.0410630563  -0.1280080164  -0.0761553259  -0.1371588240
28  7   0.1005831384   0.3691478023  -0.3424478974  -0.0866823091  -0.0199334879
28  8   0.0116948607   0.0486509056   0.0298756212  -0.0251550739  -0.0398064562
28  9   0.0325226333  -0.0931201841  -0.3309552189  -0.0805599375  -0.3757564038
28 10   0.1637598415  -0.0244174158   0.0052336199  -0.0000252996   0.1512921943
28 11   0.3969605561   0.0073844032   0.0299187098   0.3997704900  -0.0128917655
28 12   0.0003796087  -0.0010913313   0.0035821944   0.1112976996   0.0004976651
29  1  -0.2817186274   0.1147840226  -0.2130849191  -0.1159350158  -0.2357404406
29  2   0.1599959219  -0.0354107803  -0.1509891541   0.2294611333  -0.1594385139
29  3   0.0760618567  -0.0493953876  -0.1544769263   0.0981890020   0.0487170848
29  4  -0.2043651586   0.2139911040  -0.0326736461  -0.1104851030   0.0070686858
29  5   0.0024674119   0.0270384808   0.0357954741   0.0254749064  -0.0571095275
29  6   0.0702123622   0.0237526193   0.0621795203   0.0444039092   0.0275921551
29  7  -0.0791162328  -0.3549561886   0.1803100129   0.0374933831   0.0254610956
29  8  -0.0090488793  -0.0264151726  -0.0136624761   0.0361509990   0.0621950594
29  9  -0.0914084307   0.0892781996   0.3065332758   0.0597857323   0.2655614348
29 10   0.0663061892  -0.0462776055  -0.2270317766  -0.0000370380   0.1946080545
29 11   0.4782493641   0.0135312767   0.0339697322   0.4988804099  -0.0173917922
29 12   0.0003678417  -0.0010998037   0.0041720681   0.1237962515   0.0005468404
30  1  -0.1858003027  -0.0930655824  -0.1781055241   0.0567025700   0.2548257963
30  2  -0.1399560861   0.1649864928  -0.2112974876  -0.3287392231   0.4305330049
30  3   0.3087104659  -0.0536127370  -0.2558513495   0.2458218094   0.2158337513
30  4  -0.0976104456  -0.0059124110   0.0024994246  -0.0056818670  -0.0025873829
30  5  -0.0030448006  -0.0492934829   0.0365945387  -0.0031497118   0.0550033881
30  6   0.0150833381  -0.0094379754  -0.0215714163  -0.0497356620   0.0694953263
30  7   0.1812163542   0.4390305649   0.0653363661   0.0357987574  -0.0322092727
30  8   0.0050094893  -0.0112162730  -0.0137579953  -0.0362703542  -0.0626045506
30  9   0.1210971262  -0.0135344086  -0.0267380967   0.0277046877   0.1750183987
30 10  -0.4322944080   0.1371759394   0.4509793401  -0.0000222368   0.0775761873
30 11   0.2018168541   0.0016261765   0.0165156976   0.2317195082  -0.0081139701
30 12   0.0001890176  -0.0005361960   0.0019047238   0.0408708923   0.0001514963
31  1  -0.1650487985   0.1637155639   0.0699951229  -0.0518287873   0.0143691767
31  2   0.0019740194  -0.1839138375  -0.2509729183   0.0261446425   0.0798516023
31  3   0.3189944172  -0.0577038384  -0.2756583254   0.2446304729   0.2171795203
31  4  -0.0738765962  -0.0109619899  -0.0036320919   0.0443068141   0.0020648438
31  5  -0.0067000788  -0.1194920381   0.1901204041   0.0377555386   0.0426941756
31  6   0.2951735393   0.0284021648   0.0784236024   0.0385159539   0.1873404017
31  7   0.0308284607  -0.2081771183   0.4455761247   0.1068835064   0.0271474529
31  8  -0.0183867072  -0.0450520798  -0.0317215544  -0.0470609234  -0.0760757551
31  9   0.1279820133  -0.0886265260  -0.3264466817  -0.0885879740  -0.4328666322
31 10   0.1552152330  -0.0250153533  -0.0191347550  -0.0000009289   0.0499112020
31 11   0.1276676763   0.0131899204   0.0006506294  -0.0223802828   0.0038469402
31 12  -0.0006631485   0.0017088703   0.0020028037  -0.4932084149  -0.0027388192
32  1  -0.2066250786   0.1857953710  -0.1938953987   0.0329825167  -0.2183916970
32  2   0.0270078678  -0.1344492907  -0.3115040190  -0.0271767680   0.0991190484
32  3   0.1962491445  -0.1323107859  -0.4276534447   0.2042654942   0.2078342684
32  4  -0.0009404222   0.0664733480  -0.0004219001  -0.0446195252   0.0030646001
32  5   0.0044183461   0.0766931882  -0.0774650396  -0.0058557279  -0.0555245578
32  6  -0.1047093394  -0.0040396865  -0.0236055116   0.0121976777  -0.1435120845
32  7  -0.1138828742  -0.1853877025  -0.2149486987  -0.0617806890   0.0063740679
32  8   0.0037863404   0.0204517984   0.0150396176   0.0138956693   0.0227214561
32  9  -0.0625722210   0.0446280315   0.0932581585  -0.0799450182  -0.5366025026
32 10  -0.0680426776   0.0140744753  -0.0016645783  -0.0000071106  -0.0635891993
32 11  -0.1568121833  -0.0161959717  -0.0016977375  -0.0096761853  -0.0026113611
32 12   0.0008197144  -0.0022037266  -0.0028646415   0.5991339386   0.0032270251
33  1  -0.2844397748  -0.1972736354  -0.2029439460  -0.1629690231   0.2327986342
33  2   0.0586361942   0.3136483339   0.0590418691   0.0605340847   0.0247683631
33  3   0.0885246839   0.0824033775   0.2003847732   0.0474950882  -0.0516397449
33  4  -0.3581552745   0.1777006370  -0.0387073946  -0.0815451032   0.0023754751
33  5  -0.0055515708  -0.1110854134   0.1789138626   0.0362275455   0.0435237518
33  6   0.2307506452   0.0284602347   0.0977779781   0.0268000636   0.2623345855
33  7   0.0853711948   0.0344934449   0.4011947668   0.1009149686   0.0073097624
33  8  -0.0116276418  -0.0301692380  -0.0211257301  -0.0456687711  -0.0776750096
33  9   0.1465979869  -0.1460113908  -0.4510517543   0.0025783207   0.1865607503
33 10   0.2533381069  -0.0440580066  -0.0150786971  -0.0000199005  -0.0638735402
33 11  -0.1497994441  -0.0140485096  -0.0005441980   0.0156902661  -0.0031741514
33 12   0.0007032982  -0.0020214773  -0.0026460622   0.5722525350   0.0030527411
34  1   0.0420988816   0.1486424620   0.1128787642  -0.0656685840   0.1176460424
34  2  -0.0019367958  -0.0590468810   0.2126911685   0.0348686365  -0.0594835239
34  3  -0.0407894784   0.0377063182  -0.0138629535   0.1596143785   0.1983288212
34  4  -0.0277582269   0.1098080627  -0.0449586542  -0.1194733281   0.0356512082
34  5   0.0027614177   0.1674795286   0.2247437132   0.1403135742  -0.2755014212
34  6  -0.1465893870   0.0315618459   0.0637478961  -0.0619540409  -0.0579432927
34  7   0.2090712784   0.0475828050  -0.1298260659  -0.1570227731   0.4916514989
34  8  -0.1615790872  -0.1361061913  -0.1710320767  -0.2488181787  -0.3064952916
34  9   0.2707860945   0.0306512896   0.0200497712  -0.0090304302   0.0170902202
34 10  -0.1088469632  -0.0092427177  -0.2074133570  -0.0000322022  -0.4210829341
34 11   0.1834564719  -0.2743204637   0.1189312197  -0.0312167077   0.0318830352
34 12   0.0042587916   0.0011296163  -0.0160752102  -0.0019768448   0.0007529317
35  1  -0.1574683851   0.1018315368  -0.1968603377  -0.1105490077  -0.1506604057
35  2   0.1109575774   0.0636860844   0.1173823029  -0.0302822313   0.0917541836
35  3  -0.1482760543   0.0241618071   0.0393562796   0.0448473984   0.1574554863
35  4   0.1559988752  -0.2456087363   0.0666383388  -0.1363242723  -0.0261571393
35  5  -0.0039568842  -0.1532742076  -0.1012526591  -0.0852062843   0.2121187653
35  6   0.1343263175  -0.0213039948  -0.0063216741   0.0446888702   0.0998988907
35  7  -0.1301436941  -0.0488607307   0.0658977924   0.1030892946  -0.3543925932
35  8   0.1193363901   0.0918136996   0.1320764362   0.1910768337   0.2152833637
35  9  -0.2456475934  -0.0439763788  -0.1117795832   0.0108250505   0.0017483462
35 10  -0.1027853668   0.0429317243  -0.0381169861  -0.0001548431  -0.5919580378
35 11   0.2703196430  -0.3787742230   0.1609170900  -0.0345084313   0.0390021782
35 12   0.0055532274   0.0003817614  -0.0165927631   0.0002044189   0.0005664212
36  1  -0.0273282095   0.0493143203  -0.1063471446   0.2827035977   0.2183379138
36  2  -0.2263353609  -0.0877556704  -0.2790735177  -0.0923525776  -0.0417572402
36  3   0.1018062068  -0.0402671854   0.0006592330  -0.2292062431  -0.3457294812
36  4   0.0407555475   0.2812395020  -0.0786760001   0.2352531307   0.0525593216
36  5   0.0132068859   0.3216001247   0.2418236359   0.2061176751  -0.4629688073
36  6   0.3947231807   0.1181260554   0.0938641960   0.1301129248  -0.2569157738
36  7  -0.2340381562   0.0852961155   0.0181146265   0.0503910156  -0.1077665391
36  8   0.0155995718   0.0578724440   0.0248925797  -0.0831114772  -0.0363464502
36  9  -0.0043055352   0.0552562570   0.2489003284  -0.0054827460  -0.0177882735
36 10   0.4122295214  -0.0895501112   0.4372952562  -0.0000458181  -0.2045830530
36 11   0.0953813002  -0.1560427023   0.0648498332  -0.0134788956   0.0153923295
36 12   0.0024114433   0.0004646691  -0.0084726141  -0.0004435953   0.0003904963
37  1  -0.0243246942   0.1720958068   0.1156672917  -0.0599944818   0.0424784391
37  2   0.0570854225  -0.1695120457   0.1361261025   0.0047201823   0.0270970887
37  3  -0.0834466916   0.0621195389   0.0792261581   0.1476048351   0.2574283165
37  4  -0.0422043432  -0.1493637827   0.0643662488  -0.4856691915  -0.0246461650
37  5  -0.0063324562  -0.2442144038   0.0839655372  -0.0262245663   0.0329306720
37  6  -0.4120866353   0.0315202299   0.1390278636  -0.0798633797  -0.1254928538
37  7   0.2597165946  -0.1107900284  -0.0646933216   0.0915879055  -0.4596097072
37  8   0.1389029715   0.0966305484   0.0303410982  -0.1400719522  -0.2269776740
37  9   0.5052615363   0.0091588705   0.2308240288   0.0430971117  -0.0223442962
37 10   0.2012302220  -0.0680422035   0.1065849370  -0.0000254858   0.1979061265
37 11  -0.0584292554  -0.2914790122   0.0431791495  -0.0179495845  -0.0393446771
37 12   0.0060556893  -0.0028030949  -0.0303136310  -0.0021997378  -0.0025766381
38  1  -0.1363829859   0.0505466309  -0.1999495370  -0.2003269582  -0.1150087960
38  2   0.1669836118   0.1828016858   0.3109866507   0.0428094746   0.0092213850
38  3  -0.2063994605   0.0196998868  -0.0446966455   0.1652552121   0.3052149212
38  4   0.1954505930  -0.2397290403   0.0458147873  -0.0938453143  -0.0145874497
38  5  -0.0036983126  -0.0621853067  -0.0768557099  -0.0575599512   0.2273113010
38  6   0.0425333502  -0.0623775682  -0.0834666576  -0.0592535660   0.3722997001
38  7   0.1004234028  -0.0074216515   0.0237066437  -0.1414556847   0.4382072024
38  8  -0.1264493887  -0.0266144434  -0.0153938061   0.0691898805   0.1816014299
38  9  -0.2963025939   0.0447497988   0.0996270188  -0.0311794887  -0.0041661235
38 10   0.3106598601  -0.0431936943   0.4054821825  -0.0000870001   0.2471440151
38 11  -0.0613234688  -0.3722860300   0.0555090792  -0.0315511043  -0.0470190096
38 12   0.0080173039  -0.0027486492  -0.0443438440   0.0004135599  -0.0032978580
39  1  -0.0930132050  -0.0311514649  -0.1088009565   0.0802957871   0.1718844993
39  2   0.0088033061  -0.0108837575   0.0464046007   0.0261482710  -0.0860089398
39  3  -0.1244812315  -0.0105338272  -0.0363460798   0.0152025438   0.1219508590
39  4   0.1431011870  -0.1419979252   0.0540667897  -0.3347922534  -0.0202027527
39  5  -0.0054237167  -0.2208447263   0.0682505930  -0.0342679744   0.1778955295
39  6  -0.1937910616  -0.0036610326   0.1138930949  -0.1010960361   0.3297308894
39  7   0.3459609902  -0.0864548735  -0.0517657254  -0.0955375126   0.0651789309
39  8  -0.0058801237   0.0763968935   0.0384975742  -0.0068662043   0.0203198220
39  9   0.0429995237   0.0279019860   0.1544583096   0.0004495934  -0.0162725181
39 10   0.2350302731  -0.0477593552   0.2509836608   0.0000509221  -0.4101181359
39 11   0.1067099288   0.6697803912  -0.1022322683   0.0480725511   0.0831369939
39 12  -0.0142764726   0.0053927440   0.0750800575   0.0013895498   0.0056009240
40  1   0.0504834186   0.1318210222   0.1002145722  -0.0673051021   0.1584375952
40  2  -0.0523903613  -0.0080825383   0.0964771347   0.0451699902  -0.0112139752
40  3   0.1972695397   0.0289916873  -0.0037831622   0.0540634415  -0.0435720914
40  4   0.0736612888   0.1290970477  -0.2883447731  -0.1271062364  -0.0216007523
40  5  -0.0335523081   0.1512569986  -0.2286718012  -0.0834503953   0.1440245937
40  6   0.0266992069  -0.1296424773  -0.3248071936  -0.0089962968   0.0960056555
40  7  -0.0695495133  -0.0094202588   0.1579586794  -0.0764019047  -0.0025526503
40  8  -0.0572309528   0.4315939565   0.3610513368  -0.3723514328  -0.3182420018
40  9  -0.2134752535   0.1764238421  -0.0216920998  -0.2013274472   0.0428728639
40 10  -0.0480633178  -0.0817105232  -0.0222105274   0.0005415520  -0.0551290338
40 11   0.0403870528  -0.0695235228  -0.4020045083   0.0047054573  -0.1931890074
40 12  -0.0229736576   0.0146304474  -0.1478552375   0.0010575458  -0.0170753757
41  1   0.0271636644   0.1306088451  -0.1670350484  -0.0138167506  -0.0449883270
41  2  -0.0248668971   0.1072398147   0.1275926761  -0.0028655387  -0.0040919066
41  3   0.0676530684  -0.0014340143  -0.0500599778   0.0089958385  -0.0823566547
41  4   0.1458961150   0.1125577922  -0.3307825439   0.0570315579  -0.0166896253
41  5  -0.0608744109  -0.1967934643   0.2915244452  -0.0001041977   0.0081479135
41  6  -0.3787199642  -0.0986979884  -0.2467312815  -0.0087377786  -0.1392589403
41  7  -0.1442337571   0.0135269642   0.1520684002   0.0218784192   0.0226466123
41  8  -0.0504405844   0.1893415293   0.1833524078  -0.0770844193  -0.0189211538
41  9  -0.0556689425   0.2701839079  -0.0816968490  -0.3011528053   0.0548610566
41 10  -0.0358527605  -0.0934944281  -0.0006028211  -0.0006468717   0.0900159694
41 11  -0.0657071398   0.1015814016   0.6168985414  -0.0074003722   0.2985949896
41 12   0.0330034482  -0.0209619208   0.2298954219  -0.0016287721   0.0271150911
42  1   0.0661517771   0.1203697687  -0.0475662587   0.3504661838   0.1596913513
42  2  -0.1571160150  -0.2411450640  -0.0784290184  -0.0606967773  -0.1545467418
42  3  -0.1542608314   0.0419739222   0.0713094688   0.1406516053   0.1614418689
42  4  -0.4051872576  -0.1929166297   0.3377572762   0.0958698093   0.0099700549
42  5   0.0314722480   0.3249712281  -0.3686115832  -0.0302220697   0.1083413754
42  6   0.2632314078  -0.0284490129  -0.0811907802  -0.0400500517   0.2586955713
42  7   0.0901819419  -0.0338654863   0.0058527684  -0.0626649480  -0.0238327814
42  8  -0.0080472928   0.1797517216   0.1511946620  -0.2637026940  -0.2821306500
42  9  -0.2217860671  -0.3085512118   0.0990955289   0.3305154077  -0.0524833924
42 10   0.0015269201   0.0914116627  -0.0235794428  -0.0003777033   0.0597562317
42 11  -0.0430091504   0.0638001354   0.3793138482  -0.0042845142   0.1835938626
42 12   0.0214266975  -0.0122827264   0.1295848724  -0.0008856138   0.0156825395
43  1  -0.0170492541   0.1120873876   0.0643403507  -0.0644296170   0.1804317462
43  2  -0.1275841012   0.0865612203   0.0096469651   0.0240441865  -0.0362190365
43  3   0.1561379937  -0.0083765903  -0.0472641491  -0.0567054754  -0.1509025577
43  4   0.2587982278   0.2681007371  -0.1745501524  -0.3168455515   0.0099501020
43  5   0.0035376082  -0.1398635206   0.1450781359  -0.0163164225   0.4202959904
43  6  -0.1638245386  -0.0642252777  -0.0986478543  -0.0379178682  -0.0574090741
43  7  -0.1916357864  -0.0089354084  -0.0719964921   0.1950105045  -0.1548422040
43  8   0.0055475467  -0.3880598030  -0.3439257262  -0.3097396276  -0.2637399949
43  9  -0.4897603227  -0.0927710681  -0.0075387093   0.1034918795  -0.0095788556
43 10   0.0332795780   0.0225479972   0.0501428416   0.0000566144   0.0062498078
43 11  -0.0085385452   0.0577706524   0.1056121628   0.0032443830   0.0642198038
43 12   0.0166174882   0.0443670945  -0.3487234893  -0.0009872896  -0.0072669524
44  1   0.0700806667   0.2434905480  -0.1474627854   0.2048676316  -0.0663175594
44  2  -0.1956464158  -0.0067375512   0.0092875369  -0.0847531974  -0.1237873298
44  3  -0.1513176172   0.0421306317   0.0371336484   0.1720313624   0.0941112472
44  4  -0.3138536301  -0.1097652241   0.3997719505   0.3588628908   0.0562108571
44  5   0.0564157496   0.3470283045  -0.1246369682   0.0691106820   0.1832291304
44  6   0.1367358079   0.0326146590   0.2527463886  -0.0581974991   0.3248114930
44  7   0.3008210433  -0.0878574035  -0.1627415304   0.0085589891  -0.2015297874
44  8   0.0691997624  -0.1127899595  -0.1719873377  -0.0505962742   0.0096974713
44  9  -0.0028345349   0.4263060398  -0.1102881410  -0.4505594950   0.0798937658
44 10  -0.0252403764  -0.1374082380   0.0166709001   0.0000819627   0.0029758840
44 11  -0.0069372068   0.0443374911   0.0761194902   0.0037143789   0.0480377339
44 12   0.0133395489   0.0402276428  -0.3150436280  -0.0013828964  -0.0066742899
45  1   0.0091397734   0.0718555213  -0.0768276848   0.2828887371   0.1805931083
45  2  -0.1512086127  -0.1425798324  -0.0986823761  -0.0458223212  -0.1291396645
45  3  -0.1130702864   0.0049872753   0.0191606251   0.0193219030   0.0409704433
45  4  -0.1417098377  -0.0487454497   0.1881550377  -0.1390981254   0.0061741213
45  5   0.0125986622  -0.0552455790   0.0051538681  -0.0176726924   0.2286237631
45  6  -0.0111472973  -0.0293839591  -0.0127269620   0.0045970098  -0.0408521654
45  7  -0.1458042852   0.0077580961  -0.0514321535   0.1092061283  -0.0671443445
45  8  -0.0090356843  -0.2128936020  -0.1986094085  -0.1458455136  -0.0998428987
45  9  -0.2084276337   0.1541114601  -0.0552841918  -0.1597628407   0.0331702063
45 10   0.0035529792  -0.0533545584   0.0291378979   0.0002324822  -0.0132308080
45 11   0.0199738351  -0.1193831835  -0.2265991898  -0.0086455167  -0.1346008941
45 12  -0.0363406007  -0.1021236931   0.8087646853   0.0032652501   0.0180586386
46  1  -0.1427709549   0.1628076795   0.0752405517  -0.0532698482   0.0238655698
46  2   0.0037659981  -0.0135379668   0.1704644206  -0.1299783706  -0.0952991273
46  3   0.0377323780   0.0435588226  -0.1007924504   0.1040100627  -0.2148734663
46  4  -0.0205110620   0.0080614372   0.1073598772  -0.0045694338   0.1452584260
46  5  -0.1858576322  -0.0560439112   0.0004777230  -0.2933663501  -0.1584253473
46  6   0.0743816415   0.2401261396   0.0430065755   0.1004003081   0.0340313263
46  7   0.1288647634  -0.0141167064  -0.1002413153   0.1090728275  -0.0405451856
46  8  -0.2237688828  -0.3637974970   0.3962373798  -0.4718206047   0.4343421365
46  9   0.0999386678  -0.1244390032   0.0205525069  -0.0253472182  -0.0000905839
46 10  -0.0562320717  -0.1631491628  -0.0034324619  -0.0027912749  -0.0029141372
46 11   0.0015256822   0.0167051139   0.0575142958  -0.0093050287  -0.1270863908
46 12  -0.0436684000   0.2621503852   0.0265427159   0.0009253424   0.0667504507
47  1   0.1387858426   0.1171152712  -0.1526805260  -0.0124100320   0.0322474140
47  2  -0.0664862749   0.0312087999   0.0574417946   0.0594508259   0.0235419105
47  3   0.1157579346  -0.0324364112   0.0104021468  -0.1323979777   0.0748843010
47  4  -0.0013861055   0.0643085388   0.0598202770   0.0125758351  -0.0716839854
47  5   0.1571952798  -0.1257869402  -0.1218569330   0.1543512682  -0.0311219424
47  6   0.0213609403  -0.1806270169   0.1353331571  -0.1894150170  -0.0190992634
47  7  -0.0800248976   0.0030147617  -0.0129178207   0.1083371369   0.0327012088
47  8  -0.0335857324   0.1339212754  -0.0845268705   0.1197204864  -0.1138964672
47  9  -0.0230470029   0.0672103121  -0.0121708467   0.0118670962   0.0004380700
47 10   0.0365169563   0.1341301088  -0.0055545871   0.0004064100  -0.0081366750
47 11   0.0048214739   0.0475888481   0.1640755808  -0.0268599623  -0.3574577531
47 12  -0.1353346066   0.8024337747   0.0810660160   0.0024808098   0.2148531975
48  1  -0.1020862938  -0.0763827446  -0.0657376266  -0.1205971418   0.0675322144
48  2   0.3583164157  -0.2971828947   0.2941354889  -0.0969812686   0.0353993026
48  3   0.1844618413  -0.0132191188  -0.1538191524  -0.2632982087  -0.1887638072
48  4  -0.1351235581  -0.2441024957   0.2712650964  -0.1052943958   0.1838997582
48  5  -0.2503787406   0.2312216058   0.2507532503  -0.1177743133   0.0723465930
48  6  -0.0754772886  -0.1078681743  -0.2905905444   0.2263775907   0.0241887838
48  7   0.0032428936   0.0102006496   0.1045817768  -0.2684614958  -0.0186483835
48  8   0.2013571584   0.0899699668  -0.2122479416   0.1850759758  -0.1243409352
48  9  -0.0482287115  -0.2049574346   0.0338853697  -0.0144453187  -0.0045573211
48 10  -0.1459225765  -0.5985349808   0.0440235434   0.0001012516  -0.0021947542
48 11   0.0010068238   0.0121969192   0.0380488876  -0.0058863782  -0.0799033703
48 12  -0.0250164432   0.1513524306   0.0158090343   0.0004422042   0.0411199092
49  1  -0.0452373436   0.1722634643   0.1101352064  -0.0586871824   0.0351100534
49  2   0.0532793291   0.0819720039   0.1059267261   0.0068166584   0.0418396372
49  3   0.0185036405  -0.0128669508  -0.0888954880   0.0999331952  -0.2611699264
49  4  -0.0264759409  -0.1213399769   0.2833551144  -0.1086856939  -0.0347406163
49  5   0.1066330018  -0.0750712635   0.0244742144   0.0473002245  -0.1330781724
49  6  -0.0501118991   0.2297365820  -0.2684207738  -0.0461809584   0.0044230879
49  7  -0.1022098994   0.0170270255   0.1326809376  -0.2885832059  -0.1230372369
49  8  -0.1098024123   0.3583447969  -0.4695870943  -0.3626816306   0.4013170568
49  9   0.0330714979  -0.0084682907  -0.0186834794  -0.0069426435   0.0005902844
49 10   0.0216559672   0.2187957701  -0.0386428668   0.0002135113   0.0142628992
49 11  -0.0037862017  -0.0616807752  -0.1491603273   0.0218460579   0.3168420187
49 12  -0.0586064900   0.1446041687   0.0174755508   0.0005018292   0.0618721856
50  1   0.0104086056   0.0388792555  -0.1803488631  -0.1872479843  -0.0160645089
50  2   0.1042837481  -0.1563592478   0.2953457716  -0.1349947055  -0.0865873947
50  3   0.3355713869   0.0096173313  -0.1189971151  -0.3374594867  -0.0734255711
50  4  -0.0816176151  -0.0939903153   0.3554525392  -0.0951651158   0.2889200911
50  5  -0.3343061880   0.1061948187   0.1856589303  -0.2687687706  -0.1057518577
50  6  -0.0068350818  -0.4133248996  -0.0882354569   0.2381487378  -0.0029893966
50  7   0.0853379221   0.0019319686   0.0404832904  -0.1666203933  -0.0236023286
50  8   0.1173925410  -0.1516299466   0.1249055416   0.0780643286  -0.1538612370
50  9  -0.0097703085   0.2581764232  -0.0374398161   0.0312425654   0.0039532386
50 10   0.1644592077   0.5987951626  -0.0287306451  -0.0001474218   0.0018588228
50 11  -0.0003755374  -0.0079868358  -0.0212467251   0.0028873425   0.0438287180
50 12  -0.0049611781   0.0071056203   0.0003248336   0.0000477315   0.0036632144
51  1  -0.0499460446  -0.0128920016  -0.0633033484   0.0381343559   0.1033088992
51  2   0.1752185036  -0.1953385648   0.1235530353  -0.0118328447   0.0468729925
51  3  -0.0052403166  -0.0179058525  -0.0433007884  -0.0642355069  -0.0294627410
51  4  -0.0609287082  -0.0287980351  -0.1196664979   0.0557395495  -0.0320418526
51  5  -0.0149152390   0.0432616384  -0.0347414446   0.0454523117   0.1663445652
51  6   0.0068907233   0.1546260700   0.1687019625  -0.0237087745  -0.0249608754
51  7   0.0354712001  -0.0090935227  -0.0861085764   0.2386099826   0.0849516031
51  8   0.0144428319  -0.1097919657   0.2045006470   0.1667962512  -0.1693360296
51  9  -0.0122170888  -0.0034168973   0.0089563065   0.0018028086  -0.0005042081
51 10  -0.0107919993  -0.0903697552   0.0145079832   0.0001302635   0.0345451204
51 11  -0.0098840900  -0.1391481138  -0.3406232023   0.0503181959   0.7324743521
51 12  -0.1362053093   0.3337141876   0.0427815355   0.0012461378   0.1338378923
52  1  -0.0508118888   0.1271927907   0.0685861809  -0.0613340968   0.1350333864
52  2  -0.0877045201  -0.0376834470   0.0622311920   0.1157468237   0.1503981722
52  3  -0.1548173294  -0.0979241298  -0.0540909860   0.0682998486  -0.1596140777
52  4  -0.0806903363  -0.1294727167  -0.0244769150  -0.0029623966  -0.0565149901
52  5  -0.2232535989  -0.0564908349  -0.1269241432   0.2691039340   0.1195108073
52  6  -0.0040933473   0.0302065018   0.2406948052  -0.4273969392  -0.0909061658
52  7  -0.2884951953   0.0370547081   0.1990882388  -0.6101248437  -0.2192304956
52  8  -0.2519758782  -0.2814680016   0.1705854256   0.1094672564  -0.1098982661
52  9  -0.0051564279  -0.0333193023   0.0231960560  -0.0560698210   0.0080478101
52 10   0.0089296959   0.0048030748   0.0046455839  -0.0016917659   0.0000356214
52 11  -0.0004702341   0.0044129140   0.0211800996  -0.0018695011  -0.0256373353
52 12  -0.2540958344  -0.1350983565  -0.0330310059  -0.0019329986   0.2988793784
53  1   0.2806626806   0.1716720062  -0.1259003231   0.1218637450   0.0994282550
53  2  -0.2133878878   0.1776452365  -0.1139861024   0.3563125040   0.2688837361
53  3  -0.0728667645  -0.1215831191   0.0908498874  -0.0488603767   0.1423324373
53  4   0.0206141508   0.0588882864   0.0112690122   0.0133166662   0.4190512327
53  5  -0.4936573450   0.0184145733   0.0031987293  -0.1436794869  -0.0244006856
53  6   0.0233388373   0.3227125339   0.0266916250  -0.1226447259   0.0267662151
53  7  -0.0140509262  -0.0079549689  -0.0618303097   0.2124941675   0.0530007885
53  8  -0.0123939507   0.1337531721  -0.1083291306   0.0540120126  -0.0429511445
53  9  -0.0159965827  -0.4405653392   0.1730424249  -0.4915379130   0.0646898378
53 10   0.0255078796   0.1846455632  -0.0298526141   0.0022528497   0.0003786842
53 11  -0.0002324351   0.0003277377   0.0050288908  -0.0003886260  -0.0046571397
53 12  -0.0472875823  -0.0196432356  -0.0046427689  -0.0002404660   0.0320977834
54  1   0.0666589527   0.0846773251  -0.0013497680   0.1679571543   0.0558069514
54  2   0.1785198626   0.0568850960  -0.0013703893   0.0852372165   0.0896081642
54  3  -0.0056611742  -0.0015190169   0.0047449746   0.0832538411  -0.0586627362
54  4   0.0205295610   0.0039534202   0.0311894733  -0.0089409128   0.0273180032
54  5   0.2725154785   0.0178358841   0.0706656857  -0.1139131584  -0.0730450100
54  6   0.0011888339  -0.2524500064  -0.1197177033   0.2876915728   0.0389577514
54  7   0.1657399558  -0.0167886331  -0.0847840259   0.2374692462   0.0903056208
54  8   0.1251646470   0.0720285507  -0.0337039014  -0.0488891312   0.0426147539
54  9   0.0041582785   0.0215791299  -0.0112146149   0.0320323245  -0.0044665982
54 10  -0.0024104527  -0.0044971026  -0.0003833140  -0.0031233113   0.0003741893
54 11  -0.0008228330   0.0086891889   0.0461707792  -0.0042128394  -0.0594323865
54 12  -0.5421168563  -0.2999017026  -0.0731683129  -0.0043464470   0.6527735731
55  1   0.0474523699   0.1362129864   0.1032924007  -0.0668256371   0.1475058026
55  2  -0.0393914427   0.0876210756  -0.1147866787   0.1177065674   0.1255013298
55  3  -0.2290734627  -0.0574000875  -0.0116345814   0.1146538787  -0.0832920452
55  4  -0.0402742182  -0.0967502546  -0.0931912287  -0.0083774419  -0.1113362171
55  5  -0.3461254429   0.2026560995   0.1458539036  -0.2469374397   0.0261153794
55  6   0.0440574402  -0.3388037284   0.1324394586   0.1790060905  -0.0019153204
55  7   0.1597580292  -0.0212932174  -0.0945841133   0.1819408140  -0.1585363234
55  8  -0.7229657086   0.1741272820  -0.1628508704   0.1808080449  -0.0673992281
55  9  -0.0002047075   0.1579995247  -0.0664022005   0.2118017536  -0.0290782965
55 10  -0.0078295799  -0.0704272509   0.0144905815  -0.0055169894  -0.0017962629
55 11   0.0014870552  -0.0008948237  -0.0200448812   0.0007190576   0.0021573747
55 12   0.2285931451  -0.0066223944  -0.0001007863  -0.0012206823   0.1806800176
56  1   0.1534418042   0.0944551036  -0.1532820159  -0.0508184703   0.0514156310
56  2  -0.0445682265   0.0150605353   0.0336008331   0.0701532712   0.0439097829
56  3   0.0933027714  -0.0416276568   0.0087502502  -0.1704955421   0.0889291382
56  4  -0.0149877300   0.0442904881   0.0940292674   0.0026186414  -0.1899169413
56  5   0.1530829337  -0.0480662605  -0.0293052989   0.1146791791   0.0032038446
56  6  -0.0380294517   0.1798198937  -0.1868048433   0.1386182509   0.0209009433
56  7   0.0358933409   0.0015273117   0.0238752361  -0.0897261097   0.0151846675
56  8   0.1553702190  -0.1090283101   0.0848763210  -0.0442367414   0.0120971908
56  9   0.0027296153  -0.0959476492   0.0403418753  -0.1188888675   0.0160215476
56 10   0.0060642393   0.0378496194  -0.0062685973  -0.0154899262  -0.0054976876
56 11   0.0044204177  -0.0041800840  -0.0649198311   0.0023014022   0.0038223586
56 12   0.7172328955  -0.0159101465  -0.0001069131  -0.0038274700   0.5958135723
57  1   0.1201531780   0.1495514916   0.0014852347   0.3294657890   0.0917511022
57  2  -0.0068673685   0.1262227706  -0.0210453951   0.3470371264   0.3115542935
57  3  -0.1020786535  -0.1143269768   0.0601655365   0.1483445214  -0.0421301266
57  4   0.0273982830   0.0043367708  -0.0049393611   0.0070758213   0.5889325392
57  5  -0.3131893928  -0.0762204253  -0.0843040532   0.0086442336  -0.0010901409
57  6   0.0202257770   0.1231188636   0.1732675301  -0.3278273716  -0.0296083808
57  7  -0.1577622896   0.0117025281   0.0207763054   0.0474101273   0.1202466692
57  8   0.3457701210   0.0593767524  -0.0051862681  -0.1369971687   0.1019898407
57  9   0.0100361956   0.3713904331  -0.1517453726   0.4194135422  -0.0553511078
57 10  -0.0278547703  -0.1523470284   0.0197471698  -0.0004375087  -0.0008264476
57 11   0.0007583106  -0.0012201414  -0.0132020652   0.0005502328   0.0025931048
57 12   0.1439595772   0.0018311617   0.0009112967  -0.0006795246   0.1032309860
58  1  -0.0907815120   0.1726283990   0.0980870992  -0.0558401212   0.0190634114
58  2   0.0449897056   0.0676728375   0.1077672988  -0.1364921336  -0.1265165429
58  3   0.1356023839  -0.6993783987   0.2833659461   0.0909369087   0.0563930297
58  4  -0.0385148084  -0.0752907453  -0.0136036904  -0.0106741865  -0.3120165100
58  5   0.1797789366   0.2601808952   0.3137586402  -0.4871166686  -0.0368372768
58  6   0.0374758130   0.1011585418   0.2093046804  -0.3426098341  -0.0263923601
58  7  -0.1563062697   0.0108605873   0.0314923431  -0.0357068276   0.0306637883
58  8   0.1192331732   0.0049778400   0.0025414192  -0.0133963494  -0.0015308497
58  9  -0.0038153415   0.0003640240   0.0004194116  -0.0053836662   0.0009326184
58 10  -0.0002118774   0.0012650226  -0.0005846828   0.2893844293   0.0000025388
58 11  -0.0000086960   0.0000607518   0.0005318499  -0.0000177178  -0.0006800041
58 12   0.0036242375   0.0011242176   0.0000874326  -0.0000373827   0.0070712320
59  1   0.2336949914   0.0295948633  -0.1495267507  -0.1517173477   0.1307834142
59  2  -0.0021838580  -0.0017013474  -0.1444591488   0.1135641178   0.1072890657
59  3  -0.1527369491   0.4142175317  -0.1983712555  -0.1303178496  -0.0243722013
59  4  -0.0258825346  -0.0222080204  -0.0104994540   0.0000989042  -0.0151739684
59  5   0.0311132650   0.0232095384   0.0318597952  -0.0568838053  -0.0068857844
59  6   0.0065154336   0.0203586868   0.0363350612  -0.0657525185  -0.0045703498
59  7  -0.0305078209   0.0022600637   0.0066434974  -0.0100337172   0.0044732150
59  8   0.0199127747  -0.0041565839   0.0055778674  -0.0045022996   0.0021874818
59  9   0.0004146911   0.0039562271  -0.0013391527   0.0034774511  -0.0004508313
59 10   0.0000716013  -0.0002131935   0.0001616114   0.8921481684  -0.0000502221
59 11   0.0000124062   0.0000057428  -0.0000160854   0.0000226983  -0.0000327729
59 12   0.0097706293  -0.0011965603  -0.0001044053  -0.0000630708   0.0124803981
60  1   0.0000000000   0.0000000000   0.0000000000  -0.0527520500   0.0000000000
60  2   0.4451942375  -0.0202387343  -0.0064321881  -0.3275537434  -0.2852537393
60  3   0.1582757251  -0.4521364100   0.2718502995   0.3414645005  -0.0202691952
60  4   0.0992426503   0.1009116885   0.0166959372   0.0075081816   0.3339766598
60  5  -0.2104130180  -0.2639570392  -0.3224688617   0.5069268048   0.0443239368
60  6  -0.0435819713  -0.1071765280  -0.2356711458   0.3903058159   0.0288529653
60  7   0.1771708314  -0.0124836313  -0.0347125718   0.0403137492  -0.0321663134
60  8  -0.1251894597  -0.0015726599  -0.0074938222   0.0147153052   0.0002407259
60  9   0.0027896752  -0.0081630732   0.0021709826  -0.0024130089   0.0000781157
60 10  -0.0004569330  -0.0022529471   0.0002467963   0.3450245416  -0.0001017604
60 11   0.0001035317  -0.0000629330  -0.0001191281   0.0000596278   0.0000352039
60 12   0.0014764236  -0.0006885604  -0.0001915316  -0.0000164915   0.0015742350
$end
