$dipgrad          cartesian dipole gradients
  -.57137192622895D+00  0.47562118826815D-01  0.13211212952446D+00
  0.17415593296871D+00  -.47635950650831D+00  0.16919070522435D+00
  0.16163835863549D+00  0.35729811709486D+00  -.10611179529762D+01
  0.11441670240294D+01  -.50997573396217D+00  -.22873289610074D-01
  -.68690176262558D+00  0.79854673616187D+00  -.50044972764263D+00
  -.23479508777669D+00  -.55068341691185D+00  0.13644688637937D+01
  -.83682719097700D+00  0.36970340785180D+00  -.31666901269166D+00
  0.44506525304409D+00  -.71682420925037D+00  0.31405395600825D+00
  -.22204061005921D+00  0.20641534608279D+00  -.45886566012374D+00
  -.62409636104982D-01  0.11301644522328D+00  0.14115512401167D+00
  0.21344688630571D+00  0.99413502052635D-01  0.30699416712601D-01
  0.12133004830115D+00  -.18680615761060D-01  -.36562156124907D-02
  0.42947782714421D-01  -.67860914298984D-02  0.15128612910194D+00
  -.10195966466111D+00  -.74014377421236D-01  -.55213084543250D-01
  0.20364708477481D+00  -.94208516305921D-01  -.12251100051756D+00
  0.35010716296505D+00  -.60234945286417D-02  0.85893322033553D-01
  -.21905750821604D-01  0.30537317338235D+00  -.22235604321421D-01
  0.65553927649906D-01  0.39338227767379D-02  0.16825803125618D+00
  0.39739957786277D-01  -.10955867162462D-01  0.11486947544351D-01
  0.14467183702982D-01  0.11312957064729D-01  0.13502313323329D-01
  0.10023684847487D-01  0.43199749598245D-01  0.81546083086670D-01
  -.68545770266536D-01  -.71787992852213D-01  -.78244476416149D-01
  -.23895345560370D-01  0.50597118931828D-01  -.41399530397882D-02
  -.40857911669956D-01  -.21599992466186D-01  -.50759754244751D-01
  -.37807403909029D-01  0.75247208033618D-01  -.10414687349810D+00
  -.12472732352663D-01  0.19546055947198D-02  0.54591978278554D-01
  -.64499494702971D-01  0.74325505892398D-01  0.82637605346250D-01
$end
