$vibrational normal modes
 1  1  -0.0132702868   0.1085433345  -0.0208576535   0.0297485451   0.5038864831
 1  2  -0.0321697529   0.1739226156  -0.0339776825   0.3785039917  -0.0931076681
 1  3   0.0286287898  -0.1359081401  -0.2308097276  -0.0203582993  -0.0641087204
 1  4  -0.0006559501  -0.0088691910   0.0002754778  -0.0063924545  -0.0001519787
 1  5  -0.0387266263  -0.0018603108  -0.0338398955  -0.0000483164   0.0000754954
 1  6   0.0001108531  -0.0002083570
 2  1   0.1012498465   0.2970748730   0.4381824373   0.0662222954  -0.1290374157
 2  2   0.0073836695   0.1305891647   0.0033419114   0.1498064825   0.0188793153
 2  3  -0.0045051971   0.2069865173   0.1258432873  -0.0393330833  -0.0203631633
 2  4   0.1314202295  -0.0010415060   0.0001129107  -0.0279142322  -0.0013347828
 2  5   0.0336459817   0.0004504104  -0.1269625580   0.0000684198  -0.0002438463
 2  6  -0.0004627798  -0.0002411623
 3  1  -0.1104494797   0.0531890563   0.2240098911   0.0922535836   0.1718224952
 3  2   0.2677921091   0.0007989104   0.0133373055  -0.0574558195   0.1384870250
 3  3  -0.0054198196   0.0387269758  -0.0899047999  -0.0391414160  -0.0257950198
 3  4  -0.2141353119   0.0281595756  -0.0180967579   0.0798094283  -0.0219604214
 3  5  -0.0072879697  -0.0025786741   0.4213028202  -0.0001890495   0.0002762086
 3  6   0.0006683975   0.0011833942
 4  1  -0.0272551589   0.0329910593   0.0551963061  -0.0798931676   0.3263539288
 4  2  -0.1307034501  -0.0098479953   0.0100972420   0.1268376887   0.0295272280
 4  3   0.0433396842  -0.0569069074   0.3024979974   0.1242752388   0.1573858863
 4  4  -0.0142335814  -0.0526815352  -0.0737939476   0.0501631796  -0.0030972623
 4  5   0.2926982291   0.0237984816   0.0642341092   0.0001020887  -0.0019864252
 4  6  -0.0009937387   0.0014343982
 5  1   0.2201910589   0.0360645188   0.2406417951   0.0812387228  -0.0498237792
 5  2  -0.0211358910   0.0524828174  -0.0139829566  -0.0718798226  -0.0610354080
 5  3   0.0492928285  -0.1769976413   0.1102726525   0.1386027196   0.1535606546
 5  4  -0.1177887004   0.0221446081   0.0934494156  -0.0230140903   0.0539858888
 5  5  -0.2339892813  -0.0040463721   0.1999201091  -0.0002317755   0.0012991565
 5  6   0.0016500736  -0.0003005530
 6  1  -0.0730785864  -0.0353985243   0.1652147325   0.0902913733   0.1862940439
 6  2   0.2525219333  -0.0340766970   0.0121509406  -0.1420123895   0.1138880409
 6  3   0.0134410069  -0.0791614077  -0.0420592368   0.0345856801   0.0428741955
 6  4  -0.2246660903   0.0116549588   0.0110088741   0.0011425557   0.0155202200
 6  5  -0.0216928273   0.0046903290  -0.6869405410   0.0002967577  -0.0000398357
 6  6  -0.0020392586  -0.0028235290
 7  1   0.0726318900  -0.0417634650   0.1025321032  -0.2366970022   0.2409549651
 7  2  -0.1162516294  -0.2158750604   0.0552337711   0.2816222657   0.1342667207
 7  3  -0.0376504007  -0.0259324599   0.0365510334  -0.0421357144   0.0290680313
 7  4   0.2144922668   0.0412870776   0.0250950052   0.0304872038   0.0075251477
 7  5  -0.1423876495  -0.0036870621  -0.0216089653  -0.0000006572   0.0002360536
 7  6   0.0005019937   0.0058316316
 8  1   0.3916849000  -0.1201250845   0.1829303694  -0.0467867622  -0.0364648460
 8  2   0.0306497997  -0.1285021696   0.0157290939   0.1103859753  -0.0844522707
 8  3  -0.0639022222  -0.0371011100  -0.1352285020  -0.0052724772  -0.0750048635
 8  4  -0.2025455674  -0.0375500445  -0.0402129785  -0.0088127885  -0.0149680167
 8  5   0.1208571173   0.0027410533   0.0011054697   0.0002155826  -0.0002596184
 8  6  -0.0004367398   0.0128135566
 9  1   0.0788084643  -0.2051135641  -0.0425350128   0.1360259912   0.3784267549
 9  2   0.3287872343  -0.0085998879  -0.0263258726  -0.0730289969  -0.0910700344
 9  3  -0.0390377630   0.1728854978   0.1935533989  -0.0143605367   0.0235138669
 9  4   0.1344046283   0.0202558490   0.0419073860  -0.0594895493   0.0060472794
 9  5   0.0060947842  -0.0028447008   0.0508123375  -0.0000457665   0.0003384912
 9  6   0.0005027901  -0.0606533735
10  1  -0.1469313327   0.0148794417   0.1019813657  -0.0567525284   0.1914731833
10  2  -0.2688281072  -0.0661881623   0.0129882743  -0.0915027691  -0.0741637236
10  3   0.0007647555   0.0105306083   0.3854324520  -0.0238035495  -0.1628340447
10  4  -0.2610042605  -0.0312555231   0.0121749738  -0.0485862485  -0.1130829304
10  5  -0.1182172671  -0.0294852433  -0.0143358184  -0.0001897634  -0.0085816215
10  6  -0.0372426370   0.0001848382
11  1   0.1848049175  -0.1271306433   0.0509435524   0.2405242146   0.0369484300
11  2  -0.1142946352   0.1237087760  -0.0275502273  -0.2503766305   0.0980888679
11  3   0.0228916632  -0.2658411770   0.1842685482  -0.1127826227  -0.0808781625
11  4   0.1399097868   0.1042163960  -0.0521489521   0.0111621395  -0.0296041435
11  5   0.0414513929   0.0635838054  -0.0058209300   0.0010358161  -0.0390542438
11  6   0.0641721418  -0.0001915484
12  1  -0.1852916988   0.0242702199   0.3079222678   0.0379587907  -0.0016817998
12  2   0.1484175565  -0.1325070846   0.0244266046  -0.2266213091  -0.0836563789
12  3   0.0158775671  -0.1995194705  -0.0839984565   0.0445030462  -0.1052187780
12  4   0.2930877387  -0.1273442204   0.0072545958  -0.0141830287   0.0325294876
12  5   0.0268080850   0.0588857752   0.0625706305  -0.0009247357  -0.0568502037
12  6  -0.0582356822   0.0001282152
13  1   0.0068875550  -0.0456402778   0.1223963249  -0.2146941120   0.1802357572
13  2  -0.1853171127   0.0656592047  -0.0096306381  -0.3306727627  -0.0060072521
13  3  -0.0306616839   0.0936550986  -0.1613767711   0.0306512283   0.0169981086
13  4   0.0265752507   0.0273705943  -0.0181729008  -0.0038533969   0.0071214767
13  5  -0.0013591050   0.0015349217  -0.0009132735   0.0123944003  -0.0000865892
13  6   0.0000968893  -0.0000120696
14  1  -0.0274251879  -0.0239303675   0.0294229834   0.4602130709   0.0616890041
14  2  -0.2164015794  -0.0814289654  -0.0011869177   0.0121563647   0.0095940354
14  3  -0.0163503484   0.0739710255  -0.1107183466   0.0232366436   0.0292298300
14  4   0.0124563189  -0.0067305507   0.0053534819   0.0006373862  -0.0100346961
14  5  -0.0004258515   0.0022429906  -0.0017513835  -0.0243471614  -0.0001138469
14  6   0.0003921921  -0.0000443129
15  1  -0.1467736696  -0.2977709444   0.2094847165  -0.0291741609  -0.1483805262
15  2  -0.0350121006   0.0632739185  -0.0347459117   0.2258813606  -0.0090512534
15  3   0.0004420348   0.0057214597  -0.0016918398   0.0054151712   0.0140329159
15  4  -0.0071016525   0.0152884190  -0.0160031112  -0.0059925301   0.0012474861
15  5  -0.0048020754  -0.0000656971   0.0005396435   0.0158302289   0.0000963885
15  6  -0.0000946156  -0.0000055152
16  1   0.0439067213  -0.0966436810   0.1623341856  -0.3084506119   0.0972617859
16  2  -0.2061015285  -0.3362022331   0.0399302480   0.0436356139   0.2995370728
16  3   0.6554113817   0.1103638874  -0.4964471645  -0.1110167924  -0.0891866217
16  4  -0.1662966698   0.1926247910   0.3176384282  -0.5996704798   0.0058298575
16  5   0.5247877040  -0.0295461748   0.3383363028  -0.0012495082   0.0018986934
16  6   0.0030116587  -0.1114851005
17  1   0.4818661908  -0.3317344301   0.0190099839  -0.0260790666   0.0298764229
17  2   0.0032398254  -0.1742052958  -0.0575176527  -0.1499735780  -0.2004629996
17  3   0.7116688786   0.5978122213  -0.0437317228  -0.0192272328  -0.1659100181
17  4   0.1391780447  -0.1599668889  -0.2823467458   0.5243414287  -0.0067772243
17  5  -0.4222002570   0.0303042060  -0.2947591902  -0.0002402778  -0.0031542358
17  6  -0.0026829112  -0.1900636306
18  1   0.0923492305  -0.2517620185  -0.0662245722   0.1312091438   0.3734788822
18  2   0.3126797380  -0.0318802233  -0.0423499451  -0.1505186732  -0.0880852730
18  3   0.1923747451   0.3073815648   0.1447801687  -0.0249254265  -0.0065722040
18  4   0.1612763824   0.0168386552   0.0315040041  -0.0280219245   0.0076521867
18  5  -0.0336629169  -0.0020249651  -0.0000906452  -0.0004659383  -0.0019033221
18  6  -0.0024456476   0.9734165212
19  1  -0.2645440800   0.0867831964   0.0617367470   0.1032214524   0.2565239409
19  2  -0.3039268048  -0.1687895079   0.0552497689  -0.0749210015  -0.0991001180
19  3  -0.0077942001   0.0668861811   0.3352012726  -0.3773407425   0.0157870531
19  4  -0.4607884336  -0.1493706105  -0.3383966469  -0.1892941279   0.8244498196
19  5  -0.1327811167  -0.1430377306   0.1417403239   0.0032749682  -0.1638542808
19  6   0.2809967984   0.0021105646
20  1   0.1030977435  -0.0360077035   0.0956757845   0.2901617948   0.0229295537
20  2  -0.1319167025   0.0284873791  -0.0037169063  -0.2610116729  -0.0670304926
20  3   0.0341896586  -0.2873241952   0.1373023573  -0.3159878092   0.1095331958
20  4   0.0648558179   0.2164741344  -0.1579148633   0.0366360703   0.2351136210
20  5   0.1234690328  -0.2051370398   0.0014555784  -0.0112895654   0.4412834394
20  6  -0.7877363252  -0.0012866690
21  1  -0.3148203676   0.2350395040   0.4959196799   0.0175913509  -0.1192771640
21  2   0.1313725015  -0.3170878296   0.0539947755  -0.2873748146  -0.5855150398
21  3   0.0618998832  -0.3323429661  -0.1544027590  -0.2254152368   0.3054860050
21  4   0.2414400700   0.3593616535   0.0672997462   0.2273780910  -0.2117940945
21  5   0.2997414243  -0.6390336470  -0.1685087201   0.0024971421  -0.1516334999
21  6   0.2437355926  -0.0004447864
22  1  -0.2111937606  -0.0302003865   0.1610863586  -0.0984137334   0.0411644634
22  2  -0.3826635363  -0.0749704746  -0.0141567295  -0.0260572925  -0.2609463312
22  3  -0.0409592859   0.0789973604   0.2536201519  -0.0745662342  -0.3493917117
22  4  -0.2215868731   0.1736096543   0.6598870952   0.4573420113   0.3552151153
22  5   0.4287972478   0.2752965938  -0.1525466679  -0.0000238502   0.2851968715
22  6   0.1576028703   0.0013250980
23  1   0.3500918614  -0.3844770886  -0.1148683222   0.1897525148   0.0987563048
23  2  -0.1094594774   0.3487232579  -0.0755048302  -0.1145661432   0.5516734954
23  3  -0.0284631400  -0.0700046058   0.1621006589   0.3472169745  -0.5296320504
23  4   0.3206716570  -0.3538436304   0.2162726145   0.1031500476   0.1597921369
23  5   0.1454966368  -0.6643122226   0.0296913704   0.0018456796   0.0214560407
23  6   0.0213860886  -0.0013035609
24  1  -0.1699550102   0.0531091858   0.2944843584   0.0555506489   0.0499217642
24  2   0.1895322368  -0.1407570220   0.0349438250  -0.2542085004  -0.0389639945
24  3   0.0345552604  -0.2292591165  -0.0382404751   0.0425905387  -0.0173479164
24  4   0.2783239106  -0.1837355437  -0.2348683766  -0.1844385323  -0.1339024960
24  5  -0.1485681441  -0.0327501149   0.0882067238   0.0057994835   0.8177846065
24  6   0.4545887312   0.0028917267
25  1   0.1126896305  -0.1385235560   0.1857056412  -0.4017454408   0.0595957228
25  2  -0.1853827741   0.0632790832  -0.3871549004  -0.3229718112   0.1301860817
25  3  -0.0136525944  -0.1139534138  -0.0729574908  -0.6173839697   0.5031917821
25  4  -0.1111171032  -0.6018920318   0.2705193523   0.0529565935  -0.1446419778
25  5   0.0180912506   0.0042780505  -0.0129413807  -0.3944512175   0.0004987014
25  6   0.0012103877  -0.0001193689
26  1   0.1198302615  -0.2100894394  -0.0738231567   0.3856676321   0.0970029484
26  2  -0.1938992393   0.2546313148   0.3667005888  -0.1510900626   0.0099260958
26  3   0.0283772709  -0.0131632355  -0.0945034728  -0.3508280807   0.3038631987
26  4  -0.0555808068  -0.3817423028   0.1980526257   0.0397909265  -0.1006847529
26  5   0.0086857221   0.0076780518   0.0041202958   0.7700897929   0.0019240650
26  6  -0.0135139278   0.0003671726
27  1   0.0000000000  -0.5150020191   0.0000000000   0.0000000000   0.0000000000
27  2   0.0000000000   0.5858180378   0.8289967419  -0.0294140556  -0.1124017502
27  3   0.0534138804   0.0341270002  -0.0413959204  -0.0577135912   0.0511581000
27  4  -0.0049013889  -0.0687155845   0.0495568132   0.0085648977  -0.0216199864
27  5  -0.0067690993   0.0043990558   0.0094959558  -0.5001874111   0.0008408277
27  6   0.0067878799   0.0003904391
$end
