$coord
-3.69864220317551 -3.40752712747706 -0.79674691037856 n
-2.41169681946029 -1.15494387819644 0.14209412823693 c
0.25459876307008 -0.9956425231128799 -0.9920249289865101 c
1.81486609756288 1.24681220122833 -0.06277669565018 c
4.49792291258641 1.29799057261783 -1.11292463494707 c
6.52591351578305 -1.36671488792404 -0.09797993932083 s
-3.85313096966669 1.27448013946897 -0.48860476564127003 c
-4.76087085120742 1.70509851763955 -2.54215355546511 o
-4.06452598892197 3.0241474092106 1.35011921400159 o
-3.9815524090892103 -3.25119436255039 -2.69022539300119 h
-5.43560435451522 -3.5689251228464 0.00407497390365 h
-2.25595637784107 -1.32566968501413 2.19460542120867 h
1.21173014123972 -2.75966148721081 -0.52137917840693 h
0.08238436841899 -0.91769455747435 -3.05230524199926 h
1.88659790301056 1.25476371961027 2.00449774681972 h
0.92082589074515 3.02564192007151 -0.62998212516684 h
4.48280427370982 1.17162608428453 -3.17030751076041 h
5.4518392036216 3.04500648352686 -0.59620723808465 h
6.67007719451823 -0.73165265534573 2.37123133617877 h
-3.33758029038908 2.43405923949357 2.92506007275236 h
$user-defined bonds 
 
$end
