$dipgrad          cartesian dipole gradients
  -.42754277679722D+00  -.23847910568303D-01  -.62818992903109D-01
  -.79760652934730D-01  -.70217800759121D+00  -.44047258994244D-01
  -.10377423622517D+00  -.31597331496562D-01  -.25327907881313D+00
  0.23270305407983D+00  0.23989752016115D+00  0.37554274313743D-01
  0.17018301191038D+00  0.31026174290306D+00  -.57520910207146D-03
  0.23511084245455D-01  0.68292620242449D-01  0.21833502804582D+00
  0.35811676790958D-01  -.40919721938606D-01  0.19304426691626D-01
  0.70765486621316D-01  -.12544467159785D-01  -.53931902386903D-02
  0.25937500631517D-02  0.19816490205194D-01  0.94225395743216D-01
  -.10204424585806D-01  -.76213075054320D-02  0.26692492260200D-01
  0.10476190302469D+00  0.19309749126989D-01  0.13195575136054D-01
  0.16072857828715D-01  0.32037339282445D-01  0.13463623141480D+00
  0.33821262314787D+00  -.16539743094547D+00  0.43216297766257D-01
  -.23773188073999D+00  0.20745102187529D+00  -.39285320275101D-01
  0.11723442625160D+00  -.14249148041578D+00  0.10920000744981D+00
  -.31768013589349D+00  -.33844336290473D-01  -.14247505961066D-01
  -.40752540497397D-01  -.14123530627889D+00  0.90188785831757D-01
  -.15066444944142D+00  0.17866433326703D+00  0.95149052823081D-02
  0.56696861981582D+00  -.36552014398579D+00  0.23681783642501D+00
  -.43972927649972D+00  0.96220717879183D+00  0.39183844789524D+00
  0.36594083814262D+00  0.33055797457380D+00  0.14589987098548D+01
  -.57991174819997D+00  0.14250628728713D+00  -.26168931170532D+00
  0.24044454993126D+00  -.56651140291153D+00  0.11985992662585D+00
  -.23266576727985D+00  0.39422195242336D-02  -.94695926818715D+00
  -.40338478841552D+00  0.13701603750897D+00  0.11052262974435D+00
  0.25689619866252D-01  -.73022782449909D+00  -.60983459416075D+00
  0.99272947307570D-01  -.43441806051277D+00  -.87350668561769D+00
  0.18114688400172D+00  -.75177089109890D-01  -.26684751629995D-01
  -.25780175243983D-01  0.24769315248259D+00  0.11487103449919D+00
  -.14014740698710D-01  0.26924617547001D-01  0.78575460660697D-01
  -.93431521746234D-04  -.58156367861955D-01  0.54969890906011D-01
  0.47769143448097D-01  0.25540989309366D+00  -.72263081720621D-01
  0.18440959386163D-01  -.72984377602208D-01  0.14244198176547D+00
  0.21105478628739D-01  -.13446061301600D-02  -.14268566364454D-01
  0.62829054847258D-03  -.98386711501374D-02  -.28732148796545D-01
  -.81633469958428D-02  -.26560679852358D-01  -.17234415357424D+00
  0.41224528676724D-01  0.68056486970321D-01  -.50068309364730D-02
  0.46582837961246D-01  -.30998592724487D-01  0.13166517503367D-01
  0.23256210967406D-02  0.18799546829712D-01  0.45264248358649D-01
  0.14960020198486D-01  -.25520581642166D-01  -.18312635067736D-01
  -.21419134612400D-01  0.47128960408027D-01  0.11547744027219D-01
  -.41883266664776D-02  -.21082224049717D-01  -.10856403084506D+00
  0.14069390835898D-01  -.17972204851712D-01  0.28840520407359D-02
  -.47012534160075D-01  0.41761177520874D-01  0.11063066773714D-01
  0.12948674121361D-01  -.31898859267306D-01  -.15956720413508D+00
  -.65758694539741D-01  0.10165863978903D+00  -.25315999224631D-01
  0.51109171691624D-01  -.78221533803419D-01  0.16484266087677D-01
  -.17012750050735D-01  0.31447875464931D-01  0.46184975982342D-01
  0.17764309471193D-01  0.39011432751788D-01  -.39588486753231D-01
  0.60589485849744D-01  0.44272159891939D-01  -.21303955013008D-02
  0.89136447727474D-02  0.14396083536272D-01  -.82059866922143D-01
  -.72328111869959D-01  0.29519295135170D-02  -.23153992644484D-01
  -.75647692756317D-02  -.14298333465079D+00  0.96657757327707D-02
  -.20934128139705D-01  -.17318938010889D-01  0.61843929821688D-01
  0.92446690529289D-01  0.71294896859885D-01  0.48835910490162D-01
  0.59320069709224D-01  0.10928440652739D-01  -.94874457286077D-01
  -.28797253154236D-01  -.26201883553521D-01  -.70327345213275D-01
  0.32049083563954D+00  0.12928469988240D-01  -.89710737447581D-01
  0.21907393401254D-01  0.26831566401651D+00  0.10525451596261D+00
  -.87039804564164D-01  0.79674734288058D-01  0.26738675892217D+00
$end
