$hessian (projected)
 1  1   0.5271166517   0.1333788931  -0.0699238624  -0.1002854159  -0.0744489493
 1  2  -0.0119945975  -0.0240919538  -0.0350378022  -0.0118956602  -0.0052613053
 1  3   0.0013286403   0.0040629498  -0.0000384102  -0.0021453680  -0.0009903986
 1  4  -0.0000004399   0.0000946537  -0.0001389016   0.0075607866   0.0013815135
 1  5  -0.0001449357   0.0019535857   0.0033551671   0.0014306253  -0.0024016452
 1  6   0.0025929901   0.0026090641  -0.0579197950  -0.0143005057  -0.0382815363
 1  7  -0.3489206471  -0.0109848599   0.1304038581  -0.0013915283  -0.0042745539
 1  8  -0.0026392310   0.0029516573  -0.0009617219  -0.0014177619   0.0021872581
 1  9   0.0000250274  -0.0008539955  -0.0000256587   0.0001917054  -0.0001404021
 1 10  -0.0002552259  -0.0005123837   0.0001236380   0.0000285727   0.0000806448
 1 11   0.0000628761  -0.0008483618   0.0000031703   0.0002541713   0.0000230782
 1 12   0.0000248423   0.0000021018  -0.0003812034   0.0002088966  -0.0005280018
 2  1   0.1333788931   0.2618079314   0.0208608166  -0.0390152242  -0.1483567716
 2  2  -0.0222312797  -0.0105558898  -0.0071073546  -0.0027318623  -0.0008523079
 2  3   0.0008328343   0.0009817471   0.0003656778  -0.0006129912  -0.0003071878
 2  4  -0.0001957664   0.0002086149  -0.0000215825  -0.0193184657  -0.0416560345
 2  5  -0.0105903730   0.0021629975   0.0006236115  -0.0027200532   0.0067026150
 2  6  -0.0083675329  -0.0025493363  -0.0184462611  -0.0315589609   0.0199468532
 2  7  -0.0525560485  -0.0250831642   0.0033796666  -0.0024562430  -0.0028627607
 2  8  -0.0046748688   0.0001281281   0.0009415987  -0.0001358373   0.0013061155
 2  9   0.0000832287  -0.0002628718  -0.0000403966  -0.0000741799  -0.0000083511
 2 10   0.0001303506   0.0003688095  -0.0000265921  -0.0000105235   0.0000456778
 2 11   0.0000454576  -0.0002899182   0.0000559271   0.0000592505   0.0000049242
 2 12   0.0000458927   0.0000136239  -0.0004426569   0.0006656239   0.0009727804
 3  1  -0.0699238624   0.0208608166   0.6417888521  -0.0108475513  -0.0502087578
 3  2  -0.1151017518   0.0085399043   0.0134650530   0.0063669713   0.0026428899
 3  3  -0.0008701435  -0.0018403887   0.0005807867   0.0011307556   0.0009411564
 3  4  -0.0000567232  -0.0001049088   0.0000655906  -0.0006485099  -0.0053805650
 3  5  -0.0010600453   0.0025960689   0.0032168129   0.0032040096   0.0012654066
 3  6   0.0008786937   0.0021206164  -0.0685461370   0.0629930423  -0.4050098755
 3  7   0.1538307270  -0.0144019452  -0.1213542009  -0.0180648766  -0.0341007457
 3  8  -0.0126539001  -0.0007554888   0.0004800746   0.0000004670  -0.0002114169
 3  9   0.0004682598   0.0015018063   0.0002354946   0.0002938300   0.0006861875
 3 10  -0.0001418013  -0.0000261494   0.0000006139  -0.0002108181  -0.0000204895
 3 11   0.0000176961   0.0003704835  -0.0000578343  -0.0002086769   0.0000461991
 3 12   0.0000373425  -0.0000509010  -0.0007007749   0.0013468583   0.0005857732
 4  1  -0.1002854159  -0.0390152242  -0.0108475513   0.4293182074   0.0111660445
 4  2   0.0211464919  -0.1430427636   0.0137688466   0.0355360089  -0.0167595281
 4  3  -0.0038222433   0.0032339338  -0.0002168151  -0.0007130325  -0.0007427546
 4  4   0.0003885139  -0.0003697265   0.0002568145  -0.1033743480   0.0260378890
 4  5   0.0023398112   0.0025332609   0.0167677922  -0.0203883506   0.0185650672
 4  6   0.0085682592  -0.0053973088  -0.0024865876  -0.0062862898  -0.0039259569
 4  7  -0.0152618225  -0.0303754597  -0.0150109455  -0.0466187219   0.0026662789
 4  8  -0.0203151342  -0.0218540479  -0.0002193342   0.0113978281  -0.0013276346
 4  9   0.0005841169   0.0010532177   0.0008990409   0.0007274849   0.0005853476
 4 10   0.0011259052   0.0010358214   0.0000990289  -0.0000124610  -0.0000198589
 4 11   0.0000207430  -0.0000381480   0.0001611841   0.0002433839  -0.0000788672
 4 12  -0.0000501988   0.0000078639  -0.0014728340  -0.0006123498   0.0007075286
 5  1  -0.0744489493  -0.1483567716  -0.0502087578   0.0111660445   0.4358798574
 5  2   0.0031998921  -0.0061946072  -0.0757438029   0.0026914150  -0.0245734442
 5  3  -0.0011729918   0.0115446638  -0.0013338510  -0.0048352174  -0.0017531609
 5  4   0.0005971969   0.0003022716  -0.0000243492   0.0319479161  -0.1250311707
 5  5   0.0128704781   0.0081226663  -0.0005976263   0.0089643379   0.0140727876
 5  6  -0.0131913411  -0.0039012129   0.0057817881  -0.0045023693   0.0015262856
 5  7   0.0053767015  -0.0097052148  -0.0012924195   0.0031577469  -0.0522784751
 5  8   0.0271885914   0.0275143018   0.0005662532  -0.0132607954  -0.0015026963
 5  9  -0.0008764279   0.0002215318   0.0005359207   0.0010135571   0.0003797948
 5 10  -0.0001460673   0.0001703939   0.0005196540   0.0000930396  -0.0000368045
 5 11   0.0000028683  -0.0013602623   0.0000223246   0.0004797649   0.0001098325
 5 12   0.0001698492  -0.0000199335   0.0010839352  -0.0017962938   0.0008713514
 6  1  -0.0119945975  -0.0222312797  -0.1151017518   0.0211464919   0.0031998921
 6  2   0.6282212197   0.0326744604  -0.0045981756  -0.0962292909  -0.0111228963
 6  3   0.0033831896   0.0049101753  -0.0011163605  -0.0028338892  -0.0019277560
 6  4  -0.0001235289   0.0000075227  -0.0001451047  -0.0064027980   0.0232785706
 6  5  -0.0831436517  -0.0311782483   0.0293032909  -0.0205940766   0.0089687325
 6  6  -0.0309074243  -0.0033548492  -0.0192472697  -0.0372197008  -0.0149718847
 6  7   0.0067758148   0.0142250320   0.0073464026  -0.0156182665   0.0292381116
 6  8  -0.2942018589  -0.0055796243  -0.0003684431   0.0019377872   0.0329876201
 6  9   0.0010657594  -0.0158315886  -0.0015118418  -0.0007722176  -0.0001442205
 6 10   0.0003373943   0.0000381766   0.0000223250   0.0000254517  -0.0000040795
 6 11   0.0003849454  -0.0010713718  -0.0001591321   0.0006697412  -0.0000897844
 6 12  -0.0000986445  -0.0000134184   0.0021406224  -0.0045465590   0.0021668557
 7  1  -0.0240919538  -0.0105558898   0.0085399043  -0.1430427636  -0.0061946072
 7  2   0.0326744604   0.4708274573  -0.0451876261   0.0280863503  -0.1051677861
 7  3  -0.0372133972  -0.0174836028  -0.0234346186  -0.0276571711  -0.0096890073
 7  4  -0.0009015215  -0.0014597514  -0.0006805518  -0.0277651328   0.0136458223
 7  5   0.0036012703   0.0030876215  -0.0006198278   0.0028317443  -0.0003714915
 7  6  -0.0011263501  -0.0009317167   0.0009911745   0.0011217761   0.0001273445
 7  7  -0.0015784967  -0.0007964204  -0.0009556924   0.0002193101   0.0002673483
 7  8   0.0014467365  -0.1013564933   0.1049550679  -0.0309987726  -0.0505299390
 7  9   0.0019056491  -0.0219222765  -0.0022125113  -0.0021898873  -0.0014337710
 7 10   0.0085357748   0.0105400087   0.0054779619   0.0018784212   0.0002304258
 7 11  -0.0011177560  -0.0050668145  -0.0000493038   0.0019235193  -0.0004011339
 7 12  -0.0001399230   0.0000455702   0.0003808972   0.0005240569   0.0004582851
 8  1  -0.0350378022  -0.0071073546   0.0134650530   0.0137688466  -0.0757438029
 8  2  -0.0045981756  -0.0451876261   0.5433010497  -0.0267487702  -0.0368673368
 8  3  -0.1465953245  -0.0289977344  -0.0061723525   0.0013073392   0.0023945584
 8  4   0.0004747315   0.0003947400   0.0001525031   0.0295592517   0.0082897062
 8  5  -0.0123537137  -0.0016460896  -0.0033784992   0.0026190364  -0.0032508918
 8  6  -0.0063282008  -0.0002675325   0.0005313696   0.0009989269   0.0002366707
 8  7  -0.0043904929  -0.0042335790  -0.0026070091  -0.0036158436   0.0001053795
 8  8   0.0015666197   0.1039358555  -0.2382427943   0.0548412884   0.0017629496
 8  9  -0.0497288526   0.0129957504   0.0000608424  -0.0001929945  -0.0007005925
 8 10  -0.0174797365  -0.0239333133  -0.0109333076   0.0006992241   0.0000297010
 8 11  -0.0002960836   0.0021909967   0.0011945776  -0.0009035020  -0.0002712442
 8 12  -0.0003930207   0.0000979712   0.0009353484   0.0002563161   0.0000369699
 9  1  -0.0118956602  -0.0027318623   0.0063669713   0.0355360089   0.0026914150
 9  2  -0.0962292909   0.0280863503  -0.0267487702   0.5623917464  -0.0172660557
 9  3  -0.0297946295  -0.0942842591   0.0050051105   0.0121595451   0.0044213514
 9  4  -0.0002501645  -0.0004791059   0.0010045163  -0.0038997451  -0.0075810072
 9  5   0.0061424563  -0.0003802135   0.0026174887  -0.0036799815   0.0001635000
 9  6   0.0020920896   0.0007735605  -0.0022080625  -0.0001786683   0.0012970362
 9  7  -0.0029662417  -0.0026107707  -0.0010145755   0.0314019904   0.0006463865
 9  8  -0.0137744380  -0.0300682945   0.0542932134  -0.0658953284  -0.0240280858
 9  9   0.0149412728  -0.2976047059  -0.0186407660  -0.0278851684  -0.0118943378
 9 10   0.0057155347   0.0070184248   0.0030020125   0.0010873890   0.0009695401
 9 11   0.0007001439   0.0040620248   0.0000602891  -0.0010306620   0.0003432861
 9 12   0.0000868718  -0.0001234503   0.0002020948   0.0004334457  -0.0005687654
10  1  -0.0052613053  -0.0008523079   0.0026428899  -0.0167595281  -0.0245734442
10  2  -0.0111228963  -0.1051677861  -0.0368673368  -0.0172660557   0.4614158549
10  3  -0.0314503323   0.0130033435  -0.1654163094  -0.0132181433   0.0411295599
10  4  -0.0185346620   0.0118424935   0.0013807835  -0.0004359834   0.0003486273
10  5   0.0011407268   0.0001244502   0.0001374208  -0.0005713854  -0.0018629999
10  6  -0.0006547103  -0.0005552985  -0.0003285674   0.0001753935   0.0001623785
10  7  -0.0006308149  -0.0013461189  -0.0009262514   0.0016538965   0.0001472995
10  8  -0.0009115564   0.0094948030   0.0093297929   0.0057970385  -0.0027919287
10  9  -0.0036530781  -0.0017639240  -0.0474018199  -0.0001377118  -0.0103179482
10 10  -0.0937759050   0.0914622491  -0.0309872847  -0.0007509525  -0.0003489805
10 11   0.0010805889  -0.0151214399   0.0007781151   0.0077154885   0.0009143697
10 12  -0.0011929322   0.0006190043   0.0006366283   0.0000737046  -0.0002492015
11  1   0.0013286403   0.0008328343  -0.0008701435  -0.0038222433  -0.0011729918
11  2   0.0033831896  -0.0372133972  -0.1465953245  -0.0297946295  -0.0314503323
11  3   0.5288172631  -0.0271698866  -0.0062355649  -0.0732509087  -0.0024478207
11  4   0.0254364153  -0.0092167348  -0.0046121300   0.0008125353   0.0046173836
11  5  -0.0000026088   0.0003570302  -0.0012111222   0.0005269576  -0.0011813333
11  6  -0.0022086925  -0.0001040408  -0.0004111932  -0.0000736764  -0.0001194899
11  7   0.0005489050   0.0008903307  -0.0001548470   0.0008072289   0.0000591626
11  8  -0.0005298003  -0.0167449533  -0.0239696233  -0.0106165803   0.0003999774
11  9  -0.0005164357  -0.0006294639   0.0007084391  -0.0494754947   0.0019599742
11 10   0.0927112425  -0.2303763347   0.0609661947   0.0009761243   0.0005311667
11 11  -0.0009131067  -0.0258548175   0.0012786050   0.0119408018  -0.0013309925
11 12   0.0006139969  -0.0006258481   0.0001582891   0.0004265963  -0.0001867216
12  1   0.0040629498   0.0009817471  -0.0018403887   0.0032339338   0.0115446638
12  2   0.0049101753  -0.0174836028  -0.0289977344  -0.0942842591   0.0130033435
12  3  -0.0271698866   0.5678808266   0.0383084608  -0.0040116883  -0.0955532323
12  4  -0.0093726897   0.0037138739   0.0011136422  -0.0008766625   0.0014347975
12  5   0.0000475522  -0.0001417835  -0.0004895914   0.0001244897   0.0012944258
12  6  -0.0006010051  -0.0005769767   0.0004162180   0.0000725702   0.0001400564
12  7   0.0011144558   0.0005295318   0.0009736074   0.0008811098   0.0006947707
12  8   0.0000334766   0.0050137192   0.0057508407   0.0025554621  -0.0183040286
12  9  -0.0283043233  -0.0109906770  -0.0126934916   0.0034957258  -0.2966894534
12 10  -0.0312306286   0.0611267070  -0.0710999665   0.0325433468   0.0007450892
12 11  -0.0120186782  -0.0090692284  -0.0002957664   0.0039994068  -0.0015274055
12 12  -0.0001700168   0.0008535481   0.0008275577  -0.0000503056   0.0004213886
13  1  -0.0000384102   0.0003656778   0.0005807867  -0.0002168151  -0.0013338510
13  2  -0.0011163605  -0.0234346186  -0.0061723525   0.0050051105  -0.1654163094
13  3  -0.0062355649   0.0383084608   0.4069410347   0.0918466381  -0.0030025103
13  4  -0.0531717234   0.0334503060  -0.0148822529  -0.0000655432  -0.0004077881
13  5  -0.0004292832   0.0001505826  -0.0000247360   0.0003230123   0.0005281682
13  6   0.0002519660   0.0002880390  -0.0000042518  -0.0000468094  -0.0000205414
13  7   0.0000017789  -0.0001866299  -0.0000433433  -0.0001352882  -0.0001178714
13  8   0.0002014177   0.0008926820   0.0014405891   0.0001079296   0.0010880706
13  9   0.0010887777   0.0007185686  -0.0018031552   0.0015670590   0.0002555313
13 10  -0.0171303677   0.0011852845   0.0062215581  -0.0448726045  -0.0037497092
13 11  -0.0030068225  -0.1019730117  -0.1154095274  -0.0292316281  -0.0008527301
13 12   0.0024990397  -0.0004981598  -0.0004874879  -0.0000104980   0.0002204875
14  1  -0.0021453680  -0.0006129912   0.0011307556  -0.0007130325  -0.0048352174
14  2  -0.0028338892  -0.0276571711   0.0013073392   0.0121595451  -0.0132181433
14  3  -0.0732509087  -0.0040116883   0.0918466381   0.4514003552   0.0704236766
14  4   0.0383248779  -0.0903636077   0.0163507090   0.0003033855  -0.0016269035
14  5  -0.0004520122  -0.0001457405   0.0002406429  -0.0002153084   0.0004472911
14  6   0.0009102880   0.0001730364   0.0000182676   0.0000362415   0.0000696868
14  7  -0.0005330219  -0.0003948570  -0.0003419958   0.0001983285   0.0000214402
14  8   0.0000567043  -0.0002944686  -0.0002941864   0.0006655249   0.0003243728
14  9   0.0008720400   0.0004381345   0.0007408725  -0.0006194716   0.0006263913
14 10   0.0257454450  -0.0008409017  -0.0097937030  -0.0024568522  -0.0465980914
14 11  -0.0202894284  -0.1080748774  -0.2393816672  -0.0626289008  -0.0025324816
14 12   0.0042142082  -0.0015905081  -0.0001783218  -0.0001837516   0.0000632697
15  1  -0.0009903986  -0.0003071878   0.0009411564  -0.0007427546  -0.0017531609
15  2  -0.0019277560  -0.0096890073   0.0023945584   0.0044213514   0.0411295599
15  3  -0.0024478207  -0.0955532323  -0.0030025103   0.0704236766   0.5409599855
15  4   0.0003932538  -0.0080246829  -0.0487523027   0.0007680708  -0.0001557700
15  5  -0.0004444611  -0.0001670949  -0.0001738346  -0.0001165934  -0.0002162231
15  6   0.0001291717   0.0002874424   0.0000826626   0.0000631129   0.0001158461
15  7  -0.0002175947  -0.0002431533  -0.0001625438  -0.0000660936  -0.0001575007
15  8   0.0004924384   0.0005046597   0.0003202425   0.0003786877  -0.0015080147
15  9  -0.0002513919   0.0005400375   0.0338550477  -0.0002071624  -0.0135830638
15 10  -0.0082988797  -0.0002089007   0.0027078080  -0.0052736809  -0.0178181843
15 11  -0.3132251846  -0.0311382980  -0.0635398445  -0.0676995636  -0.0150561807
15 12   0.0219218252  -0.0093376849  -0.0003665235   0.0000360074  -0.0000423673
16  1  -0.0000004399  -0.0001957664  -0.0000567232   0.0003885139   0.0005971969
16  2  -0.0001235289  -0.0009015215   0.0004747315  -0.0002501645  -0.0185346620
16  3   0.0254364153  -0.0093726897  -0.0531717234   0.0383248779   0.0003932538
16  4   0.0872243717  -0.0753406640   0.0278589539   0.0002845149  -0.0002128148
16  5   0.0003343232  -0.0001594741   0.0001253644  -0.0002217660  -0.0004236793
16  6  -0.0000495253   0.0000488249  -0.0000075457   0.0000677697   0.0000362418
16  7  -0.0000223225   0.0000633040  -0.0000325883   0.0001241766   0.0000066663
16  8   0.0000050374  -0.0014240680   0.0007680532   0.0000128263  -0.0003937109
16  9   0.0003545432  -0.0004136670   0.0017763282  -0.0004922971  -0.0007279460
16 10  -0.0054038118  -0.0008249787   0.0018357953  -0.0021801776   0.0033726542
16 11  -0.0022247318   0.0019724996   0.0018090884  -0.0009487022  -0.0092987739
16 12   0.0057356004  -0.0159771531   0.0001515055  -0.0000202189  -0.0001755959
17  1   0.0000946537   0.0002086149  -0.0001049088  -0.0003697265   0.0003022716
17  2   0.0000075227  -0.0014597514   0.0003947400  -0.0004791059   0.0118424935
17  3  -0.0092167348   0.0037138739   0.0334503060  -0.0903636077  -0.0080246829
17  4  -0.0753406640   0.1551504175   0.0499424433  -0.0003562565  -0.0011377091
17  5  -0.0000647402   0.0002559699   0.0006441792  -0.0000020173  -0.0000545709
17  6   0.0004049714   0.0000816732  -0.0000367150   0.0000193186   0.0000031570
17  7   0.0000319335  -0.0000059379   0.0000065006   0.0001278019   0.0000563404
17  8  -0.0000020069   0.0000318025   0.0011061627   0.0002850754   0.0000248897
17  9   0.0000604044  -0.0001023985  -0.0010068270   0.0001724656   0.0001931981
17 10   0.0017248174   0.0017254590  -0.0010217973  -0.0002596796  -0.0005832722
17 11   0.0015083600   0.0209175018  -0.0209450577   0.0128761611   0.0104904525
17 12  -0.0378733010  -0.0588998749  -0.0001084316  -0.0001197250   0.0000835674
18  1  -0.0001389016  -0.0000215825   0.0000655906   0.0002568145  -0.0000243492
18  2  -0.0001451047  -0.0006805518   0.0001525031   0.0010045163   0.0013807835
18  3  -0.0046121300   0.0011136422  -0.0148822529   0.0163507090  -0.0487523027
18  4   0.0278589539   0.0499424433   0.2883232902   0.0010945894  -0.0006757522
18  5  -0.0004839701  -0.0006911502   0.0003022513   0.0005004338  -0.0006155694
18  6   0.0003569534  -0.0001945460  -0.0000388850   0.0000429820  -0.0000067203
18  7   0.0000107541  -0.0000232217   0.0000304097  -0.0001545393   0.0000914451
18  8   0.0001027076  -0.0002897929  -0.0000383745  -0.0003176276   0.0002119128
18  9  -0.0000584050  -0.0000391475   0.0006390920  -0.0007641943   0.0015243081
18 10   0.0017332450  -0.0003613603   0.0005121920  -0.0156978254   0.0217427056
18 11  -0.0073740896   0.0014428669  -0.0009751029   0.0010386399  -0.0016729657
18 12  -0.0813931435  -0.2368965814   0.0002334223  -0.0000343766  -0.0000056406
19  1   0.0075607866  -0.0193184657  -0.0006485099  -0.1033743480   0.0319479161
19  2  -0.0064027980  -0.0277651328   0.0295592517  -0.0038997451  -0.0004359834
19  3   0.0008125353  -0.0008766625  -0.0000655432   0.0003033855   0.0007680708
19  4   0.0002845149  -0.0003562565   0.0010945894   0.3857179393  -0.1456868172
19  5   0.2324428164  -0.1892276157   0.0660296987  -0.2265924862  -0.0667899845
19  6   0.0592338261   0.0172184595   0.0005730088  -0.0009257132   0.0002364431
19  7   0.0017815970  -0.0025998362   0.0000287228  -0.0008444735   0.0000812759
19  8   0.0009230211  -0.0041751036  -0.0009324823   0.0021954370   0.0020764518
19  9  -0.0002986241  -0.0014686184  -0.0000332625  -0.0003013534  -0.0000583089
19 10  -0.0011803887  -0.0012620110   0.0001776951   0.0001315553  -0.0000955360
19 11  -0.0000645629   0.0003209216   0.0000406912  -0.0000157381  -0.0001092740
19 12  -0.0000891765   0.0000258642  -0.0044456654  -0.0161423081  -0.0150836892
20  1   0.0013815135  -0.0416560345  -0.0053805650   0.0260378890  -0.1250311707
20  2   0.0232785706   0.0136458223   0.0082897062  -0.0075810072   0.0003486273
20  3   0.0046173836   0.0014347975  -0.0004077881  -0.0016269035  -0.0001557700
20  4  -0.0002128148  -0.0011377091  -0.0006757522  -0.1456868172   0.4989539242
20  5  -0.0405805656   0.0713080089  -0.1356515957   0.1260236384   0.0429087474
20  6  -0.2153873673  -0.1147282090  -0.0000434964  -0.0003486566   0.0008208136
20  7   0.0004678031  -0.0002020425   0.0003657008   0.0019566685  -0.0005899257
20  8  -0.0042748726  -0.0043761082  -0.0006860844   0.0028585035  -0.0010305044
20  9  -0.0001465053   0.0011465500  -0.0004793658  -0.0001206264  -0.0008098568
20 10  -0.0009624649  -0.0016057595   0.0012923817   0.0003391693   0.0003063448
20 11  -0.0001234877  -0.0008072877  -0.0001331472   0.0001957190  -0.0000509453
20 12  -0.0001118630  -0.0000317499  -0.0043366564   0.0122680325   0.0169251609
21  1  -0.0001449357  -0.0105903730  -0.0010600453   0.0023398112   0.0128704781
21  2  -0.0831436517   0.0036012703  -0.0123537137   0.0061424563   0.0011407268
21  3  -0.0000026088   0.0000475522  -0.0004292832  -0.0004520122  -0.0004444611
21  4   0.0003343232  -0.0000647402  -0.0004839701   0.2324428164  -0.0405805656
21  5   0.8480790462  -0.2206730424   0.1134809198  -0.5629958074  -0.0089871213
21  6  -0.0575269799  -0.1562328080   0.0013664486  -0.0068860032  -0.0007720585
21  7  -0.0000018864  -0.0004275065   0.0011689659  -0.0187248096   0.0271725154
21  8  -0.0137394662   0.0034267176  -0.0002481339  -0.0025560189   0.0028747095
21  9  -0.0019422421  -0.0022129251  -0.0010219791   0.0007361051  -0.0014040103
21 10   0.0001529347   0.0002891983   0.0022889523   0.0004505667  -0.0000823088
21 11  -0.0003115873  -0.0000234578   0.0000203130   0.0000772879  -0.0000552674
21 12   0.0000124737  -0.0000593080   0.0019314579  -0.0234248155  -0.0323881429
22  1   0.0019535857   0.0021629975   0.0025960689   0.0025332609   0.0081226663
22  2  -0.0311782483   0.0030876215  -0.0016460896  -0.0003802135   0.0001244502
22  3   0.0003570302  -0.0001417835   0.0001505826  -0.0001457405  -0.0001670949
22  4  -0.0001594741   0.0002559699  -0.0006911502  -0.1892276157   0.0713080089
22  5  -0.2206730424   0.1649463583  -0.0751901053   0.2699998242   0.0129995910
22  6  -0.0139520130  -0.0187054929  -0.0007608993   0.0003807989   0.0006302715
22  7  -0.0001134662   0.0011425803  -0.0007612775  -0.0025600273   0.0055384538
22  8  -0.0011234535   0.0002634577  -0.0000694216  -0.0002938947   0.0000892368
22  9  -0.0002802808   0.0001185841  -0.0000724852   0.0000977222  -0.0000060987
22 10   0.0000463995   0.0001738907   0.0000890441   0.0000101336   0.0000556816
22 11  -0.0000039031  -0.0001405020  -0.0000044238  -0.0000165869   0.0000749209
22 12   0.0000623714  -0.0000163931   0.0067548711   0.0016299028   0.0007248404
23  1   0.0033551671   0.0006236115   0.0032168129   0.0167677922  -0.0005976263
23  2   0.0293032909  -0.0006198278  -0.0033784992   0.0026174887   0.0001374208
23  3  -0.0012111222  -0.0004895914  -0.0000247360   0.0002406429  -0.0001738346
23  4   0.0001253644   0.0006441792   0.0003022513   0.0660296987  -0.1356515957
23  5   0.1134809198  -0.0751901053   0.1198238451  -0.1036532693  -0.0178635342
23  6   0.0242138028  -0.0394884314  -0.0001334111   0.0012211688   0.0012456861
23  7   0.0001222788   0.0003268829  -0.0000855605   0.0038579503  -0.0050952811
23  8   0.0027410019   0.0010707973   0.0006030141  -0.0009343169  -0.0000716650
23  9  -0.0001666521  -0.0002595006  -0.0000364757   0.0001396143  -0.0000100379
23 10   0.0002146665   0.0006516269  -0.0000628089  -0.0000044374  -0.0001609362
23 11  -0.0000249734   0.0002933991   0.0001009922  -0.0000341225   0.0000058188
23 12   0.0000775449   0.0000383051   0.0019638383  -0.0024052126  -0.0077293092
24  1   0.0014306253  -0.0027200532   0.0032040096  -0.0203883506   0.0089643379
24  2  -0.0205940766   0.0028317443   0.0026190364  -0.0036799815  -0.0005713854
24  3   0.0005269576   0.0001244897   0.0003230123  -0.0002153084  -0.0001165934
24  4  -0.0002217660  -0.0000020173   0.0005004338  -0.2265924862   0.1260236384
24  5  -0.5629958074   0.2699998242  -0.1036532693   0.6774444449  -0.0245284269
24  6  -0.0280781538  -0.0986161389   0.0003600306   0.0023705791   0.0008237886
24  7   0.0001876829   0.0006005010  -0.0003489967  -0.0016382791   0.0029934247
24  8   0.0018299629  -0.0010627965  -0.0004687367   0.0019658845  -0.0013296642
24  9   0.0003454193   0.0020028290   0.0005550389  -0.0001940626   0.0007102792
24 10   0.0000335172  -0.0004145733  -0.0008871028  -0.0002613786   0.0000694668
24 11   0.0001876146  -0.0001453080  -0.0000039831  -0.0000086093   0.0000091556
24 12   0.0000361536   0.0000838265   0.0010092103  -0.0087993570  -0.0016302567
25  1  -0.0024016452   0.0067026150   0.0012654066   0.0185650672   0.0140727876
25  2   0.0089687325  -0.0003714915  -0.0032508918   0.0001635000  -0.0018629999
25  3  -0.0011813333   0.0012944258   0.0005281682   0.0004472911  -0.0002162231
25  4  -0.0004236793  -0.0000545709  -0.0006155694  -0.0667899845   0.0429087474
25  5  -0.0089871213   0.0129995910  -0.0178635342  -0.0245284269   0.1309359685
25  6  -0.1255645904   0.1724927812   0.0001476241   0.0003059409  -0.0004288774
25  7  -0.0003603646  -0.0001944654   0.0004091315  -0.0003687289   0.0000543044
25  8   0.0001670602   0.0004909591   0.0002380293  -0.0005115003  -0.0001423401
25  9   0.0003659782   0.0001149575   0.0003678322  -0.0002132055   0.0004249002
25 10  -0.0009520294   0.0010873442  -0.0008234154  -0.0001849741   0.0000173056
25 11   0.0000964182   0.0000106135  -0.0000145720  -0.0000638303   0.0000613445
25 12   0.0000295818  -0.0000153859  -0.0902489309   0.0821072380  -0.1492069637
26  1   0.0025929901  -0.0083675329   0.0008786937   0.0085682592  -0.0131913411
26  2  -0.0309074243  -0.0011263501  -0.0063282008   0.0020920896  -0.0006547103
26  3  -0.0022086925  -0.0006010051   0.0002519660   0.0009102880   0.0001291717
26  4  -0.0000495253   0.0004049714   0.0003569534   0.0592338261  -0.2153873673
26  5  -0.0575269799  -0.0139520130   0.0242138028  -0.0280781538  -0.1255645904
26  6   0.3120542151   0.0097589065  -0.0002897364   0.0007555453   0.0003825918
26  7  -0.0001041497   0.0008827552  -0.0004664745  -0.0009814957   0.0000794460
26  8   0.0001352773   0.0019172800   0.0003088882  -0.0008230178   0.0001341517
26  9   0.0002404070   0.0000273069   0.0005454816  -0.0001543545   0.0007222999
26 10   0.0000952240   0.0010534430  -0.0010997888  -0.0002817722  -0.0001287719
26 11   0.0001331107   0.0004508208   0.0000566500  -0.0001699287   0.0000635081
26 12   0.0000730403  -0.0000081685   0.0691508354  -0.0952671913   0.1050645400
27  1   0.0026090641  -0.0025493363   0.0021206164  -0.0053973088  -0.0039012129
27  2  -0.0033548492  -0.0009317167  -0.0002675325   0.0007735605  -0.0005552985
27  3  -0.0001040408  -0.0005769767   0.0002880390   0.0001730364   0.0002874424
27  4   0.0000488249   0.0000816732  -0.0001945460   0.0172184595  -0.1147282090
27  5  -0.1562328080  -0.0187054929  -0.0394884314  -0.0986161389   0.1724927812
27  6   0.0097589065   0.6094398373  -0.0004463403   0.0021790254   0.0000457125
27  7  -0.0000004478   0.0006077763  -0.0009213062   0.0008862508  -0.0009200303
27  8   0.0039264112   0.0002690746   0.0001087293   0.0000227580  -0.0005479079
27  9   0.0002513030   0.0004595598   0.0004082224  -0.0003486088   0.0006893853
27 10   0.0003078243  -0.0000446516  -0.0007452991  -0.0002239408  -0.0000027215
27 11   0.0001558801   0.0001586997   0.0000835954   0.0000209491  -0.0000059140
27 12   0.0000060410   0.0000878181  -0.1678728728   0.1491046885  -0.3573880064
28  1  -0.0579197950  -0.0184462611  -0.0685461370  -0.0024865876   0.0057817881
28  2  -0.0192472697   0.0009911745   0.0005313696  -0.0022080625  -0.0003285674
28  3  -0.0004111932   0.0004162180  -0.0000042518   0.0000182676   0.0000826626
28  4  -0.0000075457  -0.0000367150  -0.0000388850   0.0005730088  -0.0000434964
28  5   0.0013664486  -0.0007608993  -0.0001334111   0.0003600306   0.0001476241
28  6  -0.0002897364  -0.0004463403   0.0581908345   0.0185133264   0.0491484358
28  7   0.0038249030  -0.0018815825   0.0396057700  -0.0015394958  -0.0035899267
28  8  -0.0017684409  -0.0003348255  -0.0000429815  -0.0001363471  -0.0005190712
28  9  -0.0006487059   0.0010117816   0.0001743869   0.0002540187   0.0003611542
28 10   0.0000585031   0.0001390259  -0.0000099014  -0.0000732118  -0.0000525880
28 11   0.0000341622   0.0000413587   0.0000097423   0.0000072087   0.0000176327
28 12   0.0000306839   0.0000098417  -0.0000451753   0.0002983750  -0.0000023301
29  1  -0.0143005057  -0.0315589609   0.0629930423  -0.0062862898  -0.0045023693
29  2  -0.0372197008   0.0011217761   0.0009989269  -0.0001786683   0.0001753935
29  3  -0.0000736764   0.0000725702  -0.0000468094   0.0000362415   0.0000631129
29  4   0.0000677697   0.0000193186   0.0000429820  -0.0009257132  -0.0003486566
29  5  -0.0068860032   0.0003807989   0.0012211688   0.0023705791   0.0003059409
29  6   0.0007555453   0.0021790254   0.0185133264   0.0394263245  -0.0257570876
29  7   0.0041018029  -0.0021279028   0.0025177703  -0.0024813193  -0.0042930188
29  8  -0.0014520195   0.0001722937  -0.0000393217   0.0003359097  -0.0005943073
29  9   0.0002831441   0.0005902916   0.0000383154   0.0000595589   0.0001075599
29 10  -0.0000600609  -0.0001540052  -0.0000241196  -0.0000326727  -0.0000042200
29 11  -0.0000099168   0.0000246791  -0.0000045869  -0.0000180843  -0.0000040601
29 12  -0.0000250309  -0.0000035186  -0.0001703582   0.0003315207   0.0002762753
30  1  -0.0382815363   0.0199468532  -0.4050098755  -0.0039259569   0.0015262856
30  2  -0.0149718847   0.0001273445   0.0002366707   0.0012970362   0.0001623785
30  3  -0.0001194899   0.0001400564  -0.0000205414   0.0000696868   0.0001158461
30  4   0.0000362418   0.0000031570  -0.0000067203   0.0002364431   0.0008208136
30  5  -0.0007720585   0.0006302715   0.0012456861   0.0008237886  -0.0004288774
30  6   0.0003825918   0.0000457125   0.0491484358  -0.0257570876   0.4331247368
30  7  -0.0059610717   0.0037339999  -0.0162163523  -0.0013711586  -0.0021014136
30  8   0.0011447363  -0.0000653971  -0.0000793048  -0.0000217286  -0.0005281625
30  9   0.0001075585   0.0002170242   0.0001371907   0.0001184411  -0.0000171637
30 10  -0.0000097281  -0.0000111622   0.0000066916  -0.0000028790  -0.0000034567
30 11  -0.0000124785   0.0000272267  -0.0000043144  -0.0000078382  -0.0000026120
30 12  -0.0000068148  -0.0000082563   0.0000923888  -0.0001087005   0.0001287280
31  1  -0.3489206471  -0.0525560485   0.1538307270  -0.0152618225   0.0053767015
31  2   0.0067758148  -0.0015784967  -0.0043904929  -0.0029662417  -0.0006308149
31  3   0.0005489050   0.0011144558   0.0000017789  -0.0005330219  -0.0002175947
31  4  -0.0000223225   0.0000319335   0.0000107541   0.0017815970   0.0004678031
31  5  -0.0000018864  -0.0001134662   0.0001222788   0.0001876829  -0.0003603646
31  6  -0.0001041497  -0.0000004478   0.0038249030   0.0041018029  -0.0059610717
31  7   0.3605289524   0.0468105938  -0.1522359404   0.0000492336   0.0003123365
31  8  -0.0003880804   0.0006588239  -0.0000722912  -0.0000863296   0.0003286253
31  9   0.0001400786  -0.0000175262  -0.0000154831   0.0000164142  -0.0001166841
31 10  -0.0000524632  -0.0001574447  -0.0000193728   0.0000159327   0.0000273426
31 11   0.0000101412  -0.0001926485   0.0000235031   0.0000640044  -0.0000107015
31 12  -0.0000028153  -0.0000001989  -0.0000306161  -0.0001634295   0.0000177945
32  1  -0.0109848599  -0.0250831642  -0.0144019452  -0.0303754597  -0.0097052148
32  2   0.0142250320  -0.0007964204  -0.0042335790  -0.0026107707  -0.0013461189
32  3   0.0008903307   0.0005295318  -0.0001866299  -0.0003948570  -0.0002431533
32  4   0.0000633040  -0.0000059379  -0.0000232217  -0.0025998362  -0.0002020425
32  5  -0.0004275065   0.0011425803   0.0003268829   0.0006005010  -0.0001944654
32  6   0.0008827552   0.0006077763  -0.0018815825  -0.0021279028   0.0037339999
32  7   0.0468105938   0.0386484571  -0.0014481313   0.0005811861   0.0009208996
32  8  -0.0002099646  -0.0002514502   0.0002097569  -0.0002389861   0.0002571297
32  9  -0.0001774247  -0.0000491429   0.0000038276   0.0000377519   0.0000079461
32 10   0.0000948097   0.0000676193   0.0001122923   0.0000088162  -0.0000081405
32 11   0.0000104025  -0.0001106561  -0.0000076238   0.0000600603   0.0000085491
32 12   0.0000175489  -0.0000006460  -0.0002433175  -0.0000561153  -0.0002340738
33  1   0.1304038581   0.0033796666  -0.1213542009  -0.0150109455  -0.0012924195
33  2   0.0073464026  -0.0009556924  -0.0026070091  -0.0010145755  -0.0009262514
33  3  -0.0001548470   0.0009736074  -0.0000433433  -0.0003419958  -0.0001625438
33  4  -0.0000325883   0.0000065006   0.0000304097   0.0000287228   0.0003657008
33  5   0.0011689659  -0.0007612775  -0.0000855605  -0.0003489967   0.0004091315
33  6  -0.0004664745  -0.0009213062   0.0396057700   0.0025177703  -0.0162163523
33  7  -0.1522359404  -0.0014481313   0.1300445298  -0.0003206756   0.0004771218
33  8   0.0001472140   0.0002465719  -0.0001163235  -0.0001867724  -0.0001909889
33  9  -0.0001302874   0.0004391264   0.0000593857   0.0001064362  -0.0000355887
33 10   0.0000074093  -0.0000058606  -0.0000035014   0.0000111511   0.0000071281
33 11  -0.0000050661  -0.0001533341  -0.0000081125   0.0000160611  -0.0000089472
33 12  -0.0000007089  -0.0000054353  -0.0001320160  -0.0002025938   0.0000880224
34  1  -0.0013915283  -0.0024562430  -0.0180648766  -0.0466187219   0.0031577469
34  2  -0.0156182665   0.0002193101  -0.0036158436   0.0314019904   0.0016538965
34  3   0.0008072289   0.0008811098  -0.0001352882   0.0001983285  -0.0000660936
34  4   0.0001241766   0.0001278019  -0.0001545393  -0.0008444735   0.0019566685
34  5  -0.0187248096  -0.0025600273   0.0038579503  -0.0016382791  -0.0003687289
34  6  -0.0009814957   0.0008862508  -0.0015394958  -0.0024813193  -0.0013711586
34  7   0.0000492336   0.0005811861  -0.0003206756   0.0550489216  -0.0015090722
34  8   0.0218077187   0.0013336916   0.0001402077  -0.0005519678  -0.0053842841
34  9  -0.0005151644   0.0023147726  -0.0001973790  -0.0002885331  -0.0007230729
34 10  -0.0000877183  -0.0000222955  -0.0000475103   0.0001111844   0.0000145406
34 11  -0.0002254196   0.0000236961   0.0000023311  -0.0001000279  -0.0000568963
34 12  -0.0000283148  -0.0000240380   0.0006204310   0.0010542911   0.0003388932
35  1  -0.0042745539  -0.0028627607  -0.0341007457   0.0026662789  -0.0522784751
35  2   0.0292381116   0.0002673483   0.0001053795   0.0006463865   0.0001472995
35  3   0.0000591626   0.0006947707  -0.0001178714   0.0000214402  -0.0001575007
35  4   0.0000066663   0.0000563404   0.0000914451   0.0000812759  -0.0005899257
35  5   0.0271725154   0.0055384538  -0.0050952811   0.0029934247   0.0000543044
35  6   0.0000794460  -0.0009200303  -0.0035899267  -0.0042930188  -0.0021014136
35  7   0.0003123365   0.0009208996   0.0004771218  -0.0015090722   0.0652005725
35  8  -0.0225533948  -0.0001177533   0.0002126906  -0.0006620020  -0.0001854527
35  9   0.0005257183  -0.0001982332  -0.0001716320   0.0000448739  -0.0001073947
35 10  -0.0000122502   0.0000418848   0.0000376022   0.0000095478  -0.0000427145
35 11  -0.0000509557   0.0000151270  -0.0000040826  -0.0000013616   0.0000091829
35 12   0.0000224011  -0.0000047273   0.0008706911  -0.0021245511  -0.0004936185
36  1  -0.0026392310  -0.0046748688  -0.0126539001  -0.0203151342   0.0271885914
36  2  -0.2942018589   0.0014467365   0.0015666197  -0.0137744380  -0.0009115564
36  3  -0.0005298003   0.0000334766   0.0002014177   0.0000567043   0.0004924384
36  4   0.0000050374  -0.0000020069   0.0001027076   0.0009230211  -0.0042748726
36  5  -0.0137394662  -0.0011234535   0.0027410019   0.0018299629   0.0001670602
36  6   0.0001352773   0.0039264112  -0.0017684409  -0.0014520195   0.0011447363
36  7  -0.0003880804  -0.0002099646   0.0001472140   0.0218077187  -0.0225533948
36  8   0.3236739825  -0.0001199330  -0.0003172566   0.0006663199   0.0023488536
36  9  -0.0000946835   0.0002976932   0.0006083731   0.0005871106   0.0007932260
36 10   0.0000290927  -0.0000111245   0.0000119543  -0.0002888180  -0.0000722270
36 11   0.0000869122   0.0000896844   0.0000121238   0.0000090313   0.0000546582
36 12   0.0000572648   0.0000162399  -0.0001270061   0.0018475253   0.0011373571
37  1   0.0029516573   0.0001281281  -0.0007554888  -0.0218540479   0.0275143018
37  2  -0.0055796243  -0.1013564933   0.1039358555  -0.0300682945   0.0094948030
37  3  -0.0167449533   0.0050137192   0.0008926820  -0.0002944686   0.0005046597
37  4  -0.0014240680   0.0000318025  -0.0002897929  -0.0041751036  -0.0043761082
37  5   0.0034267176   0.0002634577   0.0010707973  -0.0010627965   0.0004909591
37  6   0.0019172800   0.0002690746  -0.0003348255   0.0001722937  -0.0000653971
37  7   0.0006588239  -0.0002514502   0.0002465719   0.0013336916  -0.0001177533
37  8  -0.0001199330   0.1161769672  -0.1117658371   0.0305037449  -0.0009676070
37  9   0.0010829870  -0.0005919190   0.0004994286   0.0007198127   0.0000239919
37 10  -0.0023713989  -0.0032962370  -0.0012414912  -0.0000887091   0.0000275192
37 11   0.0000857081   0.0001049159   0.0003848725  -0.0001265821  -0.0001129999
37 12  -0.0000501093  -0.0000314225  -0.0001821332  -0.0000887333  -0.0001414459
38  1  -0.0009617219   0.0009415987   0.0004800746  -0.0002193342   0.0005662532
38  2  -0.0003684431   0.1049550679  -0.2382427943   0.0542932134   0.0093297929
38  3  -0.0239696233   0.0057508407   0.0014405891  -0.0002941864   0.0003202425
38  4   0.0007680532   0.0011061627  -0.0000383745  -0.0009324823  -0.0006860844
38  5  -0.0002481339  -0.0000694216   0.0006030141  -0.0004687367   0.0002380293
38  6   0.0003088882   0.0001087293  -0.0000429815  -0.0000393217  -0.0000793048
38  7  -0.0000722912   0.0002097569  -0.0001163235   0.0001402077   0.0002126906
38  8  -0.0003172566  -0.1117658371   0.2612148828  -0.0575616681  -0.0000069427
38  9  -0.0000871894   0.0005109376   0.0001741995   0.0007542506  -0.0001753870
38 10  -0.0028933133  -0.0026941763  -0.0022301350  -0.0001494943  -0.0000318057
38 11   0.0000993678   0.0000554862   0.0001454303  -0.0000259502   0.0000938968
38 12   0.0000633757  -0.0000343360  -0.0000815023  -0.0000811225   0.0001006435
39  1  -0.0014177619  -0.0001358373   0.0000004670   0.0113978281  -0.0132607954
39  2   0.0019377872  -0.0309987726   0.0548412884  -0.0658953284   0.0057970385
39  3  -0.0106165803   0.0025554621   0.0001079296   0.0006655249   0.0003786877
39  4   0.0000128263   0.0002850754  -0.0003176276   0.0021954370   0.0028585035
39  5  -0.0025560189  -0.0002938947  -0.0009343169   0.0019658845  -0.0005115003
39  6  -0.0008230178   0.0000227580  -0.0001363471   0.0003359097  -0.0000217286
39  7  -0.0000863296  -0.0002389861  -0.0001867724  -0.0005519678  -0.0006620020
39  8   0.0006663199   0.0305037449  -0.0575616681   0.0677965161  -0.0152778131
39  9   0.0274257436  -0.0069669680   0.0007195255   0.0001317979   0.0004936463
39 10  -0.0013028530  -0.0021105550   0.0002230232  -0.0000969184   0.0000861109
39 11  -0.0000243377   0.0001428806   0.0000752177  -0.0001460968  -0.0002985329
39 12  -0.0003393462  -0.0000432132   0.0000954808  -0.0000220668   0.0001175396
40  1   0.0021872581   0.0013061155  -0.0002114169  -0.0013276346  -0.0015026963
40  2   0.0329876201  -0.0505299390   0.0017629496  -0.0240280858  -0.0027919287
40  3   0.0003999774  -0.0183040286   0.0010880706   0.0003243728  -0.0015080147
40  4  -0.0003937109   0.0000248897   0.0002119128   0.0020764518  -0.0010305044
40  5   0.0028747095   0.0000892368  -0.0000716650  -0.0013296642  -0.0001423401
40  6   0.0001341517  -0.0005479079  -0.0005190712  -0.0005943073  -0.0005281625
40  7   0.0003286253   0.0002571297  -0.0001909889  -0.0053842841  -0.0001854527
40  8   0.0023488536  -0.0009676070  -0.0000069427  -0.0152778131   0.0571915853
40  9   0.0024825750   0.0229022515  -0.0014736126  -0.0031084115  -0.0009562369
40 10   0.0006149203   0.0002656322   0.0007307633  -0.0003072134  -0.0001046295
40 11   0.0005977010   0.0001821942   0.0000404464   0.0002506952   0.0001779849
40 12   0.0000516035   0.0000765607  -0.0000989858  -0.0004452341  -0.0000987482
41  1   0.0000250274   0.0000832287   0.0004682598   0.0005841169  -0.0008764279
41  2   0.0010657594   0.0019056491  -0.0497288526   0.0149412728  -0.0036530781
41  3  -0.0005164357  -0.0283043233   0.0010887777   0.0008720400  -0.0002513919
41  4   0.0003545432   0.0000604044  -0.0000584050  -0.0002986241  -0.0001465053
41  5  -0.0019422421  -0.0002802808  -0.0001666521   0.0003454193   0.0003659782
41  6   0.0002404070   0.0002513030  -0.0006487059   0.0002831441   0.0001075585
41  7   0.0001400786  -0.0001774247  -0.0001302874  -0.0005151644   0.0005257183
41  8  -0.0000946835   0.0010829870  -0.0000871894   0.0274257436   0.0024825750
41  9   0.0523084820  -0.0125938918  -0.0033401363  -0.0037261274  -0.0020676237
41 10   0.0008605775   0.0010709811   0.0001051119  -0.0002772139   0.0001902246
41 11   0.0005673711   0.0002991132  -0.0000107698   0.0001576630  -0.0000058981
41 12  -0.0001592164   0.0000229558  -0.0001703223  -0.0000390291  -0.0000155695
42  1  -0.0008539955  -0.0002628718   0.0015018063   0.0010532177   0.0002215318
42  2  -0.0158315886  -0.0219222765   0.0129957504  -0.2976047059  -0.0017639240
42  3  -0.0006294639  -0.0109906770   0.0007185686   0.0004381345   0.0005400375
42  4  -0.0004136670  -0.0001023985  -0.0000391475  -0.0014686184   0.0011465500
42  5  -0.0022129251   0.0001185841  -0.0002595006   0.0020028290   0.0001149575
42  6   0.0000273069   0.0004595598   0.0010117816   0.0005902916   0.0002170242
42  7  -0.0000175262  -0.0000491429   0.0004391264   0.0023147726  -0.0001982332
42  8   0.0002976932  -0.0005919190   0.0005109376  -0.0069669680   0.0229022515
42  9  -0.0125938918   0.3257607362  -0.0007332221  -0.0016693043   0.0007366742
42 10   0.0001976242  -0.0002542663   0.0006169283  -0.0007534893  -0.0001147893
42 11   0.0004635811  -0.0000272548  -0.0000212307   0.0003622757   0.0001486781
42 12   0.0000541064   0.0000460045  -0.0000345431   0.0001704841   0.0002017357
43  1  -0.0000256587  -0.0000403966   0.0002354946   0.0008990409   0.0005359207
43  2  -0.0015118418  -0.0022125113   0.0000608424  -0.0186407660  -0.0474018199
43  3   0.0007084391  -0.0126934916  -0.0018031552   0.0007408725   0.0338550477
43  4   0.0017763282  -0.0010068270   0.0006390920  -0.0000332625  -0.0004793658
43  5  -0.0010219791  -0.0000724852  -0.0000364757   0.0005550389   0.0003678322
43  6   0.0005454816   0.0004082224   0.0001743869   0.0000383154   0.0001371907
43  7  -0.0000154831   0.0000038276   0.0000593857  -0.0001973790  -0.0001716320
43  8   0.0006083731   0.0004994286   0.0001741995   0.0007195255  -0.0014736126
43  9  -0.0033401363  -0.0007332221   0.0557909487   0.0025704862   0.0106454569
43 10  -0.0005973981  -0.0002663564  -0.0144270231  -0.0058330633  -0.0000578021
43 11   0.0023690257   0.0009737508  -0.0000162580  -0.0007748680  -0.0001398490
43 12  -0.0000169034  -0.0005271367  -0.0006760386   0.0000537681   0.0000984751
44  1   0.0001917054  -0.0000741799   0.0002938300   0.0007274849   0.0010135571
44  2  -0.0007722176  -0.0021898873  -0.0001929945  -0.0278851684  -0.0001377118
44  3  -0.0494754947   0.0034957258   0.0015670590  -0.0006194716  -0.0002071624
44  4  -0.0004922971   0.0001724656  -0.0007641943  -0.0003013534  -0.0001206264
44  5   0.0007361051   0.0000977222   0.0001396143  -0.0001940626  -0.0002132055
44  6  -0.0001543545  -0.0003486088   0.0002540187   0.0000595589   0.0001184411
44  7   0.0000164142   0.0000377519   0.0001064362  -0.0002885331   0.0000448739
44  8   0.0005871106   0.0007198127   0.0007542506   0.0001317979  -0.0031084115
44  9  -0.0037261274  -0.0016693043   0.0025704862   0.0506909592  -0.0011283234
44 10   0.0002241904   0.0001469196   0.0277399768  -0.0001645423   0.0008369790
44 11  -0.0005650504   0.0001264046  -0.0000812754   0.0004030828   0.0001014074
44 12   0.0003401892  -0.0000178433   0.0002992365   0.0002074052  -0.0000605707
45  1  -0.0001404021  -0.0000083511   0.0006861875   0.0005853476   0.0003797948
45  2  -0.0001442205  -0.0014337710  -0.0007005925  -0.0118943378  -0.0103179482
45  3   0.0019599742  -0.2966894534   0.0002555313   0.0006263913  -0.0135830638
45  4  -0.0007279460   0.0001931981   0.0015243081  -0.0000583089  -0.0008098568
45  5  -0.0014040103  -0.0000060987  -0.0000100379   0.0007102792   0.0004249002
45  6   0.0007222999   0.0006893853   0.0003611542   0.0001075599  -0.0000171637
45  7  -0.0001166841   0.0000079461  -0.0000355887  -0.0007230729  -0.0001073947
45  8   0.0007932260   0.0000239919  -0.0001753870   0.0004936463  -0.0009562369
45  9  -0.0020676237   0.0007366742   0.0106454569  -0.0011283234   0.3257393610
45 10  -0.0005046819   0.0008468313  -0.0091460671   0.0023149073   0.0004030782
45 11   0.0007140279   0.0004676231   0.0002579943   0.0003523063   0.0006102566
45 12  -0.0004003424   0.0003246818  -0.0007040184  -0.0000971586   0.0001498217
46  1  -0.0002552259   0.0001303506  -0.0001418013   0.0011259052  -0.0001460673
46  2   0.0003373943   0.0085357748  -0.0174797365   0.0057155347  -0.0937759050
46  3   0.0927112425  -0.0312306286  -0.0171303677   0.0257454450  -0.0082988797
46  4  -0.0054038118   0.0017248174   0.0017332450  -0.0011803887  -0.0009624649
46  5   0.0001529347   0.0000463995   0.0002146665   0.0000335172  -0.0009520294
46  6   0.0000952240   0.0003078243   0.0000585031  -0.0000600609  -0.0000097281
46  7  -0.0000524632   0.0000948097   0.0000074093  -0.0000877183  -0.0000122502
46  8   0.0000290927  -0.0023713989  -0.0028933133  -0.0013028530   0.0006149203
46  9   0.0008605775   0.0001976242  -0.0005973981   0.0002241904  -0.0005046819
46 10   0.1091438533  -0.0995170858   0.0331975557   0.0011107897  -0.0000509820
46 11   0.0002472895   0.0008010533  -0.0004889368  -0.0007458650   0.0004326666
46 12  -0.0002036011   0.0001862554  -0.0000631587   0.0000131752   0.0000887607
47  1  -0.0005123837   0.0003688095  -0.0000261494   0.0010358214   0.0001703939
47  2   0.0000381766   0.0105400087  -0.0239333133   0.0070184248   0.0914622491
47  3  -0.2303763347   0.0611267070   0.0011852845  -0.0008409017  -0.0002089007
47  4  -0.0008249787   0.0017254590  -0.0003613603  -0.0012620110  -0.0016057595
47  5   0.0002891983   0.0001738907   0.0006516269  -0.0004145733   0.0010873442
47  6   0.0010534430  -0.0000446516   0.0001390259  -0.0001540052  -0.0000111622
47  7  -0.0001574447   0.0000676193  -0.0000058606  -0.0000222955   0.0000418848
47  8  -0.0000111245  -0.0032962370  -0.0026941763  -0.0021105550   0.0002656322
47  9   0.0010709811  -0.0002542663  -0.0002663564   0.0001469196   0.0008468313
47 10  -0.0995170858   0.2536901998  -0.0657807604   0.0001138317  -0.0000068924
47 11  -0.0002859528   0.0001630278   0.0008940682  -0.0001603676  -0.0000505260
47 12  -0.0000580234   0.0000403118  -0.0002567973  -0.0002119988   0.0003160349
48  1   0.0001236380  -0.0000265921   0.0000006139   0.0000990289   0.0005196540
48  2   0.0000223250   0.0054779619  -0.0109333076   0.0030020125  -0.0309872847
48  3   0.0609661947  -0.0710999665   0.0062215581  -0.0097937030   0.0027078080
48  4   0.0018357953  -0.0010217973   0.0005121920   0.0001776951   0.0012923817
48  5   0.0022889523   0.0000890441  -0.0000628089  -0.0008871028  -0.0008234154
48  6  -0.0010997888  -0.0007452991  -0.0000099014  -0.0000241196   0.0000066916
48  7  -0.0000193728   0.0001122923  -0.0000035014  -0.0000475103   0.0000376022
48  8   0.0000119543  -0.0012414912  -0.0022301350   0.0002230232   0.0007307633
48  9   0.0001051119   0.0006169283  -0.0144270231   0.0277399768  -0.0091460671
48 10   0.0331975557  -0.0657807604   0.0719871646  -0.0006269734  -0.0002332015
48 11   0.0002703855  -0.0005808358  -0.0000217212   0.0004922255   0.0002979495
48 12   0.0001052839   0.0001233470   0.0005128183   0.0003494381  -0.0003836867
49  1   0.0000285727  -0.0000105235  -0.0002108181  -0.0000124610   0.0000930396
49  2   0.0000254517   0.0018784212   0.0006992241   0.0010873890  -0.0007509525
49  3   0.0009761243   0.0325433468  -0.0448726045  -0.0024568522  -0.0052736809
49  4  -0.0021801776  -0.0002596796  -0.0156978254   0.0001315553   0.0003391693
49  5   0.0004505667   0.0000101336  -0.0000044374  -0.0002613786  -0.0001849741
49  6  -0.0002817722  -0.0002239408  -0.0000732118  -0.0000326727  -0.0000028790
49  7   0.0000159327   0.0000088162   0.0000111511   0.0001111844   0.0000095478
49  8  -0.0002888180  -0.0000887091  -0.0001494943  -0.0000969184  -0.0003072134
49  9  -0.0002772139  -0.0007534893  -0.0058330633  -0.0001645423   0.0023149073
49 10   0.0011107897   0.0001138317  -0.0006269734   0.0532198976  -0.0018367298
49 11   0.0028045609  -0.0001329427  -0.0005590183  -0.0142907986  -0.0022912917
49 12   0.0037620738  -0.0014639254   0.0002211146   0.0000311093  -0.0000459275
50  1   0.0000806448   0.0000456778  -0.0000204895  -0.0000198589  -0.0000368045
50  2  -0.0000040795   0.0002304258   0.0000297010   0.0009695401  -0.0003489805
50  3   0.0005311667   0.0007450892  -0.0037497092  -0.0465980914  -0.0178181843
50  4   0.0033726542  -0.0005832722   0.0217427056  -0.0000955360   0.0003063448
50  5  -0.0000823088   0.0000556816  -0.0001609362   0.0000694668   0.0000173056
50  6  -0.0001287719  -0.0000027215  -0.0000525880  -0.0000042200  -0.0000034567
50  7   0.0000273426  -0.0000081405   0.0000071281   0.0000145406  -0.0000427145
50  8  -0.0000722270   0.0000275192  -0.0000318057   0.0000861109  -0.0001046295
50  9   0.0001902246  -0.0001147893  -0.0000578021   0.0008369790   0.0004030782
50 10  -0.0000509820  -0.0000068924  -0.0002332015  -0.0018367298   0.0500773897
50 11   0.0198130899  -0.0003767731   0.0000161914  -0.0278598548   0.0028932728
50 12  -0.0044639201   0.0023496395  -0.0000257983   0.0000318943   0.0000254645
51  1   0.0000628761   0.0000454576   0.0000176961   0.0000207430   0.0000028683
51  2   0.0003849454  -0.0011177560  -0.0002960836   0.0007001439   0.0010805889
51  3  -0.0009131067  -0.0120186782  -0.0030068225  -0.0202894284  -0.3132251846
51  4  -0.0022247318   0.0015083600  -0.0073740896  -0.0000645629  -0.0001234877
51  5  -0.0003115873  -0.0000039031  -0.0000249734   0.0001876146   0.0000964182
51  6   0.0001331107   0.0001558801   0.0000341622  -0.0000099168  -0.0000124785
51  7   0.0000101412   0.0000104025  -0.0000050661  -0.0002254196  -0.0000509557
51  8   0.0000869122   0.0000857081   0.0000993678  -0.0000243377   0.0005977010
51  9   0.0005673711   0.0004635811   0.0023690257  -0.0005650504   0.0007140279
51 10   0.0002472895  -0.0002859528   0.0002703855   0.0028045609   0.0198130899
51 11   0.3358995265   0.0000072032  -0.0007759228  -0.0069890866  -0.0006622734
51 12   0.0011764473   0.0010457585  -0.0001109485  -0.0000215971   0.0000340370
52  1  -0.0008483618  -0.0002899182   0.0003704835  -0.0000381480  -0.0013602623
52  2  -0.0010713718  -0.0050668145   0.0021909967   0.0040620248  -0.0151214399
52  3  -0.0258548175  -0.0090692284  -0.1019730117  -0.1080748774  -0.0311382980
52  4   0.0019724996   0.0209175018   0.0014428669   0.0003209216  -0.0008072877
52  5  -0.0000234578  -0.0001405020   0.0002933991  -0.0001453080   0.0000106135
52  6   0.0004508208   0.0001586997   0.0000413587   0.0000246791   0.0000272267
52  7  -0.0001926485  -0.0001106561  -0.0001533341   0.0000236961   0.0000151270
52  8   0.0000896844   0.0001049159   0.0000554862   0.0001428806   0.0001821942
52  9   0.0002991132  -0.0000272548   0.0009737508   0.0001264046   0.0004676231
52 10   0.0008010533   0.0001630278  -0.0005808358  -0.0001329427  -0.0003767731
52 11   0.0000072032   0.1188432278   0.1138053509   0.0349245260   0.0002536912
52 12  -0.0013373454   0.0006016186  -0.0000140534  -0.0001299696  -0.0000857489
53  1   0.0000031703   0.0000559271  -0.0000578343   0.0001611841   0.0000223246
53  2  -0.0001591321  -0.0000493038   0.0011945776   0.0000602891   0.0007781151
53  3   0.0012786050  -0.0002957664  -0.1154095274  -0.2393816672  -0.0635398445
53  4   0.0018090884  -0.0209450577  -0.0009751029   0.0000406912  -0.0001331472
53  5   0.0000203130  -0.0000044238   0.0001009922  -0.0000039831  -0.0000145720
53  6   0.0000566500   0.0000835954   0.0000097423  -0.0000045869  -0.0000043144
53  7   0.0000235031  -0.0000076238  -0.0000081125   0.0000023311  -0.0000040826
53  8   0.0000121238   0.0003848725   0.0001454303   0.0000752177   0.0000404464
53  9  -0.0000107698  -0.0000212307  -0.0000162580  -0.0000812754   0.0002579943
53 10  -0.0004889368   0.0008940682  -0.0000217212  -0.0005590183   0.0000161914
53 11  -0.0007759228   0.1138053509   0.2552577014   0.0654708071  -0.0004994057
53 12   0.0015815108  -0.0001081485  -0.0000170498  -0.0000357680  -0.0000092267
54  1   0.0002541713   0.0000592505  -0.0002086769   0.0002433839   0.0004797649
54  2   0.0006697412   0.0019235193  -0.0009035020  -0.0010306620   0.0077154885
54  3   0.0119408018   0.0039994068  -0.0292316281  -0.0626289008  -0.0676995636
54  4  -0.0009487022   0.0128761611   0.0010386399  -0.0000157381   0.0001957190
54  5   0.0000772879  -0.0000165869  -0.0000341225  -0.0000086093  -0.0000638303
54  6  -0.0001699287   0.0000209491   0.0000072087  -0.0000180843  -0.0000078382
54  7   0.0000640044   0.0000600603   0.0000160611  -0.0001000279  -0.0000013616
54  8   0.0000090313  -0.0001265821  -0.0000259502  -0.0001460968   0.0002506952
54  9   0.0001576630   0.0003622757  -0.0007748680   0.0004030828   0.0003523063
54 10  -0.0007458650  -0.0001603676   0.0004922255  -0.0142907986  -0.0278598548
54 11  -0.0069890866   0.0349245260   0.0654708071   0.0684340599   0.0008823770
54 12   0.0001165058   0.0006051426   0.0000492528   0.0000422563   0.0000134062
55  1   0.0000230782   0.0000049242   0.0000461991  -0.0000788672   0.0001098325
55  2  -0.0000897844  -0.0004011339  -0.0002712442   0.0003432861   0.0009143697
55  3  -0.0013309925  -0.0015274055  -0.0008527301  -0.0025324816  -0.0150561807
55  4  -0.0092987739   0.0104904525  -0.0016729657  -0.0001092740  -0.0000509453
55  5  -0.0000552674   0.0000749209   0.0000058188   0.0000091556   0.0000613445
55  6   0.0000635081  -0.0000059140   0.0000176327  -0.0000040601  -0.0000026120
55  7  -0.0000107015   0.0000085491  -0.0000089472  -0.0000568963   0.0000091829
55  8   0.0000546582  -0.0001129999   0.0000938968  -0.0002985329   0.0001779849
55  9  -0.0000058981   0.0001486781  -0.0001398490   0.0001014074   0.0006102566
55 10   0.0004326666  -0.0000505260   0.0002979495  -0.0022912917   0.0028932728
55 11  -0.0006622734   0.0002536912  -0.0004994057   0.0008823770   0.0114485169
55 12  -0.0090500654   0.0169813585  -0.0000516879   0.0000147737   0.0000059646
56  1   0.0000248423   0.0000458927   0.0000373425  -0.0000501988   0.0001698492
56  2  -0.0000986445  -0.0001399230  -0.0003930207   0.0000868718  -0.0011929322
56  3   0.0006139969  -0.0001700168   0.0024990397   0.0042142082   0.0219218252
56  4   0.0057356004  -0.0378733010  -0.0813931435  -0.0000891765  -0.0001118630
56  5   0.0000124737   0.0000623714   0.0000775449   0.0000361536   0.0000295818
56  6   0.0000730403   0.0000060410   0.0000306839  -0.0000250309  -0.0000068148
56  7  -0.0000028153   0.0000175489  -0.0000007089  -0.0000283148   0.0000224011
56  8   0.0000572648  -0.0000501093   0.0000633757  -0.0003393462   0.0000516035
56  9  -0.0001592164   0.0000541064  -0.0000169034   0.0003401892  -0.0004003424
56 10  -0.0002036011  -0.0000580234   0.0001052839   0.0037620738  -0.0044639201
56 11   0.0011764473  -0.0013373454   0.0015815108   0.0001165058  -0.0090500654
56 12   0.0358599918   0.0587939580  -0.0000344116   0.0000048255   0.0000047430
57  1   0.0000021018   0.0000136239  -0.0000509010   0.0000078639  -0.0000199335
57  2  -0.0000134184   0.0000455702   0.0000979712  -0.0001234503   0.0006190043
57  3  -0.0006258481   0.0008535481  -0.0004981598  -0.0015905081  -0.0093376849
57  4  -0.0159771531  -0.0588998749  -0.2368965814   0.0000258642  -0.0000317499
57  5  -0.0000593080  -0.0000163931   0.0000383051   0.0000838265  -0.0000153859
57  6  -0.0000081685   0.0000878181   0.0000098417  -0.0000035186  -0.0000082563
57  7  -0.0000001989  -0.0000006460  -0.0000054353  -0.0000240380  -0.0000047273
57  8   0.0000162399  -0.0000314225  -0.0000343360  -0.0000432132   0.0000765607
57  9   0.0000229558   0.0000460045  -0.0005271367  -0.0000178433   0.0003246818
57 10   0.0001862554   0.0000403118   0.0001233470  -0.0014639254   0.0023496395
57 11   0.0010457585   0.0006016186  -0.0001081485   0.0006051426   0.0169813585
57 12   0.0587939580   0.2433524198  -0.0000022259  -0.0000114625  -0.0000005380
58  1  -0.0003812034  -0.0004426569  -0.0007007749  -0.0014728340   0.0010839352
58  2   0.0021406224   0.0003808972   0.0009353484   0.0002020948   0.0006366283
58  3   0.0001582891   0.0008275577  -0.0004874879  -0.0001783218  -0.0003665235
58  4   0.0001515055  -0.0001084316   0.0002334223  -0.0044456654  -0.0043366564
58  5   0.0019314579   0.0067548711   0.0019638383   0.0010092103  -0.0902489309
58  6   0.0691508354  -0.1678728728  -0.0000451753  -0.0001703582   0.0000923888
58  7  -0.0000306161  -0.0002433175  -0.0001320160   0.0006204310   0.0008706911
58  8  -0.0001270061  -0.0001821332  -0.0000815023   0.0000954808  -0.0000989858
58  9  -0.0001703223  -0.0000345431  -0.0006760386   0.0002992365  -0.0007040184
58 10  -0.0000631587  -0.0002567973   0.0005128183   0.0002211146  -0.0000257983
58 11  -0.0001109485  -0.0000140534  -0.0000170498   0.0000492528  -0.0000516879
58 12  -0.0000344116  -0.0000022259   0.0894325230  -0.0683965502   0.1629566232
59  1   0.0002088966   0.0006656239   0.0013468583  -0.0006123498  -0.0017962938
59  2  -0.0045465590   0.0005240569   0.0002563161   0.0004334457   0.0000737046
59  3   0.0004265963  -0.0000503056  -0.0000104980  -0.0001837516   0.0000360074
59  4  -0.0000202189  -0.0001197250  -0.0000343766  -0.0161423081   0.0122680325
59  5  -0.0234248155   0.0016299028  -0.0024052126  -0.0087993570   0.0821072380
59  6  -0.0952671913   0.1491046885   0.0002983750   0.0003315207  -0.0001087005
59  7  -0.0001634295  -0.0000561153  -0.0002025938   0.0010542911  -0.0021245511
59  8   0.0018475253  -0.0000887333  -0.0000811225  -0.0000220668  -0.0004452341
59  9  -0.0000390291   0.0001704841   0.0000537681   0.0002074052  -0.0000971586
59 10   0.0000131752  -0.0002119988   0.0003494381   0.0000311093   0.0000318943
59 11  -0.0000215971  -0.0001299696  -0.0000357680   0.0000422563   0.0000147737
59 12   0.0000048255  -0.0000114625  -0.0683965502   0.0881285445  -0.1160117108
60  1  -0.0005280018   0.0009727804   0.0005857732   0.0007075286   0.0008713514
60  2   0.0021668557   0.0004582851   0.0000369699  -0.0005687654  -0.0002492015
60  3  -0.0001867216   0.0004213886   0.0002204875   0.0000632697  -0.0000423673
60  4  -0.0001755959   0.0000835674  -0.0000056406  -0.0150836892   0.0169251609
60  5  -0.0323881429   0.0007248404  -0.0077293092  -0.0016302567  -0.1492069637
60  6   0.1050645400  -0.3573880064  -0.0000023301   0.0002762753   0.0001287280
60  7   0.0000177945  -0.0002340738   0.0000880224   0.0003388932  -0.0004936185
60  8   0.0011373571  -0.0001414459   0.0001006435   0.0001175396  -0.0000987482
60  9  -0.0000155695   0.0002017357   0.0000984751  -0.0000605707   0.0001498217
60 10   0.0000887607   0.0003160349  -0.0003836867  -0.0000459275   0.0000254645
60 11   0.0000340370  -0.0000857489  -0.0000092267   0.0000134062   0.0000059646
60 12   0.0000047430  -0.0000005380   0.1629566232  -0.1160117108   0.3873627389
$end
