$coord
15.181116890828239 2.15482053952662 2.74398528249608 c
14.53608673588844 -0.19422099720743 3.9008902224904793 o
12.77462885220502 -1.66093399522606 2.48369175274456 c
10.05312103780028 -0.78959549178395 2.91895140495348 c
8.2916398277365 -2.31672915762423 1.56840733956152 o
7.98536100998284 -1.6259861518585 -1.01802890501835 c
5.90273243369411 -3.21771747164702 -2.16871116999128 c
3.48671175475503 -2.89550603674418 -1.0301914059923 o
2.34497553314396 -0.50659006599566 -1.50233881147707 c
-0.3743594231383 -0.59090816361951 -0.61844574907777 c
-1.90910442064157 -2.31307303464228 -2.01788341256576 o
-2.80307044085293 -1.37909066011649 -4.39055208932804 c
-5.07266056351336 0.36319440078512 -4.16064145806371 c
-7.25961471345932 -0.91422329116019 -3.22421260457831 o
-7.637630450224 -0.76459001863677 -0.55321653985866 c
-8.76210447019496 1.73939508447452 0.28932620727898 c
-11.20362840653179 2.20899844988828 -0.77414329006067 o
-13.25183974359383 1.03719426610689 0.53573108415542 c
-14.16166763327357 2.6907768376665 2.71177100413216 c
-16.8868891333214 1.29838879606692 4.37940867825612 s
16.62665644526219 3.02651051926658 3.9215354402534 h
15.942275578215211 1.85168008618866 0.84225814462767 h
13.56031704926941 3.43268827337107 2.62059267668621 h
13.25810717452471 -1.59778673270588 0.47126648897384 h
12.97112943090878 -3.60807302654005 3.13315589404473 h
9.59157966629594 -0.98467221193023 4.91877051148587 h
9.81652675013096 1.19867523356083 2.3925631409995 h
9.71701279927965 -1.9677026131515403 -2.1017435671542 h
7.55091795017025 0.39570670296121 -1.15160737964955 h
6.36419113120573 -5.21491197211747 -1.94628112537751 h
5.80263779324758 -2.79254404480939 -4.19629695311368 h
3.31337324810043 1.0033699081374 -0.4651329717243 h
2.45953875761222 -0.05623073118962 -3.52327963197732 h
-0.43470580056941 -1.23497490467101 1.3397013441879 h
-1.15328015418565 1.32488196913606 -0.68057850323593 h
-3.33227627952661 -3.04363669708695 -5.48664899339033 h
-1.29890474826516 -0.39175015003699 -5.41701051359549 h
-5.54300703288348 1.05810348760216 -6.04744376458133 h
-4.62839838845305 2.01235563125223 -2.99537260281647 h
-8.91537625203084 -2.31399535159016 -0.08492939451987 h
-5.86500609844661 -1.08750245789512 0.45899256770799 h
-7.572523548440781 3.31102342650572 -0.31470020039733 h
-8.83253878727309 1.77228826004819 2.35800065452303 h
-14.76675850344542 0.78556104808054 -0.83819942595151 h
-12.70825823222604 -0.83300318954364 1.23135671377486 h
-12.66325627686516 3.04848712280077 4.07467415689903 h
-14.83667761957556 4.49950982226583 1.99650017463136 h
-15.65710072932467 -0.68489757773014 5.41605957863298 h
$user-defined bonds 
 
$end
