$dipgrad          cartesian dipole gradients
  0.39007752161924D+00  0.98254273986860D-01  -.77624585890875D-01
  0.21721487464659D+00  0.65868251218875D+00  -.87352184493722D-01
  -.17400047306362D+00  -.17827206918468D+00  0.36923246042521D+00
  -.84732459287773D+00  -.30534507704530D+00  -.10532136072538D+00
  -.41536985142089D+00  -.87647826419497D+00  -.50834180904530D-01
  -.11027282917538D+00  -.11415955141261D-01  -.51784971353809D+00
  0.59818861961678D+00  0.22607998040221D+00  0.12459006543877D+00
  0.24229709625113D+00  0.44401111944450D+00  0.54869432907242D-01
  0.22870064636674D+00  0.20304523758649D+00  0.37836543841148D+00
  0.62167022034469D+00  0.12967308586236D+00  0.26408887010242D+00
  0.28686431526096D+00  0.37589940552065D+00  0.21393025373654D+00
  0.28496679984643D+00  0.65238122273953D-01  0.47647425022150D+00
  -.85170314522164D+00  -.12805699754034D+00  -.34384696024683D+00
  -.16612451108172D+00  -.48727102925376D+00  -.99171108688380D-01
  -.55989470492337D+00  -.11912071803542D+00  -.98409889170542D+00
  0.25250872084624D+00  -.63873191288475D-01  0.74790500960044D-01
  -.22824506277695D+00  0.25245675213999D+00  -.13320068935255D+00
  0.29463914559935D+00  -.29438706033197D-01  0.75188160306126D+00
  0.10285132427282D+01  -.14019055169576D+00  -.89697865201088D-01
  -.28009726981725D-01  0.30000282497852D+00  0.16244013422764D-01
  -.24820234419151D+00  0.79961329501037D-01  0.40438788309669D+00
  -.12543039609531D+01  0.25028372121792D+00  0.27873623063994D-01
  0.46817090440011D+00  -.65206213513230D+00  -.24488818534168D-01
  0.10596930636573D+00  -.19607033081200D-01  -.45596529362398D+00
  0.43370634653113D+00  -.20044298671765D+00  0.64815504638570D-01
  -.42827536864955D+00  0.59560679936654D+00  -.14450222522635D-01
  0.23914357972945D+00  -.19843782677310D-01  0.34218603075527D+00
  0.74404852313689D+00  0.10808099398372D+00  0.19872912957874D+00
  0.26025167394435D+00  0.37195953861129D+00  0.21533686639883D+00
  0.24581770610629D+00  0.81490926059690D-01  0.38943494052192D+00
  -.10260336400210D+01  0.13383457309016D-01  -.25034427670068D+00
  -.75549425197472D-01  -.46311239986208D+00  -.42969611873856D-01
  -.47570380819120D+00  -.27825522776040D-01  -.81396303564852D+00
  0.50906798898823D+00  -.62797672809384D-01  0.16886997880252D+00
  -.98662858272511D-01  0.28451007800275D+00  -.11992024935882D+00
  0.29994778075599D+00  -.56766032514078D-01  0.60666566031034D+00
  0.77082895382631D+00  0.88761866321209D-01  -.32103672801116D+00
  0.24900805960061D+00  0.26751608812633D+00  -.10506103653902D+00
  -.24606157701427D+00  -.86099972902377D-01  0.38627963943610D+00
  -.95708431016967D+00  0.14814999207788D-01  0.37111963417220D+00
  -.89959357817856D-01  -.41613335554529D+00  0.90337205899736D-01
  0.54676606779082D+00  -.54947749226621D-01  -.91935330123961D+00
  0.36698506739139D+00  -.60995309028142D-01  -.12980163177681D+00
  -.25482902221747D-01  0.21619037851359D+00  0.93369256298054D-01
  -.42443709847401D+00  0.43062515302834D-01  0.77748143666287D+00
  0.97994575499846D+00  -.10162661201092D+00  -.58119611188706D-01
  -.16236604218405D+00  0.22514024511075D+00  -.36590213348836D-01
  0.25198569609561D+00  0.14146650575406D-01  0.23301014855303D+00
  -.15176336833322D+01  0.77763110648193D-01  0.35325561471451D+00
  -.26137810434948D-01  -.42793379992195D+00  0.28252999661504D-01
  0.24554670091412D+00  0.35605219551518D-01  -.56489442153470D+00
  0.80007804101296D+00  0.24012775349026D-01  -.23032907850886D+00
  0.61341887385185D-01  0.28621495757337D+00  0.57561372472718D-01
  -.46983233142739D+00  -.28457951217129D-01  0.51211310777541D+00
  0.20698891349572D+00  0.35235089984205D-01  -.12779967476365D+00
  0.20352460283080D+00  0.81186267186178D-01  -.21065969746219D+00
  -.10021004712210D+00  -.68462676120147D-01  0.12518290399516D+00
  -.59101323589523D-01  -.58267833166476D-01  0.55838436726370D-01
  -.23794266363345D+00  -.98462167738097D-01  -.93299417704705D-01
  0.13915017447142D+00  -.85901479813875D-01  -.25786155270929D+00
  -.45187716014492D-01  -.93703286721961D-01  -.73513617876184D-01
  -.78130308929168D-01  0.39790233726541D-02  -.29438044785346D-01
  -.91646782007801D-01  -.50620664992988D-01  0.11816584675545D-01
  0.19080450241569D-01  -.60188803870109D-02  0.59258400959222D-01
  0.26871515684270D-02  -.17095144360546D-01  -.70535112674280D-01
  0.13655172255957D+00  0.37705971844850D-01  -.14879950042910D+00
  -.10247312149814D+00  0.13732580705753D+00  -.47946888673107D-02
  0.56380508023879D-01  -.87041684234063D-01  0.23970410389052D-01
  0.36509722660223D-01  0.52517147574625D-01  0.35886864179915D-01
  -.16054171537127D-01  -.19649710328500D-01  0.56476085960464D-01
  -.14365226974181D-01  0.27207842697817D-01  0.31581330321662D-01
  0.36863139953965D-02  -.59589523302374D-01  -.17864084536993D+00
  0.38317124122318D-02  -.18082375520920D-01  -.14725935927019D-01
  -.16923018340957D-02  -.13039412989889D+00  0.26944817962496D-01
  -.26789463239524D-01  0.48131886464161D-01  0.44029784545534D-01
  -.99234111352864D-02  -.97911413514227D-02  0.83583256748991D-02
  -.24781917277625D-01  0.54432521190785D-01  0.58018334577153D-02
  -.23492846672341D-02  -.15535478526869D-01  -.13996626296571D+00
  -.20374578513075D-01  0.39460793255461D-01  -.39453435788153D-01
  -.83264283901624D-02  -.17084349068426D+00  -.16943032481189D-01
  -.11491617563281D-01  0.84089151827103D-01  0.17279938877893D-01
  -.15622955880598D+00  0.36506597858791D-01  0.10865098028633D+00
  0.66749908307765D-01  0.39838132972250D-01  -.13579111124824D-02
  0.20500316332994D-01  -.45721977797903D-02  -.87277208974478D-01
  0.52551136461107D-01  0.34694582478168D-01  -.97728382357357D-02
  0.86089238610397D-01  -.16756613023616D+00  0.60787485744488D-01
  -.62917872457327D-01  -.44038163439697D-01  -.41037530862291D-01
  -.47391031160037D-01  0.49937096837127D-01  0.87776941951978D-03
  0.62403919854449D-01  -.97606683802640D-01  -.11141334696135D-01
  0.16924952703066D-01  0.37421855578555D-01  0.71808785575425D-01
  -.74512810500812D-01  0.13590283687512D-01  -.50507050105081D-01
  -.30087433544653D-01  0.39926818297314D-01  0.85945129225066D-01
  0.34474514190263D-01  -.67166681300799D-02  -.18998861977795D+00
  -.65001364060851D-01  -.64914770742704D-01  -.60397456493031D-01
  0.64326764301006D-03  -.12511215650310D+00  -.66429943862856D-01
  -.83327083017967D-01  -.87067501525421D-01  -.26269787173581D-01
  0.18277144824878D-01  0.66786589471162D-02  0.33399862905554D-01
  0.92675506851645D-01  -.14075156874560D-01  0.11903424448111D-01
  -.22227538022689D-01  0.76943108796776D-01  -.17013922661163D+00
  0.18788833572570D-01  -.15663882649038D-01  -.18529778828223D-01
  -.55145388613883D-01  0.48752891253444D-01  0.43780014382513D-01
  -.23584270335809D-01  0.13459169308345D-01  -.10319166831618D+00
  -.66845863405639D-01  0.71719058169029D-01  -.73350489427600D-02
  0.58090382972999D-01  -.15273200075795D+00  -.53986462149049D-01
  -.28179015880872D-01  0.26461155509738D-01  0.35175812236545D-01
  0.11734579430030D-01  -.29939723008986D-01  -.64596292380436D-01
  0.63061926631438D-02  -.47447165116692D-01  -.82518354863894D-01
  -.71850191266674D-01  -.45823228566911D-01  -.22443150413645D-01
  -.13681284441537D+00  -.50621843379774D-01  0.12527099125265D+00
  -.51571824159797D-01  -.15219581909440D-01  0.10035339232514D+00
  0.52423151864105D-01  0.38865104492868D-01  -.45842808179590D-01
  -.42650145673497D-01  0.14869081024475D-01  -.18613568753653D-01
  -.59338427703575D-02  0.46892982011530D-01  0.74059478957675D-01
  0.16271977510312D-01  0.80675514565240D-01  -.14492892029947D+00
  -.10591869356278D-01  -.35359722019812D-01  0.21190357993824D-01
  -.69712489120893D-01  -.84417853905131D-01  -.58805546583768D-01
  -.88149899642834D-02  -.12232098655867D+00  -.19385824739196D-01
  -.32518896423506D-01  -.92847025525356D-01  0.66731317644738D-01
  -.10084257364109D+00  -.32184195697038D-01  0.40902731065410D-01
  0.77802466425575D-01  0.76259674566422D-02  -.14162483209798D-01
  -.70448371389314D-01  0.32921242279899D-01  -.99583992775378D-01
  0.31856772311603D-01  0.36652315485986D-01  -.28661868147971D-01
  -.35050997881159D-01  0.23617898374598D-02  -.71005821658635D-01
  -.10619222473678D+00  -.64122003004927D-01  0.38987645606547D-01
  -.10091252090566D+00  -.43726215783114D-01  0.41170490431077D-01
  0.25049843623661D-01  0.62350604603382D-01  0.55685106744611D-01
  -.33820905738930D-01  0.24485688916448D-01  0.44478079647527D-01
  0.49868080621845D-01  0.33987684792671D-01  -.47784740920466D-03
  -.27921801865427D-01  -.22320527615641D-01  -.18056504029048D+00
  -.98733055816269D-01  -.21891152033889D-01  -.48565717175609D-01
  -.96176541403564D-02  0.52082641535869D-01  -.12249914998409D-01
  -.41847974017010D-01  -.27004897067456D-01  -.23271275771367D-01
  -.28163633668380D-02  0.65513078988549D-01  -.54738617587797D-02
  0.14915072189107D-01  -.12244594268820D+00  0.33093153356348D-01
  0.33475976301494D-01  0.70949903752522D-01  -.15941986815285D-01
  -.12713774553076D+00  -.77507723530452D-01  -.26908191832867D-01
  -.44704058440161D-01  0.36643230626424D-01  -.64320882388236D-02
  -.24430784931252D-01  -.13108893596627D-02  -.11082551607021D-01
  0.16822510899831D-01  0.18083300215730D-01  0.33689502542683D-01
  0.35007353271436D-01  -.44816024675439D-01  0.25656985018155D-01
  0.18653735194092D-01  0.67739063120866D-01  0.29441226855741D-01
  -.64793577039351D-01  0.10958084751820D+00  -.24647429342750D-01
  0.25602780205790D-01  -.55963421413272D-02  0.81122814904469D-01
  0.16086583298330D-01  0.43232980004779D-01  0.94107116630910D-01
$end
