$jbas
*
n def-TZVP 
*
 3  s
     791.076935            .415675056D+00
     229.450184            .114750694D+01
     72.886960             .301935767D+01
    1  s
     25.181596              .303233041D+01
    1  s
     9.371697              .387849486D+00
    1  s
     3.710655               -.182929310D+00
    1  s
     1.539463               .652389391D+00
    1  s
     0.657553              .499910671D+00
    1  s
     0.283654              .738687880D-01
    1  p
     .47073919406936       .674057471D-01
    1  p
     1.129774065766        -.225055506D-01
    1  p
    2.8300840347           .355455721D-01
    1  d
     5.8329865             .416040403D-01
    1  d
     1.7326865             .110596980D-01
    1  d
     .5452425              .484079619D-01
    1  f
     1.82648              1.0000000 
*
h def-TZVP 
*
 2  s
     9.308130            .344661830D-01
     2.306718            .122533796D+00
   1  s
     0.752012            .182500211D+00
    1  s
     0.273978            .221505479D-01
    1  p
     2.032704             .295136591D-01
    1  p
     0.790252             .327558728D-01 
*
br def-TZVP 
*
 10  s
     30913.138639            .292400253D+01
     10271.903712            .705924872D+01
     3613.362922             .213032000D+02
     1344.069757             .387037075D+02
     527.842757              .257724931D+02
     218.417769             -.880496954D+01
     94.991627               .205023810D+02
     43.289016               .292761036D+02
     20.596842              -.127127714D+02
     10.189127               .714337376D+01
    2  s
     5.215762                .110417160D+02
     2.748104                .244407981D+01
    1  s
     1.481679               -.122802368D+01
    1  s
     0.812392                .112822095D+01
    1  s
     0.449999                .340990401D+00
    1  s
     0.250118                .281849060D+00
    1  p
     5.2471928671           1.0
    1  p
     1.9661244256           1.0
    1  p
     0.7969051660           1.0
    1  p
     0.3320438191           1.0
    4  d
     7.988874               -.551291571D-01
     3.342008                .578801282D-01
     1.457184               -.278268516D-01
     0.651900               -.649048940D-01
    1  d
     0.294193               -.191143189D-01
    1  f
     .7105022831            1.00
    1  g
     0.778000000            1.00 
*
c def-TZVP 
*
 3  s
     591.553927            .315820195D+00
     172.117940            .875038628D+00
     54.799259             .230760524D+01
    1  s
     18.959094             .241797215D+01
    1  s
     7.059930              .413457616D+00
    1  s
     2.794849             -.190009544D+00
    1  s
     1.158634              .377071048D+00
    1  s
     0.494324              .347917878D+00
    1  s
     0.212969              .547407724D-01
    1  p
     .327847357953757     .531909851D-01
    1  p
     .7868336590892       .134419688D-02
    1  p
     1.9710183160         .221986005D-01
    1  d
     4.013301             .524684127D-01
    1  d
     1.247505             .802678252D-01
    1  d
     0.408148             .296361673D-01
    1  f
     0.9                  1.0 
*
$end
