$coord
13.65400126620048 -5.66448233210225 2.1644550992323 c
15.125479523549908 -3.21016765653883 1.7467540451664 c
13.49190716540638 -0.98089027674424 0.88194557211678 c
12.23364949533751 -1.36357372815373 -1.69697758315981 c
10.96270592593576 1.01975792204563 -2.740787083472 c
8.72832000399789 1.9698297802103197 -1.16953053994332 c
7.41446625624316 4.24925690992804 -2.36498520880209 c
5.31270780258575 5.41078549383679 -0.74064596641236 c
3.12793517964898 3.63120889361018 -0.05658905896725 c
1.71543736270522 2.55965241846742 -2.34190451695403 c
-0.5291158122122 0.85910925143825 -1.6629065887506 c
-2.72848911170651 2.23178433614652 -0.38235031102658 c
-5.0017909635005 0.51863097020895 0.11266664329578 c
-7.19347271459069 1.9123064186926197 1.38398236001037 c
-9.4293613675558 0.22273509615186 2.13735415224174 c
-10.71499816675465 -0.87906359937438 -0.18485145562156 c
-13.09591383463887 -2.41100516882525 0.32722415815509 n
-14.02872332341492 -3.412159301919 -2.16061900585576 c
-15.123934519164738 -0.79292932999691 1.47227434423762 c
-12.54291784604249 -4.5986283964818 2.04339502065486 c
14.88031337673093 -7.15308923179328 2.90332568003975 h
12.11984704555326 -5.37959853177022 3.52161347950526 h
12.81635336772471 -6.3610174150311 0.41147977571839 h
16.61996902338119 -3.53562621553613 0.3499713544844 h
16.08235979474533 -2.69197223834392 3.50713451775947 h
14.66643291627417 0.71905094563532 0.77294087971094 h
12.05054814658173 -0.61517255535843 2.32167678631211 h
13.67866277389371 -1.99072361834356 -3.04323302981635 h
10.83809673465204 -2.88945741843303 -1.59254578261599 h
12.38003130629054 2.52205829096905 -2.87988054288553 h
10.30142087507436 0.63890245218449 -4.66722800156021 h
9.37284726897468 2.48864605147662 0.72718271088271 h
7.37229068258199 0.42551885083242 -0.91822305522522 h
8.83243220268842 5.71056261786383 -2.73869114197457 h
6.65968325547454 3.70665975152468 -4.21410744280379 h
4.5403517422549 7.05762084176974 -1.73074206589192 h
6.15058358054205 6.13066637436998 1.01130402369671 h
1.80820824034937 4.67244267297691 1.14621587504783 h
3.83184290204942 2.06118610112405 1.09475089880131 h
3.03144211595898 1.47324865824337 -3.50864606126385 h
1.04943944850225 4.12484959090267 -3.52748920733956 h
-1.23019455530873 -0.04051876432987 -3.39074918587838 h
0.12623092133313 -0.67715069882739 -0.43550154624152 h
-2.10615816599188 3.05072561698952 1.41179382064152 h
-3.31995870611122 3.8202470206727503 -1.57518111422979 h
-5.61911712266936 -0.30292730617225 -1.68326772646195 h
-4.41821404851997 -1.0667130027174 1.31258582452682 h
-6.4973153193143 2.83033166595686 3.09971266668272 h
-7.867583120030681 3.42671660326116 0.14430523650386 h
-8.74682987773453 -1.28319459446676 3.37242058925776 h
-10.76663188836776 1.35483570514081 3.22372299816371 h
-9.46113708693846 -2.15584808417482 -1.19680875404643 h
-11.28998406564451 0.61928777955759 -1.47404078185127 h
-12.57468773642923 -4.61476484040502 -2.971093211904 h
-14.41532726164535 -1.82379123010656 -3.40354692303046 h
-15.743674442779312 -4.49231137124282 -1.83002805533794 h
-16.82672654377605 -1.92674614471873 1.6504965500306 h
-14.52041433186135 -0.15121008276891 3.32317063080727 h
-15.462105933423448 0.80834471925139 0.23162773381016 h
-14.24034359757574 -5.74502796444385 2.19294516111832 h
-11.011122875471 -5.70011861286421 1.23034522023031 h
-12.01357460399984 -3.8932373156706506 3.8940722813161295 h
17.22190731970306 5.57615722621531 -1.56748220147655 br
$user-defined bonds 
 
$end
