$coord
6.0691755446536 -1.2626791618085 1.19031672604944 o
4.5969499636662 0.21443496484597 -0.52801860807343 c
1.9411489972967597 0.40160201681353 0.54121477975226 c
0.61665782173774 2.13620672467527 -1.08650914870155 o
-1.88482320660206 2.67087248469063 -0.34137491196883 c
-1.98224815974677 3.83730924087315 2.07664236006964 o
-3.5273348919921 0.28790436277048 -0.14933733392917 c
-3.9924562554625 -0.74876152560336 -2.58593690776968 o
-2.21784533862357 -1.71635811722891 1.48433351867093 c
-2.40120626441698 -1.06616103335309 4.10195875435882 o
0.57195209103703 -2.12391860644479 0.74633738867728 c
0.81391069875463 -3.43485203875885 -1.59487199965598 o
7.72800029425909 -1.48464139537942 0.46667659870705 h
4.53872306561632 -0.6612028097208 -2.39597217813046 h
5.36639092747914 2.12565361484838 -0.70593075563025 h
2.06149652287418 1.21060156459598 2.43895223753073 h
-2.6096149397246 3.9426407189515604 -1.79468152942907 h
-1.03633806397678 5.40095451877493 2.02502874718465 h
-5.30502870935295 0.80672045448501 0.76661801025638 h
-5.19744493970614 0.32298674360846 -3.44123630814497 h
-3.22907211012063 -3.50032959872736 1.25793732647572 h
-2.08916698921436 0.73414234051238 4.26706424345693 h
1.45903453231252 -3.20687268458433 2.26912335366337 h
-0.29086059074728 -4.88625277883646 -1.56370111644261 h
$user-defined bonds 
 
$end
