$dipgrad          cartesian dipole gradients
  -.69988519197990D+00  0.17120755925786D+00  -.24643580770200D+00
  0.20679018743464D+00  -.63342420970339D+00  0.81450048360613D-01
  -.33816287124328D+00  0.10826453686877D+00  -.49913528846467D+00
  0.54369789865066D+00  -.13530437072903D+00  0.19938726225336D+00
  -.17760858829272D+00  0.45545600347108D+00  -.99271721098791D-01
  0.19863991681615D+00  -.11246071541017D+00  0.38251241386151D+00
  0.42011987413843D+00  -.14427847711142D+00  0.99213061888422D-01
  -.19318965881596D+00  0.47606630491553D+00  -.99950198372894D-01
  0.28334681168528D+00  -.15838596956057D+00  0.30374959921683D+00
  -.11242823727072D+01  0.34530315379990D+00  0.19445116639230D-01
  0.24520607093022D+00  -.71778574322084D+00  0.65842182432874D-01
  -.47993459892339D-01  0.48003826165510D-01  -.48854817887440D+00
  0.10101377887596D+01  -.24780560501982D+00  -.79798494371221D-01
  -.20115073176080D+00  0.71703728503588D+00  0.20338279828594D+00
  -.21633838725524D+00  0.36480095232903D+00  0.80846623926951D+00
  -.52710609172036D+00  0.15062553488225D+00  -.53348739359741D-01
  0.14977095307620D+00  -.69075595964594D+00  -.28622054156831D+00
  0.14690284627253D+00  -.33328886990748D+00  -.76479584204112D+00
  0.30338450526090D+00  0.91618175670149D-01  0.10225642388705D+00
  0.68819237311328D-01  0.21322877771698D+00  0.16800260688092D+00
  0.23710175226817D+00  0.14346183229477D+00  0.56862095458187D+00
  -.47383895115365D+00  -.16981520585335D+00  -.14339267001373D+00
  -.19945810321812D+00  -.37840868286664D+00  -.12405096934046D+00
  -.15659698939581D+00  -.14198211898693D+00  -.79184210996763D+00
  0.29008594620227D+00  -.15930269695222D-01  -.10123265989621D-01
  -.91872724902585D-01  0.30267830321147D+00  0.15975374808323D+00
  -.11553484467153D+00  0.17416270460179D-01  0.61060573594821D+00
  -.52464285187683D+00  0.69974233871032D-01  0.67016416138571D-01
  0.60721470234897D-01  -.43381575213103D+00  -.13642328327650D+00
  0.88844179273444D-01  -.11472022135925D+00  -.83722191547659D+00
  0.16896740477569D+00  -.82788509668346D-01  0.63721586886237D-01
  -.14467524940165D-01  0.35412643835619D+00  0.22699534424500D+00
  -.66111392254048D-01  0.27317602010256D+00  0.49891485554304D+00
  -.47175346836283D+00  0.11145138160616D+00  0.13807013827536D-02
  0.14299828411156D+00  -.59189172013255D+00  -.28091671569331D+00
  -.28640612342054D-01  -.27178243309015D+00  -.67518420917107D+00
  0.22092947716913D+00  0.13200700286994D-01  0.61205933991396D-01
  -.70516497883470D-02  0.31024926226982D+00  0.40007093368818D-01
  0.95439510065956D-01  0.33791181831208D-01  0.21688766880036D+00
  0.17420946594139D-01  0.31136251548153D-01  -.28418657913202D-01
  0.61231335071575D-01  0.14042489864245D-01  -.61598141880534D-01
  -.19448425886165D-01  -.12669041840356D-01  -.10727621433813D+00
  -.55331844445897D-01  -.62618858849362D-01  0.22423429548854D-03
  -.61577634070811D-01  -.18133936197365D+00  0.63620095641163D-01
  -.23796827419357D-01  0.23009907795130D-01  0.24219911260014D-01
  0.29952106643334D-01  0.10562694250109D-01  0.75327400470609D-02
  0.97725713853435D-02  -.26829793241279D-01  -.58650580380870D-01
  -.44737117355595D-01  -.10132789923191D-01  -.98995696447358D-01
  -.51433315425396D-01  0.50772590487344D-01  -.53373262456847D-01
  0.65457688507879D-01  -.71773439159454D-01  0.72655128968141D-01
  -.61975993655972D-01  0.59139982670879D-01  -.10444293243735D+00
  0.27179235916592D+00  -.11596146460216D+00  0.11081547275623D-01
  -.94207454777617D-01  0.27259692857563D+00  0.26945301878240D-01
  0.30385988764584D-01  0.70967194772087D-01  0.23517402079106D+00
  -.13630691559429D+00  0.53884188986029D-01  0.54740977021740D-01
  0.33291453828787D-01  0.14092233773543D-01  -.43651087481958D-01
  0.31448227785140D-01  -.30354115296472D-01  -.40832560651357D-01
  0.27261233617797D+00  0.88501727914526D-01  -.20747437192371D-01
  0.13733196539494D+00  0.17480501139431D+00  0.47187554787744D-01
  0.35405335385580D-02  0.31566110769578D-02  0.26825803520476D+00
  -.25426306136945D-01  -.71840588721477D-01  -.30645969782124D-02
  -.70338756549347D-01  -.13218389677157D+00  -.36297134166069D-01
  0.65513799763035D-02  -.24977981344721D-01  0.15172390122753D-01
  0.29108491778024D+00  -.39398262659219D-01  -.14930247019110D-01
  -.18113581943332D-01  0.33496727493745D+00  -.11008609725093D-01
  -.10568629467953D-01  -.12497467776597D-01  0.31254598641195D+00
  0.18615156376322D-01  0.41902395787450D-01  -.54378046285516D-01
  0.57262346581913D-01  -.37582727019884D-01  0.48504228908041D-01
  -.50287366158307D-01  0.12497454633754D-01  -.89281072124586D-01
  0.23120659176534D+00  -.14439897543859D+00  0.20805223574676D-01
  -.10961715480956D+00  0.25644497240143D+00  0.33692851144114D-01
  0.57991770551651D-01  0.65565953495107D-01  0.25242820903941D+00
$end
