$hessian (projected)
 1  1   0.5696641946  -0.1333751064  -0.1128011638  -0.1201022312   0.0496627665
 1  2  -0.0539552067  -0.0220152042   0.0246201088  -0.0289545512  -0.0136464481
 1  3   0.0027766718   0.0032025583   0.0028397083   0.0000862172  -0.0037449620
 1  4  -0.0006565104   0.0007551685   0.0016669115   0.0000652945   0.0005978905
 1  5   0.0005000784  -0.0003769822  -0.0003118605  -0.0002658572   0.0006716583
 1  6   0.0004827837  -0.0008018529  -0.0002613022  -0.0000502841   0.0005619056
 1  7   0.0006742427  -0.0001551454   0.0001115815  -0.0003242331  -0.0007530461
 1  8  -0.0004054012  -0.4189222292   0.0443290117   0.2047653397  -0.0041995501
 1  9   0.0055869210  -0.0102547350   0.0065706838   0.0058038287   0.0015956287
 1 10   0.0021265082  -0.0000219931  -0.0005466872  -0.0010729675   0.0002769666
 1 11   0.0001657571   0.0001491567  -0.0003906740  -0.0002107683  -0.0002646267
 1 12  -0.0001174042  -0.0000136784   0.0001967595   0.0001379206   0.0001130904
 1 13  -0.0000291148  -0.0001243408   0.0000128344   0.0001131688   0.0000757670
 1 14  -0.0003101445  -0.0010855369   0.0000345114  -0.0006064153  -0.0001144388
 1 15   0.0000733205   0.0001757382
 2  1  -0.1333751064   0.1417182498  -0.0835406138   0.0311292020  -0.1086440353
 2  2   0.0635582340   0.0076786887  -0.0044697099   0.0059270196   0.0037441126
 2  3   0.0006402407  -0.0012017486  -0.0018049309   0.0010396857   0.0012008056
 2  4   0.0002521185  -0.0001635882  -0.0006553456  -0.0000917841  -0.0006414748
 2  5  -0.0001500966   0.0001150482   0.0001781079   0.0000864599   0.0001269889
 2  6   0.0005480125  -0.0003573687  -0.0001195514   0.0002961949   0.0000396388
 2  7   0.0008816678  -0.0023410931  -0.0002993100  -0.0009835803   0.0016219478
 2  8   0.0002726761   0.0679095369  -0.0189776371  -0.0151518793  -0.0013601539
 2  9   0.0080847635   0.0017049187   0.0262931277  -0.0193941547   0.0288407088
 2 10  -0.0011067741  -0.0000665234   0.0002081791   0.0002284425  -0.0000892788
 2 11  -0.0000321502  -0.0001707183   0.0001766716   0.0001128643   0.0001083765
 2 12   0.0002550672  -0.0000501877  -0.0000542504   0.0000285338  -0.0000174374
 2 13   0.0002011104   0.0000687953  -0.0000169042   0.0000177670  -0.0002869808
 2 14   0.0001853869  -0.0000011114   0.0004251258  -0.0007459289   0.0003817737
 2 15  -0.0000069202   0.0000820791
 3  1  -0.1128011638  -0.0835406138   0.2770266294  -0.0154342287   0.0473878036
 3  2  -0.1423765234  -0.0006396585  -0.0034767749   0.0072502126   0.0031682484
 3  3  -0.0014741128   0.0009329057   0.0018319124  -0.0009951970   0.0006317928
 3  4  -0.0005597272   0.0003766597   0.0005015573   0.0001487762  -0.0000166028
 3  5  -0.0002140077  -0.0001186634  -0.0000176819   0.0000130859  -0.0000172902
 3  6  -0.0004737539  -0.0000104546  -0.0000213052   0.0000112366   0.0004326453
 3  7   0.0000118612   0.0003150688  -0.0013356716  -0.0004171037  -0.0000372269
 3  8   0.0007228776   0.1601124030   0.0009335022  -0.1153342100  -0.0257474113
 3  9   0.0281810362  -0.0237472253  -0.0084900344   0.0132962086  -0.0066289615
 3 10  -0.0011785169   0.0001060723   0.0016351519   0.0002418458  -0.0000536421
 3 11  -0.0000429417   0.0000570102  -0.0000920695  -0.0001450083  -0.0001440051
 3 12  -0.0000348876   0.0000027189   0.0000724836   0.0000496432   0.0000870245
 3 13  -0.0001507489   0.0000038102  -0.0000050078   0.0000443376   0.0000408444
 3 14  -0.0002271461   0.0001487859  -0.0004862653   0.0005512770  -0.0001178070
 3 15  -0.0000030575   0.0002792791
 4  1  -0.1201022312   0.0311292020  -0.0154342287   0.4954001681   0.0415990459
 4  2  -0.0232423042  -0.1685170252  -0.0028710465   0.0567460056  -0.0208021553
 4  3   0.0099507387  -0.0008709134  -0.0021862786   0.0001755458   0.0008588714
 4  4   0.0012761484  -0.0009997685  -0.0009748905  -0.0005215537  -0.0004118096
 4  5  -0.0002432128   0.0004778487   0.0002195424   0.0001945042   0.0002316755
 4  6  -0.0009146594  -0.0004016749   0.0007696299   0.0005345184  -0.0002873265
 4  7  -0.0199640253  -0.0100144182   0.0074901011  -0.0005362324   0.0015852975
 4  8   0.0012883838  -0.0204108031   0.0239163880  -0.0314778433  -0.0536618968
 4  9  -0.0016326170   0.0000713366  -0.0917695726  -0.0932944401   0.0044183338
 4 10  -0.0007587783  -0.0008771453   0.0015245841   0.0005831194  -0.0002013535
 4 11  -0.0000387721  -0.0001120402   0.0004468256   0.0001535016   0.0001743585
 4 12   0.0000855199  -0.0000098003  -0.0001411808  -0.0001061014  -0.0000894254
 4 13   0.0000621019   0.0003229459  -0.0000545969  -0.0005191876  -0.0000369640
 4 14   0.0004544143   0.0006759859   0.0008250816  -0.0007467464   0.0003519247
 4 15   0.0005696717   0.0006716988
 5  1   0.0496627665  -0.1086440353   0.0473878036   0.0415990459   0.5676422366
 5  2   0.0440524899  -0.0063876278  -0.0752694202  -0.0066036104   0.0274971364
 5  3  -0.0084472241  -0.0033514516   0.0016920422  -0.0030521301   0.0024072824
 5  4  -0.0001437451  -0.0001192642   0.0000886216   0.0004133473  -0.0005737197
 5  5   0.0005252604  -0.0000004922  -0.0000239112  -0.0002519397  -0.0014270829
 5  6  -0.0078226142  -0.0012245602   0.0006826281   0.0006037255   0.0005106182
 5  7  -0.0326303921   0.0067211280   0.0123532980   0.0006256721  -0.0006345824
 5  8  -0.0003119308   0.0007710099  -0.0051795146   0.0072059872  -0.0029691348
 5  9  -0.1084084758  -0.1023345531  -0.0918701895  -0.2569746439   0.0048307502
 5 10   0.0139317668  -0.0001646859  -0.0067165983   0.0009706815  -0.0001325646
 5 11  -0.0001357604   0.0003311511   0.0000640718  -0.0001401848  -0.0000645987
 5 12   0.0000658289  -0.0000454846   0.0000451117   0.0000072474  -0.0000147795
 5 13  -0.0023009230   0.0002508060   0.0006415352  -0.0000843862  -0.0000779961
 5 14  -0.0000358954   0.0001688646  -0.0003108298   0.0008132562  -0.0005126521
 5 15   0.0004805679   0.0003498459
 6  1  -0.0539552067   0.0635582340  -0.1423765234  -0.0232423042   0.0440524899
 6  2   0.5548439557   0.0565335591  -0.0083978894  -0.1020935346  -0.0306642372
 6  3   0.0085071366   0.0056716388  -0.0014983527   0.0024838447  -0.0059077071
 6  4   0.0010771887  -0.0004082358   0.0013840613  -0.0000159788   0.0005799557
 6  5   0.0003424297   0.0001174070  -0.0002141104  -0.0003685066  -0.0006212113
 6  6  -0.0002121176  -0.0007727203   0.0004226021   0.0004444298   0.0002636561
 6  7   0.0034270990   0.0020871535   0.0026459945  -0.0001066726   0.0003403501
 6  8  -0.0013185250   0.0122999040  -0.0084922748   0.0069132913  -0.0013307112
 6  9  -0.1098748590  -0.2505667248   0.0077808513   0.0065735292  -0.0536579565
 6 10   0.0314106703  -0.0016296503  -0.0140756185  -0.0015516143   0.0004040126
 6 11   0.0003514790  -0.0001103499   0.0000597991   0.0000025218  -0.0001398608
 6 12  -0.0001130744  -0.0000081242  -0.0000161684   0.0000159270   0.0001261427
 6 13  -0.0000244423  -0.0001001146   0.0000165691  -0.0005660992   0.0001046089
 6 14   0.0001511067   0.0003017510   0.0004511505  -0.0009906870   0.0004721772
 6 15  -0.0002202954  -0.0005762186
 7  1  -0.0220152042   0.0076786887  -0.0006396585  -0.1685170252  -0.0063876278
 7  2   0.0565335591   0.5144763627   0.0172691623  -0.0306819870  -0.0966730356
 7  3   0.0134022861  -0.0059661564  -0.0362332680   0.0317761097  -0.0198212832
 7  4   0.0017579864  -0.0008926890  -0.0054988702   0.0020001599  -0.0011409202
 7  5  -0.0017765920   0.0007377791   0.0008077567  -0.0001483567  -0.0226175068
 7  6  -0.0336543854   0.0064292341  -0.0006863496   0.0005125676  -0.0016251134
 7  7  -0.1071577039  -0.0370142002   0.0022189093   0.0010209222  -0.0017293782
 7  8  -0.0041184116  -0.0002764744   0.0002840395  -0.0007852122  -0.0000784820
 7  9  -0.0000928237   0.0019025280  -0.0144221571   0.0006994727   0.0090932027
 7 10  -0.0517403324  -0.0083237626  -0.0100160209  -0.0034931883   0.0003885945
 7 11   0.0023794010  -0.0003704705   0.0005483152   0.0008707905   0.0013180253
 7 12   0.0005792979   0.0000611921  -0.0002147881  -0.0000912526  -0.0001598107
 7 13  -0.0056964479   0.0014552275   0.0015023034   0.0011214691  -0.0007300622
 7 14   0.0010036365   0.0081175556   0.0142759023  -0.0016195347  -0.0003578264
 7 15   0.0003796813   0.0008622510
 8  1   0.0246201088  -0.0044697099  -0.0034767749  -0.0028710465  -0.0752694202
 8  2  -0.0083978894   0.0172691623   0.4682971689   0.0614429653   0.0245322877
 8  3  -0.1010312133   0.0443876392   0.0270849404  -0.0128166432  -0.0062334737
 8  4  -0.0038123848   0.0019319421   0.0078393800  -0.0021003868   0.0024046054
 8  5   0.0002487895  -0.0006838933  -0.0019667312   0.0001682435  -0.0100787068
 8  6   0.0105761739   0.0071202438   0.0001757873  -0.0032752274  -0.0019588143
 8  7  -0.0396961396  -0.1459073700  -0.0038066558  -0.0112721704  -0.0248867850
 8  8  -0.0087008555   0.0024469882  -0.0026283042   0.0020638206   0.0149464814
 8  9   0.0002962170  -0.0057944752  -0.0302405737   0.0003913021   0.0132217168
 8 10  -0.0087903110  -0.0982107093  -0.0977134190  -0.0016858002   0.0021056290
 8 11  -0.0002132681   0.0008548861  -0.0017932642  -0.0007133024  -0.0003094488
 8 12  -0.0019907492   0.0005311372   0.0006283226   0.0002911488   0.0001894540
 8 13   0.0046276123   0.0004774956  -0.0009662739   0.0000043310   0.0019657785
 8 14  -0.0007129719  -0.0069815859  -0.0137561339   0.0034095207   0.0013315398
 8 15  -0.0007352003  -0.0019347365
 9  1  -0.0289545512   0.0059270196   0.0072502126   0.0567460056  -0.0066036104
 9  2  -0.1020935346  -0.0306819870   0.0614429653   0.5731891449  -0.0253082013
 9  3   0.0502416966  -0.1265732538  -0.0111933393  -0.0032493956   0.0158187635
 9  4   0.0017838128  -0.0024121502  -0.0072556620   0.0002581409  -0.0009924975
 9  5  -0.0015465008   0.0003291895   0.0006833545  -0.0000947476   0.0076282826
 9  6   0.0082140737   0.0032658567  -0.0034114811  -0.0004142629  -0.0008974301
 9  7   0.0110099901   0.0120934045  -0.0775305406  -0.0209461050  -0.0387043877
 9  8  -0.0061234353  -0.0042951973   0.0029444842  -0.0041119770   0.0305458374
 9  9  -0.0021348551  -0.0126764134   0.0019656657  -0.0005504519  -0.0012297534
 9 10  -0.0063764697  -0.0993312223  -0.2516992446   0.0046771101  -0.0009446938
 9 11   0.0010564346   0.0004850098  -0.0000326987   0.0010559368   0.0009358172
 9 12   0.0012512431  -0.0001997149  -0.0003517247  -0.0002481467  -0.0002543571
 9 13   0.0013314115  -0.0009005044  -0.0006986383   0.0029156116  -0.0008764195
 9 14   0.0000004027   0.0101422091   0.0200361798  -0.0019450275   0.0007649628
 9 15  -0.0054391245  -0.0067065211
10  1  -0.0136464481   0.0037441126   0.0031682484  -0.0208021553   0.0274971364
10  2  -0.0306642372  -0.0966730356   0.0245322877  -0.0253082013   0.3847482734
10  3  -0.0952558085  -0.0159701294  -0.1758675193   0.0004911969   0.0216069539
10  4  -0.0118132758   0.0185273319   0.0374205212  -0.0386169037   0.0048338736
10  5   0.0193555574   0.0015957295  -0.0011807842  -0.0023900319  -0.0044589192
10  6   0.0064583926  -0.0021114208   0.0031700309  -0.0019039468   0.0005099320
10  7   0.0067036055  -0.0015480514   0.0047272225   0.0028642588   0.0010732340
10  8   0.0009165219  -0.0010793462   0.0015007063  -0.0017984911   0.0017914658
10  9   0.0000717894  -0.0001875387   0.0022149217   0.0006939000  -0.0016537923
10 10  -0.0057012463   0.0078945370  -0.0123616541  -0.0302548096   0.0088713444
10 11   0.0042666639  -0.0007815581  -0.0002833142   0.0005605102  -0.0031821746
10 12  -0.0069726578  -0.0001118251   0.0006050033   0.0005962726   0.0009042310
10 13   0.0015612432  -0.0006890977   0.0000424678  -0.0020579994   0.0023101053
10 14  -0.0012621781   0.0000592130  -0.0018657617   0.0000871423  -0.0003783541
10 15   0.0006032018   0.0002535275
11  1   0.0027766718   0.0006402407  -0.0014741128   0.0099507387  -0.0084472241
11  2   0.0085071366   0.0134022861  -0.1010312133   0.0502416966  -0.0952558085
11  3   0.2136915690  -0.0914216641   0.0212990239  -0.0812147111   0.0183169529
11  4   0.0245927920  -0.0019888193  -0.0264310175  -0.0238977469   0.0101209938
11  5   0.0045467977   0.0000465246   0.0016130522   0.0002701223   0.0067857416
11  6   0.0020921206  -0.0025462743  -0.0012632956   0.0025002390   0.0013102409
11  7   0.0205333308  -0.0319576599   0.0326500648   0.0001608346   0.0012769651
11  8  -0.0007699129  -0.0000471122  -0.0003019484   0.0005024542  -0.0012244930
11  9   0.0002398480   0.0001497657  -0.0000513806   0.0012069036  -0.0000863278
11 10   0.0017689392   0.0051881584   0.0068163825   0.0299984940  -0.0033484073
11 11  -0.0048837225  -0.0001944411   0.0030084070   0.0030836898  -0.0039361025
11 12  -0.0035135440   0.0002175822  -0.0006840748  -0.0007220450   0.0000441475
11 13  -0.0005824310   0.0007667208  -0.0002353679   0.0004858635  -0.0027799255
11 14   0.0008620191  -0.0050703945  -0.0075511803  -0.0001236808   0.0004060399
11 15   0.0005114601   0.0004530278
12  1   0.0032025583  -0.0012017486   0.0009329057  -0.0008709134  -0.0033514516
12  2   0.0056716388  -0.0059661564   0.0443876392  -0.1265732538  -0.0159701294
12  3  -0.0914216641   0.2512568214   0.0130597518   0.0226818247  -0.0916995862
12  4   0.0438231906  -0.0190033730  -0.0257842398   0.0111098168  -0.0014642820
12  5  -0.0009657488  -0.0015195208   0.0000758090   0.0035427716  -0.0025641114
12  6  -0.0014952128  -0.0008710993   0.0010957925   0.0003846417   0.0009710082
12  7  -0.0057837484   0.0130930316  -0.0109818842   0.0014568002   0.0000009329
12  8   0.0035761432   0.0006304560  -0.0001858611   0.0005425267  -0.0006735082
12  9   0.0003103887   0.0011340654   0.0002260608  -0.0006045130   0.0001875774
12 10  -0.0221243672   0.0288505558  -0.0236118047  -0.0214022799   0.0041239958
12 11   0.0089903638  -0.0003816108   0.0026978241   0.0008326292   0.0003615729
12 12   0.0004985939   0.0002746296   0.0007275132   0.0006956047  -0.0000303354
12 13   0.0001937062  -0.0001567621   0.0006420559  -0.0004660108  -0.0007787785
12 14  -0.0001079258   0.0018140013   0.0015855241   0.0015911820   0.0000211361
12 15   0.0002772806   0.0004795590
13  1   0.0028397083  -0.0018049309   0.0018319124  -0.0021862786   0.0016920422
13  2  -0.0014983527  -0.0362332680   0.0270849404  -0.0111933393  -0.1758675193
13  3   0.0212990239   0.0130597518   0.4671687480  -0.0114743295   0.0785538662
13  4  -0.0751727257  -0.0201194599  -0.0051632994  -0.1061524764  -0.0361352751
13  5   0.0037456410  -0.0013524273  -0.0032064890  -0.0044442409   0.0190091402
13  6   0.0088182225   0.0056200681  -0.0035546079   0.0006125498  -0.0006814442
13  7   0.0041933791  -0.0014513701   0.0018195436  -0.0025245959  -0.0015812394
13  8  -0.0003116273  -0.0001510978   0.0001472264  -0.0000384703   0.0001013124
13  9   0.0001238770   0.0003169419  -0.0002437964  -0.0002920140   0.0000917867
13 10   0.0025119950  -0.0022000177   0.0044726990  -0.0744423544   0.0533280717
13 11  -0.0642057051   0.0016318308  -0.0108249898  -0.0240614783  -0.0171725829
13 12  -0.0226922571   0.0053701276  -0.0015600190  -0.0014253020  -0.0012223364
13 13  -0.0026890611   0.0049927409  -0.0030571933   0.0024177255  -0.0018297284
13 14   0.0007630004  -0.0016610065  -0.0022836923   0.0002727599   0.0010899779
13 15  -0.0007775999  -0.0000406112
14  1   0.0000862172   0.0010396857  -0.0009951970   0.0001755458  -0.0030521301
14  2   0.0024838447   0.0317761097  -0.0128166432  -0.0032493956   0.0004911969
14  3  -0.0812147111   0.0226818247  -0.0114743295   0.5500893733  -0.1151740619
14  4  -0.0233703394  -0.1044546890  -0.0056849094  -0.0347338018  -0.1443075866
14  5   0.0261386604  -0.0068349149  -0.0114121383  -0.0083042284  -0.0122244396
14  6  -0.0316699800   0.0130669563  -0.0003666752  -0.0031901122  -0.0038422257
14  7   0.0002246170  -0.0004797322  -0.0011603874  -0.0004707221   0.0008296648
14  8  -0.0003611682   0.0002890563   0.0000431139   0.0003060761   0.0000788104
14  9  -0.0000462041  -0.0001536073   0.0002440176   0.0004632064  -0.0000181926
14 10  -0.0019627499   0.0018072303  -0.0019940526   0.0453958637  -0.1602123772
14 11   0.1143573962   0.0020258927  -0.0184602444  -0.0390148661   0.0078693698
14 12   0.0080428330  -0.0007490448   0.0006294967   0.0025124423  -0.0004321732
14 13   0.0020271022  -0.0011801355   0.0015088745   0.0004797754   0.0068684867
14 14   0.0007435631  -0.0005298417   0.0010185407  -0.0000900420   0.0001747427
14 15  -0.0002178932  -0.0000636441
15  1  -0.0037449620   0.0012008056   0.0006317928   0.0008588714   0.0024072824
15  2  -0.0059077071  -0.0198212832  -0.0062334737   0.0158187635   0.0216069539
15  3   0.0183169529  -0.0916995862   0.0785538662  -0.1151740619   0.5222665187
15  4  -0.0161071255  -0.0442097143  -0.1713241442   0.0034193081   0.0257698080
15  5  -0.0706944641  -0.0210490190  -0.0338046238  -0.0193927898   0.0107022271
15  6   0.0241471552   0.0067833751  -0.0002540307  -0.0073035466  -0.0019746087
15  7  -0.0000860112   0.0005339896   0.0000555511   0.0004974539  -0.0000886176
15  8  -0.0006851393  -0.0003314467   0.0004624970  -0.0002155787   0.0004385975
15  9  -0.0000202753   0.0000260489   0.0000392736  -0.0000591626  -0.0001162457
15 10  -0.0039719749   0.0016201003  -0.0041326035  -0.0569518665   0.1170720461
15 11  -0.1693421365   0.0015761653  -0.0008767198  -0.0006908199   0.0084310781
15 12   0.0094462653  -0.0000189839  -0.0019523871  -0.0039446284   0.0004584464
15 13  -0.0022070257   0.0025331377  -0.0030004530   0.0001595916   0.0071722737
15 14  -0.0064994508   0.0002428991   0.0010178343  -0.0001871481  -0.0000491534
15 15   0.0000146760  -0.0001586371
16  1  -0.0006565104   0.0002521185  -0.0005597272   0.0012761484  -0.0001437451
16  2   0.0010771887   0.0017579864  -0.0038123848   0.0017838128  -0.0118132758
16  3   0.0245927920   0.0438231906  -0.0751727257  -0.0233703394  -0.0161071255
16  4   0.2190232529   0.2326269829  -0.0355409219   0.0017734073  -0.0078077660
16  5  -0.0186967169  -0.0026771303  -0.0065939263  -0.0025158339  -0.0006762398
16  6   0.0011840102  -0.0002393955   0.0025263494  -0.0032234508   0.0010959149
16  7  -0.0014197227  -0.0009134923   0.0002871737   0.0009574311   0.0007490828
16  8   0.0003152454   0.0001160343  -0.0000243956   0.0000274244  -0.0004498368
16  9   0.0000653493  -0.0000110891   0.0002052195  -0.0000037561  -0.0000542491
16 10   0.0001522134   0.0006472106   0.0017219448   0.0058403715  -0.0054602985
16 11  -0.0078153015  -0.1403897233  -0.2103548558   0.0326050648   0.0017859064
16 12   0.0002108937  -0.0011159317   0.0005879381   0.0000628043   0.0006977470
16 13   0.0001229223   0.0000628346   0.0001160448  -0.0030123544   0.0006779397
16 14  -0.0008360939   0.0004163608   0.0002437562  -0.0000073464  -0.0002740226
16 15   0.0003326360  -0.0000510192
17  1   0.0007551685  -0.0001635882   0.0003766597  -0.0009997685  -0.0001192642
17  2  -0.0004082358  -0.0008926890   0.0019319421  -0.0024121502   0.0185273319
17  3  -0.0019888193  -0.0190033730  -0.0201194599  -0.1044546890  -0.0442097143
17  4   0.2326269829   0.4944084546   0.0558518459  -0.0027213853  -0.0152007127
17  5  -0.0363693756  -0.0056187057  -0.0085913965  -0.0039019660   0.0007551166
17  6   0.0031119458   0.0021869842  -0.0009177578  -0.0091770856   0.0052342568
17  7  -0.0000552929   0.0003432951   0.0002530724   0.0004424331  -0.0006006583
17  8  -0.0001095194  -0.0000953545  -0.0000070542  -0.0000428201   0.0001870215
17  9   0.0000294747   0.0001034176   0.0001083563   0.0000976932  -0.0000811523
17 10   0.0008141446  -0.0014644036  -0.0004023367  -0.0001058111   0.0120571215
17 11   0.0070441112  -0.2230597175  -0.3652700833   0.0393063271   0.0001247618
17 12   0.0001478983  -0.0008431382   0.0004929676  -0.0007186808   0.0005589241
17 13  -0.0002627610   0.0000774969  -0.0004974833   0.0002784346  -0.0046173714
17 14  -0.0027053795  -0.0000349162  -0.0000946099   0.0000355576  -0.0002290998
17 15   0.0002630948   0.0000354877
18  1   0.0016669115  -0.0006553456   0.0005015573  -0.0009748905   0.0000886216
18  2   0.0013840613  -0.0054988702   0.0078393800  -0.0072556620   0.0374205212
18  3  -0.0264310175  -0.0257842398  -0.0051632994  -0.0056849094  -0.1713241442
18  4  -0.0355409219   0.0558518459   0.2895402742  -0.0023659446  -0.0088427165
18  5  -0.0093867310  -0.0014432101  -0.0027012971   0.0026669638   0.0001530240
18  6  -0.0011301454  -0.0055666174   0.0006398745   0.0064596322   0.0037612465
18  7   0.0009910627  -0.0006465032   0.0001472989  -0.0003238528   0.0000091230
18  8   0.0008280870   0.0000097370  -0.0001746094   0.0000536019  -0.0004795643
18  9   0.0001985549   0.0003511984  -0.0001152250  -0.0000292955  -0.0000105205
18 10   0.0020515494  -0.0008157571   0.0035012488   0.0002102164  -0.0209888734
18 11  -0.0379857818   0.0091880743   0.0006311802  -0.0450041760  -0.0004960955
18 12   0.0002484741   0.0002674237   0.0014801945   0.0009020967   0.0003667010
18 13   0.0000048073  -0.0002076654   0.0006289786  -0.0013143244  -0.0032873041
18 14  -0.0018307174  -0.0000023616  -0.0007017806   0.0001476769  -0.0000974123
18 15   0.0000683115   0.0000022718
19  1   0.0000652945  -0.0000917841   0.0001487762  -0.0005215537   0.0004133473
19  2  -0.0000159788   0.0020001599  -0.0021003868   0.0002581409  -0.0386169037
19  3  -0.0238977469   0.0111098168  -0.1061524764  -0.0347338018   0.0034193081
19  4   0.0017734073  -0.0027213853  -0.0023659446   0.5806170805  -0.0473789837
19  5  -0.0418268655  -0.0793431375   0.0181074894  -0.0067998105  -0.1049689067
19  6   0.0353583485  -0.0163230053   0.0013786966  -0.0021196362   0.0021533292
19  7  -0.0191442672   0.0256569323  -0.0216937372   0.0018765039  -0.0011159709
19  8   0.0006100924  -0.0000008660  -0.0000399560   0.0000702655   0.0001016027
19  9  -0.0000450993  -0.0000046052   0.0003252530   0.0001592498  -0.0000859147
19 10  -0.0003917603   0.0000937526  -0.0001709410   0.0088136099   0.0086354446
19 11  -0.0020156425   0.0004854405   0.0006908959   0.0021589729  -0.2481351322
19 12   0.0510091940   0.0903902868  -0.0046123368  -0.0137191463  -0.0284241588
19 13   0.0081327004  -0.0126085262   0.0083274968   0.0018276857   0.0000532160
19 14  -0.0016156370  -0.0052277651   0.0003607524   0.0019804519  -0.0002823294
19 15   0.0000338005   0.0007153035
20  1   0.0005978905  -0.0006414748  -0.0000166028  -0.0004118096  -0.0005737197
20  2   0.0005799557  -0.0011409202   0.0024046054  -0.0009924975   0.0048338736
20  3   0.0101209938  -0.0014642820  -0.0361352751  -0.1443075866   0.0257698080
20  4  -0.0078077660  -0.0152007127  -0.0088427165  -0.0473789837   0.4813985450
20  5   0.0127112303  -0.0003363748  -0.1048236698  -0.0704471686   0.0277049086
20  6  -0.1401786139   0.0307968994  -0.0037542180   0.0085941147  -0.0120234476
20  7   0.0100991105  -0.0022196125   0.0036507437  -0.0023882984   0.0006950898
20  8  -0.0004238672   0.0000656831   0.0000548259   0.0000968327   0.0001319361
20  9   0.0000526826  -0.0000609599  -0.0003892676  -0.0000053041   0.0000469733
20 10   0.0001246617  -0.0002876343   0.0001561869  -0.0132746543  -0.0166611211
20 11   0.0020249521   0.0000817013   0.0019493430  -0.0002347749   0.0506878576
20 12  -0.0667603173  -0.0204074931   0.0053425781   0.0065713209   0.0243307491
20 13   0.0148214140  -0.0239891015   0.0169471593  -0.0013640894   0.0039520650
20 14  -0.0014913244  -0.0005365509   0.0009789530  -0.0011082501   0.0004265930
20 15  -0.0011236707   0.0004018937
21  1   0.0005000784  -0.0001500966  -0.0002140077  -0.0002432128   0.0005252604
21  2   0.0003424297  -0.0017765920   0.0002487895  -0.0015465008   0.0193555574
21  3   0.0045467977  -0.0009657488   0.0037456410   0.0261386604  -0.0706944641
21  4  -0.0186967169  -0.0363693756  -0.0093867310  -0.0418268655   0.0127112303
21  5   0.5013664060  -0.0360087156  -0.0339137947  -0.1867852008  -0.0140474222
21  6   0.0354352173  -0.0851473868  -0.0131419055   0.0155050887  -0.0381658285
21  7  -0.0003500099  -0.0040102500   0.0154595623  -0.0031780605   0.0005741544
21  8  -0.0040500299  -0.0000027591   0.0000920968   0.0000535420   0.0001939607
21  9  -0.0000872542  -0.0001149411   0.0001401989  -0.0000797361  -0.0000503162
21 10  -0.0000861067  -0.0001337776   0.0000586142   0.0109075086   0.0197766571
21 11  -0.0018564957  -0.0007619509  -0.0040533129  -0.0059791421   0.0909265754
21 12  -0.0223461504  -0.0887711796   0.0011437834  -0.0136518387  -0.0241010993
21 13  -0.0004078797  -0.0002859363   0.0014219577  -0.0010599304   0.0011224658
21 14  -0.0009150153   0.0038054542  -0.0008515483  -0.0011111249   0.0008693697
21 15  -0.0007433468   0.0011527008
22  1  -0.0003769822   0.0001150482  -0.0001186634   0.0004778487  -0.0000004922
22  2   0.0001174070   0.0007377791  -0.0006838933   0.0003291895   0.0015957295
22  3   0.0000465246  -0.0015195208  -0.0013524273  -0.0068349149  -0.0210490190
22  4  -0.0026771303  -0.0056187057  -0.0014432101  -0.0793431375  -0.0003363748
22  5  -0.0360087156   0.2961887602  -0.2020138022   0.1959642164  -0.0017139484
22  6  -0.0100611771  -0.0196973178  -0.0008337300   0.0023190829  -0.0049393180
22  7   0.0003986673  -0.0001339931   0.0019981239  -0.0038602942   0.0029149887
22  8  -0.0012815410   0.0000336571  -0.0000313802  -0.0000373972   0.0000100655
22  9  -0.0000099445  -0.0000378399  -0.0000009971  -0.0000417065  -0.0000279661
22 10  -0.0000076076   0.0000619097  -0.0000788401   0.0008299629   0.0009905716
22 11   0.0006067202   0.0003442674  -0.0003538883  -0.0013935937   0.0131137551
22 12   0.0098648907   0.0216710407  -0.2237004740   0.2100468245  -0.1336614586
22 13   0.0004479849  -0.0001463884   0.0004750853  -0.0003889239   0.0002822252
22 14   0.0005582552   0.0002344292   0.0000290949  -0.0003305818  -0.0001572545
22 15  -0.0004044998  -0.0000950552
23  1  -0.0003118605   0.0001781079  -0.0000176819   0.0002195424  -0.0000239112
23  2  -0.0002141104   0.0008077567  -0.0019667312   0.0006833545  -0.0011807842
23  3   0.0016130522   0.0000758090  -0.0032064890  -0.0114121383  -0.0338046238
23  4  -0.0065939263  -0.0085913965  -0.0027012971   0.0181074894  -0.1048236698
23  5  -0.0339137947  -0.2020138022   0.3109675025  -0.0301074938   0.0014942276
23  6   0.0129230994   0.0174905307   0.0024697207  -0.0010006255   0.0073574555
23  7  -0.0008550992   0.0000372769  -0.0020228432   0.0031113718  -0.0007697810
23  8   0.0015116859  -0.0000333099  -0.0000161207  -0.0000674931  -0.0000871308
23  9  -0.0000066878   0.0000485478   0.0001800897   0.0000743649   0.0000362519
23 10  -0.0000581125   0.0001307368  -0.0000944589   0.0013625512   0.0032958882
23 11  -0.0010130055  -0.0005675124  -0.0006346297  -0.0022724713  -0.0033963553
23 12  -0.0035267575  -0.0162866583   0.1915900108  -0.1978713067   0.0952739595
23 13  -0.0004929428   0.0027746182  -0.0001871223   0.0000213721  -0.0019319685
23 14   0.0003708798  -0.0002070534   0.0000856852   0.0002698988  -0.0003597539
23 15   0.0004953921  -0.0004153191
24  1  -0.0002658572   0.0000864599   0.0000130859   0.0001945042  -0.0002519397
24  2  -0.0003685066  -0.0001483567   0.0001682435  -0.0000947476  -0.0023900319
24  3   0.0002701223   0.0035427716  -0.0044442409  -0.0083042284  -0.0193927898
24  4  -0.0025158339  -0.0039019660   0.0026669638  -0.0067998105  -0.0704471686
24  5  -0.1867852008   0.1959642164  -0.0301074938   0.3881387287  -0.0070286657
24  6  -0.0111509462  -0.0295544756  -0.0056533129   0.0040539755  -0.0054477029
24  7   0.0008910147  -0.0007666179  -0.0017901506  -0.0015386222   0.0015909325
24  8   0.0025872401   0.0000287913  -0.0000401380   0.0000443000  -0.0001230125
24  9   0.0001247459   0.0001215422  -0.0001257844  -0.0000237972   0.0000320680
24 10   0.0003359698   0.0001328708   0.0002232791   0.0013617017  -0.0008803024
24 11   0.0023439403  -0.0000299693   0.0000936829  -0.0008945222  -0.0051489133
24 12  -0.0147341457  -0.0317958178  -0.1647691288   0.1342860474  -0.1253833591
24 13   0.0013495864  -0.0011060963   0.0012771952   0.0012991222   0.0009482112
24 14   0.0012799673  -0.0002670198   0.0001288426   0.0000774967  -0.0001763469
24 15  -0.0001692942  -0.0008413061
25  1   0.0006716583   0.0001269889  -0.0000172902   0.0002316755  -0.0014270829
25  2  -0.0006212113  -0.0226175068  -0.0100787068   0.0076282826  -0.0044589192
25  3   0.0067857416  -0.0025641114   0.0190091402  -0.0122244396   0.0107022271
25  4  -0.0006762398   0.0007551166   0.0001530240  -0.1049689067   0.0277049086
25  5  -0.0140474222  -0.0017139484   0.0014942276  -0.0070286657   0.4864581157
25  6   0.0717986865   0.0182969311  -0.0630369942  -0.0020937245   0.0131659854
25  7  -0.1629702868   0.0062915405   0.0032847151   0.0041966804  -0.0011525951
25  8   0.0002265276  -0.0000301744   0.0000377233  -0.0001098804  -0.0000083281
25  9  -0.0002024232  -0.0000300451  -0.0001600351   0.0003254070   0.0000200805
25 10   0.0001857689   0.0004147443  -0.0001032067  -0.0026860647  -0.0044897784
25 11   0.0006050697   0.0000710610  -0.0000325622  -0.0001130693  -0.0145443228
25 12   0.0241249782  -0.0160437429   0.0013342322  -0.0008210234   0.0005333881
25 13  -0.1164336518  -0.1081632999  -0.0083127997  -0.0025853844  -0.0020202660
25 14  -0.0081883627  -0.0186506048   0.0019347930   0.0029061094   0.0033830359
25 15   0.0009110460  -0.0003425328
26  1   0.0004827837   0.0005480125  -0.0004737539  -0.0009146594  -0.0078226142
26  2  -0.0002121176  -0.0336543854   0.0105761739   0.0082140737   0.0064583926
26  3   0.0020921206  -0.0014952128   0.0088182225  -0.0316699800   0.0241471552
26  4   0.0011840102   0.0031119458  -0.0011301454   0.0353583485  -0.1401786139
26  5   0.0354352173  -0.0100611771   0.0129230994  -0.0111509462   0.0717986865
26  6   0.6095015772   0.0155523527  -0.0047292698  -0.1029483830  -0.0025203974
26  7  -0.0009285153  -0.0859130611   0.0117070795   0.0124351593  -0.0085200037
26  8  -0.0158187017   0.0001353266   0.0000369609  -0.0000712522   0.0004254128
26  9   0.0001067233  -0.0000922898  -0.0023702692  -0.0000516776   0.0007080192
26 10   0.0000566517  -0.0001473306  -0.0006180557  -0.0030189754  -0.0028427854
26 11  -0.0010063055  -0.0004649890   0.0006572621  -0.0004563874   0.0047242861
26 12  -0.0060377772   0.0044753502  -0.0014338154  -0.0013056715  -0.0054103450
26 13  -0.1122242458  -0.2424800319  -0.0103567922   0.0015265247  -0.0091368313
26 14  -0.0444134704   0.0219010315  -0.0007447824  -0.0028408465   0.0044954651
26 15   0.0002456685  -0.0021722281
27  1  -0.0008018529  -0.0003573687  -0.0000104546  -0.0004016749  -0.0012245602
27  2  -0.0007727203   0.0064292341   0.0071202438   0.0032658567  -0.0021114208
27  3  -0.0025462743  -0.0008710993   0.0056200681   0.0130669563   0.0067833751
27  4  -0.0002393955   0.0021869842  -0.0055666174  -0.0163230053   0.0307968994
27  5  -0.0851473868  -0.0196973178   0.0174905307  -0.0295544756   0.0182969311
27  6   0.0155523527   0.4400835146   0.0081464474  -0.0451595620  -0.1899485167
27  7   0.0022041295   0.0033579818  -0.0663259154   0.0288962588  -0.0131551037
27  8  -0.0220221865   0.0000562335  -0.0002135252   0.0001462769   0.0002846378
27  9  -0.0001225933  -0.0000985431  -0.0006125838  -0.0000801725   0.0001798180
27 10  -0.0012835090  -0.0011104880  -0.0011602066  -0.0013843816  -0.0021366790
27 11   0.0001776009  -0.0003466338   0.0004716802  -0.0009605904   0.0059605137
27 12  -0.0086048891   0.0068314501   0.0000301807  -0.0007952524  -0.0046213422
27 13  -0.0113207004  -0.0160286828  -0.0453165475  -0.0011294476  -0.0023662471
27 14  -0.0092516353  -0.0224568782   0.0033750890   0.0037642026   0.0021841668
27 15   0.0004826803   0.0003961427
28  1  -0.0002613022  -0.0001195514  -0.0000213052   0.0007696299   0.0006826281
28  2   0.0004226021  -0.0006863496   0.0001757873  -0.0034114811   0.0031700309
28  3  -0.0012632956   0.0010957925  -0.0035546079  -0.0003666752  -0.0002540307
28  4   0.0025263494  -0.0009177578   0.0006398745   0.0013786966  -0.0037542180
28  5  -0.0131419055  -0.0008337300   0.0024697207  -0.0056533129  -0.0630369942
28  6  -0.0047292698   0.0081464474   0.0724543570   0.0767736254  -0.0178679760
28  7   0.0033920577   0.0105619716   0.0309294389  -0.0070820268   0.0030139856
28  8   0.0072014016   0.0001315765  -0.0000345880   0.0001923887  -0.0001749523
28  9   0.0001680546   0.0001698753  -0.0000247920  -0.0001668664  -0.0000433539
28 10   0.0003286729   0.0006592920   0.0015196525   0.0002099252   0.0002123841
28 11   0.0001101271   0.0003539884   0.0003671914  -0.0001873813   0.0024941899
28 12  -0.0024272223  -0.0001563736   0.0000055574  -0.0000041028  -0.0009398027
28 13   0.0053876763  -0.0015113928  -0.0131740315  -0.0192624775  -0.0781893784
28 14   0.0041582156   0.0032487830  -0.0009564281   0.0007668851  -0.0009342588
28 15  -0.0006438942  -0.0005017470
29  1  -0.0000502841   0.0002961949   0.0000112366   0.0005345184   0.0006037255
29  2   0.0004444298   0.0005125676  -0.0032752274  -0.0004142629  -0.0019039468
29  3   0.0025002390   0.0003846417   0.0006125498  -0.0031901122  -0.0073035466
29  4  -0.0032234508  -0.0091770856   0.0064596322  -0.0021196362   0.0085941147
29  5   0.0155050887   0.0023190829  -0.0010006255   0.0040539755  -0.0020937245
29  6  -0.1029483830  -0.0451595620   0.0767736254   0.5756904033   0.0772740742
29  7   0.0014740612  -0.0005778724  -0.0118258524   0.0046202120   0.0006644791
29  8  -0.0035855971  -0.0000663464   0.0000471428  -0.0000495715  -0.0002990476
29  9  -0.0000187888   0.0001574056   0.0003875571   0.0001373224  -0.0000919906
29 10   0.0004448984   0.0005528638   0.0006158931   0.0005731993   0.0008780998
29 11   0.0005234485   0.0012965237  -0.0001911413   0.0025120087  -0.0015535586
29 12   0.0014136642   0.0003764275   0.0000849521   0.0005705248   0.0009406008
29 13   0.0044796862  -0.0072900553  -0.0386223302  -0.0802983634  -0.4658663436
29 14  -0.0028503487  -0.0018699162   0.0002105006  -0.0005500693  -0.0006351596
29 15   0.0013763603   0.0011942683
30  1   0.0005619056   0.0000396388   0.0004326453  -0.0002873265   0.0005106182
30  2   0.0002636561  -0.0016251134  -0.0019588143  -0.0008974301   0.0005099320
30  3   0.0013102409   0.0009710082  -0.0006814442  -0.0038422257  -0.0019746087
30  4   0.0010959149   0.0052342568   0.0037612465   0.0021533292  -0.0120234476
30  5  -0.0381658285  -0.0049393180   0.0073574555  -0.0054477029   0.0131659854
30  6  -0.0025203974  -0.1899485167  -0.0178679760   0.0772740742   0.3258420392
30  7   0.0037951645  -0.0081887447  -0.0300071113   0.0078392149  -0.0020785823
30  8  -0.0024554936  -0.0000928502  -0.0000057085  -0.0000224777  -0.0003068604
30  9  -0.0001295331   0.0002488173   0.0003167484   0.0000950479  -0.0000181026
30 10   0.0007779247   0.0010830015   0.0002020041   0.0000651954   0.0005125000
30 11   0.0000085566  -0.0000947195   0.0004671677  -0.0003015745   0.0001586456
30 12  -0.0017737296   0.0016490147   0.0005295400  -0.0004053263  -0.0022323138
30 13  -0.0000502441  -0.0093130602  -0.0163643511  -0.0035790146  -0.0525243169
30 14  -0.0481665958  -0.0006562859  -0.0006708189   0.0020165545  -0.0007883475
30 15   0.0015507040   0.0006065650
31  1   0.0006742427   0.0008816678   0.0000118612  -0.0199640253  -0.0326303921
31  2   0.0034270990  -0.1071577039  -0.0396961396   0.0110099901   0.0067036055
31  3   0.0205333308  -0.0057837484   0.0041933791   0.0002246170  -0.0000860112
31  4  -0.0014197227  -0.0000552929   0.0009910627  -0.0191442672   0.0100991105
31  5  -0.0003500099   0.0003986673  -0.0008550992   0.0008910147  -0.1629702868
31  6  -0.0009285153   0.0022041295   0.0033920577   0.0014740612   0.0037951645
31  7   0.4913124795  -0.0091026169   0.0490652960  -0.0780205517   0.0025682556
31  8   0.0316154298   0.0002966242  -0.0003919417   0.0000389042   0.0015577879
31  9  -0.0001230737  -0.0004940181  -0.0050630766   0.0012983918   0.0021354927
31 10   0.0013968227   0.0005156584   0.0001392890  -0.0008825283  -0.0004760918
31 11   0.0000297109   0.0002400831  -0.0002646150  -0.0000410313   0.0008560526
31 12  -0.0000383083  -0.0011626108   0.0003422559  -0.0000427645  -0.0000281445
31 13  -0.0199388527   0.0020648914   0.0042454014   0.0011731227   0.0012035317
31 14  -0.0004284125  -0.0988296586   0.0570611574  -0.0777775738   0.0008534929
31 15  -0.0133198228  -0.0234482853
32  1  -0.0001551454  -0.0023410931   0.0003150688  -0.0100144182   0.0067211280
32  2   0.0020871535  -0.0370142002  -0.1459073700   0.0120934045  -0.0015480514
32  3  -0.0319576599   0.0130930316  -0.0014513701  -0.0004797322   0.0005339896
32  4  -0.0009134923   0.0003432951  -0.0006465032   0.0256569323  -0.0022196125
32  5  -0.0040102500  -0.0001339931   0.0000372769  -0.0007666179   0.0062915405
32  6  -0.0859130611   0.0033579818   0.0105619716  -0.0005778724  -0.0081887447
32  7  -0.0091026169   0.5226158855  -0.0575910544  -0.0180385681  -0.1010133631
32  8  -0.0291835245   0.0000634518   0.0002854186   0.0004011157   0.0011045490
32  9  -0.0001107700  -0.0018418183   0.0034446701   0.0001813551  -0.0016628543
32 10  -0.0068251909  -0.0094029056  -0.0012084244  -0.0001807176   0.0006903752
32 11  -0.0000816446   0.0001978346  -0.0003279092   0.0000970553   0.0017748982
32 12  -0.0024816994   0.0021068716   0.0001146173  -0.0001916289  -0.0000812713
32 13  -0.0300697888   0.0029105024   0.0051388259   0.0022231802  -0.0006193576
32 14  -0.0011038744   0.0585787492  -0.1315047511   0.1015249263   0.0054351584
32 15  -0.0187364506  -0.0343828425
33  1   0.0001115815  -0.0002993100  -0.0013356716   0.0074901011   0.0123532980
33  2   0.0026459945   0.0022189093  -0.0038066558  -0.0775305406   0.0047272225
33  3   0.0326500648  -0.0109818842   0.0018195436  -0.0011603874   0.0000555511
33  4   0.0002871737   0.0002530724   0.0001472989  -0.0216937372   0.0036507437
33  5   0.0154595623   0.0019981239  -0.0020228432  -0.0017901506   0.0032847151
33  6   0.0117070795  -0.0663259154   0.0309294389  -0.0118258524  -0.0300071113
33  7   0.0490652960  -0.0575910544   0.5309534025   0.0066557276  -0.0642469849
33  8  -0.1823350164   0.0004124009   0.0007186493  -0.0001775370   0.0007643617
33  9   0.0006645068  -0.0013926320   0.0019402376  -0.0000206225  -0.0014354678
33 10  -0.0142584278  -0.0272525684   0.0011152511  -0.0001773931   0.0001756499
33 11  -0.0000814806  -0.0001754713   0.0000952263  -0.0002628635  -0.0027023537
33 12   0.0039641221  -0.0035585652   0.0010624009  -0.0005369149  -0.0002634561
33 13  -0.0006436037  -0.0015165918   0.0016145917   0.0021011147  -0.0000851657
33 14  -0.0009142447  -0.0779079295   0.1015317466  -0.1694968833   0.0026905671
33 15   0.0026007919  -0.0041022319
34  1  -0.0003242331  -0.0009835803  -0.0004171037  -0.0005362324   0.0006256721
34  2  -0.0001066726   0.0010209222  -0.0112721704  -0.0209461050   0.0028642588
34  3   0.0001608346   0.0014568002  -0.0025245959  -0.0004707221   0.0004974539
34  4   0.0009574311   0.0004424331  -0.0003238528   0.0018765039  -0.0023882984
34  5  -0.0031780605  -0.0038602942   0.0031113718  -0.0015386222   0.0041966804
34  6   0.0124351593   0.0288962588  -0.0070820268   0.0046202120   0.0078392149
34  7  -0.0780205517  -0.0180385681   0.0066557276   0.2712359893   0.2540944937
34  8  -0.0484799660   0.0003407503   0.0002241576   0.0001756412  -0.0005889505
34  9  -0.0009951848  -0.0012633394   0.0003153763  -0.0003900170  -0.0006749546
34 10  -0.0018536379  -0.0046524934   0.0007005465   0.0003108828   0.0000220502
34 11  -0.0000376489  -0.0001694876   0.0002201235  -0.0001054787   0.0001843619
34 12  -0.0000778231   0.0006650106  -0.0009380019   0.0008926575   0.0006564439
34 13   0.0027534786   0.0012500782   0.0002193649  -0.0010340341  -0.0011456748
34 14   0.0006234974   0.0067278001  -0.0070873088  -0.0091153433  -0.1958523899
34 15  -0.2305974025   0.0378011876
35  1  -0.0007530461   0.0016219478  -0.0000372269   0.0015852975  -0.0006345824
35  2   0.0003403501  -0.0017293782  -0.0248867850  -0.0387043877   0.0010732340
35  3   0.0012769651   0.0000009329  -0.0015812394   0.0008296648  -0.0000886176
35  4   0.0007490828  -0.0006006583   0.0000091230  -0.0011159709   0.0006950898
35  5   0.0005741544   0.0029149887  -0.0007697810   0.0015909325  -0.0011525951
35  6  -0.0085200037  -0.0131551037   0.0030139856   0.0006644791  -0.0020785823
35  7   0.0025682556  -0.1010133631  -0.0642469849   0.2540944937   0.4419022530
35  8   0.0883944591  -0.0000457483  -0.0004355355  -0.0000994282  -0.0011236338
35  9  -0.0008836403  -0.0003766389   0.0002558905   0.0000726714  -0.0003275823
35 10  -0.0033153652  -0.0058795968   0.0008953241   0.0001462758  -0.0000871337
35 11   0.0001095278  -0.0002323835   0.0003718711   0.0000010015   0.0001469558
35 12  -0.0000530805  -0.0001361314   0.0003563113  -0.0001110606  -0.0002658751
35 13   0.0000687632   0.0024724058   0.0014388142  -0.0001725146   0.0004585579
35 14   0.0002406970  -0.0040133548   0.0105031094   0.0003252492  -0.2517383046
35 15  -0.3169937942   0.0255959932
36  1  -0.0004054012   0.0002726761   0.0007228776   0.0012883838  -0.0003119308
36  2  -0.0013185250  -0.0041184116  -0.0087008555  -0.0061234353   0.0009165219
36  3  -0.0007699129   0.0035761432  -0.0003116273  -0.0003611682  -0.0006851393
36  4   0.0003152454  -0.0001095194   0.0008280870   0.0006100924  -0.0004238672
36  5  -0.0040500299  -0.0012815410   0.0015116859   0.0025872401   0.0002265276
36  6  -0.0158187017  -0.0220221865   0.0072014016  -0.0035855971  -0.0024554936
36  7   0.0316154298  -0.0291835245  -0.1823350164  -0.0484799660   0.0883944591
36  8   0.2796533935  -0.0001221787  -0.0002929033   0.0000373233  -0.0003129359
36  9   0.0003801657   0.0010784808  -0.0000995185   0.0001747143   0.0004950374
36 10   0.0005537743   0.0007624121   0.0011713889   0.0000799948  -0.0003582138
36 11   0.0001669602  -0.0000833769   0.0001439822   0.0002089533   0.0004586424
36 12  -0.0002431888   0.0005641275  -0.0004647845   0.0003987807   0.0006216297
36 13  -0.0018061190   0.0019906956   0.0008365071   0.0004338646   0.0013261542
36 14  -0.0001449317   0.0036569629  -0.0233788933  -0.0379852216   0.0101290189
36 15  -0.0118174494  -0.0354281703
37  1  -0.4189222292   0.0679095369   0.1601124030  -0.0204108031   0.0007710099
37  2   0.0122999040  -0.0002764744   0.0024469882  -0.0042951973  -0.0010793462
37  3  -0.0000471122   0.0006304560  -0.0001510978   0.0002890563  -0.0003314467
37  4   0.0001160343  -0.0000953545   0.0000097370  -0.0000008660   0.0000656831
37  5  -0.0000027591   0.0000336571  -0.0000333099   0.0000287913  -0.0000301744
37  6   0.0001353266   0.0000562335   0.0001315765  -0.0000663464  -0.0000928502
37  7   0.0002966242   0.0000634518   0.0004124009   0.0003407503  -0.0000457483
37  8  -0.0001221787   0.4371545778  -0.0694428553  -0.1698819708   0.0010843954
37  9  -0.0015711229   0.0004638869   0.0015244050  -0.0004078890   0.0008955244
37 10   0.0004205118  -0.0000443566  -0.0000719652  -0.0001019962   0.0000007802
37 11   0.0000457305  -0.0000316117   0.0000352531   0.0000180955   0.0000270769
37 12  -0.0000190703   0.0000051034  -0.0000111205  -0.0000122293  -0.0000048993
37 13   0.0000371613  -0.0000140443  -0.0000100302  -0.0000453763   0.0000371613
37 14   0.0000238744  -0.0000959195   0.0000635033  -0.0000984995  -0.0000097551
37 15  -0.0000183117  -0.0000903438
38  1   0.0443290117  -0.0189776371   0.0009335022   0.0239163880  -0.0051795146
38  2  -0.0084922748   0.0002840395  -0.0026283042   0.0029444842   0.0015007063
38  3  -0.0003019484  -0.0001858611   0.0001472264   0.0000431139   0.0004624970
38  4  -0.0000243956  -0.0000070542  -0.0001746094  -0.0000399560   0.0000548259
38  5   0.0000920968  -0.0000313802  -0.0000161207  -0.0000401380   0.0000377233
38  6   0.0000369609  -0.0002135252  -0.0000345880   0.0000471428  -0.0000057085
38  7  -0.0003919417   0.0002854186   0.0007186493   0.0002241576  -0.0004355355
38  8  -0.0002929033  -0.0694428553   0.0258977440   0.0046549451  -0.0007827673
38  9   0.0011302359   0.0004200630   0.0006212958  -0.0003250451  -0.0007646208
38 10  -0.0003826178  -0.0000518454   0.0002240369   0.0001061845  -0.0000176712
38 11  -0.0000393339   0.0000691350   0.0000027531   0.0000069791  -0.0000077854
38 12   0.0000296040  -0.0000217313   0.0000172088   0.0000145899   0.0000022440
38 13  -0.0000786731  -0.0000156144   0.0000099502   0.0000492688   0.0000032398
38 14  -0.0000001624   0.0000338942   0.0003311803  -0.0002325585  -0.0001192794
38 15   0.0000794819  -0.0000060205
39  1   0.2047653397  -0.0151518793  -0.1153342100  -0.0314778433   0.0072059872
39  2   0.0069132913  -0.0007852122   0.0020638206  -0.0041119770  -0.0017984911
39  3   0.0005024542   0.0005425267  -0.0000384703   0.0003060761  -0.0002155787
39  4   0.0000274244  -0.0000428201   0.0000536019   0.0000702655   0.0000968327
39  5   0.0000535420  -0.0000373972  -0.0000674931   0.0000443000  -0.0001098804
39  6  -0.0000712522   0.0001462769   0.0001923887  -0.0000495715  -0.0000224777
39  7   0.0000389042   0.0004011157  -0.0001775370   0.0001756412  -0.0000994282
39  8   0.0000373233  -0.1698819708   0.0046549451   0.1111991465  -0.0010451286
39  9  -0.0002759804   0.0002034420   0.0002440661   0.0005614252   0.0001090380
39 10  -0.0000517516   0.0002416850   0.0003824298  -0.0001263391   0.0000206787
39 11   0.0000091100   0.0000107239   0.0000035321   0.0000083453   0.0000042290
39 12  -0.0000458606   0.0000183744  -0.0000059851  -0.0000005808   0.0000252139
39 13  -0.0000012960  -0.0000123250   0.0000132439  -0.0000345041   0.0000614474
39 14  -0.0000055735  -0.0001000204  -0.0002764838   0.0001320267  -0.0000346923
39 15  -0.0000263253  -0.0000238787
40  1  -0.0041995501  -0.0013601539  -0.0257474113  -0.0536618968  -0.0029691348
40  2  -0.0013307112  -0.0000784820   0.0149464814   0.0305458374   0.0017914658
40  3  -0.0012244930  -0.0006735082   0.0001013124   0.0000788104   0.0004385975
40  4  -0.0004498368   0.0001870215  -0.0004795643   0.0001016027   0.0001319361
40  5   0.0001939607   0.0000100655  -0.0000871308  -0.0001230125  -0.0000083281
40  6   0.0004254128   0.0002846378  -0.0001749523  -0.0002990476  -0.0003068604
40  7   0.0015577879   0.0011045490   0.0007643617  -0.0005889505  -0.0011236338
40  8  -0.0003129359   0.0010843954  -0.0007827673  -0.0010451286   0.0577492318
40  9  -0.0013536884   0.0075252504   0.0021499219  -0.0076766906  -0.0107883740
40 10  -0.0057971941   0.0002633127   0.0018111743  -0.0000513908   0.0000132600
40 11  -0.0000343676   0.0000568298  -0.0001243404   0.0000185865   0.0000114739
40 12  -0.0000141950  -0.0000257390   0.0000064956  -0.0000133471   0.0000033498
40 13  -0.0000371510  -0.0000850245  -0.0000221653   0.0003352542   0.0000075166
40 14  -0.0001282203  -0.0001242237  -0.0001193616  -0.0001006502   0.0002161192
40 15   0.0000747085  -0.0004671074
41  1   0.0055869210   0.0080847635   0.0281810362  -0.0016326170  -0.1084084758
41  2  -0.1098748590  -0.0000928237   0.0002962170  -0.0021348551   0.0000717894
41  3   0.0002398480   0.0003103887   0.0001238770  -0.0000462041  -0.0000202753
41  4   0.0000653493   0.0000294747   0.0001985549  -0.0000450993   0.0000526826
41  5  -0.0000872542  -0.0000099445  -0.0000066878   0.0001247459  -0.0002024232
41  6   0.0001067233  -0.0001225933   0.0001680546  -0.0000187888  -0.0001295331
41  7  -0.0001230737  -0.0001107700   0.0006645068  -0.0009951848  -0.0008836403
41  8   0.0003801657  -0.0015711229   0.0011302359  -0.0002759804  -0.0013536884
41  9   0.1108174543   0.1081223970  -0.0006658425  -0.0119993643  -0.0259009229
41 10   0.0005795286   0.0006825693   0.0006324161   0.0000390032  -0.0000246901
41 11   0.0000099581  -0.0000648535   0.0000355319  -0.0000150306   0.0000093268
41 12  -0.0000179501   0.0000154719   0.0000339913  -0.0000006342  -0.0000336839
41 13   0.0000219122   0.0000154592   0.0000323697  -0.0000336848   0.0000336749
41 14   0.0000073309   0.0000567172  -0.0000236317  -0.0001061330   0.0000338877
41 15   0.0000162029   0.0000217786
42  1  -0.0102547350   0.0017049187  -0.0237472253   0.0000713366  -0.1023345531
42  2  -0.2505667248   0.0019025280  -0.0057944752  -0.0126764134  -0.0001875387
42  3   0.0001497657   0.0011340654   0.0003169419  -0.0001536073   0.0000260489
42  4  -0.0000110891   0.0001034176   0.0003511984  -0.0000046052  -0.0000609599
42  5  -0.0001149411  -0.0000378399   0.0000485478   0.0001215422  -0.0000300451
42  6  -0.0000922898  -0.0000985431   0.0001698753   0.0001574056   0.0002488173
42  7  -0.0004940181  -0.0018418183  -0.0013926320  -0.0012633394  -0.0003766389
42  8   0.0010784808   0.0004638869   0.0004200630   0.0002034420   0.0075252504
42  9   0.1081223970   0.2806635396   0.0007219866  -0.0003852811   0.0041755276
42 10   0.0016123452   0.0001306447   0.0000010882   0.0000731568  -0.0000259004
42 11   0.0000019378  -0.0000350369   0.0000396486  -0.0000308218  -0.0000094239
42 12   0.0000128659   0.0000183919  -0.0000059455   0.0000130123   0.0000065977
42 13   0.0000631630   0.0000794015   0.0000110054  -0.0001614748   0.0000102150
42 14   0.0000281401  -0.0000093513  -0.0000356909   0.0001252495  -0.0004160280
42 15   0.0001089115   0.0004322283
43  1   0.0065706838   0.0262931277  -0.0084900344  -0.0917695726  -0.0918701895
43  2   0.0077808513  -0.0144221571  -0.0302405737   0.0019656657   0.0022149217
43  3  -0.0000513806   0.0002260608  -0.0002437964   0.0002440176   0.0000392736
43  4   0.0002052195   0.0001083563  -0.0001152250   0.0003252530  -0.0003892676
43  5   0.0001401989  -0.0000009971   0.0001800897  -0.0001257844  -0.0001600351
43  6  -0.0023702692  -0.0006125838  -0.0000247920   0.0003875571   0.0003167484
43  7  -0.0050630766   0.0034446701   0.0019402376   0.0003153763   0.0002558905
43  8  -0.0000995185   0.0015244050   0.0006212958   0.0002440661   0.0021499219
43  9  -0.0006658425   0.0007219866   0.0977241471   0.0935977923  -0.0043196570
43 10   0.0014951656   0.0001966693  -0.0000351505  -0.0000196073   0.0000575369
43 11   0.0000184187  -0.0001422984   0.0000452822   0.0000262076  -0.0000094870
43 12   0.0001308910  -0.0000446649  -0.0000343753  -0.0000114884   0.0000103105
43 13  -0.0007210613   0.0001503276   0.0002023615   0.0000263550  -0.0002007606
43 14   0.0000235248   0.0000979245   0.0000115439   0.0001302494  -0.0000381173
43 15   0.0000747243   0.0000564569
44  1   0.0058038287  -0.0193941547   0.0132962086  -0.0932944401  -0.2569746439
44  2   0.0065735292   0.0006994727   0.0003913021  -0.0005504519   0.0006939000
44  3   0.0012069036  -0.0006045130  -0.0002920140   0.0004632064  -0.0000591626
44  4  -0.0000037561   0.0000976932  -0.0000292955   0.0001592498  -0.0000053041
44  5  -0.0000797361  -0.0000417065   0.0000743649  -0.0000237972   0.0003254070
44  6  -0.0000516776  -0.0000801725  -0.0001668664   0.0001373224   0.0000950479
44  7   0.0012983918   0.0001813551  -0.0000206225  -0.0003900170   0.0000726714
44  8   0.0001747143  -0.0004078890  -0.0003250451   0.0005614252  -0.0076766906
44  9  -0.0119993643  -0.0003852811   0.0935977923   0.2851808276  -0.0193309359
44 10  -0.0001998713   0.0008362365   0.0003441059  -0.0000790236   0.0000420441
44 11   0.0000104902  -0.0000704587  -0.0000111041   0.0000199416   0.0000071219
44 12   0.0000662682  -0.0000068822  -0.0000173154   0.0000096478   0.0000121330
44 13   0.0000207968   0.0000712406  -0.0000056242   0.0000598455  -0.0001060068
44 14   0.0000073545   0.0000054636   0.0000000076  -0.0000901818  -0.0000312214
44 15   0.0000362093   0.0001717062
45  1   0.0015956287   0.0288407088  -0.0066289615   0.0044183338   0.0048307502
45  2  -0.0536579565   0.0090932027   0.0132217168  -0.0012297534  -0.0016537923
45  3  -0.0000863278   0.0001875774   0.0000917867  -0.0000181926  -0.0001162457
45  4  -0.0000542491  -0.0000811523  -0.0000105205  -0.0000859147   0.0000469733
45  5  -0.0000503162  -0.0000279661   0.0000362519   0.0000320680   0.0000200805
45  6   0.0007080192   0.0001798180  -0.0000433539  -0.0000919906  -0.0000181026
45  7   0.0021354927  -0.0016628543  -0.0014354678  -0.0006749546  -0.0003275823
45  8   0.0004950374   0.0008955244  -0.0007646208   0.0001090380  -0.0107883740
45  9  -0.0259009229   0.0041755276  -0.0043196570  -0.0193309359   0.0570586546
45 10  -0.0005400578   0.0005415709   0.0005512407  -0.0000419842  -0.0000085702
45 11   0.0000015238   0.0000951062  -0.0000443917   0.0000332582  -0.0000033713
45 12  -0.0000245225   0.0000142412  -0.0000021823   0.0000092300   0.0000166386
45 13   0.0002471132   0.0000225355  -0.0000335353   0.0000278122   0.0000499799
45 14  -0.0000130393  -0.0001370531  -0.0000328073   0.0001196657  -0.0002471708
45 15   0.0000671347   0.0002196098
46  1   0.0021265082  -0.0011067741  -0.0011785169  -0.0007587783   0.0139317668
46  2   0.0314106703  -0.0517403324  -0.0087903110  -0.0063764697  -0.0057012463
46  3   0.0017689392  -0.0221243672   0.0025119950  -0.0019627499  -0.0039719749
46  4   0.0001522134   0.0008141446   0.0020515494  -0.0003917603   0.0001246617
46  5  -0.0000861067  -0.0000076076  -0.0000581125   0.0003359698   0.0001857689
46  6   0.0000566517  -0.0012835090   0.0003286729   0.0004448984   0.0007779247
46  7   0.0013968227  -0.0068251909  -0.0142584278  -0.0018536379  -0.0033153652
46  8   0.0005537743   0.0004205118  -0.0003826178  -0.0000517516  -0.0057971941
46  9   0.0005795286   0.0016123452   0.0014951656  -0.0001998713  -0.0005400578
46 10   0.0588303765   0.0047790996   0.0126528073  -0.0001803060   0.0001600705
46 11   0.0003639566  -0.0002149572   0.0004150575  -0.0001902514  -0.0001338328
46 12  -0.0000326295   0.0000147704   0.0000272734   0.0000333933   0.0000226182
46 13   0.0001279593  -0.0000058358   0.0000230652  -0.0018339406  -0.0001776815
46 14   0.0004754700   0.0007041213   0.0003974212   0.0005218205   0.0003062044
46 15  -0.0006484936  -0.0007553089
47  1  -0.0000219931  -0.0000665234   0.0001060723  -0.0008771453  -0.0001646859
47  2  -0.0016296503  -0.0083237626  -0.0982107093  -0.0993312223   0.0078945370
47  3   0.0051881584   0.0288505558  -0.0022000177   0.0018072303   0.0016201003
47  4   0.0006472106  -0.0014644036  -0.0008157571   0.0000937526  -0.0002876343
47  5  -0.0001337776   0.0000619097   0.0001307368   0.0001328708   0.0004147443
47  6  -0.0001473306  -0.0011104880   0.0006592920   0.0005528638   0.0010830015
47  7   0.0005156584  -0.0094029056  -0.0272525684  -0.0046524934  -0.0058795968
47  8   0.0007624121  -0.0000443566  -0.0000518454   0.0002416850   0.0002633127
47  9   0.0006825693   0.0001306447   0.0001966693   0.0008362365   0.0005415709
47 10   0.0047790996   0.1073436505   0.0982689433   0.0000082299  -0.0001865164
47 11  -0.0002864302   0.0005916446  -0.0004894856   0.0000970335   0.0000098887
47 12   0.0001777498  -0.0000449311  -0.0000795477   0.0000095870   0.0000329768
47 13   0.0001340369  -0.0000317777   0.0000136407  -0.0009761840   0.0005189938
47 14   0.0002516239   0.0007273966   0.0002117867   0.0000240173   0.0001781176
47 15  -0.0010761480  -0.0015523237
48  1  -0.0005466872   0.0002081791   0.0016351519   0.0015245841  -0.0067165983
48  2  -0.0140756185  -0.0100160209  -0.0977134190  -0.2516992446  -0.0123616541
48  3   0.0068163825  -0.0236118047   0.0044726990  -0.0019940526  -0.0041326035
48  4   0.0017219448  -0.0004023367   0.0035012488  -0.0001709410   0.0001561869
48  5   0.0000586142  -0.0000788401  -0.0000944589   0.0002232791  -0.0001032067
48  6  -0.0006180557  -0.0011602066   0.0015196525   0.0006158931   0.0002020041
48  7   0.0001392890  -0.0012084244   0.0011152511   0.0007005465   0.0008953241
48  8   0.0011713889  -0.0000719652   0.0002240369   0.0003824298   0.0018111743
48  9   0.0006324161   0.0000010882  -0.0000351505   0.0003441059   0.0005512407
48 10   0.0126528073   0.0982689433   0.2843381719  -0.0002626516   0.0000950998
48 11   0.0001883314  -0.0003457662   0.0003117154  -0.0002320340  -0.0001521454
48 12  -0.0001670648   0.0000478227   0.0000963997   0.0000514988   0.0000100541
48 13  -0.0001311377   0.0000693564   0.0000608522  -0.0002676402   0.0004410854
48 14   0.0003174238  -0.0003550970  -0.0005286653   0.0007828635   0.0002598064
48 15   0.0003128520   0.0003242955
49  1  -0.0010729675   0.0002284425   0.0002418458   0.0005831194   0.0009706815
49  2  -0.0015516143  -0.0034931883  -0.0016858002   0.0046771101  -0.0302548096
49  3   0.0299984940  -0.0214022799  -0.0744423544   0.0453958637  -0.0569518665
49  4   0.0058403715  -0.0001058111   0.0002102164   0.0088136099  -0.0132746543
49  5   0.0109075086   0.0008299629   0.0013625512   0.0013617017  -0.0026860647
49  6  -0.0030189754  -0.0013843816   0.0002099252   0.0005731993   0.0000651954
49  7  -0.0008825283  -0.0001807176  -0.0001773931   0.0003108828   0.0001462758
49  8   0.0000799948  -0.0001019962   0.0001061845  -0.0001263391  -0.0000513908
49  9   0.0000390032   0.0000731568  -0.0000196073  -0.0000790236  -0.0000419842
49 10  -0.0001803060   0.0000082299  -0.0002626516   0.0961070478  -0.0613525322
49 11   0.0645369009  -0.0003753345   0.0004772920  -0.0005223365   0.0004744581
49 12   0.0009993503  -0.0001109756  -0.0001517067   0.0000168831  -0.0003830925
49 13   0.0006656058  -0.0008505814   0.0007609799  -0.0002565286  -0.0001003067
49 14  -0.0000039602   0.0002238323   0.0002155451  -0.0000420767  -0.0000900331
49 15   0.0001104066   0.0000463415
50  1   0.0002769666  -0.0000892788  -0.0000536421  -0.0002013535  -0.0001325646
50  2   0.0004040126   0.0003885945   0.0021056290  -0.0009446938   0.0088713444
50  3  -0.0033484073   0.0041239958   0.0533280717  -0.1602123772   0.1170720461
50  4  -0.0054602985   0.0120571215  -0.0209888734   0.0086354446  -0.0166611211
50  5   0.0197766571   0.0009905716   0.0032958882  -0.0008803024  -0.0044897784
50  6  -0.0028427854  -0.0021366790   0.0002123841   0.0008780998   0.0005125000
50  7  -0.0004760918   0.0006903752   0.0001756499   0.0000220502  -0.0000871337
50  8  -0.0003582138   0.0000007802  -0.0000176712   0.0000206787   0.0000132600
50  9  -0.0000246901  -0.0000259004   0.0000575369   0.0000420441  -0.0000085702
50 10   0.0001600705  -0.0001865164   0.0000950998  -0.0613525322   0.1651402455
50 11  -0.1171526494   0.0001639171   0.0021571809   0.0000875527  -0.0005939659
50 12   0.0002530571  -0.0000758243  -0.0012241087  -0.0012635181  -0.0005530591
50 13   0.0007968910  -0.0010280201   0.0008935057  -0.0001735508  -0.0008125693
50 14  -0.0000640592   0.0000980195   0.0000396137  -0.0000500919  -0.0000442230
50 15   0.0000473982   0.0001308606
51  1   0.0001657571  -0.0000321502  -0.0000429417  -0.0000387721  -0.0001357604
51  2   0.0003514790   0.0023794010  -0.0002132681   0.0010564346   0.0042666639
51  3  -0.0048837225   0.0089903638  -0.0642057051   0.1143573962  -0.1693421365
51  4  -0.0078153015   0.0070441112  -0.0379857818  -0.0020156425   0.0020249521
51  5  -0.0018564957   0.0006067202  -0.0010130055   0.0023439403   0.0006050697
51  6  -0.0010063055   0.0001776009   0.0001101271   0.0005234485   0.0000085566
51  7   0.0000297109  -0.0000816446  -0.0000814806  -0.0000376489   0.0001095278
51  8   0.0001669602   0.0000457305  -0.0000393339   0.0000091100  -0.0000343676
51  9   0.0000099581   0.0000019378   0.0000184187   0.0000104902   0.0000015238
51 10   0.0003639566  -0.0002864302   0.0001883314   0.0645369009  -0.1171526494
51 11   0.1945553351   0.0008812400   0.0009808683   0.0003735332   0.0001905960
51 12   0.0001043234   0.0001301620   0.0001704164   0.0006310226   0.0004314300
51 13  -0.0000484318   0.0002034265   0.0001499704  -0.0001927562  -0.0011750473
51 14   0.0004167207   0.0000205779   0.0000207703  -0.0000012353  -0.0000026612
51 15  -0.0000009774  -0.0000433183
52  1   0.0001491567  -0.0001707183   0.0000570102  -0.0001120402   0.0003311511
52  2  -0.0001103499  -0.0003704705   0.0008548861   0.0004850098  -0.0007815581
52  3  -0.0001944411  -0.0003816108   0.0016318308   0.0020258927   0.0015761653
52  4  -0.1403897233  -0.2230597175   0.0091880743   0.0004854405   0.0000817013
52  5  -0.0007619509   0.0003442674  -0.0005675124  -0.0000299693   0.0000710610
52  6  -0.0004649890  -0.0003466338   0.0003539884   0.0012965237  -0.0000947195
52  7   0.0002400831   0.0001978346  -0.0001754713  -0.0001694876  -0.0002323835
52  8  -0.0000833769  -0.0000316117   0.0000691350   0.0000107239   0.0000568298
52  9  -0.0000648535  -0.0000350369  -0.0001422984  -0.0000704587   0.0000951062
52 10  -0.0002149572   0.0005916446  -0.0003457662  -0.0003753345   0.0001639171
52 11   0.0008812400   0.1393340524   0.2199978762  -0.0105676003   0.0002954434
52 12   0.0002956541  -0.0002594124   0.0000013360  -0.0000718304   0.0000958741
52 13  -0.0000633540  -0.0000300898  -0.0000083098  -0.0003285095  -0.0009130078
52 14   0.0007884115  -0.0000345878  -0.0000146406   0.0000285752   0.0000504431
52 15  -0.0000515740  -0.0000059823
53  1  -0.0003906740   0.0001766716  -0.0000920695   0.0004468256   0.0000640718
53  2   0.0000597991   0.0005483152  -0.0017932642  -0.0000326987  -0.0002833142
53  3   0.0030084070   0.0026978241  -0.0108249898  -0.0184602444  -0.0008767198
53  4  -0.2103548558  -0.3652700833   0.0006311802   0.0006908959   0.0019493430
53  5  -0.0040533129  -0.0003538883  -0.0006346297   0.0000936829  -0.0000325622
53  6   0.0006572621   0.0004716802   0.0003671914  -0.0001911413   0.0004671677
53  7  -0.0002646150  -0.0003279092   0.0000952263   0.0002201235   0.0003718711
53  8   0.0001439822   0.0000352531   0.0000027531   0.0000035321  -0.0001243404
53  9   0.0000355319   0.0000396486   0.0000452822  -0.0000111041  -0.0000443917
53 10   0.0004150575  -0.0004894856   0.0003117154   0.0004772920   0.0021571809
53 11   0.0009808683   0.2199978762   0.3792683038  -0.0006118723   0.0000410603
53 12   0.0004079396   0.0003743478  -0.0000166204  -0.0001055519  -0.0000011386
53 13   0.0000342469   0.0000437810  -0.0001146613  -0.0006789387  -0.0009822787
53 14  -0.0005249605   0.0000449811   0.0000788182   0.0000023253  -0.0000396021
53 15   0.0000437574  -0.0000211549
54  1  -0.0002107683   0.0001128643  -0.0001450083   0.0001535016  -0.0001401848
54  2   0.0000025218   0.0008707905  -0.0007133024   0.0010559368   0.0005605102
54  3   0.0030836898   0.0008326292  -0.0240614783  -0.0390148661  -0.0006908199
54  4   0.0326050648   0.0393063271  -0.0450041760   0.0021589729  -0.0002347749
54  5  -0.0059791421  -0.0013935937  -0.0022724713  -0.0008945222  -0.0001130693
54  6  -0.0004563874  -0.0009605904  -0.0001873813   0.0025120087  -0.0003015745
54  7  -0.0000410313   0.0000970553  -0.0002628635  -0.0001054787   0.0000010015
54  8   0.0002089533   0.0000180955   0.0000069791   0.0000083453   0.0000185865
54  9  -0.0000150306  -0.0000308218   0.0000262076   0.0000199416   0.0000332582
54 10  -0.0001902514   0.0000970335  -0.0002320340  -0.0005223365   0.0000875527
54 11   0.0003735332  -0.0105676003  -0.0006118723   0.0495274748  -0.0002360034
54 12   0.0000915980   0.0000521999   0.0000882676  -0.0001895541   0.0000912254
54 13  -0.0000179938   0.0000392650   0.0001163606   0.0010638153  -0.0018853428
54 14   0.0022502909   0.0000963975   0.0001092652  -0.0000145336  -0.0000132236
54 15  -0.0000307953  -0.0000366432
55  1  -0.0002646267   0.0001083765  -0.0001440051   0.0001743585  -0.0000645987
55  2  -0.0001398608   0.0013180253  -0.0003094488   0.0009358172  -0.0031821746
55  3  -0.0039361025   0.0003615729  -0.0171725829   0.0078693698   0.0084310781
55  4   0.0017859064   0.0001247618  -0.0004960955  -0.2481351322   0.0506878576
55  5   0.0909265754   0.0131137551  -0.0033963553  -0.0051489133  -0.0145443228
55  6   0.0047242861   0.0059605137   0.0024941899  -0.0015535586   0.0001586456
55  7   0.0008560526   0.0017748982  -0.0027023537   0.0001843619   0.0001469558
55  8   0.0004586424   0.0000270769  -0.0000077854   0.0000042290   0.0000114739
55  9   0.0000093268  -0.0000094239  -0.0000094870   0.0000071219  -0.0000033713
55 10  -0.0001338328   0.0000098887  -0.0001521454   0.0004744581  -0.0005939659
55 11   0.0001905960   0.0002954434   0.0000410603  -0.0002360034   0.2620382865
55 12  -0.0557476184  -0.0991573666   0.0021296101  -0.0000842541   0.0011163195
55 13   0.0006744950   0.0001568631   0.0000130330  -0.0013119783   0.0001302990
55 14  -0.0005805587  -0.0008086574  -0.0000253584   0.0002608211  -0.0000146992
55 15  -0.0000720194  -0.0000477463
56  1  -0.0001174042   0.0002550672  -0.0000348876   0.0000855199   0.0000658289
56  2  -0.0001130744   0.0005792979  -0.0019907492   0.0012512431  -0.0069726578
56  3  -0.0035135440   0.0004985939  -0.0226922571   0.0080428330   0.0094462653
56  4   0.0002108937   0.0001478983   0.0002484741   0.0510091940  -0.0667603173
56  5  -0.0223461504   0.0098648907  -0.0035267575  -0.0147341457   0.0241249782
56  6  -0.0060377772  -0.0086048891  -0.0024272223   0.0014136642  -0.0017737296
56  7  -0.0000383083  -0.0024816994   0.0039641221  -0.0000778231  -0.0000530805
56  8  -0.0002431888  -0.0000190703   0.0000296040  -0.0000458606  -0.0000141950
56  9  -0.0000179501   0.0000128659   0.0001308910   0.0000662682  -0.0000245225
56 10  -0.0000326295   0.0001777498  -0.0001670648   0.0009993503   0.0002530571
56 11   0.0001043234   0.0002956541   0.0004079396   0.0000915980  -0.0557476184
56 12   0.0718148167   0.0319760873  -0.0005676303   0.0004100259   0.0010372082
56 13  -0.0003453740   0.0005909951  -0.0004745159   0.0003079985   0.0004980740
56 14   0.0003414592   0.0014912165  -0.0000320864  -0.0003540676  -0.0000476945
56 15   0.0002401396  -0.0000561435
57  1  -0.0000136784  -0.0000501877   0.0000027189  -0.0000098003  -0.0000454846
57  2  -0.0000081242   0.0000611921   0.0005311372  -0.0001997149  -0.0001118251
57  3   0.0002175822   0.0002746296   0.0053701276  -0.0007490448  -0.0000189839
57  4  -0.0011159317  -0.0008431382   0.0002674237   0.0903902868  -0.0204074931
57  5  -0.0887711796   0.0216710407  -0.0162866583  -0.0317958178  -0.0160437429
57  6   0.0044753502   0.0068314501  -0.0001563736   0.0003764275   0.0016490147
57  7  -0.0011626108   0.0021068716  -0.0035585652   0.0006650106  -0.0001361314
57  8   0.0005641275   0.0000051034  -0.0000217313   0.0000183744  -0.0000257390
57  9   0.0000154719   0.0000183919  -0.0000446649  -0.0000068822   0.0000142412
57 10   0.0000147704  -0.0000449311   0.0000478227  -0.0001109756  -0.0000758243
57 11   0.0001301620  -0.0002594124   0.0003743478   0.0000521999  -0.0991573666
57 12   0.0319760873   0.1126334579   0.0014433590  -0.0010464047   0.0013104273
57 13   0.0004941667  -0.0004206917   0.0003782369  -0.0006661394  -0.0001199964
57 14  -0.0002274348  -0.0011056395   0.0000755181   0.0005179810  -0.0001311569
57 15   0.0001058061  -0.0001308393
58  1   0.0001967595  -0.0000542504   0.0000724836  -0.0001411808   0.0000451117
58  2  -0.0000161684  -0.0002147881   0.0006283226  -0.0003517247   0.0006050033
58  3  -0.0006840748   0.0007275132  -0.0015600190   0.0006294967  -0.0019523871
58  4   0.0005879381   0.0004929676   0.0014801945  -0.0046123368   0.0053425781
58  5   0.0011437834  -0.2237004740   0.1915900108  -0.1647691288   0.0013342322
58  6  -0.0014338154   0.0000301807   0.0000055574   0.0000849521   0.0005295400
58  7   0.0003422559   0.0001146173   0.0010624009  -0.0009380019   0.0003563113
58  8  -0.0004647845  -0.0000111205   0.0000172088  -0.0000059851   0.0000064956
58  9   0.0000339913  -0.0000059455  -0.0000343753  -0.0000173154  -0.0000021823
58 10   0.0000272734  -0.0000795477   0.0000963997  -0.0001517067  -0.0012241087
58 11   0.0001704164   0.0000013360  -0.0000166204   0.0000882676   0.0021296101
58 12  -0.0005676303   0.0014433590   0.2258394228  -0.1953310208   0.1607432225
58 13   0.0000598630   0.0000348127   0.0001374663   0.0001021734   0.0002522825
58 14  -0.0001107924   0.0000850043  -0.0000923151  -0.0001008566   0.0000410779
58 15  -0.0001219644   0.0000547275
59  1   0.0001379206   0.0000285338   0.0000496432  -0.0001061014   0.0000072474
59  2   0.0000159270  -0.0000912526   0.0002911488  -0.0002481467   0.0005962726
59  3  -0.0007220450   0.0006956047  -0.0014253020   0.0025124423  -0.0039446284
59  4   0.0000628043  -0.0007186808   0.0009020967  -0.0137191463   0.0065713209
59  5  -0.0136518387   0.2100468245  -0.1978713067   0.1342860474  -0.0008210234
59  6  -0.0013056715  -0.0007952524  -0.0000041028   0.0005705248  -0.0004053263
59  7  -0.0000427645  -0.0001916289  -0.0005369149   0.0008926575  -0.0001110606
59  8   0.0003987807  -0.0000122293   0.0000145899  -0.0000005808  -0.0000133471
59  9  -0.0000006342   0.0000130123  -0.0000114884   0.0000096478   0.0000092300
59 10   0.0000333933   0.0000095870   0.0000514988   0.0000168831  -0.0012635181
59 11   0.0006310226  -0.0000718304  -0.0001055519  -0.0001895541  -0.0000842541
59 12   0.0004100259  -0.0010464047  -0.1953310208   0.1909334421  -0.1162080987
59 13   0.0000807901   0.0003890962  -0.0001887838   0.0001811095   0.0001136622
59 14   0.0001396962  -0.0000538600  -0.0000187567   0.0001096048  -0.0002609323
59 15   0.0004475855  -0.0000866351
60  1   0.0001130904  -0.0000174374   0.0000870245  -0.0000894254  -0.0000147795
60  2   0.0001261427  -0.0001598107   0.0001894540  -0.0002543571   0.0009042310
60  3   0.0000441475  -0.0000303354  -0.0012223364  -0.0004321732   0.0004584464
60  4   0.0006977470   0.0005589241   0.0003667010  -0.0284241588   0.0243307491
60  5  -0.0241010993  -0.1336614586   0.0952739595  -0.1253833591   0.0005333881
60  6  -0.0054103450  -0.0046213422  -0.0009398027   0.0009406008  -0.0022323138
60  7  -0.0000281445  -0.0000812713  -0.0002634561   0.0006564439  -0.0002658751
60  8   0.0006216297  -0.0000048993   0.0000022440   0.0000252139   0.0000033498
60  9  -0.0000336839   0.0000065977   0.0000103105   0.0000121330   0.0000166386
60 10   0.0000226182   0.0000329768   0.0000100541  -0.0003830925  -0.0005530591
60 11   0.0004314300   0.0000958741  -0.0000011386   0.0000912254   0.0011163195
60 12   0.0010372082   0.0013104273   0.1607432225  -0.1162080987   0.1532145589
60 13   0.0003100831  -0.0001746762   0.0001586426  -0.0000782838   0.0004424357
60 14   0.0000399656   0.0000161562   0.0000275108  -0.0000161067  -0.0002314217
60 15   0.0003001942  -0.0000623286
61  1  -0.0000291148   0.0002011104  -0.0001507489   0.0000621019  -0.0023009230
61  2  -0.0000244423  -0.0056964479   0.0046276123   0.0013314115   0.0015612432
61  3  -0.0005824310   0.0001937062  -0.0026890611   0.0020271022  -0.0022070257
61  4   0.0001229223  -0.0002627610   0.0000048073   0.0081327004   0.0148214140
61  5  -0.0004078797   0.0004479849  -0.0004929428   0.0013495864  -0.1164336518
61  6  -0.1122242458  -0.0113207004   0.0053876763   0.0044796862  -0.0000502441
61  7  -0.0199388527  -0.0300697888  -0.0006436037   0.0027534786   0.0000687632
61  8  -0.0018061190   0.0000371613  -0.0000786731  -0.0000012960  -0.0000371510
61  9   0.0000219122   0.0000631630  -0.0007210613   0.0000207968   0.0002471132
61 10   0.0001279593   0.0001340369  -0.0001311377   0.0006656058   0.0007968910
61 11  -0.0000484318  -0.0000633540   0.0000342469  -0.0000179938   0.0006744950
61 12  -0.0003453740   0.0004941667   0.0000598630   0.0000807901   0.0003100831
61 13   0.1244703571   0.1166061785   0.0105589300   0.0003389756   0.0008870459
61 14   0.0011019804   0.0011685853   0.0003451508  -0.0003455526  -0.0004024153
61 15   0.0012044021   0.0015002279
62  1  -0.0001243408   0.0000687953   0.0000038102   0.0003229459   0.0002508060
62  2  -0.0001001146   0.0014552275   0.0004774956  -0.0009005044  -0.0006890977
62  3   0.0007667208  -0.0001567621   0.0049927409  -0.0011801355   0.0025331377
62  4   0.0000628346   0.0000774969  -0.0002076654  -0.0126085262  -0.0239891015
62  5  -0.0002859363  -0.0001463884   0.0027746182  -0.0011060963  -0.1081632999
62  6  -0.2424800319  -0.0160286828  -0.0015113928  -0.0072900553  -0.0093130602
62  7   0.0020648914   0.0029105024  -0.0015165918   0.0012500782   0.0024724058
62  8   0.0019906956  -0.0000140443  -0.0000156144  -0.0000123250  -0.0000850245
62  9   0.0000154592   0.0000794015   0.0001503276   0.0000712406   0.0000225355
62 10  -0.0000058358  -0.0000317777   0.0000693564  -0.0008505814  -0.0010280201
62 11   0.0002034265  -0.0000300898   0.0000437810   0.0000392650   0.0001568631
62 12   0.0005909951  -0.0004206917   0.0000348127   0.0003890962  -0.0001746762
62 13   0.1166061785   0.2623781887   0.0258225203  -0.0008936635   0.0019674243
62 14  -0.0013616351  -0.0006024032   0.0006184630   0.0000739194  -0.0013722123
62 15   0.0001412471   0.0007466737
63  1   0.0000128344  -0.0000169042  -0.0000050078  -0.0000545969   0.0006415352
63  2   0.0000165691   0.0015023034  -0.0009662739  -0.0006986383   0.0000424678
63  3  -0.0002353679   0.0006420559  -0.0030571933   0.0015088745  -0.0030004530
63  4   0.0001160448  -0.0004974833   0.0006289786   0.0083274968   0.0169471593
63  5   0.0014219577   0.0004750853  -0.0001871223   0.0012771952  -0.0083127997
63  6  -0.0103567922  -0.0453165475  -0.0131740315  -0.0386223302  -0.0163643511
63  7   0.0042454014   0.0051388259   0.0016145917   0.0002193649   0.0014388142
63  8   0.0008365071  -0.0000100302   0.0000099502   0.0000132439  -0.0000221653
63  9   0.0000323697   0.0000110054   0.0002023615  -0.0000056242  -0.0000335353
63 10   0.0000230652   0.0000136407   0.0000608522   0.0007609799   0.0008935057
63 11   0.0001499704  -0.0000083098  -0.0001146613   0.0001163606   0.0000130330
63 12  -0.0004745159   0.0003782369   0.0001374663  -0.0001887838   0.0001586426
63 13   0.0105589300   0.0258225203   0.0644678350  -0.0020989714  -0.0000668133
63 14  -0.0066292576  -0.0001655590  -0.0002706150   0.0003263933   0.0002668223
63 15  -0.0004439085  -0.0000726052
64  1   0.0001131688   0.0000177670   0.0000443376  -0.0005191876  -0.0000843862
64  2  -0.0005660992   0.0011214691   0.0000043310   0.0029156116  -0.0020579994
64  3   0.0004858635  -0.0004660108   0.0024177255   0.0004797754   0.0001595916
64  4  -0.0030123544   0.0002784346  -0.0013143244   0.0018276857  -0.0013640894
64  5  -0.0010599304  -0.0003889239   0.0000213721   0.0012991222  -0.0025853844
64  6   0.0015265247  -0.0011294476  -0.0192624775  -0.0802983634  -0.0035790146
64  7   0.0011731227   0.0022231802   0.0021011147  -0.0010340341  -0.0001725146
64  8   0.0004338646  -0.0000453763   0.0000492688  -0.0000345041   0.0003352542
64  9  -0.0000336848  -0.0001614748   0.0000263550   0.0000598455   0.0000278122
64 10  -0.0018339406  -0.0009761840  -0.0002676402  -0.0002565286  -0.0001735508
64 11  -0.0001927562  -0.0003285095  -0.0006789387   0.0010638153  -0.0013119783
64 12   0.0003079985  -0.0006661394   0.0001021734   0.0001811095  -0.0000782838
64 13   0.0003389756  -0.0008936635  -0.0020989714   0.0252497067   0.0790757730
64 14   0.0035859192  -0.0000299135   0.0002224829   0.0000461945  -0.0000390286
64 15  -0.0002583512  -0.0000627866
65  1   0.0000757670  -0.0002869808   0.0000408444  -0.0000369640  -0.0000779961
65  2   0.0001046089  -0.0007300622   0.0019657785  -0.0008764195   0.0023101053
65  3  -0.0027799255  -0.0007787785  -0.0018297284   0.0068684867   0.0071722737
65  4   0.0006779397  -0.0046173714  -0.0032873041   0.0000532160   0.0039520650
65  5   0.0011224658   0.0002822252  -0.0019319685   0.0009482112  -0.0020202660
65  6  -0.0091368313  -0.0023662471  -0.0781893784  -0.4658663436  -0.0525243169
65  7   0.0012035317  -0.0006193576  -0.0000851657  -0.0011456748   0.0004585579
65  8   0.0013261542   0.0000371613   0.0000032398   0.0000614474   0.0000075166
65  9   0.0000336749   0.0000102150  -0.0002007606  -0.0001060068   0.0000499799
65 10  -0.0001776815   0.0005189938   0.0004410854  -0.0001003067  -0.0008125693
65 11  -0.0011750473  -0.0009130078  -0.0009822787  -0.0018853428   0.0001302990
65 12   0.0004980740  -0.0001199964   0.0002522825   0.0001136622   0.0004424357
65 13   0.0008870459   0.0019674243  -0.0000668133   0.0790757730   0.4713529614
65 14   0.0516481369   0.0002276022  -0.0002930970  -0.0000009704   0.0001233648
65 15  -0.0002221918  -0.0002014566
66  1  -0.0003101445   0.0001853869  -0.0002271461   0.0004544143  -0.0000358954
66  2   0.0001511067   0.0010036365  -0.0007129719   0.0000004027  -0.0012621781
66  3   0.0008620191  -0.0001079258   0.0007630004   0.0007435631  -0.0064994508
66  4  -0.0008360939  -0.0027053795  -0.0018307174  -0.0016156370  -0.0014913244
66  5  -0.0009150153   0.0005582552   0.0003708798   0.0012799673  -0.0081883627
66  6  -0.0444134704  -0.0092516353   0.0041582156  -0.0028503487  -0.0481665958
66  7  -0.0004284125  -0.0011038744  -0.0009142447   0.0006234974   0.0002406970
66  8  -0.0001449317   0.0000238744  -0.0000001624  -0.0000055735  -0.0001282203
66  9   0.0000073309   0.0000281401   0.0000235248   0.0000073545  -0.0000130393
66 10   0.0004754700   0.0002516239   0.0003174238  -0.0000039602  -0.0000640592
66 11   0.0004167207   0.0007884115  -0.0005249605   0.0022502909  -0.0005805587
66 12   0.0003414592  -0.0002274348  -0.0001107924   0.0001396962   0.0000399656
66 13   0.0011019804  -0.0013616351  -0.0066292576   0.0035859192   0.0516481369
66 14   0.0702046151   0.0000451715   0.0002176525   0.0000054494  -0.0001410109
66 15   0.0002482817   0.0002388859
67  1  -0.0010855369  -0.0000011114   0.0001487859   0.0006759859   0.0001688646
67  2   0.0003017510   0.0081175556  -0.0069815859   0.0101422091   0.0000592130
67  3  -0.0050703945   0.0018140013  -0.0016610065  -0.0005298417   0.0002428991
67  4   0.0004163608  -0.0000349162  -0.0000023616  -0.0052277651  -0.0005365509
67  5   0.0038054542   0.0002344292  -0.0002070534  -0.0002670198  -0.0186506048
67  6   0.0219010315  -0.0224568782   0.0032487830  -0.0018699162  -0.0006562859
67  7  -0.0988296586   0.0585787492  -0.0779079295   0.0067278001  -0.0040133548
67  8   0.0036569629  -0.0000959195   0.0000338942  -0.0001000204  -0.0001242237
67  9   0.0000567172  -0.0000093513   0.0000979245   0.0000054636  -0.0001370531
67 10   0.0007041213   0.0007273966  -0.0003550970   0.0002238323   0.0000980195
67 11   0.0000205779  -0.0000345878   0.0000449811   0.0000963975  -0.0008086574
67 12   0.0014912165  -0.0011056395   0.0000850043  -0.0000538600   0.0000161562
67 13   0.0011685853  -0.0006024032  -0.0001655590  -0.0000299135   0.0002276022
67 14   0.0000451715   0.1049984079  -0.0633099627   0.0834993847  -0.0002101295
67 15  -0.0001229851  -0.0006265560
68  1   0.0000345114   0.0004251258  -0.0004862653   0.0008250816  -0.0003108298
68  2   0.0004511505   0.0142759023  -0.0137561339   0.0200361798  -0.0018657617
68  3  -0.0075511803   0.0015855241  -0.0022836923   0.0010185407   0.0010178343
68  4   0.0002437562  -0.0000946099  -0.0007017806   0.0003607524   0.0009789530
68  5  -0.0008515483   0.0000290949   0.0000856852   0.0001288426   0.0019347930
68  6  -0.0007447824   0.0033750890  -0.0009564281   0.0002105006  -0.0006708189
68  7   0.0570611574  -0.1315047511   0.1015317466  -0.0070873088   0.0105031094
68  8  -0.0233788933   0.0000635033   0.0003311803  -0.0002764838  -0.0001193616
68  9  -0.0000236317  -0.0000356909   0.0000115439   0.0000000076  -0.0000328073
68 10   0.0003974212   0.0002117867  -0.0005286653   0.0002155451   0.0000396137
68 11   0.0000207703  -0.0000146406   0.0000788182   0.0001092652  -0.0000253584
68 12  -0.0000320864   0.0000755181  -0.0000923151  -0.0000187567   0.0000275108
68 13   0.0003451508   0.0006184630  -0.0002706150   0.0002224829  -0.0002930970
68 14   0.0002176525  -0.0633099627   0.1385677852  -0.1012004141  -0.0002658670
68 15   0.0012602899  -0.0001431010
69  1  -0.0006064153  -0.0007459289   0.0005512770  -0.0007467464   0.0008132562
69  2  -0.0009906870  -0.0016195347   0.0034095207  -0.0019450275   0.0000871423
69  3  -0.0001236808   0.0015911820   0.0002727599  -0.0000900420  -0.0001871481
69  4  -0.0000073464   0.0000355576   0.0001476769   0.0019804519  -0.0011082501
69  5  -0.0011111249  -0.0003305818   0.0002698988   0.0000774967   0.0029061094
69  6  -0.0028408465   0.0037642026   0.0007668851  -0.0005500693   0.0020165545
69  7  -0.0777775738   0.1015249263  -0.1694968833  -0.0091153433   0.0003252492
69  8  -0.0379852216  -0.0000984995  -0.0002325585   0.0001320267  -0.0001006502
69  9  -0.0001061330   0.0001252495   0.0001302494  -0.0000901818   0.0001196657
69 10   0.0005218205   0.0000240173   0.0007828635  -0.0000420767  -0.0000500919
69 11  -0.0000012353   0.0000285752   0.0000023253  -0.0000145336   0.0002608211
69 12  -0.0003540676   0.0005179810  -0.0001008566   0.0001096048  -0.0000161067
69 13  -0.0003455526   0.0000739194   0.0003263933   0.0000461945  -0.0000009704
69 14   0.0000054494   0.0834993847  -0.1012004141   0.2021058390   0.0003907836
69 15   0.0009049593  -0.0005158900
70  1  -0.0001144388   0.0003817737  -0.0001178070   0.0003519247  -0.0005126521
70  2   0.0004721772  -0.0003578264   0.0013315398   0.0007649628  -0.0003783541
70  3   0.0004060399   0.0000211361   0.0010899779   0.0001747427  -0.0000491534
70  4  -0.0002740226  -0.0002290998  -0.0000974123  -0.0002823294   0.0004265930
70  5   0.0008693697  -0.0001572545  -0.0003597539  -0.0001763469   0.0033830359
70  6   0.0044954651   0.0021841668  -0.0009342588  -0.0006351596  -0.0007883475
70  7   0.0008534929   0.0054351584   0.0026905671  -0.1958523899  -0.2517383046
70  8   0.0101290189  -0.0000097551  -0.0001192794  -0.0000346923   0.0002161192
70  9   0.0000338877  -0.0004160280  -0.0000381173  -0.0000312214  -0.0002471708
70 10   0.0003062044   0.0001781176   0.0002598064  -0.0000900331  -0.0000442230
70 11  -0.0000026612   0.0000504431  -0.0000396021  -0.0000132236  -0.0000146992
70 12  -0.0000476945  -0.0001311569   0.0000410779  -0.0002609323  -0.0002314217
70 13  -0.0004024153  -0.0013722123   0.0002668223  -0.0000390286   0.0001233648
70 14  -0.0001410109  -0.0002101295  -0.0002658670   0.0003907836   0.1928627767
70 15   0.2426693193  -0.0156023785
71  1   0.0000733205  -0.0000069202  -0.0000030575   0.0005696717   0.0004805679
71  2  -0.0002202954   0.0003796813  -0.0007352003  -0.0054391245   0.0006032018
71  3   0.0005114601   0.0002772806  -0.0007775999  -0.0002178932   0.0000146760
71  4   0.0003326360   0.0002630948   0.0000683115   0.0000338005  -0.0011236707
71  5  -0.0007433468  -0.0004044998   0.0004953921  -0.0001692942   0.0009110460
71  6   0.0002456685   0.0004826803  -0.0006438942   0.0013763603   0.0015507040
71  7  -0.0133198228  -0.0187364506   0.0026007919  -0.2305974025  -0.3169937942
71  8  -0.0118174494  -0.0000183117   0.0000794819  -0.0000263253   0.0000747085
71  9   0.0000162029   0.0001089115   0.0000747243   0.0000362093   0.0000671347
71 10  -0.0006484936  -0.0010761480   0.0003128520   0.0001104066   0.0000473982
71 11  -0.0000009774  -0.0000515740   0.0000437574  -0.0000307953  -0.0000720194
71 12   0.0002401396   0.0001058061  -0.0001219644   0.0004475855   0.0003001942
71 13   0.0012044021   0.0001412471  -0.0004439085  -0.0002583512  -0.0002221918
71 14   0.0002482817  -0.0001229851   0.0012602899   0.0009049593   0.2426693193
71 15   0.3334274133   0.0118519906
72  1   0.0001757382   0.0000820791   0.0002792791   0.0006716988   0.0003498459
72  2  -0.0005762186   0.0008622510  -0.0019347365  -0.0067065211   0.0002535275
72  3   0.0004530278   0.0004795590  -0.0000406112  -0.0000636441  -0.0001586371
72  4  -0.0000510192   0.0000354877   0.0000022718   0.0007153035   0.0004018937
72  5   0.0011527008  -0.0000950552  -0.0004153191  -0.0008413061  -0.0003425328
72  6  -0.0021722281   0.0003961427  -0.0005017470   0.0011942683   0.0006065650
72  7  -0.0234482853  -0.0343828425  -0.0041022319   0.0378011876   0.0255959932
72  8  -0.0354281703  -0.0000903438  -0.0000060205  -0.0000238787  -0.0004671074
72  9   0.0000217786   0.0004322283   0.0000564569   0.0001717062   0.0002196098
72 10  -0.0007553089  -0.0015523237   0.0003242955   0.0000463415   0.0001308606
72 11  -0.0000433183  -0.0000059823  -0.0000211549  -0.0000366432  -0.0000477463
72 12  -0.0000561435  -0.0001308393   0.0000547275  -0.0000866351  -0.0000623286
72 13   0.0015002279   0.0007466737  -0.0000726052  -0.0000627866  -0.0002014566
72 14   0.0002388859  -0.0006265560  -0.0001431010  -0.0005158900  -0.0156023785
72 15   0.0118519906   0.0445670506
$end
