$vibrational normal modes
 1  1  -0.0100475322   0.1080216824  -0.0520403079   0.1254165977  -0.1224132636
 1  2   0.0132496584   0.0377318807  -0.1064146337   0.0750322666   0.3031655360
 1  3   0.0148942727   0.0524054673  -0.0228766885  -0.0015707510  -0.0291651066
 1  4   0.0256497526  -0.0182178686  -0.0438362151  -0.0548667126  -0.1858454158
 1  5  -0.0803124196  -0.0903732379   0.1136186912   0.0498490183   0.0252360964
 1  6   0.0392371334   0.0095467527  -0.0339367798  -0.0159419207  -0.0222378306
 1  7   0.0405425964  -0.0200990121  -0.0081241068   0.0148422117  -0.0718877060
 1  8   0.0765258524  -0.1192400549  -0.0378426569  -0.0011067858  -0.0181938420
 1  9   0.0053702054  -0.0061908782   0.0015220397   0.0044472999  -0.0079177845
 1 10   0.0051773250   0.0246492464  -0.0023633611  -0.0017618470   0.0081148322
 1 11   0.0047354890   0.0075056221  -0.0034752461  -0.0041616100   0.0007550862
 1 12  -0.0016163082  -0.0008818497   0.0022594829   0.0234151797   0.0003187567
 1 13   0.0018263310  -0.0004396850   0.0000369542   0.0002788276   0.0000351810
 1 14  -0.0000310037   0.0004798077  -0.0000139760  -0.0000816451  -0.0001199617
 1 15   0.0002354248  -0.0575949113
 2  1  -0.0578215991  -0.0262149843  -0.2288382067  -0.0937448002  -0.1901529631
 2  2  -0.1765934109   0.2317771254  -0.2412819427   0.0658044859   0.0439576083
 2  3  -0.0088972724   0.0056255145   0.0225022348  -0.0026877016   0.0025204862
 2  4   0.0569116928  -0.0103574474   0.0314039096  -0.0005014085   0.0776440104
 2  5   0.0395601104   0.0407440913  -0.0365819301  -0.0184277740  -0.0088717993
 2  6  -0.0156720338  -0.0240944812   0.0098253254  -0.0102775396   0.0205547786
 2  7  -0.0262808271   0.0223239198  -0.0187693141  -0.0141024403   0.0729270806
 2  8  -0.0781195023   0.1431921879   0.0395580033  -0.0014131032  -0.0260021398
 2  9   0.0156331148  -0.0488188064   0.0064820684   0.0086460766  -0.0153767680
 2 10  -0.0204068276   0.0207859865  -0.0053139825  -0.0066594921   0.0103729604
 2 11   0.0030983415   0.0066792187  -0.0037208565   0.0005511954  -0.0044985211
 2 12  -0.0039560747  -0.0022021566   0.0015457780   0.0148455359  -0.0058849086
 2 13  -0.0007814128  -0.0000339616  -0.0000364490  -0.0002562715  -0.0000035306
 2 14   0.0000462125  -0.0005243443   0.0000340033   0.0000084586   0.0000132341
 2 15  -0.0000575331   0.0088626973
 3  1  -0.1271215551  -0.0718325774   0.2665391906  -0.0645120359  -0.1368796424
 3  2  -0.1462845906   0.3008037852   0.0137434992  -0.0036972390  -0.1383827445
 3  3  -0.0308897924  -0.0819713897  -0.0161297868   0.0067133824  -0.0003111814
 3  4   0.0164586828  -0.0354265733  -0.0249532864   0.0363442240  -0.0371258718
 3  5  -0.0199039772  -0.0095927359   0.0061943472  -0.0038428417  -0.0025732479
 3  6   0.0028955165   0.0055196348  -0.0316620330  -0.0060795500  -0.0126697202
 3  7   0.0268584738  -0.0187191648  -0.0213649195   0.0170015829  -0.0841476835
 3  8   0.1017655162  -0.1836813801  -0.0418402724   0.0063640704   0.0156541399
 3  9  -0.0296690872  -0.0007709268   0.0038467904   0.0062461684   0.0025775965
 3 10  -0.0416818177  -0.0220379988  -0.0039674028   0.0008944670  -0.0161195294
 3 11  -0.0098667993  -0.0177552397   0.0059907156   0.0045344743   0.0048339991
 3 12   0.0067489512   0.0025586734  -0.0039054492  -0.0449564549   0.0112958489
 3 13   0.0009274059   0.0000136556   0.0000146058   0.0002207699  -0.0000082332
 3 14  -0.0000580321  -0.0004799937   0.0000022528   0.0000524975   0.0000615059
 3 15  -0.0000886832   0.0231276094
 4  1   0.0010328654   0.0538444959   0.0449621110   0.1235279501  -0.1417557635
 4  2   0.0363471453   0.0375249387   0.0438498190  -0.0183420904   0.0525946449
 4  3   0.0221779865  -0.0003040877  -0.0306810246   0.0127863451  -0.0156746137
 4  4  -0.0212984434  -0.1248952418  -0.0881011578   0.1091899110  -0.1271291994
 4  5  -0.0593176474   0.0167244047  -0.0521634930  -0.0851637754  -0.0588001492
 4  6  -0.0948548336  -0.0374349406  -0.0307186708   0.1209400528  -0.0658581723
 4  7   0.0085981433   0.0505167840   0.0845510301  -0.0577414376   0.0696139699
 4  8  -0.1046282961   0.2108820351   0.0165410909  -0.0255874100  -0.0601085610
 4  9   0.0688962194   0.0154410408  -0.0006021981  -0.0073129190   0.0160513794
 4 10   0.0022019464  -0.0363927713   0.0013010940  -0.0021959795  -0.0083858434
 4 11  -0.0103173561  -0.0187843804   0.0049476387   0.0123612764   0.0060975644
 4 12   0.0109320750  -0.0055771155  -0.0090857556  -0.1802649449  -0.0142778625
 4 13  -0.0308619705   0.0014846814   0.0001968412   0.0012658077   0.0001605218
 4 14   0.0004069549   0.0129137648  -0.0000059276  -0.0000694291  -0.0000144655
 4 15  -0.0000973957  -0.0004835518
 5  1   0.0420701122   0.0080721422  -0.1677200877  -0.1282626605  -0.1809197969
 5  2  -0.1284301904  -0.0461592115   0.0698289894  -0.0737173288  -0.0052780255
 5  3   0.0385523143   0.1895483043   0.0545229516   0.0290590553   0.0059385426
 5  4   0.0193500745  -0.1160966136  -0.0021591973   0.0438797344   0.0573528370
 5  5   0.0232761063   0.0483068872  -0.0599182020  -0.0481824662  -0.0226527103
 5  6  -0.0457333195  -0.0085001517   0.0284121921   0.0825739315  -0.0380686168
 5  7   0.0013312045  -0.0161283580   0.1061004954   0.0120699966  -0.0980936504
 5  8   0.0938469599  -0.1939432609  -0.0746419318  -0.0105108163   0.0573455102
 5  9  -0.0176548598   0.1408434339  -0.0144202178  -0.0171488801   0.0204525007
 5 10   0.0167034576  -0.0194670265  -0.0034212357  -0.0200046225   0.0194524266
 5 11   0.0007149801   0.0073407769  -0.0131242622   0.0089431747  -0.0208219928
 5 12  -0.0178344581  -0.0166618697   0.0058931760   0.0350008004  -0.0356277589
 5 13  -0.0535896026  -0.0001229206   0.0020865079   0.0136620524   0.0007655891
 5 14   0.0008760403   0.0614402621  -0.0000165553  -0.0000622524   0.0000053899
 5 15  -0.0000144541  -0.0005685391
 6  1  -0.0507461175   0.0040589184   0.2359683210  -0.0925661083  -0.1123704779
 6  2  -0.1246718929   0.0566806506   0.1515153223  -0.0434607599   0.0406062033
 6  3   0.0074990230   0.1349731509   0.0268715491   0.0233022496  -0.0075675531
 6  4   0.0283406681  -0.0315385125   0.0029310638  -0.0749810119  -0.0453814101
 6  5  -0.0180960483  -0.0591858049   0.0867914764   0.0712039348   0.0502324313
 6  6   0.0689432842   0.0296909146   0.0600396690  -0.0552216893   0.0435953726
 6  7  -0.0399118279  -0.0271274891   0.0209845317   0.0355835633   0.1027651049
 6  8  -0.1318909795   0.2256819897   0.1015539634   0.0179004671   0.1080161378
 6  9  -0.0498114804   0.0561597571  -0.0136105521  -0.0129474691  -0.0068419474
 6 10   0.0476448514   0.0492964913   0.0006002856  -0.0178506460   0.0343710954
 6 11   0.0127871925   0.0180395904  -0.0143949962  -0.0020756831  -0.0040553220
 6 12  -0.0023273111   0.0045652094   0.0025605717   0.0188865441   0.0673951465
 6 13   0.0325959357  -0.0076027011   0.0026765826   0.0178286512   0.0010351566
 6 14   0.0007817258   0.0635663421   0.0000152794   0.0000040863   0.0000128192
 6 15  -0.0000339733   0.0017688977
 7  1  -0.0051714669   0.0802785526   0.0131740526   0.1227325512  -0.1170072490
 7  2   0.0649965655  -0.0078419081   0.0040692674   0.0096818499   0.0737277378
 7  3   0.0196803762  -0.0550391627  -0.0421749698   0.0047529768  -0.0113947613
 7  4  -0.0205711329  -0.0548907955  -0.0544416655   0.0772937001  -0.0052887460
 7  5  -0.0058931448   0.0277478780  -0.1197856723  -0.0696279053  -0.0415524483
 7  6  -0.0778626839   0.0389700423   0.0689352229   0.0867341038   0.0303973269
 7  7  -0.1233513195   0.0308650099  -0.0728668012  -0.0487900420   0.1121965092
 7  8  -0.0364432449  -0.0956955665   0.0807738569   0.0046111909   0.1703464873
 7  9  -0.1270906270   0.0201700077  -0.0383606800  -0.0074984299  -0.0562212046
 7 10  -0.0065259367   0.0643009716   0.0035164988   0.0033896698  -0.0660149016
 7 11  -0.0334673073  -0.0722383745   0.0412472314   0.0019480022   0.0417585855
 7 12   0.0423372123   0.0673668125  -0.0182889003   0.0900160216  -0.0092651383
 7 13   0.0006966437   0.0005305405  -0.0006850538  -0.0032640604  -0.0004146810
 7 14   0.0013795574   0.0013877612   0.0000578680  -0.0000383135  -0.0000277799
 7 15  -0.0000463744   0.0002466880
 8  1  -0.0178582489  -0.0367602972  -0.1135020363  -0.1131464068  -0.1456200214
 8  2  -0.0194959665  -0.0692204737   0.0358482748  -0.0536265529  -0.0896429171
 8  3   0.0640132832  -0.0580776511  -0.0313380444  -0.0025700722   0.0047378164
 8  4  -0.0087760966  -0.0401033036  -0.0366017393  -0.0285264321   0.0174350180
 8  5  -0.0268044771  -0.0871579490   0.0525165485   0.0353723799   0.0205929320
 8  6  -0.0318915746   0.0808331536   0.2146401161   0.1529160869  -0.0898073653
 8  7   0.0773982261  -0.0323040053  -0.0199518125   0.1660534355  -0.1107199979
 8  8   0.0507079860   0.0866672287   0.0076401105   0.0431595784  -0.0373960420
 8  9  -0.0895100648  -0.1554588127   0.0250300481   0.0067830137   0.0012493714
 8 10   0.0403886469   0.0018184885   0.0174926842   0.0340609384   0.0059344017
 8 11   0.0439112343   0.0326641816   0.0308883804  -0.0554787912   0.0776922152
 8 12   0.0507992544   0.0538774130  -0.0139079602  -0.0084875316  -0.0109397984
 8 13   0.0012816767   0.0147881004  -0.0059351738  -0.0303229293   0.0012066518
 8 14   0.0009676238   0.0104142957  -0.0003011736   0.0002015553   0.0000579595
 8 15  -0.0003272745   0.0000611259
 9  1  -0.0556663316   0.0775646186   0.1475212240  -0.0971878175  -0.0570783644
 9  2  -0.0725801224  -0.0593387125   0.0570804994   0.0294281694   0.1581770131
 9  3   0.0063738389   0.0348300991  -0.0017660364   0.0064175480  -0.0075149424
 9  4   0.0278380894   0.1030380087   0.0317669473  -0.1065621756   0.0884213575
 9  5   0.0244914071  -0.0570312322  -0.0623960771   0.0331586000   0.0266825158
 9  6   0.0010709802   0.1451949582   0.1113978810   0.1661895083  -0.0220204911
 9  7  -0.0948681809   0.0991806953  -0.0431253216  -0.1786166085   0.0973650323
 9  8  -0.0185248359  -0.1155954307  -0.0201462906  -0.0560952648  -0.0916558256
 9  9   0.0697716423  -0.0740015504  -0.0187581235  -0.0130423680  -0.0062180426
 9 10  -0.0004665202  -0.0975901353   0.0150337119   0.0086445354  -0.0189068460
 9 11   0.0048349584   0.0008026012  -0.0062518401   0.0254090689  -0.0500665088
 9 12  -0.0178984388  -0.0074223380  -0.0026635236  -0.0053250369   0.0037494382
 9 13   0.0056371012   0.0290159201  -0.0125850834  -0.0640122376  -0.0002117135
 9 14   0.0024290296   0.0207314414   0.0001643368  -0.0000411304  -0.0000427680
 9 15   0.0002358556  -0.0001143466
10  1   0.0055339494   0.0267519704   0.1137230051   0.1203460937  -0.1314758592
10  2   0.0999184050   0.0106745164   0.0208334496   0.0241230194   0.1168584358
10  3   0.0138685027  -0.0300517577  -0.0298291036  -0.0137964110  -0.0089268914
10  4  -0.0160674923  -0.0978313053   0.0623322887  -0.0468462002   0.0960910161
10  5   0.0584382507   0.0387906663   0.0806400997  -0.0092832696  -0.0071400776
10  6  -0.0433699985  -0.1086436427   0.1383574596  -0.0417100617   0.1699802511
10  7  -0.1091643394   0.0393436348   0.0216188498   0.1405511530  -0.0208131355
10  8   0.0085961847   0.0212944592  -0.1608037443   0.0677393265  -0.1027147862
10  9  -0.0525444560   0.0374003095   0.0475375078   0.0065140134   0.0176862433
10 10   0.0007901723  -0.0086619441  -0.0000296883   0.0095684460   0.0123309796
10 11  -0.0115579099  -0.0122891337  -0.0177064108  -0.0150843810  -0.0072416018
10 12  -0.0075705818  -0.0045311228   0.0015543768  -0.0012268424  -0.0007502863
10 13   0.0000245202   0.0007193623   0.0005558254  -0.0013568213   0.0013251869
10 14  -0.0010523671   0.0001561581  -0.0002321883   0.0001489596   0.0000697112
10 15  -0.0000058574   0.0000413288
11  1   0.0767222143  -0.0038200517  -0.0574172496  -0.1457192004  -0.1376792782
11  2   0.0234014238  -0.0809397708   0.0200898034   0.0226913671  -0.0454739590
11  3  -0.0331714050  -0.1021506080  -0.0147374982  -0.0101437732  -0.0032714370
11  4  -0.0371035759  -0.1704670329   0.1108859613   0.0177241651   0.0669331234
11  5  -0.0327600110  -0.0896034042   0.3123207524   0.0201860860   0.0012589838
11  6  -0.0129099177  -0.0318931795  -0.1487804181   0.0370327922   0.0264308084
11  7  -0.1133966751  -0.0471455141  -0.0099518106  -0.0779516995   0.0134335184
11  8   0.0108506887  -0.0239492646   0.0691839241  -0.0422589005   0.0263309098
11  9   0.0537099678  -0.0067649713  -0.0267247493  -0.0015004158   0.0003598165
11 10  -0.0012324537  -0.0027802715  -0.0133350078  -0.0148206013  -0.0152477538
11 11   0.0068441218   0.0092628322   0.0207758255   0.0052809467  -0.0197558513
11 12  -0.0210866121  -0.0048751803  -0.0079476185  -0.0049456611   0.0016844017
11 13   0.0001344042  -0.0010737450   0.0000261263   0.0011814622  -0.0004405920
11 14   0.0003314782  -0.0004803105   0.0003332560  -0.0002376821   0.0000036403
11 15  -0.0000690719  -0.0000466601
12  1   0.0364134644   0.1562227918   0.1254712532  -0.1299575509  -0.0368429937
12  2  -0.0552821357  -0.0837569618   0.0274838572   0.0933550787   0.1636728691
12  3  -0.0899215313  -0.0341373841   0.0051210055   0.0066776117  -0.0068930816
12  4  -0.0024636088   0.0061308224   0.0913774970   0.0608493499   0.1234032081
12  5   0.0027751634  -0.0346267156  -0.0394413945  -0.0857565156  -0.0314583335
12  6  -0.0956830932   0.1713085329  -0.0899875797  -0.0558880822  -0.0671166938
12  7   0.1709744544  -0.0200706054   0.0198389451   0.0295258302  -0.0707013587
12  8   0.0179760524   0.0858273184   0.0043039039   0.0395902709   0.0106953677
12  9  -0.0251482231   0.0046583586   0.0162371405   0.0066638138   0.0090041177
12 10   0.0040629993   0.0282173318   0.0021271020   0.0173407704  -0.0013527138
12 11  -0.0282429184  -0.0357273675  -0.0282502065  -0.0045442301   0.0077205120
12 12   0.0067197694   0.0027583435   0.0065687011   0.0082797950  -0.0008731992
12 13  -0.0000188486   0.0007011414  -0.0002949001  -0.0002484554  -0.0003135018
12 14   0.0002687099  -0.0000270309   0.0001007091  -0.0002003562  -0.0000033275
12 15  -0.0000195244   0.0000282493
13  1   0.0014625146   0.0425143142   0.1020101449   0.1190717494  -0.1095838747
13  2   0.1356035553   0.0351828706  -0.0181995444   0.0017925284   0.0592282909
13  3   0.0351631594   0.0079126907  -0.0128837732  -0.0110343520  -0.0046846451
13  4  -0.0052584584  -0.0489733567   0.0547437830  -0.0468670834   0.0693512434
13  5   0.0849797330   0.0594160530  -0.0194631124   0.0220942096  -0.0165303186
13  6   0.0150108086  -0.1541286222   0.1538271944  -0.0415252298  -0.0235127970
13  7   0.1023143319  -0.0651053074   0.0220874685  -0.0626545439  -0.1076965887
13  8   0.0506480748  -0.0295789259   0.2128558582  -0.0873231950   0.0815138556
13  9   0.1427763929  -0.0758381736  -0.0684264059  -0.0101158706  -0.0021676861
13 10  -0.0080918911  -0.0210503397   0.0008642205  -0.0026578374   0.0129371585
13 11   0.0015895034   0.0148847213  -0.0735961039   0.0016611431   0.0577837017
13 12   0.0679840210  -0.0150071554   0.0526878866  -0.0011093581   0.0004190026
13 13  -0.0002791254  -0.0001422241   0.0031331654  -0.0001775959   0.0218803465
13 14  -0.0182323351  -0.0002197667   0.0002141133   0.0007151641  -0.0000976585
13 15  -0.0000421042  -0.0000553351
14  1   0.0353650468  -0.0393436565  -0.0028285261  -0.1363439352  -0.1056021827
14  2   0.1246202153  -0.0243633834  -0.0275200529  -0.0091314691  -0.0330316797
14  3  -0.0200100813  -0.0247909516   0.0427686904  -0.0115877109   0.0112143855
14  4  -0.0100553494  -0.0470644822   0.0911410943  -0.0513945729  -0.0708018011
14  5  -0.0017752876  -0.0055162562  -0.0840606092   0.0255355777   0.0147289727
14  6   0.1852925593   0.0028405660  -0.1286321473   0.1140485146   0.1313279842
14  7   0.1250083880   0.2123339170   0.0029977425   0.1183510572   0.0219455113
14  8  -0.0976510540  -0.0522755240  -0.0025212512   0.0111728119   0.0348358414
14  9   0.0100784707   0.0170697907   0.0220131901   0.0130094512   0.0070396948
14 10  -0.0084577221   0.0106596956   0.0432712682   0.0135145953   0.0004965295
14 11  -0.0283069881   0.0348192111  -0.0314567312   0.1008927494   0.0395146135
14 12   0.0942680040  -0.0178958388   0.0408893439   0.0139853746  -0.0001554701
14 13   0.0003295742  -0.0002890115  -0.0064346129   0.0019446871  -0.0407609171
14 14   0.0356684719  -0.0001428052  -0.0011552648   0.0014960546  -0.0002253712
14 15   0.0000201137   0.0000292855
15  1   0.0524208410   0.2346280727   0.0469804040  -0.1409627909   0.0136336283
15  2  -0.0081127766  -0.0324037542  -0.0603691710   0.0217910814  -0.0524580889
15  3  -0.0367725650   0.0061972966   0.0064774207   0.0092526141   0.0006149858
15  4   0.0037137554   0.0444422490  -0.0044893587   0.1455632259  -0.0400456561
15  5  -0.0096906770  -0.0743849511  -0.0549283873  -0.0175731363  -0.0237455536
15  6  -0.0091645008  -0.0633370440   0.0950058311  -0.0619786202  -0.0314001744
15  7  -0.0628074494  -0.0344427781   0.0065503602   0.4049644307   0.0974900527
15  8  -0.1102151838  -0.1066889799   0.0175606225  -0.1272816055  -0.0073791975
15  9   0.0715225844  -0.0177480255   0.0173664887  -0.0208368118  -0.0076678359
15 10   0.0040797746  -0.0131507268  -0.0294261937  -0.0129001383  -0.0251826133
15 11   0.0040369292   0.0241964602   0.0411913123   0.0278983112  -0.0378691375
15 12   0.0188479538  -0.0115869502   0.0071960568  -0.0028252726  -0.0001232469
15 13  -0.0001361448   0.0006165378   0.0090133914  -0.0037457982   0.0439191732
15 14  -0.0374144005   0.0004213734  -0.0012824416  -0.0004903869   0.0002894805
15 15   0.0000139420  -0.0000185834
16  1  -0.0121044598   0.0974047517   0.0493163354   0.1159492198  -0.0450765152
16  2   0.2292930864   0.1266948821  -0.1119009566  -0.0922754933  -0.1328640425
16  3   0.1340730786   0.1147795070  -0.0163857859  -0.0083130754   0.0132534532
16  4   0.0317533430   0.0806015264   0.1068094247   0.0384715520   0.0661436592
16  5   0.0206354458  -0.1709754370   0.0737149566  -0.0201769440  -0.0510517981
16  6  -0.0379309223   0.1199188284  -0.0877762433   0.0107121863  -0.0022523483
16  7   0.0185045828   0.0162829795  -0.0002347599  -0.0185038735  -0.0087262687
16  8  -0.0000200667   0.0100923615   0.0021705982   0.0167579705   0.0078034940
16  9  -0.0038913139   0.0032099302   0.0269399183  -0.0158671916  -0.0070894884
16 10   0.0041830810   0.0034434653  -0.0109471290  -0.0032681237  -0.0038714893
16 11   0.0020384253  -0.0065220617   0.0159766254  -0.0064901793  -0.0134149926
16 12  -0.0142839621   0.0034695599  -0.0067206966  -0.0009634176   0.0000047726
16 13  -0.0000288597  -0.0001273816   0.0001648928   0.0002778705  -0.0001321077
16 14   0.0001384591  -0.0000747894   0.0018841394   0.0316134504   0.0002784999
16 15  -0.0000376847  -0.0000475334
17  1  -0.1038474183  -0.1018613277  -0.0328127359  -0.0916346552  -0.0936693077
17  2   0.1411983530   0.0038547872   0.0806238037  -0.0043720901   0.1072994386
17  3  -0.0672158254  -0.0316145971   0.1675490539  -0.1149179018   0.0645161651
17  4   0.0116962984   0.0761801471   0.0494926197   0.1726827742  -0.0147402123
17  5  -0.0479622533  -0.0946329749  -0.0969104394  -0.0114508823  -0.0404016866
17  6   0.1211055297  -0.1300139177   0.0910895459  -0.0176515114  -0.0043530470
17  7  -0.0262350774  -0.0232292344  -0.0030967495  -0.0845927483  -0.0205204224
17  8   0.0372771391   0.0248175376  -0.0172558962   0.0187831301   0.0082573046
17  9  -0.0029054619  -0.0033270541   0.0129478912  -0.0107872595  -0.0058842243
17 10   0.0033606441  -0.0022435620  -0.0134918538   0.0040364068   0.0090696817
17 11   0.0076012362  -0.0167055903   0.0096892881  -0.0248264354  -0.0094457901
17 12  -0.0209472460   0.0045569325  -0.0087971549  -0.0020025111   0.0000205291
17 13  -0.0000135580   0.0000481133  -0.0001202068  -0.0001095143   0.0008760976
17 14  -0.0008638371   0.0000159825   0.0037872150   0.0536011475   0.0004625565
17 15  -0.0000716871  -0.0001184197
18  1   0.1190294531   0.2669978199   0.0593215038  -0.1626560851   0.0104763649
18  2  -0.0123351001  -0.0423605277  -0.1158956536   0.0187573061  -0.1286068706
18  3  -0.0127125005   0.0137728513  -0.0648661031   0.0708603316  -0.0249986676
18  4  -0.0076957473  -0.0159911345   0.0406419033   0.0566726156  -0.0763675121
18  5   0.0110285134  -0.0509199573  -0.1035765106   0.0101448326  -0.0149993832
18  6   0.1344670302  -0.1270675812   0.0903352876  -0.0100909191  -0.0112644006
18  7  -0.0524308766  -0.0431458215  -0.0071916411  -0.2138512061  -0.0290597885
18  8   0.0872965249   0.0766443277  -0.0806251477   0.0691776557  -0.0270969319
18  9  -0.0614875960   0.0136523478  -0.0156374874   0.0186266256   0.0091228308
18 10  -0.0013900318   0.0063718754   0.0171671470  -0.0127736310  -0.0128490454
18 11  -0.0038600781   0.0326813259  -0.0080117188   0.0247083256   0.0111839952
18 12   0.0257203921  -0.0065328407   0.0075083161   0.0000895922   0.0000470054
18 13  -0.0000785034  -0.0001690038   0.0000375335   0.0005671704   0.0004738858
18 14  -0.0004379121  -0.0002105075   0.0004713322  -0.0005031030   0.0000495215
18 15  -0.0000027112  -0.0000091121
19  1  -0.0011599878   0.0631591742   0.0338894908   0.1232334574  -0.1329082633
19  2   0.0467729613  -0.0204901631   0.0105096427   0.0180104263  -0.0096753730
19  3   0.0049735869  -0.0139125186   0.0014948241  -0.0276734875   0.0319971558
19  4  -0.0076770965  -0.0555456966  -0.0113529884   0.0355454180   0.0850379526
19  5   0.0654784840   0.0462496299   0.0005346511   0.0919372150   0.0563265520
19  6   0.1259231135  -0.1088963908  -0.0829164764  -0.0126578616  -0.3479680955
19  7   0.0357793528   0.0429506235  -0.0224837131   0.0308787324   0.0966301910
19  8  -0.0963664490  -0.0443698406  -0.0455299793   0.0281640917  -0.0103469227
19  9  -0.0473896420   0.0416452610   0.0203641817  -0.0115921102   0.0067838858
19 10  -0.0135019704   0.0227784442   0.0113662926   0.0268775543  -0.0360072488
19 11  -0.0073248466   0.0357081444  -0.0257954164   0.0024055595   0.0133669708
19 12  -0.0615900659   0.0119374466  -0.0768170659  -0.0011039736  -0.0001971596
19 13  -0.0002782851  -0.0024524909  -0.0713127943   0.0121803925   0.0017917879
19 14  -0.0155680678  -0.0003597249  -0.0000413186  -0.0001984703  -0.0010314270
19 15  -0.0000153899  -0.0000077307
20  1   0.0253291302  -0.0550629517   0.0370103158  -0.1357051071  -0.0858690651
20  2   0.1895099446   0.0178627117  -0.0476279812  -0.0235935172   0.0149859681
20  3  -0.0010897901  -0.0074784994   0.0418775210  -0.0025903952  -0.0093581679
20  4  -0.0082723128  -0.0348816635   0.0818787425  -0.1485526305  -0.0922062704
20  5   0.0168711421   0.1058068451  -0.1233351711  -0.0061170406   0.0196456037
20  6   0.0158759780   0.0852971036  -0.0577871944   0.0433419506   0.0095537245
20  7   0.0496467316  -0.1407250837  -0.0114975747   0.0257088059   0.0816261957
20  8  -0.0163626171  -0.0206871541   0.0623930982  -0.0668998923  -0.1348734794
20  9  -0.1191469859   0.0540154157  -0.0168098857   0.0034259917   0.0028995874
20 10   0.0017355560  -0.0009975421  -0.0123786388  -0.0933443549  -0.0846389770
20 11  -0.0111560331   0.0230107796  -0.0330782713  -0.1308792598  -0.0309156364
20 12  -0.0196704844   0.0177912113   0.0339594626  -0.0090719491   0.0000758874
20 13   0.0000326889   0.0001051427   0.0189551739  -0.0035032704  -0.0007586379
20 14   0.0030303292   0.0001660918  -0.0005469224  -0.0004581317   0.0017201703
20 15   0.0001430135  -0.0000051928
21  1  -0.0945439372   0.2161465041  -0.0413058595  -0.0974402619   0.0590039637
21  2   0.0373203505   0.0509207052   0.0272025906  -0.0224749853  -0.0142618214
21  3   0.0046916185  -0.0102886732   0.0524233645  -0.0428831012   0.0118167273
21  4   0.0029617432   0.0322706220  -0.0197226426   0.0990574218  -0.0392133284
21  5  -0.0027133539   0.0526447686   0.0650751118   0.0430125244   0.0284155110
21  6  -0.1676700056   0.0012778943   0.0299547898  -0.0148978487   0.0516224608
21  7  -0.0356654003   0.0449251775   0.0291723984  -0.0260686086  -0.0946871791
21  8  -0.1256789344  -0.1118658531   0.2864281338   0.0730667640  -0.1424337047
21  9  -0.0524797704   0.0617071202  -0.0100514806   0.0491470488   0.0164340402
21 10  -0.0021474918   0.0033086650   0.0445648075   0.0049101571   0.0089562028
21 11  -0.0010545584   0.0045635227  -0.0302413019   0.0495840584   0.0565395445
21 12  -0.0508809654  -0.0010920321  -0.0855152259   0.0046423485   0.0002778770
21 13   0.0001777334   0.0013489598   0.0328961787  -0.0055454149  -0.0002987778
21 14   0.0052955234   0.0002257181  -0.0000153998   0.0002232321   0.0006145494
21 15   0.0000176387  -0.0000101418
22  1   0.0125978321   0.0069342557   0.0905712569   0.1261328607  -0.1963171364
22  2  -0.0422414463  -0.1973994475  -0.0758501344   0.1549677709  -0.2331738930
22  3  -0.0196447884   0.0682737709   0.0296259491  -0.1136449324   0.0968579824
22  4   0.0248994271   0.0480834720   0.0059210222  -0.0047539424  -0.0664216288
22  5  -0.0145046558   0.0664157076   0.0055404460   0.0312905127   0.0290969169
22  6  -0.1429505967   0.0252705959  -0.0022871261   0.0077078870   0.0326669089
22  7  -0.0022662034   0.0018361107   0.0000280720  -0.0203048197  -0.0073085360
22  8   0.0279522928   0.0146189284  -0.0062722020   0.0090795284   0.0112426465
22  9   0.0099788851  -0.0034226402  -0.0032633559   0.0158036660  -0.0006424861
22 10   0.0035184446  -0.0032244630   0.0089207038  -0.0083850755   0.0118240936
22 11  -0.0041230253  -0.0087079574   0.0187055639  -0.0137576825  -0.0183058001
22 12   0.0169598354  -0.0005224095   0.0226532434  -0.0004965653   0.0000175358
22 13  -0.0000025805  -0.0000077375   0.0011074986  -0.0001984333  -0.0000140421
22 14   0.0005050171   0.0000155725  -0.0003247546   0.0002502996  -0.0414092054
22 15  -0.0008153703   0.0000990551
23  1   0.1659629852   0.0042295913   0.0817727787  -0.1817613498  -0.0914207430
23  2   0.1947098225   0.0319227434  -0.1110723444  -0.0716319160   0.0522843743
23  3  -0.0801704542   0.0067151088   0.0464395612   0.0575616781   0.0655035410
23  4   0.0049085853   0.0761256655  -0.2348634293  -0.0133023457   0.0300561077
23  5   0.0036447614   0.0893431188   0.1143034538   0.0215129222   0.0197783261
23  6  -0.1037229167   0.0272763046  -0.0099171333   0.0051423890   0.0301588197
23  7   0.0013716057  -0.0061145164  -0.0044079165  -0.0282285167   0.0079104322
23  8   0.0581695092   0.0440034559  -0.0766860814  -0.0185753040   0.0362063831
23  9   0.0103982065  -0.0196084286  -0.0038048937  -0.0382510480   0.0027162523
23 10  -0.0101013771   0.0080283630  -0.0079645074   0.0317026604   0.0044970260
23 11   0.0075978685   0.0024029883  -0.0120952761   0.0303801588   0.0205025030
23 12  -0.0142510978  -0.0017091360  -0.0234183380   0.0013562067  -0.0000163748
23 13   0.0000208880   0.0000716038  -0.0003084377   0.0000850331   0.0002169287
23 14   0.0000039121  -0.0000306895   0.0004995933  -0.0002384251   0.0354151949
23 15   0.0007270107  -0.0000753029
24  1  -0.1570036774   0.2016528851  -0.0711702736  -0.0783988232   0.0734700487
24  2   0.0520999503   0.0787117434   0.0694262280  -0.0320428156   0.0123384588
24  3   0.0399389868  -0.0327246621   0.0471861889  -0.0587486100  -0.0487091674
24  4  -0.0103119113  -0.0390914492   0.1127346654   0.0660573072  -0.0716569917
24  5   0.0242257956   0.0931357626  -0.0385903307   0.0876837561   0.0708164784
24  6  -0.1945036635   0.0151580648  -0.0363524271   0.0256472841   0.0189659210
24  7   0.0192062824  -0.0059380465  -0.0143977794  -0.0061443421   0.0462773180
24  8   0.1166327649   0.0797817375  -0.1666420929  -0.0258409324   0.0974050971
24  9   0.0456195603  -0.0402282309   0.0078733672  -0.0187121565  -0.0083035062
24 10   0.0023652326  -0.0023863160  -0.0153414942   0.0009822142  -0.0070963851
24 11   0.0047731890   0.0009389419  -0.0112895098   0.0061821886   0.0103454129
24 12  -0.0068262387  -0.0006266684  -0.0039102414  -0.0001724864   0.0000765804
24 13  -0.0000224775   0.0000218372   0.0011761861  -0.0001387520  -0.0003542351
24 14   0.0008043789  -0.0000428093  -0.0003569361   0.0001790767  -0.0309477196
24 15  -0.0006117432   0.0000718719
25  1  -0.0120688543   0.1186135400  -0.0738274101   0.1260976760  -0.1214126421
25  2   0.0014835318   0.0046377649   0.0672204216  -0.0125824139  -0.0389315340
25  3  -0.0131620013  -0.0382467115  -0.0009639124   0.0143504545   0.0179605259
25  4  -0.0123502403  -0.0390635406  -0.0954550760   0.0954681530   0.0709208322
25  5   0.0134761078  -0.0160260629  -0.1190945683   0.0604814671   0.0609532774
25  6   0.1588756734   0.1485997036  -0.0901396718  -0.1139750212   0.0429112838
25  7  -0.0565129317   0.0709812824   0.0369405149  -0.0155349691  -0.0836173974
25  8   0.1087329666   0.0822070547   0.0225366446  -0.1310591689  -0.0767998846
25  9  -0.1007674594  -0.0328316291  -0.0136500054  -0.0045761465   0.0119222816
25 10   0.0273125978  -0.0190609757  -0.0591729653  -0.0799058431   0.0060482674
25 11   0.0630421586  -0.0837100210   0.0134544924   0.0380139177   0.0275225867
25 12   0.0247650810  -0.0401049015   0.0177058361   0.0099021039   0.0006659527
25 13  -0.0001433207  -0.0040760946   0.0040127351  -0.0035105839  -0.0270729225
25 14  -0.0306432947   0.0012337067   0.0009069754  -0.0000499680   0.0003337981
25 15  -0.0005551962  -0.0000132194
26  1  -0.0695845022  -0.0882540647  -0.0187669666  -0.1030486495  -0.0936108280
26  2   0.1472273922  -0.0251579568  -0.0080634292   0.0164376126  -0.0221036307
26  3   0.0086214600   0.0007999929  -0.0267215602   0.0219242938  -0.0227109610
26  4  -0.0099686301  -0.0428714221   0.0478730745  -0.1006632788  -0.0867364179
26  5  -0.0034049637   0.0693179353  -0.1371676802  -0.0441659793   0.0100580547
26  6   0.0317612027   0.1980397639  -0.0169171058  -0.1472943655  -0.0979498385
26  7  -0.2190007674  -0.0147506694   0.0201186528   0.0007663502  -0.1501176611
26  8  -0.1041931718  -0.0045959223  -0.0115666495   0.0424949319   0.0440464481
26  9   0.0860317506  -0.0451564781   0.0181236546  -0.0119212789  -0.0130975472
26 10   0.0005985081  -0.0111883585  -0.0030662503   0.0546923985   0.0371057484
26 11  -0.0269027535   0.0339819355  -0.0131164316  -0.0045200366  -0.0301273694
26 12   0.0571534935  -0.0024875369  -0.0933027029  -0.0031924226  -0.0023438742
26 13  -0.0004294715  -0.0057298736   0.0088574033  -0.0064013577  -0.0471686145
26 14  -0.0548468457   0.0022732767   0.0020952614  -0.0001237013  -0.0002709401
26 15  -0.0006861229   0.0000116398
27  1  -0.2022442034   0.1309759724  -0.0233941473  -0.0596716696   0.0402915525
27  2   0.0217484876  -0.0196449058   0.0268045289   0.0437377253  -0.0326644705
27  3   0.0278346416   0.0229812899  -0.0288728875  -0.0416879514   0.0162403072
27  4   0.0044520526   0.0058285231  -0.0619731371   0.0061098138   0.0110757917
27  5   0.0076745582   0.0816241460   0.1619084529  -0.0406308254  -0.0272410804
27  6   0.1063126864  -0.0085211389   0.0054385159   0.0276109909   0.0488803154
27  7   0.0664971572  -0.0371251726  -0.0128760122  -0.1085404440  -0.1305477584
27  8  -0.3716471641  -0.0372038411  -0.1332401292  -0.0588231693   0.0093437950
27  9  -0.0810031120  -0.0149400347  -0.0284363311  -0.0142490186   0.0010187159
27 10  -0.0029722866   0.0064152299  -0.1017999870   0.0704426215  -0.0241498375
27 11   0.0296986401   0.0152778707  -0.0057492490  -0.0002302895  -0.0145457257
27 12   0.0052611978   0.0255790501   0.0677138222  -0.0057567652  -0.0014333012
27 13  -0.0001087420  -0.0015362335   0.0014546576  -0.0016781026  -0.0044910749
27 14  -0.0044001943   0.0004178717  -0.0000085836  -0.0000222490   0.0001179722
27 15  -0.0002169847   0.0000102328
28  1  -0.0271380644   0.1820646523  -0.1466904741   0.1238084546  -0.0586188417
28  2   0.0790871169   0.1130465582   0.1602741608   0.0380003520  -0.1385491934
28  3  -0.1830473171   0.0064741003   0.0504503486   0.0675654918  -0.0092171216
28  4   0.0055661744   0.0251606485  -0.0245186270  -0.2973135559   0.0369185751
28  5  -0.0301183691  -0.0747487512  -0.0618044944   0.0154349418  -0.0541858190
28  6  -0.0603577596  -0.0472902913  -0.0069522079   0.0162807291  -0.0062903362
28  7  -0.0007398417  -0.0140253684  -0.0111534306   0.0108812715  -0.0051630309
28  8  -0.0187254784   0.0017919746  -0.0134673338   0.0107123752   0.0061019557
28  9   0.0141668830   0.0109494035  -0.0003036240  -0.0013462453  -0.0040299162
28 10  -0.0033143437   0.0002624399   0.0037734003   0.0064287285   0.0016464087
28 11  -0.0086859097   0.0089290484   0.0017264557   0.0012548061   0.0027456846
28 12  -0.0099549701   0.0116705942   0.0100965403  -0.0016655310  -0.0000351832
28 13  -0.0000772421   0.0001186568   0.0003717474   0.0003923316   0.0004994250
28 14   0.0006484873  -0.0001296376   0.0101795909  -0.0006226060  -0.0000916043
28 15   0.0000596813   0.0000077925
29  1  -0.2202403799  -0.1564449998  -0.0492146795  -0.0547873552  -0.0797978060
29  2   0.1682031827  -0.0475948402   0.0443739332   0.0939809190  -0.0390887535
29  3  -0.0889216442   0.0872540546  -0.1225509978   0.1389087476  -0.0663057408
29  4   0.0100374108   0.0777407211   0.0091253629   0.1904226347  -0.0044471985
29  5   0.0242804997   0.0212448778   0.0591524909   0.0114874924   0.0259843875
29  6  -0.0036202094  -0.0095355275   0.0090624292   0.0086182567   0.0001791430
29  7   0.0132849388   0.0096473921   0.0050566746   0.0243412482   0.0413820916
29  8   0.0699351498   0.0014250754   0.0283001959   0.0065481619  -0.0149385935
29  9   0.0007005498   0.0063579003  -0.0000219108   0.0056090279   0.0008711738
29 10   0.0005824546  -0.0019720537   0.0111603634  -0.0094493030   0.0010321186
29 11  -0.0055953602   0.0017310120   0.0040488057   0.0178550088   0.0150870683
29 12  -0.0351351161   0.0321226211   0.0407229977  -0.0031851689  -0.0003750791
29 13  -0.0000675868  -0.0000825929  -0.0003084992   0.0004811019   0.0011164232
29 14   0.0011262248  -0.0001488133   0.0609868341  -0.0035185065  -0.0004275889
29 15  -0.0003635466  -0.0000074483
30  1  -0.1658780702   0.1523587132  -0.0209351340  -0.0718197442   0.0412591252
30  2   0.0219742905  -0.0059086893   0.0216139263   0.0215925701  -0.0315256883
30  3   0.0320641726   0.0060348549  -0.0039772502  -0.0691825687   0.0280265729
30  4   0.0028117658  -0.0113999327  -0.0572437120  -0.1010217413  -0.0137694773
30  5   0.0015241097   0.1213828699   0.1878595054  -0.0799253450  -0.0779102621
30  6   0.1973473895   0.0703673011   0.0381197140  -0.0086070744  -0.0326136105
30  7   0.0069904097   0.0417482258   0.0106353622   0.0508522845   0.1332314835
30  8   0.2643543631   0.0246307571   0.0671253077   0.0281160240  -0.0041443092
30  9   0.0167867274   0.0175861193   0.0060075304   0.0148590812  -0.0078927049
30 10   0.0060257224  -0.0067031044  -0.0183456597   0.0073034422   0.0070210408
30 11  -0.0032329744   0.0024033484  -0.0032733304  -0.0044010415  -0.0112910448
30 12   0.0193793646  -0.0123329611  -0.0246651749   0.0009861287  -0.0002437217
30 13   0.0000220258   0.0003055571  -0.0001108190   0.0003134921  -0.0009104224
30 14  -0.0012931123  -0.0000586060   0.0078133108  -0.0004372403  -0.0000390985
30 15  -0.0001056414  -0.0000133100
31  1  -0.0079602927   0.1021997397  -0.0590763754   0.1271425284  -0.1416931819
31  2  -0.0291160786  -0.0259489094   0.0416794246  -0.0420561470  -0.0074853632
31  3   0.0109029012  -0.0431199560  -0.0047037517   0.0207945487   0.0091912376
31  4  -0.0110776090  -0.0166988698  -0.0876960783   0.1337522736   0.0429616673
31  5   0.0106897806   0.0143128070  -0.1073261200   0.0210128551   0.0262300325
31  6   0.1361876603   0.1598860947  -0.0285900007   0.0244384835   0.1550911558
31  7   0.0213112452  -0.1816630790  -0.0130253228   0.0000966181   0.0933130090
31  8  -0.0319123099  -0.0716565846   0.0251163884   0.1024210791   0.0272227441
31  9   0.1133290624  -0.0106452287   0.0418152256   0.0344092260   0.0050798710
31 10  -0.0045217654   0.0153376116   0.0526629577   0.0919033408  -0.0384943816
31 11   0.0364475178   0.0380955962  -0.0169283234  -0.0219378465  -0.0166308411
31 12  -0.0443051471  -0.0827064314   0.0439970547  -0.0233935256   0.0076730140
31 13  -0.0013705276  -0.0326556469  -0.0008186383  -0.0140535016   0.0022120084
31 14   0.0030272748   0.0007587807  -0.0001876814   0.0000199942   0.0000075547
31 15   0.0012282785   0.0000634244
32  1  -0.0288184140  -0.0510164665  -0.0808977788  -0.1117778519  -0.1289690853
32  2   0.0348343073  -0.0594417657   0.0156373038  -0.0329968809  -0.0559856370
32  3   0.0719976501  -0.0689465581  -0.0600023320  -0.0125392807  -0.0087734746
32  4  -0.0120056505  -0.0382482580  -0.0298007411  -0.0641107356  -0.0227746708
32  5  -0.0405232860  -0.0658877744  -0.0093217720   0.0028165685  -0.0085014514
32  6  -0.1030850258   0.0666641606   0.1987622719  -0.1928918649  -0.0321197889
32  7   0.1205979362   0.0987084966  -0.0841767920  -0.0800099688   0.0531024763
32  8  -0.0428726403  -0.0050715621  -0.0420088019  -0.0281476719  -0.0145870990
32  9   0.0423636073   0.1432324604  -0.0176278566  -0.0047360888  -0.0193550605
32 10  -0.0248715628  -0.0024887813  -0.0038631061   0.0080322248  -0.0182760943
32 11  -0.0312885436  -0.0019422819   0.0338404898  -0.0136700998   0.0414171093
32 12  -0.0580102147  -0.1228950670   0.0475796949   0.0066989593   0.0133819389
32 13   0.0030856981   0.0427079330   0.0022413432   0.0185773898  -0.0041405933
32 14  -0.0054825993  -0.0011720483   0.0000413130   0.0000279804   0.0000022302
32 15   0.0009639738  -0.0000389154
33  1  -0.2092260722   0.0483634099   0.0666801228  -0.0509011568  -0.0168469167
33  2  -0.0318557687  -0.1122618828  -0.0516101663  -0.0173007550   0.0590635105
33  3   0.0591919487  -0.0156034779  -0.0225127367   0.0077049523   0.0121490487
33  4   0.0027095586   0.0569164846  -0.0809592007  -0.0695895993   0.0662104054
33  5   0.0091696018  -0.0258825417  -0.0951238346   0.0027173006   0.0030960520
33  6   0.0243820793  -0.1016550433  -0.1477398652   0.1237079845   0.0139830521
33  7  -0.0637148301  -0.0549533890  -0.1309110695   0.0973166837  -0.1624172940
33  8   0.0344943612   0.1460174447   0.0037880864  -0.0265796624  -0.0187682841
33  9   0.1014969300   0.1819316043   0.0012072300   0.0010890131  -0.0130852600
33 10  -0.0285413850  -0.0025037980   0.0020110958  -0.0382770406   0.0207242608
33 11  -0.0239968236   0.0052193468   0.0436373359  -0.0183741288   0.0609979927
33 12   0.0074384333  -0.0093471463  -0.0208561042   0.0123778775   0.0019383466
33 13  -0.0028709468  -0.0528202683  -0.0028127629  -0.0243753797   0.0036528103
33 14   0.0047266062   0.0026978091  -0.0000964382   0.0000061845   0.0001691660
33 15  -0.0010825397   0.0000704632
34  1   0.0050624252   0.0502471821  -0.0127450970   0.1304892562  -0.2062376736
34  2  -0.1268896302  -0.1115399215   0.0037918653  -0.1272886251  -0.0026661024
34  3   0.0038970101  -0.1069985990   0.0837141123   0.1219029219  -0.0359530127
34  4   0.0051178038   0.2184164592   0.1226837648   0.0125546005  -0.0826586558
34  5   0.0144427767   0.0949714061   0.1319047527  -0.0289355761  -0.0214193208
34  6   0.0255309841  -0.0004391269   0.0098726856  -0.0248096803  -0.0144301017
34  7   0.0049018932   0.0146706461  -0.0095888490  -0.0130544365  -0.0029692710
34  8  -0.0252048646  -0.0044967069  -0.0157668500  -0.0013533779  -0.0020287189
34  9   0.0114027292   0.0089836476  -0.0026025738  -0.0061693555   0.0333334183
34 10  -0.0049763897   0.0074728392  -0.0239397076  -0.0210577209   0.0128240728
34 11  -0.0050941118  -0.0019942348   0.0054408622   0.0006009027   0.0053077646
34 12   0.0117105881   0.0219578472  -0.0092161494   0.0028305009  -0.0020121947
34 13   0.0000724032   0.0001786491  -0.0000636861   0.0003442298   0.0000054149
34 14  -0.0000181703   0.0002118538   0.0003935039   0.0000210377  -0.0008487993
34 15   0.0373162603   0.0001796184
35  1   0.1058798577   0.0104864984  -0.0556787058  -0.1548039852  -0.1422193322
35  2   0.0130418001   0.0274894007   0.1687054405   0.0318046366   0.0292744630
35  3   0.1206546483  -0.0450090443  -0.1583752675  -0.0998444402  -0.0147098856
35  4   0.0342170128   0.1812264313  -0.0551362512  -0.0728112236   0.0104296657
35  5   0.0011800792  -0.0069032082  -0.0779517118  -0.0052084915  -0.0070975959
35  6  -0.0362801611  -0.1365238504  -0.1330952693  -0.0468838294   0.0313026746
35  7   0.0010914108  -0.0203770060   0.0605162871  -0.0048353383   0.0438339248
35  8   0.0054299590  -0.0286985815   0.0063336666   0.0186144239   0.0092684501
35  9  -0.0082632916  -0.0331204943   0.0043583817   0.0003922989   0.0193678898
35 10  -0.0000067518   0.0089306341  -0.0038089351  -0.0068032051   0.0020127763
35 11   0.0110967289  -0.0036325345  -0.0057084207   0.0029069477  -0.0066054547
35 12   0.0098480258   0.0206806759  -0.0060679782  -0.0006245910  -0.0025010332
35 13  -0.0000345933  -0.0015395768  -0.0000190939  -0.0001379813   0.0002709397
35 14   0.0003848181   0.0000060892   0.0002236278   0.0000276640  -0.0010629113
35 15   0.0501255102   0.0002215975
36  1  -0.2833029616   0.0085563504   0.0573472224  -0.0264632887  -0.0160981173
36  2  -0.0297579753  -0.1715352684  -0.1396199883  -0.0632303169   0.0124121315
36  3   0.0320899010  -0.0295677822   0.0425615343   0.0670614073   0.0102826284
36  4  -0.0236077418  -0.0383345279  -0.0544997326  -0.1125001874   0.0442035318
36  5  -0.0205983257  -0.0741186298  -0.0801781704  -0.0004533954  -0.0022806054
36  6  -0.0788024557  -0.1243728921  -0.1002503806  -0.0685467101   0.0244196507
36  7   0.0095019756  -0.0011176661   0.1193968251  -0.0230033518   0.0785423111
36  8   0.0113332424  -0.0635767365   0.0084143167   0.0143437724   0.0165482798
36  9  -0.0744505818  -0.1116286420  -0.0022561844  -0.0018139400  -0.0219149363
36 10   0.0202103391  -0.0073389327   0.0047121536   0.0134012537   0.0025761420
36 11  -0.0283869406   0.0097201189   0.0023046683  -0.0045073791   0.0017905137
36 12  -0.0152141949  -0.0289099723   0.0089342460  -0.0041166577   0.0018613296
36 13  -0.0001569715  -0.0009951935  -0.0000204105  -0.0000034614   0.0002361913
36 14   0.0003901809  -0.0003125369  -0.0001970532   0.0000028491  -0.0000407473
36 15   0.0007295229  -0.0000030278
37  1  -0.0059080095   0.0907583919  -0.0329876587   0.1261246483  -0.1402576609
37  2  -0.0098454721   0.0794112043  -0.0782313625   0.0444747791   0.2512775562
37  3  -0.0067404345   0.1385664892  -0.0646502017  -0.0618048682  -0.0052486974
37  4  -0.3032504787   0.1271645998  -0.0292186673  -0.0335024157  -0.1557173688
37  5  -0.0756010535  -0.0675341905   0.0636841976   0.0156393517   0.0019439360
37  6  -0.0010628312   0.0090020411  -0.0270702987   0.0492298937  -0.0483263530
37  7   0.0323042272   0.0252711551   0.0415819248  -0.0578200070  -0.0363349709
37  8   0.0462146395  -0.0928631904  -0.0930519310  -0.0481213925  -0.1640423722
37  9   0.1478599074  -0.0109737343  -0.0106627034   0.0032559022  -0.0586246386
37 10   0.1281274573   0.1827294265  -0.0023322125  -0.0086765145   0.0525042516
37 11   0.0292103319   0.0498641372  -0.0186931234  -0.0196585946  -0.0037247006
37 12  -0.0137974063  -0.0037562096   0.0123197720   0.1363899615  -0.0080573078
37 13   0.0016914599  -0.0001777476   0.0001621067   0.0011579116   0.0000917318
37 14  -0.0004369129  -0.0025944148   0.0000804645   0.0018155846   0.0021177743
37 15  -0.0037260632   0.9108563040
38  1  -0.0171765519   0.0032152701  -0.2619531362  -0.1042220853  -0.2124508581
38  2  -0.2449292966   0.2227052480  -0.2017829966   0.0294367391   0.1837418801
38  3  -0.0530082306   0.3899266042  -0.0674056605  -0.1690179525   0.0513177558
38  4  -0.7909653751   0.4678070100   0.1129705117  -0.1515019832   0.0585027093
38  5   0.0123945900  -0.0519346861   0.0797587903   0.0868896615   0.0549834928
38  6   0.0783113234   0.0506413370   0.0750126735  -0.0858838972   0.0516912249
38  7  -0.0081591086  -0.0755929259  -0.0457840658   0.1370678125  -0.0111232789
38  8  -0.0232289069   0.0836620615   0.1365192184   0.0863591901   0.2933678378
38  9  -0.2615981699   0.0410710646   0.0217084359  -0.0009925798   0.0987140375
38 10  -0.2378071959  -0.3054726380  -0.0013397000   0.0062056213  -0.0800335763
38 11  -0.0475264736  -0.0794946724   0.0280135710   0.0321337953   0.0061366129
38 12   0.0208063093   0.0021091533  -0.0188133698  -0.2141383559   0.0146381567
38 13  -0.0034319501  -0.0004833934  -0.0002104415  -0.0017612242  -0.0001054289
38 14   0.0000065049  -0.0032377872  -0.0000361416  -0.0003360519  -0.0002917050
38 15   0.0005210879  -0.1292271001
39  1  -0.1300994480  -0.1204329482   0.3203715698  -0.0596752486  -0.1709455217
39  2  -0.1782656642   0.3983192363   0.0664050232  -0.0627256739  -0.3010543877
39  3  -0.0665642037  -0.0034144004  -0.0834782135  -0.0794411642   0.0395721914
39  4  -0.4736143122   0.1496915917  -0.0158296572   0.1321971844   0.0411797993
39  5   0.0015729068   0.0737686238  -0.1473799183  -0.1162511192  -0.0766436472
39  6  -0.1201510107  -0.0200533686  -0.0342327236   0.1667264277  -0.0790506600
39  7  -0.0024406574   0.1206269419   0.1016401533  -0.2014078161   0.0411928426
39  8  -0.0052927356  -0.0693262108  -0.1924750794  -0.1311904151  -0.4285738693
39  9   0.3943241310  -0.0445208817  -0.0295979764   0.0059516506  -0.1555542342
39 10   0.3222454187   0.4602786435  -0.0045753304  -0.0203581122   0.1225000743
39 11   0.0668552982   0.1146485956  -0.0418505680  -0.0434704655  -0.0106977648
39 12  -0.0320163331  -0.0056957875   0.0275807742   0.3112649194  -0.0173037336
39 13   0.0054693256  -0.0010315294   0.0005530545   0.0026840038  -0.0000260083
39 14   0.0000559578   0.0023997441  -0.0001800140  -0.0007843655  -0.0008921256
39 15   0.0016974191  -0.3868508147
40  1   0.0115294351   0.0112734026   0.0863261675   0.1258948139  -0.1912961706
40  2  -0.0350396201   0.1785877583   0.0769285080  -0.0612697700  -0.0472446913
40  3  -0.0021285093   0.0997278899  -0.0003898369   0.0284317933  -0.0132623484
40  4  -0.0421775404  -0.2542257515  -0.1081145172   0.2326476406  -0.2134163672
40  5  -0.0770300083   0.1140847792  -0.0517312395  -0.1870858615  -0.1324411799
40  6  -0.1588849666  -0.2838959429  -0.4004552897  -0.1785223732  -0.0179306780
40  7   0.1392043571   0.0621609358  -0.2665323771   0.0000226379   0.0083260649
40  8  -0.0357015113   0.2886704543   0.0805901297   0.0357392525  -0.1217630651
40  9   0.0188242152  -0.1610706424   0.0111399907  -0.0853355916   0.2876734664
40 10   0.2423239972  -0.5755097850   0.1202838824   0.1904158750  -0.1230929191
40 11   0.0473090640   0.0843511794   0.0485531985  -0.0650220832  -0.0144228680
40 12  -0.0249869232   0.0342146513   0.0143353277   0.6296317435   0.1798603651
40 13  -0.0194718865   0.0041970439  -0.0013430113  -0.0090728718  -0.0003286030
40 14  -0.0004722169  -0.0133358540  -0.0001682756   0.0001795383   0.0000491686
40 15  -0.0005447430   0.0023036126
41  1   0.1496970799   0.0554898111  -0.1411093193  -0.1630390095  -0.1886041752
41  2  -0.1360459193  -0.2622781323   0.3256276515  -0.1869632451   0.0449933733
41  3   0.0750452884   0.4952687468   0.1252547361   0.0684335761   0.0055379546
41  4   0.0049167569  -0.2403931465   0.0009754158   0.0696502290   0.0308766648
41  5   0.0286693623   0.1153179858  -0.0619573627  -0.1064231360  -0.0556547867
41  6  -0.0895367976  -0.1820162814  -0.1565298597  -0.1309105827   0.0380166144
41  7   0.0145188758   0.0597300053  -0.2800686044  -0.0181258893  -0.0380109956
41  8   0.1143484247  -0.1903600521  -0.0452032396  -0.0055887906  -0.2078276405
41  9   0.0336629542  -0.3388829137   0.0471243517   0.0888927088  -0.1386760647
41 10  -0.2131834929   0.2080488739  -0.0552100293  -0.0339608093  -0.0038452870
41 11  -0.0146355702  -0.0464213236   0.0089883101   0.0074159678   0.0269050370
41 12   0.0509296217   0.0681341778  -0.0256464711  -0.1552421959   0.6227364471
41 13  -0.1859670267   0.0447838119  -0.0168744819  -0.1107137094  -0.0062228923
41 14  -0.0043674079  -0.3833609318  -0.0000702576   0.0000135950  -0.0000097851
41 15  -0.0001690344  -0.0031222044
42  1  -0.1015254424  -0.0168419862   0.2222046519  -0.0763378303  -0.1072240352
42  2  -0.1188766472   0.1527866487   0.0300378560   0.0109897871   0.0206113267
42  3  -0.0084490566  -0.0149903540  -0.0086535236   0.0040855142  -0.0078813637
42  4   0.0380280350   0.0344179524   0.0024187361  -0.0920288250  -0.0316834893
42  5  -0.0208285298  -0.0940569429   0.0889517101   0.1014948688   0.0684614679
42  6   0.0916779683   0.1187626822   0.1547804642   0.0529362135   0.0056216135
42  7  -0.0485722789  -0.0619418008   0.2044102074   0.0470514645   0.0697338677
42  8  -0.1352324612   0.2033465271   0.0822732901   0.0127385476   0.2350740098
42  9  -0.0740139354   0.2915010013  -0.0454662217  -0.0634392473   0.0604007292
42 10   0.1595208495  -0.0450066948   0.0243354265  -0.0153831296   0.0496250919
42 11   0.0197432282   0.0430528819  -0.0264363726  -0.0003697529  -0.0261070371
42 12  -0.0361578472  -0.0397288057   0.0182764433   0.0965666530  -0.2724828046
42 13  -0.3467905726   0.0916691328  -0.0351442768  -0.2287119031  -0.0125729095
42 14  -0.0090661913  -0.7908215097   0.0000640070  -0.0000254479  -0.0000588533
42 15   0.0003183264  -0.0012878655
43  1   0.0032774425   0.0366684672   0.1004154169   0.1202004471  -0.1235537785
43  2   0.1071146716  -0.0633246294   0.1529815966  -0.0695146305  -0.0707384807
43  3   0.0472999020  -0.1043047111  -0.0650284223   0.0135983626  -0.0122819140
43  4  -0.0381469439  -0.1401667706  -0.1334501808   0.1347152614  -0.1283122699
43  5  -0.0868080308  -0.0352173751  -0.0660899630  -0.0671455871  -0.0486394981
43  6  -0.1016270750   0.1024874582   0.1519821667   0.3766520285  -0.1821905704
43  7   0.0310818076  -0.0222062644   0.3255676569   0.0488217275  -0.0573412889
43  8  -0.0799153405   0.2836450945   0.0304032835  -0.0012778841   0.0259460115
43  9  -0.0414963729  -0.0880563405   0.0980344409   0.1057864933  -0.0465939748
43 10  -0.6154623345  -0.0587861129  -0.1332493022  -0.2001733335   0.2212410789
43 11   0.0496250234   0.1325884479  -0.1219843820   0.0560019399  -0.1906425671
43 12  -0.1584061034  -0.1205342932   0.0565364494   0.4653077755   0.0180388681
43 13   0.3467199945  -0.0158462008  -0.0032180327  -0.0196476843  -0.0017977651
43 14  -0.0033887019  -0.1504470275   0.0007008790   0.0001637253  -0.0000091833
43 15   0.0000010880   0.0018571443
44  1   0.0518373122   0.0176865727  -0.1852006013  -0.1301944607  -0.1905571702
44  2  -0.1592932317  -0.0230457015   0.0538298586  -0.0668514382   0.0423397581
44  3   0.0318508320   0.2629309508   0.0758124621   0.0334731435   0.0044528708
44  4   0.0240413264  -0.1275203661   0.0149385039   0.0424838879   0.0533879753
44  5   0.0342044916   0.0808387543  -0.0581723519  -0.0676167518  -0.0347733974
44  6  -0.0544810746  -0.0911388707  -0.0733675841  -0.0469778681   0.0147590576
44  7  -0.0019612877   0.0235318694  -0.0419034009  -0.0312182695  -0.0415481444
44  8   0.0827895002  -0.2070405009  -0.0716727543  -0.0182061579  -0.0047376016
44  9   0.0274915390   0.1293968908  -0.0490352840  -0.0571814706   0.0403441120
44 10   0.2537163044  -0.0151767160   0.0518680689   0.0654555185  -0.0793641641
44 11  -0.0234778702  -0.0544811833   0.0427706138  -0.0117698994   0.0643183296
44 12   0.0544326984   0.0319231837  -0.0223066850  -0.2352608670  -0.0893812430
44 13   0.8414094531  -0.0399948957  -0.0081706412  -0.0506079182  -0.0034642322
44 14  -0.0069364072  -0.3473682171   0.0007382922   0.0003190395  -0.0000339996
44 15   0.0000039347  -0.0014423951
45  1   0.0638853149   0.0330582812   0.2880106446  -0.1277093507  -0.1371792087
45  2  -0.1501596773  -0.1233317375   0.4426664648  -0.1857197982   0.0223813913
45  3   0.0342531443   0.4594103614   0.1018138461   0.0669930323  -0.0059100060
45  4  -0.0031832684  -0.2066232713  -0.0090922171   0.0176355798  -0.1008046920
45  5  -0.0202554712   0.0471082785   0.0623397297  -0.0397844570  -0.0179130479
45  6  -0.0112968187  -0.2168559254  -0.2651460817  -0.3370910401   0.1146079224
45  7   0.0319026530   0.0515391359  -0.4973770379   0.0109049879   0.0772074610
45  8  -0.0159281151   0.1069430003   0.1130523453   0.0356203133  -0.1790319839
45  9  -0.0225403564  -0.4747864451   0.0533568325   0.0797207593  -0.1133410534
45 10  -0.2017454427   0.0857184296  -0.0223366807  -0.0024383669   0.0022431639
45 11  -0.0080211342   0.0033123027  -0.0008126887  -0.0050665847   0.0056594152
45 12  -0.0203810175  -0.0519957228   0.0152768744   0.0151375934  -0.6954164980
45 13  -0.0563145885   0.0010269235   0.0013004400   0.0081779517   0.0006841554
45 14   0.0008708763   0.0361216633  -0.0001679849  -0.0000385273   0.0000066255
45 15   0.0001227610   0.0017346207
46  1  -0.0158857031   0.1240586453  -0.0309311390   0.1204715182  -0.0676031223
46  2   0.1343871967  -0.0583244516  -0.0847798115   0.0713180634   0.0835730133
46  3   0.0027228907  -0.1979218642  -0.0829683159  -0.0106175247  -0.0078060377
46  4  -0.0513877734  -0.0090654506  -0.0492453827   0.1310646557   0.0575132962
46  5  -0.0114348041   0.0414992647  -0.2105775491  -0.2050514036  -0.0738774610
46  6  -0.2176859682  -0.0057155416  -0.0898399900   0.0602441623   0.0024887392
46  7  -0.0044854638   0.1268733112  -0.5089940928   0.0935250341   0.0213721838
46  8   0.0309151015  -0.2486947535   0.1182860264   0.0707563701   0.2768282460
46  9  -0.4268525856  -0.0364296351  -0.0706641826  -0.1275375003  -0.0239887816
46 10   0.1962291441  -0.0634188122   0.0286006790  -0.2527976503   0.5186554655
46 11   0.2833541974   0.3605745048  -0.2444298501   0.0372424175  -0.2252281061
46 12  -0.1473555946  -0.1320936935   0.0503275472  -0.2707194934   0.0457706387
46 13  -0.0032351851  -0.0170124943   0.0082753567   0.0446298264  -0.0005114637
46 14  -0.0014130613  -0.0089921827   0.0009238422  -0.0004761629  -0.0000197313
46 15   0.0001870353   0.0006109168
47  1  -0.1272394822  -0.0845314788  -0.1421174731  -0.0777065614  -0.1385162865
47  2  -0.0141384505  -0.0771964614   0.0057872035  -0.1043423747  -0.1310744240
47  3   0.1472665870  -0.0676757620  -0.0555399029  -0.0060739662   0.0073556896
47  4  -0.0006271261   0.0468365428  -0.1358342104  -0.1133279085  -0.0479437822
47  5  -0.0185153964  -0.1060322338  -0.0202681452   0.0732878716   0.0472610390
47  6   0.0104175622  -0.0504506207   0.2697733601   0.3042777909  -0.1253357352
47  7  -0.0320910832  -0.0676751835  -0.2352813303   0.2008633217  -0.2788902818
47  8   0.1255544672   0.2155919885   0.1298282667  -0.0003933747  -0.0406264425
47  9  -0.0281612293  -0.2147112606  -0.0274630514   0.0271626679   0.1589343101
47 10   0.1795435071   0.1153332965  -0.0614263833   0.0521187725  -0.1610538720
47 11  -0.4059718543  -0.3183033043  -0.3261122401   0.3035951107  -0.4824093704
47 12  -0.1539902361  -0.1107277732   0.0492761559   0.0180157263   0.0189508550
47 13  -0.0290336363  -0.1590204716   0.0693182494   0.3508951329  -0.0023644691
47 14  -0.0123776101  -0.1103559952  -0.0012240221   0.0000917180  -0.0000916032
47 15   0.0004258671  -0.0004482467
48  1  -0.0083579962   0.0951529517   0.1625168842  -0.1121523264  -0.0632396923
48  2  -0.0792645132  -0.0532452595   0.0754303871   0.0479409959   0.1775260797
48  3  -0.0282583722   0.0472501926   0.0125522064   0.0079608460  -0.0077017944
48  4   0.0267340808   0.0581480807   0.0721980673  -0.0683670347   0.1131595344
48  5   0.0202217424  -0.0471354213  -0.0283327202   0.0190421747   0.0196449458
48  6  -0.0114048001   0.2043388566   0.1029907038   0.0948950551  -0.0028063346
48  7  -0.0444707431   0.1096173291   0.0753730091  -0.1791492283   0.1704886192
48  8  -0.0638608489  -0.1515466709  -0.0841179820  -0.0376510358  -0.0991886782
48  9   0.0540508835  -0.0370783137   0.0090658717  -0.0173835087  -0.0787978917
48 10  -0.0696882022  -0.1457479303   0.0488480997   0.0168304848   0.0254974797
48 11   0.1890064391   0.1349784185   0.1721439248  -0.1392176545   0.2162219510
48 12   0.0871801624   0.0803482523  -0.0387180972   0.0025036032  -0.0116102152
48 13  -0.0701295424  -0.3617014418   0.1538892365   0.7784355672  -0.0043564914
48 14  -0.0269945158  -0.2447424140  -0.0020416877  -0.0001790413   0.0001321726
48 15  -0.0011961719  -0.0007888803
49  1   0.0108479473  -0.0034546824   0.1846318450   0.1174343598  -0.1256847734
49  2   0.1560127046   0.0236659643  -0.0154526234   0.0308131835   0.1781434209
49  3   0.0069794305   0.0082059890  -0.0132528444   0.0029937208  -0.0270230594
49  4  -0.0056640721  -0.0454456193   0.0865115585  -0.1425375534   0.0592814445
49  5   0.0871962836   0.1439001516  -0.2504695274  -0.0562251713  -0.0204895321
49  6   0.0703627336  -0.0388408248   0.1992093406  -0.0608372183   0.1914214340
49  7   0.3209909330   0.0324180607   0.0704844271   0.2056940437  -0.2972080295
49  8   0.1233674621   0.1774916937   0.0233804402   0.0144401130   0.1302091048
49  9   0.0666656332  -0.1704039936  -0.3709667233   0.1776413962   0.0536084165
49 10   0.0265669822   0.0842601634  -0.0440480347  -0.0866405794  -0.2181080259
49 11   0.1343915337   0.2478583824   0.5317185349   0.2235316670  -0.2801847317
49 12  -0.3255934345   0.0178516811  -0.3152916033  -0.0467182815  -0.0001451493
49 13   0.0000464390  -0.0013055252  -0.0515036133   0.0137352665  -0.2630350464
49 14   0.2216381622  -0.0007990707   0.0007783641   0.0003583862  -0.0009182903
49 15  -0.0000313408   0.0000692307
50  1   0.1195251282  -0.0069216744   0.0354239165  -0.1646110043  -0.1037726755
50  2   0.1451190282  -0.0289226367  -0.1156401415  -0.0158019056  -0.1194268745
50  3   0.0072777857   0.0043637252  -0.0227825518   0.0525413432  -0.0393640253
50  4  -0.0164033863  -0.0815120574   0.1376628660  -0.1529438621  -0.1190565634
50  5   0.0086839003   0.0083334950  -0.2044713437   0.0137583815   0.0142064469
50  6   0.3437127155   0.0213659175  -0.1675497636   0.1619903276   0.2285818768
50  7   0.2020313598   0.2534315856   0.0065493477   0.1331817398   0.0212270125
50  8  -0.0609919262   0.0371718492  -0.1956886110  -0.0364327846   0.1121160515
50  9   0.0175460073  -0.0516694364  -0.3687567910   0.2730231399   0.0762598340
50 10  -0.0318733474   0.0038130865   0.0779238565   0.2314500116   0.2637594103
50 11   0.0631524317  -0.2885844182   0.0299823221  -0.2202442026   0.0060053304
50 12  -0.3227808618   0.0750288492  -0.2102476938  -0.0051588573  -0.0002187004
50 13  -0.0009140014   0.0033823583   0.0868265428  -0.0264192405   0.4706628712
50 14  -0.3976641535   0.0018450467   0.0011894758  -0.0042669327  -0.0001620933
50 15  -0.0000754045  -0.0001403449
51  1   0.1213874534   0.2859257099   0.0392495620  -0.1648823091   0.0232644297
51  2  -0.0003529852  -0.0302006263  -0.1384281096   0.0013729097  -0.1868575576
51  3   0.0004311272   0.0317238537  -0.0548966935   0.0622879859  -0.0268558912
51  4  -0.0016024239   0.0118076533   0.0207833786   0.1050483486  -0.0820948367
51  5   0.0009697548  -0.1055277869  -0.0487739716   0.0118935558  -0.0229975940
51  6   0.1045970135  -0.1143770596   0.0552028460  -0.0178355846  -0.0500835681
51  7  -0.1123381494  -0.0518485752  -0.0120598812   0.2884517140   0.1821468833
51  8  -0.1084620352  -0.1259573126  -0.0600883544  -0.2122678638   0.0227553753
51  9   0.1120770390  -0.0290276005  -0.1758234190   0.1129559529   0.0275869573
51 10  -0.0341963976  -0.0724683661   0.0190185039   0.2279330446   0.3261540590
51 11   0.0213898460  -0.3798239809  -0.2091656347  -0.3792401657   0.1017575888
51 12  -0.1663553005   0.0547321583  -0.0453624426   0.0008556103   0.0000378065
51 13   0.0014818979  -0.0036273990  -0.0997636438   0.0301111860  -0.5247283534
51 14   0.4437885929  -0.0019702619   0.0032409757  -0.0013517012  -0.0008571463
51 15   0.0000245270   0.0001915094
52  1  -0.0108234601   0.0857830397   0.0914673056   0.1131862629  -0.0281992824
52  2   0.2890685196   0.1662635161  -0.1073521758  -0.0824028114  -0.0432310899
52  3   0.1360698978   0.1322868620   0.0027222930   0.0104616584  -0.0119012600
52  4   0.0552518140   0.1665215338   0.3479506169   0.1328505856   0.6219943260
52  5  -0.8253467976   0.4169202270  -0.1303372955  -0.0007000612   0.1226666032
52  6   0.1678080306  -0.1433528017   0.1220708490  -0.0180834949  -0.0679328158
52  7  -0.0610915425  -0.0516044966  -0.0110458071   0.0332380253   0.0339166274
52  8   0.0139403854   0.0157673768  -0.0805575936  -0.0192139549  -0.0217536525
52  9  -0.0152858892  -0.0085353041  -0.0638302885   0.0512483939   0.0253552685
52 10  -0.0063452869   0.0001604308   0.0402872617   0.0016280166  -0.0056782821
52 11  -0.0158125145   0.0245081404  -0.0334851805   0.0442951513   0.0288012935
52 12   0.0409386225  -0.0093904183   0.0232332803   0.0044666458  -0.0008495358
52 13   0.0000845015   0.0004195946   0.0008421216  -0.0005369806  -0.0025596097
52 14   0.0023407654   0.0003309287  -0.0288318214  -0.5099511273  -0.0031937302
52 15   0.0005602753   0.0009133277
53  1  -0.1014649115  -0.0943179793  -0.0565483607  -0.0909077864  -0.1047697061
53  2   0.1041408033  -0.0214280962   0.0768781386  -0.0090532672   0.0535399588
53  3  -0.0689746418  -0.0435047547   0.1535737865  -0.1234724984   0.0778667158
53  4  -0.0032144788   0.0205369135  -0.0939611166   0.1105074903  -0.3457823829
53  5   0.4543126597  -0.4352745090   0.0210030502  -0.0200647017  -0.1403106868
53  6   0.0048055396   0.0194506001  -0.0299966789   0.0036352711   0.0428566526
53  7   0.0305832259   0.0284350300   0.0047363867  -0.1183665416  -0.0550560333
53  8   0.0275940254   0.0178438634   0.0467495840   0.0438663946   0.0307546621
53  9   0.0104402903   0.0018612385   0.0796889430  -0.0596831967  -0.0286494098
53 10   0.0110969200  -0.0006224998  -0.0481074694   0.0001745466   0.0091248698
53 11   0.0188185042  -0.0374030485   0.0413262597  -0.0567646748  -0.0356611172
53 12  -0.0562460012   0.0128505225  -0.0269116907  -0.0048997267   0.0005966877
53 13   0.0004877882  -0.0000148914  -0.0000065266  -0.0000004009  -0.0003316219
53 14   0.0001529907  -0.0003616582  -0.0490701569  -0.8557733725  -0.0054244937
53 15   0.0009883558   0.0017885136
54  1   0.2146845683   0.2825368646   0.1127363021  -0.1912714799  -0.0165076142
54  2  -0.0395115902  -0.0835462445  -0.1543277162   0.0531246367  -0.1268848064
54  3  -0.0215684609  -0.0178508455  -0.1478918581   0.1533685537  -0.0811934353
54  4  -0.0336407334  -0.1398805749   0.0866625938  -0.1432243287  -0.0065802507
54  5  -0.1170086842   0.3261975138  -0.2241443106   0.1230411689   0.0743801526
54  6   0.2659875311  -0.2706715935   0.1259147362   0.1256963470   0.2227634144
54  7   0.2887822831   0.3049272894   0.0373754040  -0.1893257777  -0.2912942193
54  8  -0.0328072999  -0.1132791907   0.5216922221   0.1146026636   0.1680588966
54  9   0.1981488916  -0.0460663626   0.5220850311  -0.3836112278  -0.1532287913
54 10   0.0677780067  -0.0130622435  -0.2053985163  -0.0227425263   0.0217211637
54 11   0.0632353224  -0.2244937216   0.1859742188  -0.2565032823  -0.1607630289
54 12  -0.3135577208   0.0862960014  -0.0744890203  -0.0191924819  -0.0004681013
54 13   0.0001724307   0.0002662785  -0.0016648188  -0.0005395439   0.0037029977
54 14  -0.0031155500   0.0002666718   0.0044942379   0.0181091984   0.0005418741
54 15   0.0000315420   0.0000113144
55  1  -0.0062511824   0.0834456036   0.0159165660   0.1219135354  -0.1075881846
55  2   0.0852559671   0.0480173414   0.0393411229  -0.0326963633   0.0684271480
55  3   0.0133414431  -0.0407268498  -0.0039156261  -0.0028098994   0.0119066858
55  4  -0.0179164888  -0.0880760966  -0.0146265883   0.0428778333   0.1258369631
55  5   0.0930306971   0.0643535968   0.0112291727   0.1158248006   0.0909368578
55  6   0.1188326838  -0.1421688042  -0.0918811985  -0.0197237403  -0.4105369285
55  7   0.0602515329  -0.0005160047  -0.0287702817  -0.0403474980   0.1171103893
55  8   0.0211961436  -0.0000905673  -0.0128801706  -0.0093524750  -0.0651565930
55  9  -0.1005417488   0.0676377543  -0.0195421268  -0.1166691232   0.0579629223
55 10  -0.0792221863   0.0835257498   0.1347157733   0.1993583620   0.1766847447
55 11  -0.0456270011  -0.0309983355   0.2454749751  -0.0062514028  -0.2124711091
55 12   0.1435850190   0.0008138599   0.1222666105  -0.0022611649  -0.0013619507
55 13   0.0043876235   0.0345236375   0.8354180503  -0.1418317576  -0.0242710362
55 14   0.1695021820   0.0044738264   0.0001837027   0.0001614726   0.0062254883
55 15   0.0005858457   0.0001401355
56  1  -0.0263187275  -0.0901964961   0.0706103034  -0.1218698369  -0.0613451974
56  2   0.2634856123   0.0708599255  -0.0325832789  -0.0360802153   0.0936500684
56  3   0.0380884432  -0.0125399668   0.0207126831  -0.0186192010  -0.0532306812
56  4  -0.0173742320  -0.0991559904   0.1677877307  -0.2801983130  -0.0726589512
56  5   0.0681490043   0.1930840310  -0.0030322088  -0.0270720079  -0.0200772139
56  6  -0.0832535064  -0.0521291394   0.1055208183   0.0638731328  -0.1181042694
56  7   0.1977258212  -0.5596121715  -0.0697234434  -0.3108083012   0.2150902080
56  8  -0.1255926150  -0.1092075686   0.0754714142  -0.3378821181  -0.1067339532
56  9  -0.2250855663   0.0922901310   0.3632886112   0.2377511678   0.0199440172
56 10   0.0924565049  -0.0286394190   0.1701199074   0.1223454630   0.4021605648
56 11   0.0353053086  -0.2473321790   0.3756313745   0.4116751239  -0.0548394322
56 12   0.1062528875  -0.0589671969   0.0015334143   0.0375971003   0.0001360284
56 13  -0.0008022270  -0.0091120769  -0.2336441768   0.0392227824   0.0039326753
56 14  -0.0447319138  -0.0012591197  -0.0011886716  -0.0010299073  -0.0013698085
56 15  -0.0004693260  -0.0000053243
57  1  -0.0751705535   0.2754189444  -0.0952195922  -0.1078385615   0.0942545580
57  2   0.0701071397   0.1528801282   0.0735170712  -0.1146968031   0.0891576946
57  3  -0.0029291383  -0.0579473849   0.0567185871   0.0084993434  -0.0114125710
57  4  -0.0115485097   0.0061467345  -0.0750162557   0.1867363195   0.0305672508
57  5   0.0182067726   0.0393679459   0.0174101673   0.1080838057   0.1128675908
57  6  -0.1361701240   0.0174595476  -0.0866179007  -0.0291510852   0.0141829750
57  7  -0.0739573035   0.1955925937   0.0452295030   0.0363904589  -0.1197901973
57  8   0.1584913475   0.0290272657   0.3039665848   0.1550600398  -0.2497188151
57  9  -0.0890652223   0.0871904363  -0.2959566758  -0.2851082658   0.1060191882
57 10  -0.1811895213   0.1378738341   0.1861310064   0.2314099666   0.1619392662
57 11  -0.1069455169   0.0246748394   0.2900397588  -0.2716964893  -0.3909021307
57 12   0.3067751721   0.0168206935   0.3512750219  -0.0237754647  -0.0020201637
57 13  -0.0022299633  -0.0161954258  -0.4167185583   0.0709316900   0.0120175159
57 14  -0.0818255355  -0.0023032433   0.0005741771  -0.0008649948   0.0019353024
57 15  -0.0000630141  -0.0000378925
58  1   0.0183231063  -0.0222461107   0.1475450720   0.1245933653  -0.2020778864
58  2  -0.0176582475  -0.2402782670  -0.1595645853   0.1561066337  -0.4043675220
58  3   0.0138249490   0.0792147638   0.3819722116  -0.4770195341  -0.7184059929
58  4  -0.0105230354   0.0433730196  -0.2398814952   0.0249531570   0.1036835348
58  5   0.0058629165  -0.0235751616   0.0108064773  -0.0020404942   0.0289214427
58  6  -0.0044129671   0.0209428665  -0.0237961014   0.0105739663   0.0074767245
58  7   0.0038079086   0.0116997924  -0.0030701830  -0.0227744773  -0.0064948812
58  8   0.0330197024   0.0213500854  -0.0177819518   0.0178812532   0.0025112336
58  9  -0.0033636814   0.0019485218   0.0024164634  -0.0104235395   0.0006941051
58 10  -0.0030526460   0.0035508229   0.0028684484   0.0042353495   0.0018226512
58 11  -0.0020055444   0.0034587558   0.0014006432   0.0025683550   0.0008115629
58 12   0.0082680192  -0.0011757834   0.0055677947   0.0001146636   0.0001967282
58 13  -0.0000718293   0.0001663972  -0.0015471559   0.0005511256  -0.0025973268
58 14   0.0027533346  -0.0001212302   0.0042844340  -0.0043911212   0.6603112692
58 15   0.0138852677  -0.0014808060
59  1   0.2159786605   0.0181897192   0.1243891750  -0.1997836677  -0.0813989438
59  2   0.2370455392   0.0489610101  -0.1722910098  -0.1245376564   0.0041562812
59  3  -0.0854645526   0.0007412700   0.2831857164  -0.1616557658  -0.5038281885
59  4  -0.0228908269   0.0861838797  -0.5645882147   0.0614015246   0.2576671593
59  5   0.0361803384   0.0074226240   0.2323266369   0.0093649729   0.0135417919
59  6   0.0903174674  -0.0483172125  -0.0220117090  -0.0479130229  -0.2097443583
59  7  -0.0425904601   0.1767165035   0.0048236577  -0.0460051065  -0.1086930672
59  8  -0.2437199224  -0.0845245138  -0.0079411596   0.2012240388   0.1386437698
59  9   0.1197371320  -0.0135421077   0.0651939898   0.3476265117  -0.0575133272
59 10   0.1182901717  -0.0929224810  -0.0068591488  -0.2310675359  -0.0122701329
59 11  -0.0288070645  -0.0484566531   0.0737294576  -0.1652832410  -0.1137730316
59 12   0.1076161235   0.0051825982   0.1726463603  -0.0057137513  -0.0004827457
59 13   0.0000386458   0.0002269674   0.0077879880  -0.0009755182  -0.0024553583
59 14   0.0053471631  -0.0000477145  -0.0044729463   0.0041607483  -0.5772922346
59 15  -0.0123710417   0.0012253412
60  1  -0.1023966909   0.2602566374  -0.0980366010  -0.0988130939   0.0941440777
60  2   0.0705154370   0.1606994904   0.1111720515  -0.0992973883   0.1940197762
60  3  -0.0133139118  -0.0559714612  -0.1538553125   0.1812493830   0.3921679813
60  4   0.0048815728  -0.0197027097   0.0494714763   0.1164278880  -0.0296884913
60  5   0.0369339719   0.1213441768   0.1027614285   0.1213124971   0.0652134012
60  6  -0.1570389182  -0.0731996308  -0.0216867122  -0.0428851638  -0.2421088117
60  7  -0.0424243138   0.2069052977   0.0004798145  -0.0262663018  -0.0945459839
60  8  -0.2531652856  -0.0813543139  -0.0834733692   0.2301417049   0.2492353783
60  9   0.2062387106  -0.0463935859   0.0859442603   0.4874758797  -0.0846213920
60 10   0.1684003682  -0.1351017179  -0.0071721674  -0.3314194347  -0.0124790051
60 11  -0.0408214050  -0.0775757568   0.1132986243  -0.2443921385  -0.1731486939
60 12   0.1492187668   0.0088492541   0.2513363189  -0.0091993982  -0.0008074982
60 13   0.0001024061   0.0003233079   0.0012256525   0.0001150268  -0.0011479320
60 14   0.0034404119  -0.0000981506   0.0025241396  -0.0032274033   0.4756133430
60 15   0.0097546150  -0.0010785299
61  1  -0.0118438081   0.1244914252  -0.1121465869   0.1293732166  -0.1466972819
61  2  -0.0724165550  -0.0369399218   0.0690263274  -0.0382256294  -0.0420480158
61  3   0.0419971706  -0.0732870103  -0.0432458132   0.0079356486   0.0168480355
61  4  -0.0192496737  -0.0518090722  -0.1804870509   0.1871574482   0.0976895768
61  5  -0.0241726571  -0.0897527654  -0.1309099549   0.0507013390   0.0267748145
61  6   0.1014219082   0.2177781166   0.0564798591  -0.2936933795   0.2605321565
61  7  -0.0125948460   0.1733096342   0.0197504251  -0.2667500290  -0.1645443978
61  8   0.2135134104   0.1200689669   0.0503952558  -0.5578603514   0.1003880034
61  9  -0.0849656634   0.1214185182   0.2208201377   0.1993526598   0.0025836606
61 10  -0.0102017675  -0.0158713716   0.0786452248   0.1773172048   0.0581398404
61 11  -0.3098270855   0.3762347338  -0.0939630667  -0.1477846122  -0.1596817978
61 12  -0.0078572548   0.4005120271  -0.1482890194  -0.0592000391  -0.0221555649
61 13   0.0016870970   0.0435982246  -0.0593068104   0.0405000193   0.3202692080
61 14   0.3627695226  -0.0146995099  -0.0069549245   0.0003251965   0.0001054341
61 15  -0.0000659677   0.0001114317
62  1  -0.0559134007  -0.0891128538   0.0103922491  -0.1090522342  -0.0830031241
62  2   0.1853545160  -0.0036787745  -0.0179701845   0.0198928114  -0.0128008038
62  3  -0.0132458975   0.0136188189   0.0005897862   0.0116607313  -0.0178931504
62  4  -0.0071402166  -0.0450302331   0.1038862945  -0.1622553828  -0.1079113265
62  5   0.0186770260   0.1202066602  -0.1509000309  -0.0347756927   0.0335935073
62  6   0.0675084293   0.1728897407  -0.1115726382  -0.0511529933  -0.2378805900
62  7  -0.2529090119  -0.0815092081   0.0241586373   0.1516583912  -0.0972230083
62  8  -0.1531135396  -0.0246702258  -0.0069007222   0.3066391696  -0.0826414034
62  9   0.0716944067  -0.0991227948  -0.1291380463  -0.1121949814  -0.0370931148
62 10   0.0298501806  -0.0342347983  -0.1628852690  -0.0407733348   0.0163617024
62 11   0.1801253655  -0.2085971311   0.0500099976   0.1290327280   0.0845407281
62 12   0.0540465923  -0.2180787579   0.0467553970   0.0313207384   0.0106570619
62 13   0.0042910228   0.0773484486  -0.1024677123   0.0737195606   0.5607469582
62 14   0.6363161920  -0.0262349136  -0.0141219479   0.0007566681  -0.0004436635
62 15   0.0040122617   0.0000580121
63  1  -0.3109758375   0.1114888084  -0.0820074644  -0.0269948405   0.0696412662
63  2   0.0513958266  -0.0018023589   0.0941323535   0.1120782884  -0.0853010505
63  3  -0.0629200241   0.0834387383  -0.0751136447   0.0435925439  -0.0123947398
63  4   0.0181256642   0.0844041294  -0.1008784031   0.0784303678   0.0423637956
63  5   0.0086353532   0.0266582655   0.3464073148  -0.1078545078  -0.0348028866
63  6   0.1304748445  -0.0905809230   0.1197741842   0.0455844283   0.1250786803
63  7   0.1176342361   0.0321451163   0.0176725562  -0.1437997675  -0.1493443925
63  8  -0.3544743079  -0.0290277532  -0.2595481021  -0.2530932181   0.1769876913
63  9  -0.0313851319  -0.2318757550   0.0959185339  -0.1450101886   0.1985863375
63 10  -0.0686072908   0.1584078902   0.5944243534  -0.3550401129  -0.1163321242
63 11   0.0500927063  -0.1340074850  -0.0252182015  -0.2684366438  -0.0907988586
63 12   0.1841873240  -0.4003116856  -0.4217845801   0.0426259515   0.0119073816
63 13   0.0006272617   0.0098498359  -0.0127459013   0.0095399727   0.0634747941
63 14   0.0721652538  -0.0031461519  -0.0041832712   0.0003753397   0.0004646449
63 15   0.0008737292  -0.0000279142
64  1  -0.0269905767   0.1744934957  -0.1058502612   0.1205303058  -0.0344418804
64  2   0.1523972954   0.1366395257   0.0772797775  -0.0006945620  -0.1531491465
64  3  -0.0715808026   0.0105415725   0.0490815276   0.0248104886   0.0434038068
64  4   0.0101315408   0.0718445910  -0.0018886591  -0.1388279235  -0.0502096693
64  5   0.0672250189  -0.3045064044   0.1514962732  -0.7991897585   0.9006166422
64  6   0.0500462755  -0.2969609611   0.1109503311   0.0513111745   0.0097726492
64  7   0.0906432619   0.0155320027  -0.0024973055  -0.0804619672   0.0779275357
64  8   0.1076130158  -0.0083366885   0.0732634569   0.0020643423   0.0088632348
64  9   0.0571977330   0.0545646639   0.0174306849   0.0285950514  -0.0369795944
64 10  -0.0004073130  -0.0271108710  -0.0828055600   0.0540491160  -0.0131198479
64 11  -0.0026028149   0.0063893104  -0.0017551697  -0.0167409602  -0.0001888115
64 12   0.0345062717  -0.0145396974  -0.0449388898   0.0127951333  -0.0007192139
64 13   0.0007238747  -0.0000724218  -0.0029257054  -0.0031525086  -0.0041444071
64 14  -0.0055662837   0.0011807923  -0.1665379949   0.0105724403   0.0009337207
64 15   0.0011647417  -0.0000682253
65  1  -0.2299448901  -0.1586173145  -0.0594926665  -0.0511668725  -0.0826451419
65  2   0.1569418817  -0.0526368026   0.0632034459   0.1072490554  -0.0384090551
65  3  -0.1163099135   0.0920506941  -0.1299196347   0.1565478285  -0.0792887147
65  4   0.0105435583   0.0774766331   0.0038456137   0.1766585347   0.0193832621
65  5   0.0044129604   0.0654699412   0.0382569690   0.1640439542  -0.1495123826
65  6  -0.0278335384   0.0151982039  -0.0085604046   0.0208753369   0.0095288925
65  7   0.0282742613   0.0100084975  -0.0022843393   0.0237336161   0.0619351288
65  8   0.0984238534   0.0066675834   0.0398332306   0.0152193731  -0.0218265754
65  9  -0.0202357111   0.0267690377  -0.0062402769   0.0181094207  -0.0054503898
65 10   0.0062350797  -0.0043449595  -0.0368655792   0.0155254332   0.0064760377
65 11   0.0006475410   0.0061335510  -0.0036705236  -0.0045982855  -0.0124795125
65 12   0.0160568033  -0.0087845160  -0.0153537662  -0.0013576212  -0.0001252849
65 13   0.0007261790  -0.0015040552   0.0019767160  -0.0029860957  -0.0117928958
65 14  -0.0112939567   0.0005309144  -0.9755397277   0.0562101096   0.0070882234
65 15   0.0051079860   0.0000473348
66  1  -0.0603392383   0.1903545656   0.0139501034  -0.1051018354   0.0266133793
66  2   0.0062152940   0.0005528106  -0.0288926079  -0.0384997317  -0.0077700702
66  3   0.1151101618  -0.0526699459   0.0666021471  -0.1631298859   0.0700935853
66  4  -0.0099633581  -0.0852902092  -0.0426717089  -0.2104657714  -0.0863958466
66  5   0.0169793353   0.0936620300   0.0561701230  -0.2053690961   0.0179822231
66  6   0.2758723515   0.2332200815   0.0305489377  -0.2003217014  -0.1561564426
66  7  -0.2888323969   0.0005830380   0.0611309361   0.0899717424  -0.1944439822
66  8  -0.1012575068   0.0204216666  -0.1338301289  -0.0144105931   0.0712319746
66  9   0.1470086567  -0.2169622590   0.0231288685  -0.1450278957   0.0923176044
66 10  -0.0504820784   0.0509813156   0.4916183574  -0.2540224514   0.0120257537
66 11  -0.0562819800  -0.0480413046   0.0632330070   0.1893467206   0.2176866559
66 12  -0.5117933101   0.3948745670   0.5124084438  -0.0404467295  -0.0020582554
66 13   0.0000501197  -0.0006360374  -0.0022471525   0.0016891570   0.0014486049
66 14   0.0056495406  -0.0006070765  -0.1142600182   0.0061476548   0.0003931074
66 15   0.0004571278   0.0000853367
67  1  -0.0176386381   0.1487243504  -0.1392014142   0.1284135695  -0.1219541801
67  2  -0.0407939326  -0.0040246160   0.0805542156  -0.0325670979  -0.0857571965
67  3   0.0205006826  -0.0493000265  -0.0405464645  -0.0341476879   0.0377784630
67  4  -0.0138026210  -0.0770946607  -0.1673287541   0.2402071570   0.1107043325
67  5   0.0158371468   0.0009657952   0.0636003067   0.0817374622   0.0581622897
67  6   0.3064080759   0.1222042750  -0.0517645011  -0.0019355404   0.2746039388
67  7   0.3742202640  -0.3839269510  -0.0118060824   0.0540766394   0.1320433705
67  8  -0.2793744236  -0.0414999019  -0.2294304603   0.2464481921  -0.1987921331
67  9   0.1697520533  -0.0353930614  -0.2071302677  -0.2030832248  -0.3471990067
67 10   0.0456298298  -0.2545445580   0.0444253565  -0.3096621099   0.2320508285
67 11  -0.3736616449  -0.0410571766   0.0347458985   0.0910352263  -0.0180541035
67 12   0.0971692419   0.2117256955  -0.2569323787   0.0512810436  -0.0074453702
67 13   0.0222925741   0.3884257219   0.0197893170   0.1678361181  -0.0299576552
67 14  -0.0389850888  -0.0135802108  -0.0007806978   0.0000448926   0.0000413717
67 15   0.0003111169  -0.0001429982
68  1  -0.1170816611  -0.0841488058  -0.1242754551  -0.0819320373  -0.1323527863
68  2   0.0083918262  -0.1301017789  -0.0671320340  -0.1042771892  -0.1423772594
68  3   0.0491853416  -0.0983872198  -0.0150632801   0.0272563742  -0.0020572755
68  4  -0.0330006068  -0.1166352688  -0.0236875497  -0.0666405593  -0.0224953639
68  5  -0.0615685233  -0.1035043412   0.1045130321   0.0327428663  -0.0043141437
68  6  -0.1159918620  -0.0223569075   0.1971465005  -0.3539174958   0.0002132796
68  7   0.3403731559   0.0130941925   0.0085798043  -0.0189120243   0.0725242159
68  8  -0.0668534216   0.0613194785  -0.1424712539   0.0627774432  -0.1303140305
68  9   0.0975107103   0.2538894995  -0.0959424723  -0.0590670752  -0.3422864575
68 10  -0.0532128499  -0.1280297107   0.2206995031  -0.0372784305  -0.1084977589
68 11   0.3398766326  -0.2008771951  -0.2147723421   0.1805665758  -0.3213043993
68 12   0.1557531954   0.3630610589  -0.1041279995   0.0265819999  -0.0259579612
68 13  -0.0274239445  -0.4858795842  -0.0268841819  -0.2171486801   0.0370675448
68 14   0.0493963679   0.0192630201   0.0007245825  -0.0001982508   0.0000519236
68 15  -0.0011977541   0.0004415586
69  1  -0.2663579050  -0.0023016007   0.0825073527  -0.0304162501  -0.0307520322
69  2  -0.0438579633  -0.1746010930  -0.1343773866  -0.0719349301   0.0461560963
69  3   0.0379932899  -0.0309230023   0.0302407146   0.0673164348   0.0000763022
69  4  -0.0113834394   0.0363990050  -0.0301263853  -0.1338687407   0.0253980120
69  5  -0.0097385487  -0.0472890720  -0.1120052809  -0.0102333623  -0.0109298595
69  6  -0.0854500852  -0.1516725258  -0.1459183811   0.0201611278  -0.0200739224
69  7  -0.1123824021  -0.0018106407  -0.0518905232   0.1005761297  -0.1568180298
69  8   0.1514119021   0.1673045677   0.0812086365  -0.0470078791   0.0301785192
69  9   0.1030157861   0.2661967065   0.0893137740   0.1014177949  -0.0417212971
69 10  -0.0788820039   0.0634577154   0.1694144986   0.1653832062  -0.2112050766
69 11   0.4984633368  -0.0972852765  -0.1709237356   0.0595268009  -0.2084069183
69 12   0.0864584077   0.1896360607   0.0464205345  -0.0173920447  -0.0187200718
69 13   0.0368114889   0.6541679035   0.0342237192   0.2886360950  -0.0482183437
69 14  -0.0633814341  -0.0249454803  -0.0004000589   0.0000288507  -0.0003434987
69 15  -0.0028397637  -0.0004417439
70  1   0.0039723314   0.0606015716  -0.0512970303   0.1330611095  -0.2222571366
70  2  -0.1827086885  -0.1745134719  -0.0934075923  -0.6187633981   0.1070463232
70  3  -0.5816579053   0.0327631093  -0.5515082945  -0.4960425810  -0.0666262992
70  4   0.1480462030   0.2424441032   0.2126448587  -0.0310675825  -0.0928036980
70  5   0.0261627389   0.1276448185   0.0577446860  -0.0378651579  -0.0105427348
70  6   0.0210210710  -0.0955091580  -0.1157097125   0.0207940106  -0.0285938273
70  7  -0.0675808028   0.0208193895   0.0741644843   0.0487947132  -0.1238916754
70  8   0.0184280897   0.0727465790   0.0182627459  -0.0716615297   0.0080777329
70  9  -0.1343697341  -0.0419303588  -0.0140633146   0.0031585404  -0.1908854405
70 10   0.0277072307  -0.0477904955   0.0772821131   0.0784123650  -0.0334397083
70 11  -0.0296920306   0.0191443657  -0.0003455087  -0.0123276618   0.0057204531
70 12  -0.0491034335  -0.1145448657   0.0319243985  -0.0060355077   0.0143912844
70 13   0.0004797205   0.0006774234   0.0010586950   0.0000709988  -0.0012501363
70 14  -0.0012036257   0.0008672304  -0.0035973999  -0.0006085309   0.0128347111
70 15  -0.6013172967  -0.0024450019
71  1   0.1047739588   0.0024212267  -0.0275655154  -0.1561932815  -0.1293848577
71  2   0.0561690175   0.0742289698   0.2401094568   0.4011985900  -0.0548832548
71  3   0.5603608790  -0.1500368212   0.3193097209   0.3644125572   0.0090480228
71  4  -0.0740670665   0.1579493765  -0.1250569084  -0.0407401839   0.0193080306
71  5  -0.0086072527  -0.0350662964  -0.0263504384   0.0025549556  -0.0141595364
71  6  -0.0351367204  -0.0617787823  -0.0336743017  -0.0845520597   0.0452546525
71  7   0.0609615098  -0.0271188131  -0.0015764943  -0.0556310273   0.1466399320
71  8  -0.0302088709  -0.0957069241  -0.0198049276   0.0769576711   0.0021430580
71  9   0.1041275854   0.0021828755   0.0125831906  -0.0075812265   0.1925367279
71 10  -0.0247520345   0.0523172597  -0.0812467536  -0.0822218115   0.0366499984
71 11   0.0279933208  -0.0196314712  -0.0016969973   0.0125702518  -0.0072550739
71 12   0.0531787158   0.1191238115  -0.0354728708   0.0055761887  -0.0149647406
71 13  -0.0002631606  -0.0015004602  -0.0010742897  -0.0009533063   0.0046678998
71 14   0.0056072362  -0.0005986053  -0.0037792315  -0.0008073423   0.0165210555
71 15  -0.7962182251  -0.0033510351
72  1  -0.3734321645   0.0000000000   0.0000000000   0.0000000000   0.0137413630
72  2   0.0000000000  -0.2212745707  -0.2758886696  -0.3436338961   0.0172260404
72  3  -0.3366867594   0.0667145873  -0.2898236300  -0.2723675580   0.0209655400
72  4   0.0166287793  -0.3145659717  -0.0948481157  -0.0853382128   0.0922453174
72  5  -0.0497472625  -0.1728182621  -0.2457201934   0.0448873974   0.0473353916
72  6  -0.0874797450   0.1588237027   0.1884053069  -0.1267626295   0.0951292106
72  7   0.1588346174  -0.0427358322  -0.1275156412  -0.1988381019   0.3614524609
72  8  -0.1320646559  -0.2721883661  -0.0169140982   0.1750354760  -0.0255835833
72  9   0.3304392851   0.0335616342   0.0359461522  -0.0294003085   0.6135995821
72 10  -0.0776439825   0.1623567291  -0.2552615824  -0.2494571623   0.1098036573
72 11   0.0821301391  -0.0480857043  -0.0111500939   0.0311101586  -0.0017986749
72 12   0.1580296077   0.3417741724  -0.1157832421   0.0120705245  -0.0397655816
72 13  -0.0005076111  -0.0030381566  -0.0007879343  -0.0008455523   0.0040198467
72 14   0.0041685150  -0.0015391252   0.0005697840   0.0000119794   0.0000149746
72 15   0.0050902121  -0.0001316801
$end
