$coord
-14.20389736400043 2.42256744472254 -1.73929849038065 c
-11.84737874242139 1.44410332443633 -0.69297010997282 n
-10.17174604502076 3.33460114525336 0.414525228523 c
-11.39581817478625 -1.05388148721516 -0.69645890440409 c
-12.92229683605854 -2.65129646597564 -1.46655022455725 o
-8.85683850931714 -1.9514821242582299 0.22878405662317 c
-8.85975675218833 -3.48760800287571 2.24998825982339 n
-6.65910113147613 -4.4849160308328 3.02000664034545 c
-6.70508723410029 -5.92187334058312 5.1749590299342 n
-4.38041652406592 -4.14149720994699 1.9201169997598102 n
-4.46755755876181 -2.64134058547668 -0.06319559849198 c
-6.63650862639628 -1.44194037203457 -1.03881265469572 c
-6.02073829695822 -0.00303316748909 -3.13952554458278 n
-3.57018626546287 -0.32304059893147 -3.40782135288103 c
-2.09834249778411 0.84980181976444 -5.15064051018276 n
-2.51234748682374 -1.92414276031405 -1.60974614095677 n
0.14168802580678 -2.54087274091704 -1.24965097603332 c
1.5348167587641 -0.46193414234837 0.20143543797544 c
4.22739045370852 -1.24518729328974 0.77340890007388 c
4.75361730000259 -3.35781397864497 1.60198756026776 o
6.02272249307669 0.5112185879845 0.35331443953841 n
8.66080642508801 0.01863056729722 0.91058735509973 c
10.24628327333165 2.31382713896661 0.10730956265757 c
13.08018596791184 1.84703641421056 0.30010309848692 c
14.61382810098351 4.08130104293565 -0.59230536542036 c
13.74709110319745 6.05106256668987 -1.3594459378305 o
17.14550553861651 3.80021809223957 -0.50009728897311 o
9.09636701442903 -0.59152059134813 3.69580791527682 c
10.68930864954903 -2.06472735470239 4.42251711540068 o
7.62829500916809 0.7576778362474 5.24811556546143 o
-13.78269742163777 3.99840093632671 -3.00133335738206 h
-15.437561817856269 3.09567771865281 -0.22550378400323 h
-15.159549161227043 0.93792022354107 -2.78339913998303 h
-11.25641713750606 4.51649268911077 1.7117522509872 h
-8.65152149907492 2.43983593755287 1.45945199859918 h
-9.36127943083033 4.52798552043261 -1.06023562909064 h
-5.2284559271109 -7.09955421832867 5.43715936893201 h
-8.40300663988647 -6.6278682809015 5.6781803988573 h
-3.04670128875491 1.67866509397351 -6.58499044521819 h
-0.48695126610365 -0.01379729459909 -5.69676463808386 h
1.00908603842574 -2.86819895401052 -3.08997230213617 h
0.22049740539296 -4.31068906613626 -0.20821863486431 h
0.59028299395573 -0.15154552317461 2.01301174266659 h
1.48563399445272 1.31449427741653 -0.84028895304534 h
5.51801500461312 2.25003336637236 -0.24434618513966996 h
9.27718648947273 -1.65038212861323 -0.13112679502811 h
9.71369829430802 3.94880115502543 1.24707281049496 h
9.75767821999878 2.74241907822451 -1.84942179926536 h
13.6330223047215 0.20553652504154 -0.82943354809163 h
13.65694935903066 1.43240697304206 2.24029133011842 h
17.62295331784553 2.15124236611743 0.14210841196258 h
8.04925009976057 0.33818587136965 6.98814666077671 h
$user-defined bonds 
 
$end
