$dipgrad          cartesian dipole gradients
  0.51303957677235D+00  -.28431408902574D+00  -.17347576295521D-02
  -.12691824810001D+00  0.16414632649006D+00  -.92227580716493D-01
  0.73914377392243D-01  -.12704789859900D+00  0.23815821807144D+00
  -.62154503040814D+00  0.25632320743397D+00  -.45906851963828D-01
  0.23990951227344D+00  -.12657263470302D+01  -.11723387575711D+00
  -.90861816520898D-01  0.26958470556448D-01  -.29309167233979D+00
  0.19892320638669D+00  0.23795345045818D+00  -.29073127795915D-01
  0.15076530174907D+00  0.39252603695331D+00  0.12328946598120D+00
  -.80383618823908D-02  0.12785680014470D+00  0.25332358150380D+00
  0.11706397073343D+01  0.60970650872564D-01  0.16728914361314D+00
  -.40582480648350D+00  0.19414867893144D+01  0.20697222363159D+00
  0.29313234228457D+00  0.19947343183436D+00  0.23810492334270D+00
  -.10931355589376D+01  -.37788071291735D+00  -.19990051261733D+00
  0.39534327802045D-02  -.10920088851191D+01  -.14573519508759D+00
  -.21788976324863D+00  -.25842340528753D+00  -.44403063041677D+00
  0.66884933202781D+00  -.12539816700445D+00  -.56456887218357D-01
  0.30742030796859D+00  0.25777735904518D+00  -.36487043108950D+00
  -.45537819063775D+00  -.29773648825483D+00  0.57059633298145D+00
  -.47307296993417D+00  0.38889687571620D+00  -.44218385597891D+00
  -.24403392204708D+00  -.64310246451877D+00  0.57887666962994D+00
  0.33647829899835D+00  0.41448643572785D+00  -.86890911402140D+00
  0.32131986514734D+00  -.13271962335407D+00  0.16738724082500D+00
  0.15610906425093D+00  0.89632674071132D+00  -.96212647622137D+00
  -.24409252514385D+00  -.10548746670709D+01  0.15963690042466D+01
  -.14919696186606D+00  0.33003630792813D-02  -.96711198932471D-01
  -.14444093366808D+00  -.70729804376918D+00  0.35093749796810D+00
  0.15859720088273D+00  0.73176775059128D+00  -.15594969633360D+01
  -.61958936292427D+00  -.16460045061072D+00  0.28642941624335D+00
  0.49140989577607D-01  -.54592335704826D+00  0.30019932689464D+00
  -.28486013939301D-01  0.41103634053836D+00  -.71802382192763D+00
  0.11549497682418D+01  0.22530315680630D+00  -.49128995563414D+00
  -.45797397512529D-01  0.34075693375810D+00  -.15311495623365D+00
  -.20903437537099D+00  -.34628870211093D+00  0.51823140878356D+00
  -.83440700719798D+00  0.83489208085393D-01  0.68007894889003D-01
  0.49363376396388D+00  0.89872919511544D-01  -.18776675695938D+00
  -.27401208726586D+00  -.10302062387111D+00  0.28106763012164D+00
  -.11536270904583D+01  -.16250944006083D+00  0.35413150941850D+00
  0.10580160059174D+00  -.36756338390094D+00  0.14162294625906D+00
  0.24791346498881D+00  0.22379508127054D+00  -.66310274486905D+00
  0.15265946914703D+01  0.20511032321015D+00  -.52820648940603D+00
  0.72055377918657D-01  0.53418455840091D+00  -.62388555063044D+00
  -.24481847664260D+00  -.51745101527414D+00  0.10582297860273D+01
  -.92980253295710D+00  -.40881236634745D+00  0.54566600600970D+00
  -.65630187665377D+00  -.64869894162893D+00  0.50893534711555D+00
  0.39305156803988D+00  0.21036870313538D+00  -.83662472239255D+00
  -.11483618628871D+01  -.44494793026480D-01  0.97159580755081D-01
  0.40947402976422D-01  -.36105889116953D+00  0.26135186617230D+00
  0.92288687886791D-01  0.23716308178003D+00  -.58941024244071D+00
  0.94924166433442D+00  0.30662750850834D-01  0.51805658879339D-01
  0.39969373125379D-01  0.15981141289205D+00  0.13536755289826D+00
  0.16418982525710D+00  0.11210061673614D+00  0.25128160912029D+00
  -.46811677484678D+00  0.41631235711105D-01  -.55523078095382D-01
  0.19355801347305D-01  0.15478254586828D-01  -.56714011762315D-01
  -.61858200243357D-01  -.52381198890127D-01  0.71180400058806D-01
  0.17204434990268D+01  0.31562312135934D+00  0.11978480335688D+00
  0.53494482767010D+00  0.12648802633101D+01  -.26351186620101D+00
  -.87579123198417D-01  -.36631241374611D+00  0.30615427904609D+00
  -.89485967587606D+00  0.75865358536599D-01  -.13905251770080D+00
  -.22866934978713D+00  -.97468121425558D+00  0.14647666817071D+00
  -.94065287687031D-01  0.19933796484419D+00  -.42322830419229D+00
  -.13022961997952D+01  -.48275213347753D+00  -.12642826275505D-02
  -.56658525072556D+00  -.62065131575933D+00  0.50979209706704D-01
  0.77915941582604D-01  0.12251309094533D+00  -.41355774183494D+00
  0.69038511325804D+00  0.84666363189256D-01  0.10238296641529D+00
  -.80778940879096D-01  0.11191691897293D+00  0.84480460068701D-01
  0.11239787089593D+00  0.67188790160470D-01  0.14351554579408D+00
  0.10230019118443D+00  0.66115165591338D-01  -.90472580769131D-01
  0.41919665713167D-01  0.12715800645382D+00  -.31512271373602D-01
  -.33566755860867D-01  0.23337276837071D-01  0.74363208575065D-01
  -.62439926571308D-01  -.58967039600690D-01  0.95560554799068D-02
  -.26841361629371D+00  -.17701041906442D+00  0.14735416652071D+00
  0.74036647098257D-01  0.15378180746492D+00  0.90035435549348D-01
  0.19141042689639D+01  -.16337096556691D+00  0.33475952370199D-01
  -.29104428335613D-01  0.12199799953083D+01  -.38381320778430D+00
  -.72870174031514D-03  -.36966192775601D+00  0.39761924827339D+00
  -.76958989487882D+00  0.53514009660529D-01  -.97175458757955D-02
  0.13090436059326D+00  -.93985651556014D+00  0.23781807613483D+00
  -.46173666066426D-01  0.25619833988038D+00  -.44370405964466D+00
  -.15325389376636D+01  0.14731707921475D+00  -.35157797348922D-01
  -.13612526860447D-01  -.34666251138369D+00  -.10260133982960D-01
  -.27028056892468D-02  -.25042302374314D-02  -.37317918963369D+00
  0.10613643060985D+01  -.62537765286695D+00  -.94529226457612D-01
  -.72043978611554D+00  0.77338007718036D+00  0.14609680523470D+00
  -.34103690421838D-01  0.38424700367836D-01  0.12219146812994D+01
  -.86130422976940D+00  0.30267191955857D+00  -.36785163203720D-01
  0.38308383089923D+00  -.62437631504978D+00  0.54370692181923D-01
  -.33286276915634D+00  0.16976680271674D+00  -.65458605801203D+00
  -.62985651904418D+00  0.23777316598733D+00  0.25367195222974D+00
  0.19814544868177D+00  -.54709132263407D+00  -.25495099394392D+00
  0.32784957888330D+00  -.32931731518346D+00  -.78057092012225D+00
  -.91533273625255D-02  -.22942277261071D-01  0.59751171995880D-01
  0.57767610264773D-01  -.77752427075591D-01  0.11190958546823D+00
  -.76379593730300D-02  0.12546183156661D+00  -.67138874009903D-02
  -.82653764989449D-01  0.10287733311807D+00  0.31961717087553D-01
  0.10551190119536D+00  0.41152815527199D-02  -.18349710165334D-01
  0.12410950348181D+00  -.59134147565318D-01  -.73907316687107D-01
  0.48843986307415D-01  0.52157212780105D-02  -.22660268427082D-01
  -.90125217677628D-01  0.67418125491591D-01  -.68698210007407D-01
  -.26520733563431D-01  -.16719429448722D-01  0.54797128161226D-01
  -.43439452246404D-01  0.88085351333131D-01  0.95412573868231D-01
  0.36656884082772D-01  -.76278613783042D-01  -.83923501004440D-01
  0.61096320605327D-01  -.11380379343147D+00  -.18150177556493D-01
  -.39438097030109D-01  -.83271277948603D-02  -.65320744581806D-01
  0.23613027579404D-02  0.50336488733149D-01  0.52432561139741D-01
  -.10536245797356D+00  0.51295978882318D-01  0.27433414522822D-01
  0.36172417101699D-01  -.95137616501261D-01  0.19650424615997D-01
  -.69993993269437D-01  -.55181964168663D-01  0.64677246820267D-02
  0.53112614972405D-01  0.97399144548432D-01  -.47619107397360D-01
  0.14456737083777D+00  -.12167479282405D-01  0.10229735247389D+00
  0.22753471492425D-01  0.16663167319056D+00  0.10320626477373D+00
  0.47778619348638D-01  -.51483444511288D-01  0.32920491554587D+00
  0.16389388509021D+00  0.24810201195390D-01  -.49636843427008D-01
  -.67799403441646D-02  0.17389019227033D+00  0.11799506874297D+00
  -.72900867000066D-01  -.44550370460954D-01  0.35905545996249D+00
  0.14059525889316D+00  0.32772238532325D-01  -.12147860459083D-01
  0.75046272775877D-01  0.32716648572485D+00  -.86374622476991D-01
  0.23976696138316D-01  0.24702110455686D-01  0.21396347987671D+00
  0.26945499262358D+00  0.83984999641014D-01  -.20715709303830D-01
  0.16629471442003D+00  0.20302157404823D+00  -.48689988214843D-01
  0.14111785795183D+00  0.66937293467935D-01  0.17079103864518D+00
  -.78897021846052D-01  -.98178207423753D-03  0.38989072600118D-01
  -.39995273119608D-01  0.65219170327903D-01  -.10418296710961D-01
  0.54675486443782D-01  -.60032920490144D-01  -.11096882789999D+00
  0.74786922045964D-01  -.21196180459671D-01  -.18642630085595D-03
  0.45414290033643D-03  0.31518915086419D-01  -.13384183598367D-02
  -.58149639184845D-01  0.31615558245353D-01  0.59857854120547D-01
  0.28870507791909D-01  0.71931625298692D-02  0.20796519771145D-01
  0.22806244040671D-01  0.51452026459119D-01  0.64288516367059D-03
  0.16080397005441D-01  -.25397185548596D-01  -.20078873699130D-01
  0.36626432705415D-01  -.19569569411081D-01  -.67315963760707D-02
  -.13895322859074D-01  -.68020127386107D-01  0.39624936574964D-01
  -.60446389064704D-02  0.76626478399114D-01  0.13606556954892D-01
  0.17173771604159D+00  0.98711575699581D-02  -.27242108389176D-01
  0.52380547604896D-01  0.15268599080573D+00  0.30945547492184D-01
  -.22736260213283D-01  0.12702280313214D-01  0.22349754839406D+00
  -.48274821922762D-01  -.34619586041997D-02  -.51937857766753D-02
  0.72791280520907D-01  0.42873468653423D-02  -.38320415906500D-01
  -.17086002340214D-01  -.25520949598935D-01  -.87062764172660D-03
  0.28915674504633D-02  0.31125051758050D-01  0.28519154149257D-01
  0.27458520287707D-01  -.84714153602521D-02  -.41631816264815D-01
  0.26795406698684D-01  -.62980879843008D-01  0.21795777897497D-01
  0.22091571938318D-01  0.11604178037578D-02  -.26342408123353D-01
  0.16187894729184D-01  0.51057693235242D-01  0.36018940408353D-01
  -.59685235072647D-01  0.26585850441291D-01  -.71816767221552D-01
  -.17032595169596D-02  0.39985487181694D-03  0.33516749008638D-01
  0.48555756588122D-01  -.17844540926298D-01  -.50429403655438D-01
  0.29234983848433D-01  -.65979053028964D-01  0.34824981843786D-01
  0.93279492444031D-02  -.12846191595254D-01  -.34465783247005D-01
  0.32317380502039D-01  0.74193353915857D-01  -.45615561760217D-02
  -.65691149733728D-01  0.12217008452317D-01  -.18279979576241D-01
  0.42350511034450D+00  -.17642802504658D-01  0.22981393720994D-02
  -.16136141800708D-01  0.17416206290308D+00  0.57695098382998D-01
  0.24596226278255D-02  0.58397813393735D-01  0.29801106044977D+00
  0.28177940231276D+00  0.40787524393135D-01  -.65331691760386D-01
  0.60442986286699D-01  0.27842004314665D+00  0.68391659288744D-01
  -.24135759236294D-01  0.41125226511325D-01  0.31293724114858D+00
$end
