$hessian (projected)
 1  1   0.1161166461  -0.0992172147   0.0933013655  -0.0879407331   0.0556572476
 1  2  -0.0149826958  -0.0109663840   0.0335048802  -0.0189837527  -0.0139490133
 1  3   0.0040781784   0.0027593583   0.0040332233  -0.0004205206  -0.0022474046
 1  4  -0.0018807496   0.0019937404  -0.0006020342   0.0001916178  -0.0001152346
 1  5   0.0005144351  -0.0010904123   0.0001298637  -0.0000152256   0.0010487168
 1  6   0.0016186604  -0.0004405585  -0.0005032700  -0.0005433762  -0.0002049422
 1  7   0.0009766310  -0.0008422369   0.0017153864  -0.0001384836  -0.0002629625
 1  8  -0.0016445514  -0.0152622671   0.0026279285  -0.0595126621  -0.0007698811
 1  9   0.0038379244  -0.0044296625   0.0093658060  -0.0028975329   0.0044784377
 1 10   0.0019867683  -0.0004412946   0.0004392181  -0.0002703569   0.0000373512
 1 11   0.0003513973   0.0000086040  -0.0003589989  -0.0000508846  -0.0000159728
 1 12   0.0000235283  -0.0000236372   0.0002193091   0.0000339708   0.0000680931
 1 13   0.0000768317  -0.0000058615  -0.0000035074   0.0002414612   0.0001071867
 1 14   0.0001709484  -0.0011867088   0.0014687239  -0.0013526655  -0.0002913825
 1 15  -0.0000139512   0.0006955445
 2  1  -0.0992172147   0.2719446258   0.0043453041   0.0491698581  -0.1732909365
 2  2   0.0130500121   0.0108533149  -0.0146621914   0.0098605388   0.0075800406
 2  3   0.0006421590  -0.0023274496  -0.0035584671   0.0010086765   0.0015168928
 2  4   0.0012077054  -0.0009557751   0.0001330305  -0.0005877157  -0.0008539742
 2  5  -0.0000850597   0.0006302147   0.0006073922  -0.0001004377  -0.0000588697
 2  6   0.0006859038  -0.0004926433   0.0003958668   0.0009199241   0.0001415269
 2  7  -0.0007900007  -0.0034399331   0.0000292471  -0.0000789108   0.0015045098
 2  8   0.0005440346   0.0112065229  -0.0482675445  -0.0501416016   0.0023552370
 2  9  -0.0020754555   0.0053710913   0.0217265699  -0.0352465978   0.0193039315
 2 10  -0.0015855217   0.0001095007  -0.0010297894   0.0002404847  -0.0000216155
 2 11  -0.0002242038  -0.0001220073   0.0002576066   0.0000981519   0.0000320996
 2 12   0.0000719334  -0.0000023530  -0.0002232919   0.0000114331  -0.0000356236
 2 13   0.0000046647  -0.0000637019   0.0000481825   0.0000976793  -0.0001967952
 2 14   0.0000231649   0.0002714952   0.0019021685  -0.0010083311   0.0004502460
 2 15  -0.0005913129   0.0009823839
 3  1   0.0933013655   0.0043453041   0.6017933352  -0.0330852556   0.0551443813
 3  2  -0.1110583233  -0.0022877253  -0.0010631837   0.0001632667  -0.0001879317
 3  3  -0.0002952469   0.0020337324   0.0014570327  -0.0002761639   0.0006541900
 3  4  -0.0003874273   0.0001786128  -0.0002354622   0.0002342259   0.0001678143
 3  5  -0.0003520563  -0.0002428048  -0.0001063834   0.0000933722   0.0003632948
 3  6  -0.0005259088   0.0001197464  -0.0003302800  -0.0002512953   0.0002113420
 3  7   0.0004798134   0.0017583659  -0.0013002824  -0.0011724451  -0.0006320624
 3  8   0.0009784382  -0.0399291966  -0.0969693391  -0.4874326393  -0.0206835657
 3  9   0.0369604645  -0.0139313406   0.0034241347   0.0017090574   0.0050268798
 3 10  -0.0011746974  -0.0000013406   0.0026439569  -0.0003469223   0.0000928869
 3 11   0.0000696671   0.0001854444  -0.0001149668  -0.0000151948  -0.0000090006
 3 12  -0.0000164384   0.0000984883   0.0000702743   0.0000125329   0.0001061909
 3 13  -0.0000870329   0.0000513619  -0.0000079482   0.0000591245   0.0001449153
 3 14  -0.0001051036  -0.0003005366  -0.0009605036   0.0004049258   0.0006501115
 3 15   0.0006471356   0.0000408188
 4  1  -0.0879407331   0.0491698581  -0.0330852556   0.4721373469   0.0566103475
 4  2   0.0109640438  -0.1712650085  -0.0061370247   0.0402886487  -0.0127644010
 4  3   0.0096946021  -0.0025689205  -0.0032302113   0.0005287107   0.0008681117
 4  4   0.0016917252  -0.0017457408   0.0007782760  -0.0005855582  -0.0001933451
 4  5  -0.0000980094   0.0008571654   0.0001457657  -0.0000436268   0.0002611707
 4  6  -0.0013484798  -0.0009782343   0.0003199741   0.0006787976   0.0003191165
 4  7  -0.0245035628  -0.0099489327   0.0009054114  -0.0003070285   0.0016565156
 4  8   0.0041544680  -0.0039919403   0.0060397611   0.0007351882  -0.0519807082
 4  9  -0.0009077806   0.0182256914  -0.1159345350  -0.1046047258  -0.0401142190
 4 10  -0.0038126269  -0.0010054852   0.0001518418   0.0001165357   0.0001632958
 4 11  -0.0001790414   0.0000104695   0.0003606241   0.0000114857   0.0000399571
 4 12  -0.0000129734   0.0000093438  -0.0002479187  -0.0000128289  -0.0000584426
 4 13  -0.0000471563   0.0000687965   0.0003083979  -0.0001310944  -0.0001043126
 4 14   0.0000896477   0.0006268774   0.0010449882  -0.0004405799   0.0006812610
 4 15  -0.0001404331  -0.0002433432
 5  1   0.0556572476  -0.1732909365   0.0551443813   0.0566103475   0.5304505807
 5  2   0.0472458777  -0.0151387538  -0.0713344182  -0.0068123380   0.0362181770
 5  3  -0.0137134615  -0.0025014802   0.0002055159  -0.0032633058   0.0024226731
 5  4   0.0013286776  -0.0010982858   0.0002830385   0.0005169936  -0.0002811299
 5  5   0.0000516905  -0.0002678328   0.0001652524   0.0000021093   0.0015285124
 5  6  -0.0063181189  -0.0017382384  -0.0037939047  -0.0012578050  -0.0004891644
 5  7  -0.0315725852   0.0083187963   0.0091487651   0.0006763901  -0.0007455700
 5  8   0.0001435903  -0.0017127378  -0.0001180996  -0.0050616212  -0.0000871319
 5  9  -0.0551270598  -0.0298942352  -0.1051763016  -0.2120634455  -0.0664848589
 5 10   0.0058910408   0.0004610967  -0.0013628312  -0.0000484038   0.0000507723
 5 11  -0.0001662041   0.0003467705   0.0000614711  -0.0000263084  -0.0000171691
 5 12   0.0000753593  -0.0000335389   0.0000507336  -0.0000004867  -0.0000087235
 5 13   0.0001991987   0.0001040012   0.0001913888  -0.0000239900   0.0002598398
 5 14   0.0004810367  -0.0000269064  -0.0013353519   0.0010639171  -0.0013638883
 5 15   0.0000003053  -0.0015989258
 6  1  -0.0149826958   0.0130500121  -0.1110583233   0.0109640438   0.0472458777
 6  2   0.6179100109   0.0408870050  -0.0065399333  -0.0960014946  -0.0242480109
 6  3   0.0077852766   0.0039612523   0.0011446867   0.0011531679  -0.0037739026
 6  4  -0.0013486392   0.0012899718   0.0001786345  -0.0002045590   0.0000184667
 6  5   0.0002769051  -0.0001462237  -0.0000309047  -0.0000220720   0.0000874626
 6  6  -0.0012804253  -0.0012190886  -0.0010214952  -0.0002899777   0.0002500176
 6  7  -0.0082949442   0.0008826405   0.0056661821   0.0012422988   0.0017051713
 6  8  -0.0015697320  -0.0186826344   0.0404470628  -0.0171699553   0.0205293468
 6  9  -0.0411855079  -0.3099464057  -0.0396489442  -0.0615692769  -0.0793653535
 6 10   0.0344113202  -0.0018208759  -0.0099091338  -0.0000926258  -0.0000308677
 6 11   0.0008000336  -0.0000239549   0.0000129429  -0.0000542837  -0.0000866702
 6 12   0.0000377480   0.0000077764  -0.0000166079   0.0000428338   0.0000812560
 6 13  -0.0002607597   0.0000503754   0.0002964769  -0.0000505177   0.0000404686
 6 14   0.0002412267   0.0005179806   0.0007609006  -0.0005092712  -0.0006748619
 6 15  -0.0017751471   0.0009292440
 7  1  -0.0109663840   0.0108533149  -0.0022877253  -0.1712650085  -0.0151387538
 7  2   0.0408870050   0.5093738053   0.0059909924  -0.0331752912  -0.0941400269
 7  3   0.0117955983   0.0035673034  -0.0213931070   0.0340372559  -0.0190863952
 7  4  -0.0046187752   0.0035276091   0.0002802346  -0.0010391750  -0.0011463102
 7  5  -0.0008346262   0.0027026537   0.0002713146   0.0000161879  -0.0199654605
 7  6  -0.0323263249  -0.0052178750  -0.0088560187  -0.0003281919  -0.0007824033
 7  7  -0.1161929959  -0.0328065072  -0.0087472467   0.0024269052   0.0006264535
 7  8  -0.0025339876  -0.0000462435   0.0000733698  -0.0010567847  -0.0041058938
 7  9  -0.0001721123   0.0032158514  -0.0187908658   0.0002959755   0.0097068539
 7 10  -0.0537333084   0.0020233102   0.0141920180   0.0019767107  -0.0002933439
 7 11  -0.0011265209  -0.0011833533   0.0001549173   0.0000354379  -0.0000241577
 7 12   0.0001978322  -0.0000625064  -0.0000925421   0.0002237400  -0.0002988106
 7 13   0.0008373944  -0.0000754646  -0.0003535958   0.0002982400   0.0002205683
 7 14   0.0005774534   0.0075446554   0.0105051240   0.0027259627   0.0012529517
 7 15   0.0014896329   0.0003594605
 8  1   0.0335048802  -0.0146621914  -0.0010631837  -0.0061370247  -0.0713344182
 8  2  -0.0065399333   0.0059909924   0.4422340378   0.0275969548   0.0315241407
 8  3  -0.1360458025   0.0493405225   0.0248252971  -0.0193778063   0.0026168242
 8  4  -0.0022907234   0.0047099072  -0.0017719361  -0.0001358326   0.0061471386
 8  5   0.0008003888  -0.0027413769  -0.0034196482   0.0001092295  -0.0119680976
 8  6   0.0045675767   0.0046286003   0.0075864128   0.0016283643   0.0008550197
 8  7  -0.0387979356  -0.1305774740  -0.0203102993  -0.0027149562  -0.0073082032
 8  8  -0.0107133408   0.0006626069   0.0001950564  -0.0007133144   0.0043459642
 8  9   0.0013244818  -0.0010304104  -0.0283548807   0.0012635805   0.0082522166
 8 10   0.0013232410  -0.0602576603  -0.0500891145  -0.0045170322   0.0017766488
 8 11   0.0017860804   0.0002908753  -0.0007548918   0.0000571457   0.0002318291
 8 12  -0.0004039767   0.0000035054   0.0010867027  -0.0000135195   0.0003633977
 8 13  -0.0001365679  -0.0002157998  -0.0002898488  -0.0009055701   0.0000832567
 8 14  -0.0010705738  -0.0121720558  -0.0178074852  -0.0021134964  -0.0005008887
 8 15  -0.0017511716  -0.0007044342
 9  1  -0.0189837527   0.0098605388   0.0001632667   0.0402886487  -0.0068123380
 9  2  -0.0960014946  -0.0331752912   0.0275969548   0.5717681477  -0.0139967960
 9  3   0.0546486273  -0.1060657763  -0.0096476184  -0.0021511513   0.0015883750
 9  4   0.0052806480  -0.0038426578   0.0024362292  -0.0010405505  -0.0023407571
 9  5   0.0000643414   0.0025592710   0.0007389938  -0.0002740059  -0.0028082639
 9  6   0.0046622649   0.0062704156   0.0040320272   0.0015147781   0.0006375233
 9  7  -0.0039258227  -0.0087569156  -0.0764175058  -0.0175848935  -0.0356207909
 9  8  -0.0291754435  -0.0043549612   0.0010659641   0.0020032612   0.0345736732
 9  9  -0.0018177650  -0.0105666072  -0.0100279913  -0.0006764591   0.0035645562
 9 10   0.0158241918  -0.0505466326  -0.2701574302   0.0056302640  -0.0022698389
 9 11  -0.0001689342  -0.0005845582   0.0005688725   0.0004709316  -0.0002822552
 9 12   0.0001878570  -0.0002273658  -0.0004919996   0.0000665704  -0.0001323192
 9 13   0.0002615767   0.0000463891  -0.0012412174   0.0006772181  -0.0004651740
 9 14  -0.0013812322   0.0098428455   0.0155702613   0.0045449256  -0.0020656099
 9 15  -0.0012275918  -0.0017026412
10  1  -0.0139490133   0.0075800406  -0.0001879317  -0.0127644010   0.0362181770
10  2  -0.0242480109  -0.0941400269   0.0315241407  -0.0139967960   0.3642159925
10  3  -0.0930592077  -0.0382604108  -0.1636537967  -0.0200535539   0.0605375225
10  4  -0.0241573349   0.0300952625  -0.0106635367  -0.0366737753   0.0118375618
10  5   0.0144466730  -0.0114351091  -0.0088069020  -0.0014781188  -0.0018807993
10  6   0.0051787795   0.0005112814   0.0029093996  -0.0021696444   0.0004138053
10  7   0.0051146588  -0.0094248483   0.0058126305   0.0030941589   0.0014020884
10  8   0.0015058934   0.0004948278  -0.0003024331   0.0015111881   0.0022307063
10  9   0.0000651498  -0.0004618236   0.0024648735  -0.0001082347  -0.0008387305
10 10  -0.0010592459   0.0064657522  -0.0072857359  -0.0214238763   0.0065661001
10 11   0.0135774277  -0.0007874226  -0.0007875151  -0.0003140017   0.0017743341
10 12   0.0009313830  -0.0006240013   0.0023183312  -0.0002726524   0.0009164515
10 13  -0.0002882547  -0.0000705270   0.0004249483  -0.0011049464   0.0004399217
10 14  -0.0001024677  -0.0009365150  -0.0022686466  -0.0009445680  -0.0003627654
10 15  -0.0009801922  -0.0002516881
11  1   0.0040781784   0.0006421590  -0.0002952469   0.0096946021  -0.0137134615
11  2   0.0077852766   0.0117955983  -0.1360458025   0.0546486273  -0.0930592077
11  3   0.2813906182  -0.1024241836   0.0089831102  -0.0721431638  -0.0039725959
11  4   0.0480179727  -0.0241843571   0.0034070584  -0.0153943472   0.0089100223
11  5   0.0072615362  -0.0061613359  -0.0006012740  -0.0004765403   0.0066055430
11  6   0.0008755393   0.0005748715  -0.0020911259   0.0016388121  -0.0008944673
11  7   0.0143729695  -0.0425072868   0.0278290839   0.0000017414   0.0021121378
11  8  -0.0018234036  -0.0006093040  -0.0000965297  -0.0005511984  -0.0014005158
11  9   0.0002783572  -0.0001420184   0.0000306448   0.0014177375   0.0003243546
11 10   0.0043971151  -0.0049725151   0.0143123905   0.0148529208   0.0018098318
11 11  -0.0048882435   0.0008216934   0.0022837211  -0.0004378668   0.0005721541
11 12   0.0009794280   0.0006773115  -0.0009417962  -0.0012390818  -0.0000822643
11 13   0.0000364772  -0.0002948481   0.0000895754   0.0009682518  -0.0001845286
11 14   0.0003950556  -0.0052073618  -0.0065515807  -0.0022985464  -0.0003639786
11 15   0.0001960654   0.0009814336
12  1   0.0027593583  -0.0023274496   0.0020337324  -0.0025689205  -0.0025014802
12  2   0.0039612523   0.0035673034   0.0493405225  -0.1060657763  -0.0382604108
12  3  -0.1024241836   0.2026795000   0.0395103493   0.0127641314  -0.0966046501
12  4  -0.0259406000   0.0105248939   0.0096057775  -0.0024518374   0.0015312106
12  5   0.0046163224  -0.0018149665  -0.0006968592   0.0026207312  -0.0004494539
12  6  -0.0000489369  -0.0008403771   0.0001234631   0.0000190780   0.0005440864
12  7   0.0011736292   0.0054953187  -0.0007782019   0.0009074656  -0.0007998139
12  8   0.0044489343   0.0010577250  -0.0003389474  -0.0000838482  -0.0007910339
12  9  -0.0000189461   0.0011104416   0.0005793748  -0.0002844773  -0.0000675720
12 10  -0.0152512059   0.0358899116  -0.0212203251   0.0367411305  -0.0056595733
12 11  -0.0077816912  -0.0001154573  -0.0005372306  -0.0009761885   0.0010137520
12 12   0.0017815000   0.0016428672   0.0003095398  -0.0000275258  -0.0004499193
12 13  -0.0003393950  -0.0002248725   0.0004625498   0.0001103666   0.0000987687
12 14  -0.0000271667   0.0000261559  -0.0012037121   0.0009978743   0.0001036677
12 15  -0.0003513269   0.0001716471
13  1   0.0040332233  -0.0035584671   0.0014570327  -0.0032302113   0.0002055159
13  2   0.0011446867  -0.0213931070   0.0248252971  -0.0096476184  -0.1636537967
13  3   0.0089831102   0.0395103493   0.4212438906   0.0213701224   0.0130765546
13  4  -0.0776064698   0.0251549833  -0.0320107328  -0.0887879133  -0.0336018414
13  5  -0.0303009371  -0.0421327969  -0.0145971314  -0.0005436791   0.0150386379
13  6  -0.0058142953   0.0074987809  -0.0021910078   0.0107297600  -0.0021216276
13  7   0.0072155219  -0.0003370671   0.0031177183  -0.0031684258  -0.0018144028
13  8  -0.0011464988  -0.0006671326   0.0002376784  -0.0004735762  -0.0001398811
13  9   0.0000045646   0.0001240058  -0.0002970822  -0.0000485415  -0.0000285528
13 10   0.0026921016  -0.0045525849   0.0047815558  -0.0475766848  -0.0047240210
13 11  -0.0007307674   0.0049882740  -0.0141990573   0.0086138201   0.0000965279
13 12  -0.0037304470  -0.0005330846  -0.0040558458  -0.0025799329  -0.0007166292
13 13  -0.0002688656   0.0002032264  -0.0009033429   0.0017677677  -0.0008481832
13 14  -0.0003947426  -0.0018137158  -0.0019182567  -0.0002682527  -0.0000930086
13 15   0.0006099714   0.0004955379
14  1  -0.0004205206   0.0010086765  -0.0002761639   0.0005287107  -0.0032633058
14  2   0.0011531679   0.0340372559  -0.0193778063  -0.0021511513  -0.0200535539
14  3  -0.0721431638   0.0127641314   0.0213701224   0.5238222391   0.0078023011
14  4   0.0043948656  -0.1788046592   0.0393244247  -0.0494534792  -0.1301499531
14  5  -0.0339615537   0.0101677470   0.0042118514   0.0012539403  -0.0136204956
14  6  -0.0294139893  -0.0054419940   0.0024894091  -0.0010900142   0.0017450534
14  7   0.0028129826  -0.0019833380  -0.0017877871  -0.0005535346   0.0013326076
14  8   0.0012243029   0.0004641486  -0.0000953723   0.0001634375   0.0001287924
14  9  -0.0000509893  -0.0000803986   0.0002056935   0.0002712599   0.0000189113
14 10  -0.0008728078   0.0017456202  -0.0016823520  -0.0035410591  -0.0651752794
14 11  -0.0448166880   0.0133745136  -0.0325943861   0.0264179636  -0.0035709789
14 12  -0.0047777207  -0.0012344894   0.0033935955   0.0043336833   0.0007389638
14 13  -0.0006099171   0.0015401992  -0.0011768217  -0.0004105721  -0.0003679016
14 14   0.0001297391  -0.0003889001   0.0011147346   0.0002566290   0.0001279822
14 15  -0.0000929926  -0.0003835663
15  1  -0.0022474046   0.0015168928   0.0006541900   0.0008681117   0.0024226731
15  2  -0.0037739026  -0.0190863952   0.0026168242   0.0015883750   0.0605375225
15  3  -0.0039725959  -0.0966046501   0.0130765546   0.0078023011   0.6139825661
15  4  -0.0327364929   0.0828010448  -0.1421741536  -0.0218101480  -0.0216605678
15  5  -0.1019145705   0.0133995797   0.0089786405   0.0020731372   0.0093655969
15  6   0.0085403604   0.0056014913   0.0007708667   0.0042907621  -0.0001808788
15  7   0.0000722821  -0.0004734727   0.0005830901   0.0003154592  -0.0003542461
15  8  -0.0004141109   0.0001380308  -0.0000545646   0.0003407951   0.0003263594
15  9  -0.0001711087   0.0004374384   0.0001166751   0.0000357209  -0.0000024526
15 10  -0.0043893560   0.0037417215  -0.0006635864   0.0005741192  -0.0514231761
15 11  -0.2740568141   0.0048407703  -0.0172587566   0.0071952333  -0.0219877349
15 12  -0.0298717928  -0.0119947416  -0.0022270337  -0.0003295595   0.0010794800
15 13   0.0003218792   0.0016927296  -0.0012734286  -0.0004640608   0.0005058572
15 14  -0.0003320112   0.0001274380   0.0006302759  -0.0000174707   0.0000973806
15 15  -0.0000059634  -0.0001330247
16  1  -0.0018807496   0.0012077054  -0.0003874273   0.0016917252   0.0013286776
16  2  -0.0013486392  -0.0046187752  -0.0022907234   0.0052806480  -0.0241573349
16  3   0.0480179727  -0.0259406000  -0.0776064698   0.0043948656  -0.0327364929
16  4   0.1800946541   0.0840128354   0.1486479089   0.0027456244  -0.0138718457
16  5   0.0121246241   0.0016902984  -0.0043623086  -0.0005479453  -0.0032462014
16  6  -0.0004501104  -0.0013387741   0.0011087567  -0.0017537144   0.0003452007
16  7  -0.0015699017   0.0000127451  -0.0011328962   0.0006474825   0.0003907780
16  8   0.0004268602   0.0002164582  -0.0001016691   0.0002020801  -0.0000404045
16  9  -0.0000331404   0.0000836951   0.0000947438  -0.0000759221  -0.0000058835
16 10  -0.0003199229   0.0003910734  -0.0006472974   0.0033476132   0.0052207152
16 11  -0.0044429836  -0.0811520302  -0.1240003438  -0.1001520726   0.0008742170
16 12   0.0006399097   0.0002781983   0.0021857910   0.0009149315   0.0012536719
16 13  -0.0001145823   0.0000981955   0.0000275468  -0.0004194705   0.0000478295
16 14   0.0000569954   0.0004245202   0.0004471497   0.0001024663   0.0000039582
16 15  -0.0001856063  -0.0001488836
17  1   0.0019937404  -0.0009557751   0.0001786128  -0.0017457408  -0.0010982858
17  2   0.0012899718   0.0035276091   0.0047099072  -0.0038426578   0.0300952625
17  3  -0.0241843571   0.0105248939   0.0251549833  -0.1788046592   0.0828010448
17  4   0.0840128354   0.5944154790   0.0732274904   0.0100150968  -0.0462273145
17  5   0.0229560048  -0.0003499536   0.0013643990   0.0001940739  -0.0058928467
17  6   0.0010667240  -0.0036735470  -0.0007494065  -0.0051497069   0.0001623845
17  7  -0.0008523920   0.0011830372   0.0009644802   0.0003382637  -0.0006364647
17  8  -0.0011158661  -0.0004105822   0.0000518318  -0.0001988219   0.0000200890
17  9  -0.0001294097  -0.0000659814   0.0002180192   0.0001562444   0.0000766160
17 10   0.0002714384  -0.0004859725   0.0003518996   0.0045924392  -0.0069936960
17 11   0.0093759545  -0.1517651680  -0.3393091002  -0.1942116029   0.0012235722
17 12   0.0025089278   0.0005578191   0.0000884534  -0.0014015427  -0.0003646337
17 13   0.0002587471  -0.0000988950   0.0001900713  -0.0000347285   0.0002204819
17 14   0.0005337392   0.0000714020  -0.0003623626  -0.0001604860  -0.0000811334
17 15   0.0001605096   0.0002485400
18  1  -0.0006020342   0.0001330305  -0.0002354622   0.0007782760   0.0002830385
18  2   0.0001786345   0.0002802346  -0.0017719361   0.0024362292  -0.0106635367
18  3   0.0034070584   0.0096057775  -0.0320107328   0.0393244247  -0.1421741536
18  4   0.1486479089   0.0732274904   0.2708124330   0.0035210638  -0.0041831103
18  5   0.0079028588   0.0002690921   0.0007007410   0.0016099849  -0.0017870447
18  6  -0.0009752658  -0.0010339684   0.0000883903  -0.0005816235   0.0005588896
18  7  -0.0002550010  -0.0002158115  -0.0007093734  -0.0000425252   0.0004324355
18  8   0.0005534956   0.0001680312   0.0000927077  -0.0000062223  -0.0001982531
18  9   0.0000911712   0.0000495751  -0.0000169610  -0.0000017303  -0.0000378415
18 10   0.0005389432  -0.0006280516   0.0007559858  -0.0145016990   0.0393354050
18 11  -0.0196440641  -0.0957603901  -0.1492254610  -0.1313098630   0.0012192860
18 12   0.0009295287   0.0013773721   0.0001715019   0.0001616819  -0.0014120729
18 13   0.0000534779  -0.0005217971   0.0006610083   0.0000068448   0.0000192031
18 14   0.0000627015   0.0000694440   0.0000790834   0.0000119124   0.0000256831
18 15  -0.0001122130  -0.0000138370
19  1   0.0001916178  -0.0005877157   0.0002342259  -0.0005855582   0.0005169936
19  2  -0.0002045590  -0.0010391750  -0.0001358326  -0.0010405505  -0.0366737753
19  3  -0.0153943472  -0.0024518374  -0.0887879133  -0.0494534792  -0.0218101480
19  4   0.0027456244   0.0100150968   0.0035210638   0.4722245392  -0.0142510282
19  5   0.0082768643  -0.1861850037   0.0392196865   0.0345118579  -0.0825073849
19  6   0.0337903263  -0.0193937782   0.0006903411  -0.0291455982   0.0061639661
19  7  -0.0169066001   0.0272449703  -0.0152644901   0.0014867418  -0.0006707401
19  8  -0.0004122113  -0.0001155809   0.0000379625  -0.0000390217   0.0000704963
19  9  -0.0000834368  -0.0000004377   0.0002812721   0.0000628628   0.0000036735
19 10  -0.0002057599   0.0001607551   0.0000926527   0.0024763789  -0.0001250070
19 11   0.0018952258   0.0005035391   0.0032044536  -0.0027893688  -0.0483902754
19 12  -0.0020907737  -0.0052800977  -0.0178962787   0.0004898603   0.0081727381
19 13   0.0024778310  -0.0031632889   0.0035104510  -0.0000960602   0.0005499020
19 14   0.0010922918  -0.0040962066  -0.0000337614   0.0014645022   0.0003371905
19 15  -0.0001578611  -0.0002530129
20  1  -0.0001152346  -0.0008539742   0.0001678143  -0.0001933451  -0.0002811299
20  2   0.0000184667  -0.0011463102   0.0061471386  -0.0023407571   0.0118375618
20  3   0.0089100223   0.0015312106  -0.0336018414  -0.1301499531  -0.0216605678
20  4  -0.0138718457  -0.0462273145  -0.0041831103  -0.0142510282   0.4925037228
20  5  -0.0025179044   0.0039436272  -0.0842443889   0.0148344410   0.0155288939
20  6  -0.1306710509   0.0394201879  -0.0059731436  -0.0439562643   0.0072546416
20  7   0.0104438033  -0.0008463068  -0.0002757714  -0.0002404314   0.0003096800
20  8   0.0013086894   0.0001473446   0.0000585737  -0.0000161980   0.0000116501
20  9   0.0000832381   0.0000461115  -0.0003475126  -0.0001319074   0.0000204966
20 10   0.0000101136  -0.0004188082   0.0002991068  -0.0054812023  -0.0035247677
20 11  -0.0031787007  -0.0008530825  -0.0048908690   0.0035789264  -0.0006407616
20 12  -0.0552742779  -0.0240024919   0.0358523441  -0.0070168198  -0.0136353897
20 13   0.0016839102   0.0001428163   0.0018071337  -0.0001498738  -0.0006050498
20 14   0.0009646260  -0.0025209380   0.0010250981   0.0002609556  -0.0000726979
20 15  -0.0000874075   0.0002980831
21  1   0.0005144351  -0.0000850597  -0.0003520563  -0.0000980094   0.0000516905
21  2   0.0002769051  -0.0008346262   0.0008003888   0.0000643414   0.0144466730
21  3   0.0072615362   0.0046163224  -0.0303009371  -0.0339615537  -0.1019145705
21  4   0.0121246241   0.0229560048   0.0079028588   0.0082768643  -0.0025179044
21  5   0.6045894042   0.0579378229  -0.0019736234  -0.0943456489  -0.0088868280
21  6   0.0403158923  -0.1139672380   0.0012221089  -0.0132261300   0.0060963318
21  7  -0.0008939710  -0.0068215752   0.0076502498  -0.0008450435   0.0002117046
21  8  -0.0011454970  -0.0001056091  -0.0000124354  -0.0000849793   0.0000964646
21  9   0.0000065920  -0.0000485709   0.0000303364  -0.0000040866  -0.0000765185
21 10   0.0001577269  -0.0004984760   0.0000298291  -0.0187396081  -0.0268216721
21 11  -0.0099877696  -0.0002689111   0.0053073125  -0.0022044514  -0.0061640044
21 12  -0.0227917315  -0.2948784676  -0.0187235502   0.0042548287   0.0045384286
21 13  -0.0119602274   0.0305090458  -0.0187002689   0.0006267678  -0.0025723297
21 14   0.0024447409   0.0025423072  -0.0010211795   0.0002403644  -0.0001548057
21 15   0.0006327611  -0.0007437394
22  1  -0.0010904123   0.0006302147  -0.0002428048   0.0008571654  -0.0002678328
22  2  -0.0001462237   0.0027026537  -0.0027413769   0.0025592710  -0.0114351091
22  3  -0.0061613359  -0.0018149665  -0.0421327969   0.0101677470   0.0133995797
22  4   0.0016902984  -0.0003499536   0.0002690921  -0.1861850037   0.0039436272
22  5   0.0579378229   0.3468567260  -0.1611108376  -0.0214213168  -0.0272403674
22  6   0.0087748299   0.0039217650   0.0037535197   0.0003754501   0.0008771041
22  7   0.0021347361   0.0022454475  -0.0026234115  -0.0002713252   0.0010794323
22  8   0.0011306538   0.0002847747  -0.0000728346   0.0001561010   0.0000679757
22  9   0.0000119797  -0.0000063032  -0.0000133724  -0.0000196217  -0.0000189974
22 10  -0.0001617830   0.0002434996  -0.0005099665   0.0022985229   0.0009060345
22 11  -0.0007995876   0.0005789312   0.0004814853   0.0000499907  -0.0173309624
22 12   0.0054462308   0.0114431840  -0.0743471599   0.1378919817  -0.0643232262
22 13   0.0010571151  -0.0013598511   0.0003143283  -0.0008546775  -0.0003485488
22 14  -0.0001921672  -0.0011173920   0.0004243736   0.0002544580  -0.0001020572
22 15  -0.0001901411  -0.0002143792
23  1   0.0001298637   0.0006073922  -0.0001063834   0.0001457657   0.0001652524
23  2  -0.0000309047   0.0002713146  -0.0034196482   0.0007389938  -0.0088069020
23  3  -0.0006012740  -0.0006968592  -0.0145971314   0.0042118514   0.0089786405
23  4  -0.0043623086   0.0013643990   0.0007007410   0.0392196865  -0.0842443889
23  5  -0.0019736234  -0.1611108376   0.4411545685  -0.2005927796   0.0392333279
23  6  -0.0089948802  -0.0102987107   0.0017007285   0.0014231858   0.0000877509
23  7  -0.0004831977  -0.0061412413   0.0039849412   0.0005026531   0.0000018649
23  8  -0.0004653866  -0.0001430722  -0.0000778646  -0.0000024509  -0.0000374466
23  9  -0.0000523464  -0.0000181371   0.0003076838   0.0000741889   0.0000173344
23 10  -0.0000527782   0.0003284798  -0.0001078112   0.0010876340   0.0014265812
23 11   0.0013315457  -0.0000667815   0.0007770045  -0.0003507476   0.0076574468
23 12   0.0017676120  -0.0037497260   0.0982161399  -0.3518533427   0.2038224360
23 13  -0.0010535498   0.0019086621  -0.0010589097   0.0001577774   0.0003186148
23 14   0.0000849842   0.0020870569  -0.0002073954  -0.0003671719  -0.0000030732
23 15   0.0000627240   0.0000722342
24  1  -0.0000152256  -0.0001004377   0.0000933722  -0.0000436268   0.0000021093
24  2  -0.0000220720   0.0000161879   0.0001092295  -0.0002740059  -0.0014781188
24  3  -0.0004765403   0.0026207312  -0.0005436791   0.0012539403   0.0020731372
24  4  -0.0005479453   0.0001940739   0.0016099849   0.0345118579   0.0148344410
24  5  -0.0943456489  -0.0214213168  -0.2005927796   0.2064356727  -0.0164919536
24  6   0.0024301186   0.0067916420   0.0009109941  -0.0005403177   0.0012377198
24  7  -0.0004496992   0.0033253957  -0.0028754738   0.0004435644  -0.0001750500
24  8   0.0007810497  -0.0000360874   0.0000183425  -0.0000249139  -0.0000107409
24  9   0.0000021504   0.0000296799  -0.0000262561   0.0000095334   0.0000234004
24 10   0.0001593210   0.0000090673   0.0001529041   0.0010721738   0.0022494269
24 11   0.0022979773   0.0004192235  -0.0002385248  -0.0001488634   0.0400225797
24 12  -0.0067842748  -0.0060252951  -0.0354005387   0.1855737193  -0.1225352902
24 13   0.0000314688  -0.0017430867   0.0020063768  -0.0003705230   0.0007088510
24 14  -0.0004772436  -0.0008401478   0.0001318346   0.0002369957   0.0000884880
24 15  -0.0002012223   0.0003381627
25  1   0.0010487168  -0.0000588697   0.0003632948   0.0002611707   0.0015285124
25  2   0.0000874626  -0.0199654605  -0.0119680976  -0.0028082639  -0.0018807993
25  3   0.0066055430  -0.0004494539   0.0150386379  -0.0136204956   0.0093655969
25  4  -0.0032462014  -0.0058928467  -0.0017870447  -0.0825073849   0.0155288939
25  5  -0.0088868280  -0.0272403674   0.0392333279  -0.0164919536   0.4662531106
25  6  -0.0102252327  -0.0257631258  -0.1112495899  -0.0682180159  -0.0232373488
25  7  -0.1572862026   0.0347577310   0.0183933466  -0.0081482122   0.0005386620
25  8   0.0111986157  -0.0003542693   0.0000238405  -0.0001016925   0.0000148416
25  9  -0.0000420929  -0.0000088400   0.0007523654   0.0001622934  -0.0000330063
25 10  -0.0000107784   0.0001510553   0.0007725554  -0.0001737478  -0.0000763224
25 11  -0.0001139075  -0.0001524614  -0.0016312598   0.0008327000   0.0012061513
25 12   0.0006315473  -0.0024299460  -0.0077515276   0.0013155418   0.0018700497
25 13  -0.0572068182   0.0024857523   0.0364652712   0.0061354111   0.0081500534
25 14   0.0010377148  -0.0130348647   0.0019578807   0.0025455569  -0.0005017198
25 15  -0.0013374016  -0.0008207537
26  1   0.0016186604   0.0006859038  -0.0005259088  -0.0013484798  -0.0063181189
26  2  -0.0012804253  -0.0323263249   0.0045675767   0.0046622649   0.0051787795
26  3   0.0008755393  -0.0000489369  -0.0058142953  -0.0294139893   0.0085403604
26  4  -0.0004501104   0.0010667240  -0.0009752658   0.0337903263  -0.1306710509
26  5   0.0403158923   0.0087748299  -0.0089948802   0.0024301186  -0.0102252327
26  6   0.4711376418   0.0282793750  -0.0465191648  -0.1483115022  -0.0480128803
26  7   0.0205162931  -0.0841832722   0.0063571019   0.0060786194  -0.0069112089
26  8  -0.0097368189  -0.0002652767  -0.0000550051  -0.0000064220   0.0002058759
26  9   0.0001089437  -0.0000006596  -0.0019136935   0.0001587793   0.0003849362
26 10   0.0004054612   0.0001533906   0.0002104692   0.0010468857   0.0015295272
26 11   0.0008266276   0.0001187634   0.0002482250   0.0005734392  -0.0019919150
26 12   0.0021950520  -0.0015802876  -0.0003703767  -0.0002354425   0.0002646434
26 13   0.0049154778  -0.0478647866  -0.0172480465  -0.0103696389  -0.0155178647
26 14  -0.0061657680   0.0284874421  -0.0053287388  -0.0051490603   0.0004570942
26 15   0.0010785570  -0.0021147488
27  1  -0.0004405585  -0.0004926433   0.0001197464  -0.0009782343  -0.0017382384
27  2  -0.0012190886  -0.0052178750   0.0046286003   0.0062704156   0.0005112814
27  3   0.0005748715  -0.0008403771   0.0074987809  -0.0054419940   0.0056014913
27  4  -0.0013387741  -0.0036735470  -0.0010339684  -0.0193937782   0.0394201879
27  5  -0.1139672380   0.0039217650  -0.0102987107   0.0067916420  -0.0257631258
27  6   0.0282793750   0.6339279205   0.0085165926  -0.0172038026  -0.1006269207
27  7   0.0009377056   0.0043119553  -0.0777988440   0.0393343083  -0.0196794848
27  8  -0.0234186350   0.0000369262   0.0000236427   0.0001449041   0.0001620006
27  9  -0.0001623444  -0.0001273415  -0.0007264862  -0.0000076879   0.0000826871
27 10  -0.0002815093  -0.0002567493  -0.0011322813  -0.0006034886  -0.0015214500
27 11  -0.0008761407  -0.0002657051  -0.0010168707   0.0011903124  -0.0112966431
27 12   0.0302659518  -0.0154537156   0.0031024731  -0.0014902421  -0.0007569746
27 13   0.0414289881  -0.0111056407  -0.2982903155  -0.0246618554  -0.0360452672
27 14  -0.0152840898  -0.0171356193   0.0023136437   0.0045057562   0.0026528312
27 15   0.0003164449  -0.0078089449
28  1  -0.0005032700   0.0003958668  -0.0003302800   0.0003199741  -0.0037939047
28  2  -0.0010214952  -0.0088560187   0.0075864128   0.0040320272   0.0029093996
28  3  -0.0020911259   0.0001234631  -0.0021910078   0.0024894091   0.0007708667
28  4   0.0011087567  -0.0007494065   0.0000883903   0.0006903411  -0.0059731436
28  5   0.0012221089   0.0037535197   0.0017007285   0.0009109941  -0.1112495899
28  6  -0.0465191648   0.0085165926   0.2284337863   0.0759463315  -0.1386159265
28  7  -0.0333420037  -0.0400961719  -0.0115359487  -0.0022781721  -0.0031899910
28  8  -0.0007077177   0.0003144707  -0.0000515444   0.0001541830   0.0000888626
28  9   0.0000817329   0.0000043600  -0.0013902270   0.0000040744   0.0001848982
28 10   0.0002614413  -0.0000786218  -0.0004056230   0.0000675380  -0.0000198113
28 11  -0.0002657775  -0.0000781961   0.0001447102   0.0000535782  -0.0002221423
28 12   0.0000304628   0.0003239507   0.0006440434  -0.0000470144  -0.0001695737
28 13   0.0023717125  -0.0000464415  -0.0016890974  -0.0850395903   0.0153501950
28 14   0.1396254214   0.0035361508  -0.0004216651  -0.0003169532   0.0006502209
28 15  -0.0006519171  -0.0009524416
29  1  -0.0005433762   0.0009199241  -0.0002512953   0.0006787976  -0.0012578050
29  2  -0.0002899777  -0.0003281919   0.0016283643   0.0015147781  -0.0021696444
29  3   0.0016388121   0.0000190780   0.0107297600  -0.0010900142   0.0042907621
29  4  -0.0017537144  -0.0051497069  -0.0005816235  -0.0291455982  -0.0439562643
29  5  -0.0132261300   0.0003754501   0.0014231858  -0.0005403177  -0.0682180159
29  6  -0.1483115022  -0.0172038026   0.0759463315   0.2667063410   0.1683862502
29  7  -0.0134552415  -0.0085664959  -0.0042289470   0.0029241569   0.0041899528
29  8  -0.0007051772   0.0001380842  -0.0001427703   0.0001019914  -0.0001336332
29  9  -0.0000449062   0.0000515415  -0.0002734342   0.0000864995   0.0001094661
29 10   0.0002714753   0.0003090722  -0.0001160912  -0.0004734036  -0.0002280188
29 11  -0.0002511936  -0.0002432455  -0.0006614791   0.0006644751  -0.0004424933
29 12   0.0031593110  -0.0006980450  -0.0008399748   0.0003807454  -0.0002089631
29 13  -0.0094823888  -0.0122304275  -0.0093669977   0.0376761506  -0.0599878887
29 14  -0.1273752789  -0.0010063627   0.0017611109  -0.0002410240  -0.0002314877
29 15  -0.0005760400   0.0001465218
30  1  -0.0002049422   0.0001415269   0.0002113420   0.0003191165  -0.0004891644
30  2   0.0002500176  -0.0007824033   0.0008550197   0.0006375233   0.0004138053
30  3  -0.0008944673   0.0005440864  -0.0021216276   0.0017450534  -0.0001808788
30  4   0.0003452007   0.0001623845   0.0005588896   0.0061639661   0.0072546416
30  5   0.0060963318   0.0008771041   0.0000877509   0.0012377198  -0.0232373488
30  6  -0.0480128803  -0.1006269207  -0.1386159265   0.1683862502   0.4865045562
30  7  -0.0015850697  -0.0036133767  -0.0021998537   0.0057540316   0.0030120603
30  8   0.0016773596   0.0000984952  -0.0000711035   0.0000251340  -0.0002215470
30  9  -0.0000002552   0.0001074614  -0.0001769611  -0.0000616311   0.0000456916
30 10   0.0004386432   0.0007316209   0.0005274024   0.0005653938   0.0007575378
30 11   0.0005805189  -0.0000333495   0.0000386789  -0.0000998534   0.0011192451
30 12  -0.0014398615   0.0028124387  -0.0000700207  -0.0001398534  -0.0001306446
30 13  -0.0235409401  -0.0330877024  -0.0097184614   0.1726437927  -0.0959990559
30 14  -0.3895381400   0.0010778453  -0.0002884226   0.0000744545   0.0007734968
30 15   0.0009252494   0.0006038247
31  1   0.0009766310  -0.0007900007   0.0004798134  -0.0245035628  -0.0315725852
31  2  -0.0082949442  -0.1161929959  -0.0387979356  -0.0039258227   0.0051146588
31  3   0.0143729695   0.0011736292   0.0072155219   0.0028129826   0.0000722821
31  4  -0.0015699017  -0.0008523920  -0.0002550010  -0.0169066001   0.0104438033
31  5  -0.0008939710   0.0021347361  -0.0004831977  -0.0004496992  -0.1572862026
31  6   0.0205162931   0.0009377056  -0.0333420037  -0.0134552415  -0.0015850697
31  7   0.4951400033  -0.0528686774   0.0350005027  -0.0782174747   0.0180379946
31  8  -0.0190705623  -0.0004514038  -0.0000389888   0.0001549234   0.0008736583
31  9  -0.0003274223  -0.0003059879  -0.0056306787   0.0012085173   0.0021491783
31 10   0.0024812344   0.0032449124   0.0024377674  -0.0004481642  -0.0001354904
31 11   0.0002805834   0.0001779927  -0.0002352484   0.0000882398   0.0003366108
31 12  -0.0005783051   0.0004944885   0.0002038010  -0.0001637699   0.0003214433
31 13  -0.0009286169   0.0028007455   0.0006210943  -0.0008076515  -0.0008017639
31 14   0.0017035708  -0.0750175907   0.0621175160  -0.0443366697  -0.0033520011
31 15   0.0055452845   0.0332025055
32  1  -0.0008422369  -0.0034399331   0.0017583659  -0.0099489327   0.0083187963
32  2   0.0008826405  -0.0328065072  -0.1305774740  -0.0087569156  -0.0094248483
32  3  -0.0425072868   0.0054953187  -0.0003370671  -0.0019833380  -0.0004734727
32  4   0.0000127451   0.0011830372  -0.0002158115   0.0272449703  -0.0008463068
32  5  -0.0068215752   0.0022454475  -0.0061412413   0.0033253957   0.0347577310
32  6  -0.0841832722   0.0043119553  -0.0400961719  -0.0085664959  -0.0036133767
32  7  -0.0528686774   0.5617006155  -0.0659543763   0.0212684369  -0.0802707558
32  8  -0.0042742326   0.0001007168   0.0004668129  -0.0001844952   0.0008731592
32  9  -0.0001549341  -0.0011934371   0.0037037591  -0.0001654128  -0.0012219482
32 10  -0.0032176579  -0.0013136456  -0.0017800998   0.0000437185  -0.0003203936
32 11  -0.0003323591  -0.0001943212   0.0000327447  -0.0000251775  -0.0005388531
32 12   0.0005531215   0.0003475483   0.0017771351  -0.0001386673  -0.0004275478
32 13   0.0014299188  -0.0005869301   0.0003605050  -0.0037712751   0.0011649001
32 14   0.0009805205   0.0612762059  -0.2053412606   0.1069338641  -0.0006873954
32 15  -0.0068826799  -0.0291212885
33  1   0.0017153864   0.0000292471  -0.0013002824   0.0009054114   0.0091487651
33  2   0.0056661821  -0.0087472467  -0.0203102993  -0.0764175058   0.0058126305
33  3   0.0278290839  -0.0007782019   0.0031177183  -0.0017877871   0.0005830901
33  4  -0.0011328962   0.0009644802  -0.0007093734  -0.0152644901  -0.0002757714
33  5   0.0076502498  -0.0026234115   0.0039849412  -0.0028754738   0.0183933466
33  6   0.0063571019  -0.0777988440  -0.0115359487  -0.0042289470  -0.0021998537
33  7   0.0350005027  -0.0659543763   0.4904092380   0.0176137860  -0.0400122762
33  8  -0.1885150781  -0.0011085197  -0.0008035256  -0.0003611146   0.0017848468
33  9   0.0007450535  -0.0015135391   0.0026560028   0.0003416652  -0.0015060617
33 10  -0.0160579086  -0.0255153123  -0.0090923189  -0.0003831964  -0.0001611932
33 11  -0.0002818510   0.0001939546  -0.0002697948  -0.0000143176  -0.0004929552
33 12   0.0003028312  -0.0015723317  -0.0011417513   0.0006001359   0.0010276869
33 13   0.0300203197  -0.0059402879  -0.0054160370  -0.0064829745  -0.0014901217
33 14   0.0011715644  -0.0488511121   0.1126654022  -0.1270971292  -0.0033914947
33 15   0.0037809854  -0.0090586974
34  1  -0.0001384836  -0.0000789108  -0.0011724451  -0.0003070285   0.0006763901
34  2   0.0012422988   0.0024269052  -0.0027149562  -0.0175848935   0.0030941589
34  3   0.0000017414   0.0009074656  -0.0031684258  -0.0005535346   0.0003154592
34  4   0.0006474825   0.0003382637  -0.0000425252   0.0014867418  -0.0002404314
34  5  -0.0008450435  -0.0002713252   0.0005026531   0.0004435644  -0.0081482122
34  6   0.0060786194   0.0393343083  -0.0022781721   0.0029241569   0.0057540316
34  7  -0.0782174747   0.0212684369   0.0176137860   0.3701023729  -0.2739079853
34  8  -0.0365365558  -0.0001108700  -0.0002469566   0.0000869402   0.0008906264
34  9   0.0001084067  -0.0019006326   0.0004945037  -0.0000736820  -0.0013669396
34 10  -0.0010091269  -0.0038047180  -0.0007285173   0.0001587045   0.0000808470
34 11  -0.0001713500  -0.0000262898   0.0001183807   0.0000148060  -0.0005188813
34 12   0.0005867686   0.0008064562   0.0000568825  -0.0001867353  -0.0002291865
34 13  -0.0064074838   0.0013056497   0.0005880514   0.0021515075   0.0013108256
34 14   0.0011496651   0.0032965904  -0.0041282987  -0.0073716497  -0.2842047025
34 15   0.2506350692  -0.0003070941
35  1  -0.0002629625   0.0015045098  -0.0006320624   0.0016565156  -0.0007455700
35  2   0.0017051713   0.0006264535  -0.0073082032  -0.0356207909   0.0014020884
35  3   0.0021121378  -0.0007998139  -0.0018144028   0.0013326076  -0.0003542461
35  4   0.0003907780  -0.0006364647   0.0004324355  -0.0006707401   0.0003096800
35  5   0.0002117046   0.0010794323   0.0000018649  -0.0001750500   0.0005386620
35  6  -0.0069112089  -0.0196794848  -0.0031899910   0.0041899528   0.0030120603
35  7   0.0180379946  -0.0802707558  -0.0400122762  -0.2739079853   0.3128989485
35  8   0.0878206025   0.0002132821  -0.0000604915   0.0000192529  -0.0002131768
35  9  -0.0002902123  -0.0007782835   0.0002424095   0.0002176790  -0.0003580307
35 10  -0.0035261822  -0.0055496266  -0.0019037408   0.0000680005  -0.0000202893
35 11  -0.0000747597  -0.0000191717   0.0002492615  -0.0001039970   0.0004142065
35 12  -0.0003683781  -0.0006143751  -0.0001428111   0.0000362486   0.0000462151
35 13   0.0031093268   0.0004328893  -0.0003352737   0.0030758884  -0.0021729939
35 14   0.0014248923  -0.0023713975   0.0106489850   0.0172500100   0.2552637828
35 15  -0.2296005707  -0.0104801597
36  1  -0.0016445514   0.0005440346   0.0009784382   0.0041544680   0.0001435903
36  2  -0.0015697320  -0.0025339876  -0.0107133408  -0.0291754435   0.0015058934
36  3  -0.0018234036   0.0044489343  -0.0011464988   0.0012243029  -0.0004141109
36  4   0.0004268602  -0.0011158661   0.0005534956  -0.0004122113   0.0013086894
36  5  -0.0011454970   0.0011306538  -0.0004653866   0.0007810497   0.0111986157
36  6  -0.0097368189  -0.0234186350  -0.0007077177  -0.0007051772   0.0016773596
36  7  -0.0190705623  -0.0042742326  -0.1885150781  -0.0365365558   0.0878206025
36  8   0.3124360358   0.0010519962   0.0001363415   0.0002412247  -0.0012669973
36  9  -0.0000334865   0.0012041783  -0.0001763912   0.0000870469   0.0010641827
36 10  -0.0020814899  -0.0037051031   0.0001286591  -0.0001268352   0.0002589362
36 11   0.0001711770  -0.0000091700   0.0001057638  -0.0000149513   0.0005135513
36 12  -0.0006706568   0.0007176831   0.0000171053  -0.0001044218  -0.0000621910
36 13   0.0021108088  -0.0006158694   0.0015898922   0.0008256197   0.0001845005
36 14  -0.0012145326   0.0042312473  -0.0120132178  -0.0390527818   0.0385461486
36 15  -0.0458368273  -0.0414093569
37  1  -0.0152622671   0.0112065229  -0.0399291966  -0.0039919403  -0.0017127378
37  2  -0.0186826344  -0.0000462435   0.0006626069  -0.0043549612   0.0004948278
37  3  -0.0006093040   0.0010577250  -0.0006671326   0.0004641486   0.0001380308
37  4   0.0002164582  -0.0004105822   0.0001680312  -0.0001155809   0.0001473446
37  5  -0.0001056091   0.0002847747  -0.0001430722  -0.0000360874  -0.0003542693
37  6  -0.0002652767   0.0000369262   0.0003144707   0.0001380842   0.0000984952
37  7  -0.0004514038   0.0001007168  -0.0011085197  -0.0001108700   0.0002132821
37  8   0.0010519962   0.0198288178  -0.0115566114   0.0592671220  -0.0004604764
37  9   0.0018506779   0.0000591539   0.0010121829   0.0000565796   0.0012951003
37 10  -0.0003042936   0.0003608489   0.0010542517  -0.0000125920   0.0000203991
37 11   0.0000177125   0.0000030445   0.0000857940  -0.0000117825   0.0000217258
37 12  -0.0000143141   0.0000115386  -0.0000368549   0.0000111660  -0.0000268288
37 13  -0.0000832852   0.0000170847   0.0000529615  -0.0000880227  -0.0000305882
37 14  -0.0000718660  -0.0004661895  -0.0006717063   0.0000577192   0.0002751195
37 15   0.0000789363  -0.0000392787
38  1   0.0026279285  -0.0482675445  -0.0969693391   0.0060397611  -0.0001180996
38  2   0.0404470628   0.0000733698   0.0001950564   0.0010659641  -0.0003024331
38  3  -0.0000965297  -0.0003389474   0.0002376784  -0.0000953723  -0.0000545646
38  4  -0.0001016691   0.0000518318   0.0000927077   0.0000379625   0.0000585737
38  5  -0.0000124354  -0.0000728346  -0.0000778646   0.0000183425   0.0000238405
38  6  -0.0000550051   0.0000236427  -0.0000515444  -0.0001427703  -0.0000711035
38  7  -0.0000389888   0.0004668129  -0.0008035256  -0.0002469566  -0.0000604915
38  8   0.0001363415  -0.0115566114   0.0524694616   0.0538612633   0.0032195339
38  9  -0.0049726764   0.0022891156  -0.0007602852   0.0005852553   0.0008238955
38 10   0.0004940592   0.0000389847  -0.0006694646   0.0000453886  -0.0000214436
38 11  -0.0000100537   0.0000337555  -0.0000233742   0.0000256889  -0.0000015325
38 12  -0.0000081818   0.0000082980   0.0000306149   0.0000119021   0.0000130303
38 13  -0.0000199659   0.0000154755  -0.0000071166   0.0000249210   0.0000495486
38 14  -0.0000409963  -0.0001609736  -0.0002032097   0.0000188508   0.0004249812
38 15   0.0001996608   0.0001533432
39  1  -0.0595126621  -0.0501416016  -0.4874326393   0.0007351882  -0.0050616212
39  2  -0.0171699553  -0.0010567847  -0.0007133144   0.0020032612   0.0015111881
39  3  -0.0005511984  -0.0000838482  -0.0004735762   0.0001634375   0.0003407951
39  4   0.0002020801  -0.0001988219  -0.0000062223  -0.0000390217  -0.0000161980
39  5  -0.0000849793   0.0001561010  -0.0000024509  -0.0000249139  -0.0001016925
39  6  -0.0000064220   0.0001449041   0.0001541830   0.0001019914   0.0000251340
39  7   0.0001549234  -0.0001844952  -0.0003611146   0.0000869402   0.0000192529
39  8   0.0002412247   0.0592671220   0.0538612633   0.4998983692  -0.0016398701
39  9   0.0039437597   0.0011488900   0.0014317265  -0.0010245325   0.0017654731
39 10  -0.0006991445  -0.0000358022  -0.0002835598   0.0000188653  -0.0000035949
39 11  -0.0000739885  -0.0000189464   0.0000400507   0.0000178772  -0.0000022781
39 12   0.0000019927  -0.0000014144  -0.0000288646   0.0000004877  -0.0000004372
39 13   0.0000078694  -0.0000100081  -0.0000176144  -0.0000469609  -0.0000235085
39 14  -0.0000200985  -0.0001490802  -0.0001381500   0.0000731952   0.0000426948
39 15  -0.0000205159  -0.0000983381
40  1  -0.0007698811   0.0023552370  -0.0206835657  -0.0519807082  -0.0000871319
40  2   0.0205293468  -0.0041058938   0.0043459642   0.0345736732   0.0022307063
40  3  -0.0014005158  -0.0007910339  -0.0001398811   0.0001287924   0.0003263594
40  4  -0.0000404045   0.0000200890  -0.0001982531   0.0000704963   0.0000116501
40  5   0.0000964646   0.0000679757  -0.0000374466  -0.0000107409   0.0000148416
40  6   0.0002058759   0.0001620006   0.0000888626  -0.0001336332  -0.0002215470
40  7   0.0008736583   0.0008731592   0.0017848468   0.0008906264  -0.0002131768
40  8  -0.0012669973  -0.0004604764   0.0032195339  -0.0016398701   0.0573595396
40  9  -0.0061676666  -0.0167350309   0.0023161597  -0.0024403852  -0.0160478900
40 10  -0.0057936486   0.0004269316   0.0009657168   0.0001190785  -0.0000461533
40 11  -0.0003688082  -0.0000171830  -0.0000187633   0.0000228645  -0.0000745865
40 12   0.0000162839  -0.0000654547   0.0000089339   0.0000178810   0.0000152872
40 13   0.0001766216  -0.0000342412  -0.0001627309  -0.0002347538  -0.0000464085
40 14   0.0000279117  -0.0000865910  -0.0000494210  -0.0001618670  -0.0005134927
40 15  -0.0009464547  -0.0001506819
41  1   0.0038379244  -0.0020754555   0.0369604645  -0.0009077806  -0.0551270598
41  2  -0.0411855079  -0.0001721123   0.0013244818  -0.0018177650   0.0000651498
41  3   0.0002783572  -0.0000189461   0.0000045646  -0.0000509893  -0.0001711087
41  4  -0.0000331404  -0.0001294097   0.0000911712  -0.0000834368   0.0000832381
41  5   0.0000065920   0.0000119797  -0.0000523464   0.0000021504  -0.0000420929
41  6   0.0001089437  -0.0001623444   0.0000817329  -0.0000449062  -0.0000002552
41  7  -0.0003274223  -0.0001549341   0.0007450535   0.0001084067  -0.0002902123
41  8  -0.0000334865   0.0018506779  -0.0049726764   0.0039437597  -0.0061676666
41  9   0.0622583383   0.0265728738   0.0017239946  -0.0007882634  -0.0256110989
41 10   0.0008426343   0.0003469589   0.0005120902  -0.0000030453  -0.0000134474
41 11   0.0001134198   0.0000355458   0.0000094969  -0.0000471203   0.0000121634
41 12   0.0000126119   0.0000092517   0.0000084621   0.0000104978  -0.0000055975
41 13   0.0000477700  -0.0000059335   0.0000180801  -0.0001336766  -0.0000149285
41 14   0.0000433005   0.0000343012   0.0000258698  -0.0000838881  -0.0007949338
41 15  -0.0007382319   0.0001189111
42  1  -0.0044296625   0.0053710913  -0.0139313406   0.0182256914  -0.0298942352
42  2  -0.3099464057   0.0032158514  -0.0010304104  -0.0105666072  -0.0004618236
42  3  -0.0001420184   0.0011104416   0.0001240058  -0.0000803986   0.0004374384
42  4   0.0000836951  -0.0000659814   0.0000495751  -0.0000004377   0.0000461115
42  5  -0.0000485709  -0.0000063032  -0.0000181371   0.0000296799  -0.0000088400
42  6  -0.0000006596  -0.0001273415   0.0000043600   0.0000515415   0.0001074614
42  7  -0.0003059879  -0.0011934371  -0.0015135391  -0.0019006326  -0.0007782835
42  8   0.0012041783   0.0000591539   0.0022891156   0.0011488900  -0.0167350309
42  9   0.0265728738   0.3381568627   0.0008033569  -0.0020046451  -0.0069045834
42 10   0.0013308615   0.0001117834   0.0005389700  -0.0002561404   0.0001098111
42 11   0.0000411218   0.0000235555   0.0000062751  -0.0000229369   0.0000268853
42 12  -0.0000110336   0.0000339798   0.0000049874  -0.0000021287   0.0000001327
42 13  -0.0000356742   0.0000203109   0.0000825985   0.0000802043   0.0000336919
42 14   0.0000042545   0.0000301026  -0.0000278079  -0.0000007185   0.0001278219
42 15   0.0006365705   0.0001164590
43  1   0.0093658060   0.0217265699   0.0034241347  -0.1159345350  -0.1051763016
43  2  -0.0396489442  -0.0187908658  -0.0283548807  -0.0100279913   0.0024648735
43  3   0.0000306448   0.0005793748  -0.0002970822   0.0002056935   0.0001166751
43  4   0.0000947438   0.0002180192  -0.0000169610   0.0002812721  -0.0003475126
43  5   0.0000303364  -0.0000133724   0.0003076838  -0.0000262561   0.0007523654
43  6  -0.0019136935  -0.0007264862  -0.0013902270  -0.0002734342  -0.0001769611
43  7  -0.0056306787   0.0037037591   0.0026560028   0.0004945037   0.0002424095
43  8  -0.0001763912   0.0010121829  -0.0007602852   0.0014317265   0.0023161597
43  9   0.0017239946   0.0008033569   0.1237610333   0.1083011672   0.0410271252
43 10   0.0015066507   0.0001313125   0.0003522598   0.0000122083  -0.0000147313
43 11  -0.0000084622  -0.0000986369   0.0000380105  -0.0000017747  -0.0000013483
43 12   0.0000232060  -0.0000056013  -0.0000515824  -0.0000197362  -0.0000157132
43 13  -0.0000099306   0.0000482199   0.0000831031   0.0001413907   0.0000643011
43 14   0.0001910961   0.0001485641  -0.0000397507   0.0001318845  -0.0001334951
43 15   0.0001353346   0.0000044666
44  1  -0.0028975329  -0.0352465978   0.0017090574  -0.1046047258  -0.2120634455
44  2  -0.0615692769   0.0002959755   0.0012635805  -0.0006764591  -0.0001082347
44  3   0.0014177375  -0.0002844773  -0.0000485415   0.0002712599   0.0000357209
44  4  -0.0000759221   0.0001562444  -0.0000017303   0.0000628628  -0.0001319074
44  5  -0.0000040866  -0.0000196217   0.0000741889   0.0000095334   0.0001622934
44  6   0.0001587793  -0.0000076879   0.0000040744   0.0000864995  -0.0000616311
44  7   0.0012085173  -0.0001654128   0.0003416652  -0.0000736820   0.0002176790
44  8   0.0000870469   0.0000565796   0.0005852553  -0.0010245325  -0.0024403852
44  9  -0.0007882634  -0.0020046451   0.1083011672   0.2435093304   0.0629969047
44 10  -0.0000689583   0.0005592978   0.0003641511  -0.0000210886  -0.0000060845
44 11   0.0000101997  -0.0000375131  -0.0000060878   0.0000089624  -0.0000111252
44 12   0.0000100707   0.0000057948  -0.0000095139  -0.0000061866  -0.0000017255
44 13   0.0000041049  -0.0000180159  -0.0000019799   0.0000607090  -0.0000093722
44 14   0.0000124677   0.0000635612   0.0000969666  -0.0001356494   0.0001969996
44 15   0.0000344842   0.0001923775
45  1   0.0044784377   0.0193039315   0.0050268798  -0.0401142190  -0.0664848589
45  2  -0.0793653535   0.0097068539   0.0082522166   0.0035645562  -0.0008387305
45  3   0.0003243546  -0.0000675720  -0.0000285528   0.0000189113  -0.0000024526
45  4  -0.0000058835   0.0000766160  -0.0000378415   0.0000036735   0.0000204966
45  5  -0.0000765185  -0.0000189974   0.0000173344   0.0000234004  -0.0000330063
45  6   0.0003849362   0.0000826871   0.0001848982   0.0001094661   0.0000456916
45  7   0.0021491783  -0.0012219482  -0.0015060617  -0.0013669396  -0.0003580307
45  8   0.0010641827   0.0012951003   0.0008238955   0.0017654731  -0.0160478900
45  9  -0.0256110989  -0.0069045834   0.0410271252   0.0629969047   0.0755776132
45 10  -0.0007047730   0.0006371423   0.0007712564   0.0000150450   0.0000054131
45 11  -0.0000302755  -0.0000365262  -0.0000102632   0.0000391577   0.0000155829
45 12  -0.0000195888   0.0000311326   0.0000005211  -0.0000071781   0.0000034395
45 13  -0.0000238763   0.0000143540  -0.0000201531   0.0000912554   0.0000190918
45 14  -0.0000208943  -0.0000963929   0.0000040914   0.0000545379   0.0003481160
45 15   0.0007038107  -0.0000183021
46  1   0.0019867683  -0.0015855217  -0.0011746974  -0.0038126269   0.0058910408
46  2   0.0344113202  -0.0537333084   0.0013232410   0.0158241918  -0.0010592459
46  3   0.0043971151  -0.0152512059   0.0026921016  -0.0008728078  -0.0043893560
46  4  -0.0003199229   0.0002714384   0.0005389432  -0.0002057599   0.0000101136
46  5   0.0001577269  -0.0001617830  -0.0000527782   0.0001593210  -0.0000107784
46  6   0.0004054612  -0.0002815093   0.0002614413   0.0002714753   0.0004386432
46  7   0.0024812344  -0.0032176579  -0.0160579086  -0.0010091269  -0.0035261822
46  8  -0.0020814899  -0.0003042936   0.0004940592  -0.0006991445  -0.0057936486
46  9   0.0008426343   0.0013308615   0.0015066507  -0.0000689583  -0.0007047730
46 10   0.0571972968  -0.0038358214  -0.0136604200   0.0003883678  -0.0001457153
46 11   0.0010051790   0.0000508191  -0.0000035739  -0.0000292933   0.0001034737
46 12   0.0000268606   0.0000917330   0.0000043018  -0.0000010480  -0.0000102617
46 13  -0.0005026158  -0.0003279918  -0.0000026405   0.0002375527  -0.0000149218
46 14  -0.0001426371   0.0005282152   0.0000282144   0.0007581918  -0.0005251133
46 15  -0.0003086754  -0.0002307744
47  1  -0.0004412946   0.0001095007  -0.0000013406  -0.0010054852   0.0004610967
47  2  -0.0018208759   0.0020233102  -0.0602576603  -0.0505466326   0.0064657522
47  3  -0.0049725151   0.0358899116  -0.0045525849   0.0017456202   0.0037417215
47  4   0.0003910734  -0.0004859725  -0.0006280516   0.0001607551  -0.0004188082
47  5  -0.0004984760   0.0002434996   0.0003284798   0.0000090673   0.0001510553
47  6   0.0001533906  -0.0002567493  -0.0000786218   0.0003090722   0.0007316209
47  7   0.0032449124  -0.0013136456  -0.0255153123  -0.0038047180  -0.0055496266
47  8  -0.0037051031   0.0003608489   0.0000389847  -0.0000358022   0.0004269316
47  9   0.0003469589   0.0001117834   0.0001313125   0.0005592978   0.0006371423
47 10  -0.0038358214   0.0681448677   0.0426607811  -0.0001290085   0.0001677943
47 11  -0.0013238917   0.0000054967   0.0000584651   0.0000550689  -0.0000027197
47 12  -0.0001743313   0.0000370763  -0.0000935800  -0.0000122778  -0.0000179991
47 13  -0.0006057692   0.0001137502   0.0002519585   0.0005565922   0.0000005263
47 14  -0.0001577859   0.0008295553   0.0004610730   0.0004657585  -0.0004414919
47 15   0.0001859593  -0.0000838702
48  1   0.0004392181  -0.0010297894   0.0026439569   0.0001518418  -0.0013628312
48  2  -0.0099091338   0.0141920180  -0.0500891145  -0.2701574302  -0.0072857359
48  3   0.0143123905  -0.0212203251   0.0047815558  -0.0016823520  -0.0006635864
48  4  -0.0006472974   0.0003518996   0.0007559858   0.0000926527   0.0002991068
48  5   0.0000298291  -0.0005099665  -0.0001078112   0.0001529041   0.0007725554
48  6   0.0002104692  -0.0011322813  -0.0004056230  -0.0001160912   0.0005274024
48  7   0.0024377674  -0.0017800998  -0.0090923189  -0.0007285173  -0.0019037408
48  8   0.0001286591   0.0010542517  -0.0006694646  -0.0002835598   0.0009657168
48  9   0.0005120902   0.0005389700   0.0003522598   0.0003641511   0.0007712564
48 10  -0.0136604200   0.0426607811   0.3047608346  -0.0018079301   0.0007243145
48 11   0.0009046800   0.0001559469  -0.0000766092  -0.0001918939   0.0002017111
48 12  -0.0000279399   0.0001591982   0.0000896693   0.0000031646   0.0000148632
48 13  -0.0004185387   0.0000848010   0.0008134988   0.0003295773   0.0001138494
48 14   0.0000564803  -0.0002555353  -0.0009105992   0.0005139000  -0.0002971781
48 15   0.0001194249  -0.0001218893
49  1  -0.0002703569   0.0002404847  -0.0003469223   0.0001165357  -0.0000484038
49  2  -0.0000926258   0.0019767107  -0.0045170322   0.0056302640  -0.0214238763
49  3   0.0148529208   0.0367411305  -0.0475766848  -0.0035410591   0.0005741192
49  4   0.0033476132   0.0045924392  -0.0145016990   0.0024763789  -0.0054812023
49  5  -0.0187396081   0.0022985229   0.0010876340   0.0010721738  -0.0001737478
49  6   0.0010468857  -0.0006034886   0.0000675380  -0.0004734036   0.0005653938
49  7  -0.0004481642   0.0000437185  -0.0003831964   0.0001587045   0.0000680005
49  8  -0.0001268352  -0.0000125920   0.0000453886   0.0000188653   0.0001190785
49  9  -0.0000030453  -0.0002561404   0.0000122083  -0.0000210886   0.0000150450
49 10   0.0003883678  -0.0001290085  -0.0018079301   0.0613907477  -0.0049753277
49 11  -0.0081778904  -0.0005088063  -0.0004910363   0.0009752641  -0.0021416209
49 12  -0.0024759499  -0.0005992453   0.0000067269   0.0000107726  -0.0002766126
49 13   0.0001116668  -0.0002187001   0.0003386192  -0.0001322361   0.0002483640
49 14  -0.0000115377   0.0002039095   0.0001816441  -0.0000010666   0.0000133759
49 15  -0.0000429954  -0.0000060763
50  1   0.0000373512  -0.0000216155   0.0000928869   0.0001632958   0.0000507723
50  2  -0.0000308677  -0.0002933439   0.0017766488  -0.0022698389   0.0065661001
50  3   0.0018098318  -0.0056595733  -0.0047240210  -0.0651752794  -0.0514231761
50  4   0.0052207152  -0.0069936960   0.0393354050  -0.0001250070  -0.0035247677
50  5  -0.0268216721   0.0009060345   0.0014265812   0.0022494269  -0.0000763224
50  6   0.0015295272  -0.0015214500  -0.0000198113  -0.0002280188   0.0007575378
50  7  -0.0001354904  -0.0003203936  -0.0001611932   0.0000808470  -0.0000202893
50  8   0.0002589362   0.0000203991  -0.0000214436  -0.0000035949  -0.0000461533
50  9  -0.0000134474   0.0001098111  -0.0000147313  -0.0000060845   0.0000054131
50 10  -0.0001457153   0.0001677943   0.0007243145  -0.0049753277   0.0704109684
50 11   0.0431706350   0.0008347417   0.0032103545   0.0012528594  -0.0029391694
50 12  -0.0036125009  -0.0008181780  -0.0002780776  -0.0002914619  -0.0000600067
50 13  -0.0001148549  -0.0003392201   0.0006953771  -0.0000424891   0.0002971026
50 14   0.0000386390   0.0000708113  -0.0000775180   0.0000060660   0.0000302189
50 15  -0.0000338441   0.0000722431
51  1   0.0003513973  -0.0002242038   0.0000696671  -0.0001790414  -0.0001662041
51  2   0.0008000336  -0.0011265209   0.0017860804  -0.0001689342   0.0135774277
51  3  -0.0048882435  -0.0077816912  -0.0007307674  -0.0448166880  -0.2740568141
51  4  -0.0044429836   0.0093759545  -0.0196440641   0.0018952258  -0.0031787007
51  5  -0.0099877696  -0.0007995876   0.0013315457   0.0022979773  -0.0001139075
51  6   0.0008266276  -0.0008761407  -0.0002657775  -0.0002511936   0.0005805189
51  7   0.0002805834  -0.0003323591  -0.0002818510  -0.0001713500  -0.0000747597
51  8   0.0001711770   0.0000177125  -0.0000100537  -0.0000739885  -0.0003688082
51  9   0.0001134198   0.0000411218  -0.0000084622   0.0000101997  -0.0000302755
51 10   0.0010051790  -0.0013238917   0.0009046800  -0.0081778904   0.0431706350
51 11   0.3064175914  -0.0005426250   0.0001278820   0.0006610127  -0.0005664793
51 12  -0.0010285198   0.0004018361   0.0001088667  -0.0000185074  -0.0003816170
51 13   0.0000921881  -0.0005482864   0.0008371846   0.0001230369   0.0001931648
51 14  -0.0000214050   0.0000366179  -0.0001057004   0.0000065605   0.0000059655
51 15   0.0000318025   0.0001151899
52  1   0.0000086040  -0.0001220073   0.0001854444   0.0000104695   0.0003467705
52  2  -0.0000239549  -0.0011833533   0.0002908753  -0.0005845582  -0.0007874226
52  3   0.0008216934  -0.0001154573   0.0049882740   0.0133745136   0.0048407703
52  4  -0.0811520302  -0.1517651680  -0.0957603901   0.0005035391  -0.0008530825
52  5  -0.0002689111   0.0005789312  -0.0000667815   0.0004192235  -0.0001524614
52  6   0.0001187634  -0.0002657051  -0.0000781961  -0.0002432455  -0.0000333495
52  7   0.0001779927  -0.0001943212   0.0001939546  -0.0000262898  -0.0000191717
52  8  -0.0000091700   0.0000030445   0.0000337555  -0.0000189464  -0.0000171830
52  9   0.0000355458   0.0000235555  -0.0000986369  -0.0000375131  -0.0000365262
52 10   0.0000508191   0.0000054967   0.0001559469  -0.0005088063   0.0008347417
52 11  -0.0005426250   0.0770722264   0.1373626429   0.0924108975  -0.0000369470
52 12   0.0002111364   0.0001397077   0.0005750973  -0.0000666536  -0.0008173475
52 13   0.0000413333  -0.0000401691   0.0000837888   0.0000589943   0.0000156205
52 14   0.0000196700  -0.0000550277  -0.0000937552  -0.0000166284   0.0000270291
52 15   0.0000503128   0.0000206105
53  1  -0.0003589989   0.0002576066  -0.0001149668   0.0003606241   0.0000614711
53  2   0.0000129429   0.0001549173  -0.0007548918   0.0005688725  -0.0007875151
53  3   0.0022837211  -0.0005372306  -0.0141990573  -0.0325943861  -0.0172587566
53  4  -0.1240003438  -0.3393091002  -0.1492254610   0.0032044536  -0.0048908690
53  5   0.0053073125   0.0004814853   0.0007770045  -0.0002385248  -0.0016312598
53  6   0.0002482250  -0.0010168707   0.0001447102  -0.0006614791   0.0000386789
53  7  -0.0002352484   0.0000327447  -0.0002697948   0.0001183807   0.0002492615
53  8   0.0001057638   0.0000857940  -0.0000233742   0.0000400507  -0.0000187633
53  9   0.0000094969   0.0000062751   0.0000380105  -0.0000060878  -0.0000102632
53 10  -0.0000035739   0.0000584651  -0.0000766092  -0.0004910363   0.0032103545
53 11   0.0001278820   0.1373626429   0.3705233493   0.1622571651   0.0003458626
53 12   0.0006755590   0.0001308758  -0.0006355038  -0.0000896818  -0.0000232857
53 13   0.0000545495  -0.0000638788   0.0001755777  -0.0000758622  -0.0000367507
53 14   0.0000522583   0.0000758031   0.0000929062   0.0000042787   0.0000099289
53 15  -0.0000496658  -0.0000561705
54  1  -0.0000508846   0.0000981519  -0.0000151948   0.0000114857  -0.0000263084
54  2  -0.0000542837   0.0000354379   0.0000571457   0.0004709316  -0.0003140017
54  3  -0.0004378668  -0.0009761885   0.0086138201   0.0264179636   0.0071952333
54  4  -0.1001520726  -0.1942116029  -0.1313098630  -0.0027893688   0.0035789264
54  5  -0.0022044514   0.0000499907  -0.0003507476  -0.0001488634   0.0008327000
54  6   0.0005734392   0.0011903124   0.0000535782   0.0006644751  -0.0000998534
54  7   0.0000882398  -0.0000251775  -0.0000143176   0.0000148060  -0.0001039970
54  8  -0.0000149513  -0.0000117825   0.0000256889   0.0000178772   0.0000228645
54  9  -0.0000471203  -0.0000229369  -0.0000017747   0.0000089624   0.0000391577
54 10  -0.0000292933   0.0000550689  -0.0001918939   0.0009752641   0.0012528594
54 11   0.0006610127   0.0924108975   0.1622571651   0.1251926552   0.0000367011
54 12   0.0001712455   0.0004093135   0.0001873095   0.0001140192  -0.0000604337
54 13   0.0000267573  -0.0000988425  -0.0000593095  -0.0000045062   0.0000245012
54 14  -0.0000389206   0.0000066227   0.0000243817   0.0000001554  -0.0000127909
54 15  -0.0000223312   0.0000348126
55  1  -0.0000159728   0.0000320996  -0.0000090006   0.0000399571  -0.0000171691
55  2  -0.0000866702  -0.0000241577   0.0002318291  -0.0002822552   0.0017743341
55  3   0.0005721541   0.0010137520   0.0000965279  -0.0035709789  -0.0219877349
55  4   0.0008742170   0.0012235722   0.0012192860  -0.0483902754  -0.0006407616
55  5  -0.0061640044  -0.0173309624   0.0076574468   0.0400225797   0.0012061513
55  6  -0.0019919150  -0.0112966431  -0.0002221423  -0.0004424933   0.0011192451
55  7   0.0003366108  -0.0005388531  -0.0004929552  -0.0005188813   0.0004142065
55  8   0.0005135513   0.0000217258  -0.0000015325  -0.0000022781  -0.0000745865
55  9   0.0000121634   0.0000268853  -0.0000013483  -0.0000111252   0.0000155829
55 10   0.0001034737  -0.0000027197   0.0002017111  -0.0021416209  -0.0029391694
55 11  -0.0005664793  -0.0000369470   0.0003458626   0.0000367011   0.0626804068
55 12  -0.0016915375  -0.0037926834   0.0012347968  -0.0010606226   0.0008365233
55 13  -0.0002147957   0.0022323106  -0.0007841696   0.0004290808   0.0001539929
55 14   0.0002026355   0.0001031862  -0.0000107736   0.0000861717   0.0000712220
55 15   0.0000440135   0.0001702488
56  1   0.0000235283   0.0000719334  -0.0000164384  -0.0000129734   0.0000753593
56  2   0.0000377480   0.0001978322  -0.0004039767   0.0001878570   0.0009313830
56  3   0.0009794280   0.0017815000  -0.0037304470  -0.0047777207  -0.0298717928
56  4   0.0006399097   0.0025089278   0.0009295287  -0.0020907737  -0.0552742779
56  5  -0.0227917315   0.0054462308   0.0017676120  -0.0067842748   0.0006315473
56  6   0.0021950520   0.0302659518   0.0000304628   0.0031593110  -0.0014398615
56  7  -0.0005783051   0.0005531215   0.0003028312   0.0005867686  -0.0003683781
56  8  -0.0006706568  -0.0000143141  -0.0000081818   0.0000019927   0.0000162839
56  9   0.0000126119  -0.0000110336   0.0000232060   0.0000100707  -0.0000195888
56 10   0.0000268606  -0.0001743313  -0.0000279399  -0.0024759499  -0.0036125009
56 11  -0.0010285198   0.0002111364   0.0006755590   0.0001712455  -0.0016915375
56 12   0.0574498557   0.0280496541   0.0000988744   0.0002373197  -0.0010861817
56 13   0.0017764019  -0.0043777852   0.0024687046   0.0001472513  -0.0007710107
56 14  -0.0000744284  -0.0000600058   0.0000471855  -0.0001813240  -0.0001333708
56 15   0.0000248158  -0.0001932416
57  1  -0.0000236372  -0.0000023530   0.0000984883   0.0000093438  -0.0000335389
57  2   0.0000077764  -0.0000625064   0.0000035054  -0.0002273658  -0.0006240013
57  3   0.0006773115   0.0016428672  -0.0005330846  -0.0012344894  -0.0119947416
57  4   0.0002781983   0.0005578191   0.0013773721  -0.0052800977  -0.0240024919
57  5  -0.2948784676   0.0114431840  -0.0037497260  -0.0060252951  -0.0024299460
57  6  -0.0015802876  -0.0154537156   0.0003239507  -0.0006980450   0.0028124387
57  7   0.0004944885   0.0003475483  -0.0015723317   0.0008064562  -0.0006143751
57  8   0.0007176831   0.0000115386   0.0000082980  -0.0000014144  -0.0000654547
57  9   0.0000092517   0.0000339798  -0.0000056013   0.0000057948   0.0000311326
57 10   0.0000917330   0.0000370763   0.0001591982  -0.0005992453  -0.0008181780
57 11   0.0004018361   0.0001397077   0.0001308758   0.0004093135  -0.0037926834
57 12   0.0280496541   0.3218283985   0.0006683203   0.0003984360   0.0003128054
57 13  -0.0009025150   0.0015210119  -0.0000425660   0.0000805302   0.0011525287
57 14  -0.0002330878  -0.0001624634   0.0000492351   0.0001883396   0.0001337850
57 15  -0.0002148616   0.0004073560
58  1   0.0002193091  -0.0002232919   0.0000702743  -0.0002479187   0.0000507336
58  2  -0.0000166079  -0.0000925421   0.0010867027  -0.0004919996   0.0023183312
58  3  -0.0009417962   0.0003095398  -0.0040558458   0.0033935955  -0.0022270337
58  4   0.0021857910   0.0000884534   0.0001715019  -0.0178962787   0.0358523441
58  5  -0.0187235502  -0.0743471599   0.0982161399  -0.0354005387  -0.0077515276
58  6  -0.0003703767   0.0031024731   0.0006440434  -0.0008399748  -0.0000700207
58  7   0.0002038010   0.0017771351  -0.0011417513   0.0000568825  -0.0001428111
58  8   0.0000171053  -0.0000368549   0.0000306149  -0.0000288646   0.0000089339
58  9   0.0000084621   0.0000049874  -0.0000515824  -0.0000095139   0.0000005211
58 10   0.0000043018  -0.0000935800   0.0000896693   0.0000067269  -0.0002780776
58 11   0.0001088667   0.0005750973  -0.0006355038   0.0001873095   0.0012347968
58 12   0.0000988744   0.0006683203   0.0973008161  -0.1367329765   0.0530066128
58 13   0.0001390200  -0.0004168677   0.0001330033   0.0001162464   0.0000846442
58 14   0.0000540005  -0.0005535648  -0.0000087260   0.0001077099   0.0000191774
58 15   0.0000057963   0.0000684715
59  1   0.0000339708   0.0000114331   0.0000125329  -0.0000128289  -0.0000004867
59  2   0.0000428338   0.0002237400  -0.0000135195   0.0000665704  -0.0002726524
59  3  -0.0012390818  -0.0000275258  -0.0025799329   0.0043336833  -0.0003295595
59  4   0.0009149315  -0.0014015427   0.0001616819   0.0004898603  -0.0070168198
59  5   0.0042548287   0.1378919817  -0.3518533427   0.1855737193   0.0013155418
59  6  -0.0002354425  -0.0014902421  -0.0000470144   0.0003807454  -0.0001398534
59  7  -0.0001637699  -0.0001386673   0.0006001359  -0.0001867353   0.0000362486
59  8  -0.0001044218   0.0000111660   0.0000119021   0.0000004877   0.0000178810
59  9   0.0000104978  -0.0000021287  -0.0000197362  -0.0000061866  -0.0000071781
59 10  -0.0000010480  -0.0000122778   0.0000031646   0.0000107726  -0.0002914619
59 11  -0.0000185074  -0.0000666536  -0.0000896818   0.0001140192  -0.0010606226
59 12   0.0002373197   0.0003984360  -0.1367329765   0.3571413228  -0.1889688970
59 13  -0.0000922203   0.0002141876  -0.0001709702   0.0002473120  -0.0001670566
59 14   0.0001221765   0.0000807035   0.0000362370  -0.0000561017  -0.0000016704
59 15   0.0000519905  -0.0000352013
60  1   0.0000680931  -0.0000356236   0.0001061909  -0.0000584426  -0.0000087235
60  2   0.0000812560  -0.0002988106   0.0003633977  -0.0001323192   0.0009164515
60  3  -0.0000822643  -0.0004499193  -0.0007166292   0.0007389638   0.0010794800
60  4   0.0012536719  -0.0003646337  -0.0014120729   0.0081727381  -0.0136353897
60  5   0.0045384286  -0.0643232262   0.2038224360  -0.1225352902   0.0018700497
60  6   0.0002646434  -0.0007569746  -0.0001695737  -0.0002089631  -0.0001306446
60  7   0.0003214433  -0.0004275478   0.0010276869  -0.0002291865   0.0000462151
60  8  -0.0000621910  -0.0000268288   0.0000130303  -0.0000004372   0.0000152872
60  9  -0.0000055975   0.0000001327  -0.0000157132  -0.0000017255   0.0000034395
60 10  -0.0000102617  -0.0000179991   0.0000148632  -0.0002766126  -0.0000600067
60 11  -0.0003816170  -0.0008173475  -0.0000232857  -0.0000604337   0.0008365233
60 12  -0.0010861817   0.0003128054   0.0530066128  -0.1889688970   0.1182436148
60 13   0.0001408137  -0.0001513526   0.0004081775   0.0001106914  -0.0000491259
60 14   0.0001305596   0.0002552009  -0.0001259676  -0.0001105314  -0.0000249444
60 15   0.0000045985   0.0000857961
61  1   0.0000768317   0.0000046647  -0.0000870329  -0.0000471563   0.0001991987
61  2  -0.0002607597   0.0008373944  -0.0001365679   0.0002615767  -0.0002882547
61  3   0.0000364772  -0.0003393950  -0.0002688656  -0.0006099171   0.0003218792
61  4  -0.0001145823   0.0002587471   0.0000534779   0.0024778310   0.0016839102
61  5  -0.0119602274   0.0010571151  -0.0010535498   0.0000314688  -0.0572068182
61  6   0.0049154778   0.0414289881   0.0023717125  -0.0094823888  -0.0235409401
61  7  -0.0009286169   0.0014299188   0.0300203197  -0.0064074838   0.0031093268
61  8   0.0021108088  -0.0000832852  -0.0000199659   0.0000078694   0.0001766216
61  9   0.0000477700  -0.0000356742  -0.0000099306   0.0000041049  -0.0000238763
61 10  -0.0005026158  -0.0006057692  -0.0004185387   0.0001116668  -0.0001148549
61 11   0.0000921881   0.0000413333   0.0000545495   0.0000267573  -0.0002147957
61 12   0.0017764019  -0.0009025150   0.0001390200  -0.0000922203   0.0001408137
61 13   0.0611183554   0.0009620415  -0.0368548227  -0.0029418477  -0.0026416635
61 14  -0.0014849826   0.0011521746   0.0004889276  -0.0002837401  -0.0005458033
61 15  -0.0002146192   0.0016963570
62  1  -0.0000058615  -0.0000637019   0.0000513619   0.0000687965   0.0001040012
62  2   0.0000503754  -0.0000754646  -0.0002157998   0.0000463891  -0.0000705270
62  3  -0.0002948481  -0.0002248725   0.0002032264   0.0015401992   0.0016927296
62  4   0.0000981955  -0.0000988950  -0.0005217971  -0.0031632889   0.0001428163
62  5   0.0305090458  -0.0013598511   0.0019086621  -0.0017430867   0.0024857523
62  6  -0.0478647866  -0.0111056407  -0.0000464415  -0.0122304275  -0.0330877024
62  7   0.0028007455  -0.0005869301  -0.0059402879   0.0013056497   0.0004328893
62  8  -0.0006158694   0.0000170847   0.0000154755  -0.0000100081  -0.0000342412
62  9  -0.0000059335   0.0000203109   0.0000482199  -0.0000180159   0.0000143540
62 10  -0.0003279918   0.0001137502   0.0000848010  -0.0002187001  -0.0003392201
62 11  -0.0005482864  -0.0000401691  -0.0000638788  -0.0000988425   0.0022323106
62 12  -0.0043777852   0.0015210119  -0.0004168677   0.0002141876  -0.0001513526
62 13   0.0009620415   0.0645352834   0.0236181258  -0.0042210221  -0.0030747512
62 14  -0.0028503613  -0.0002006385   0.0001112420  -0.0004438263  -0.0000409575
62 15   0.0001164669  -0.0002665714
63  1  -0.0000035074   0.0000481825  -0.0000079482   0.0003083979   0.0001913888
63  2   0.0002964769  -0.0003535958  -0.0002898488  -0.0012412174   0.0004249483
63  3   0.0000895754   0.0004625498  -0.0009033429  -0.0011768217  -0.0012734286
63  4   0.0000275468   0.0001900713   0.0006610083   0.0035104510   0.0018071337
63  5  -0.0187002689   0.0003143283  -0.0010589097   0.0020063768   0.0364652712
63  6  -0.0172480465  -0.2982903155  -0.0016890974  -0.0093669977  -0.0097184614
63  7   0.0006210943   0.0003605050  -0.0054160370   0.0005880514  -0.0003352737
63  8   0.0015898922   0.0000529615  -0.0000071166  -0.0000176144  -0.0001627309
63  9   0.0000180801   0.0000825985   0.0000831031  -0.0000019799  -0.0000201531
63 10  -0.0000026405   0.0002519585   0.0008134988   0.0003386192   0.0006953771
63 11   0.0008371846   0.0000837888   0.0001755777  -0.0000593095  -0.0007841696
63 12   0.0024687046  -0.0000425660   0.0001330033  -0.0001709702   0.0004081775
63 13  -0.0368548227   0.0236181258   0.3262429237  -0.0022649762  -0.0001676367
63 14   0.0006222103   0.0001660083  -0.0002952093   0.0008749648  -0.0000986901
63 15   0.0002041303  -0.0001105424
64  1   0.0002414612   0.0000976793   0.0000591245  -0.0001310944  -0.0000239900
64  2  -0.0000505177   0.0002982400  -0.0009055701   0.0006772181  -0.0011049464
64  3   0.0009682518   0.0001103666   0.0017677677  -0.0004105721  -0.0004640608
64  4  -0.0004194705  -0.0000347285   0.0000068448  -0.0000960602  -0.0001498738
64  5   0.0006267678  -0.0008546775   0.0001577774  -0.0003705230   0.0061354111
64  6  -0.0103696389  -0.0246618554  -0.0850395903   0.0376761506   0.1726437927
64  7  -0.0008076515  -0.0037712751  -0.0064829745   0.0021515075   0.0030758884
64  8   0.0008256197  -0.0000880227   0.0000249210  -0.0000469609  -0.0002347538
64  9  -0.0001336766   0.0000802043   0.0001413907   0.0000607090   0.0000912554
64 10   0.0002375527   0.0005565922   0.0003295773  -0.0001322361  -0.0000424891
64 11   0.0001230369   0.0000589943  -0.0000758622  -0.0000045062   0.0004290808
64 12   0.0001472513   0.0000805302   0.0001162464   0.0002473120   0.0001106914
64 13  -0.0029418477  -0.0042210221  -0.0022649762   0.0812788594  -0.0234342987
64 14  -0.1424901885  -0.0003999152   0.0001944111   0.0003708219  -0.0006062454
64 15   0.0003660530   0.0007007113
65  1   0.0001071867  -0.0001967952   0.0001449153  -0.0001043126   0.0002598398
65  2   0.0000404686   0.0002205683   0.0000832567  -0.0004651740   0.0004399217
65  3  -0.0001845286   0.0000987687  -0.0008481832  -0.0003679016   0.0005058572
65  4   0.0000478295   0.0002204819   0.0000192031   0.0005499020  -0.0006050498
65  5  -0.0025723297  -0.0003485488   0.0003186148   0.0007088510   0.0081500534
65  6  -0.0155178647  -0.0360452672   0.0153501950  -0.0599878887  -0.0959990559
65  7  -0.0008017639   0.0011649001  -0.0014901217   0.0013108256  -0.0021729939
65  8   0.0001845005  -0.0000305882   0.0000495486  -0.0000235085  -0.0000464085
65  9  -0.0000149285   0.0000336919   0.0000643011  -0.0000093722   0.0000190918
65 10  -0.0000149218   0.0000005263   0.0001138494   0.0002483640   0.0002971026
65 11   0.0001931648   0.0000156205  -0.0000367507   0.0000245012   0.0001539929
65 12  -0.0007710107   0.0011525287   0.0000846442  -0.0001670566  -0.0000491259
65 13  -0.0026416635  -0.0030747512  -0.0001676367  -0.0234342987   0.0796687215
65 14   0.1327427296   0.0002002741  -0.0000257754   0.0003168924   0.0013270100
65 15   0.0010696756   0.0005132054
66  1   0.0001709484   0.0000231649  -0.0001051036   0.0000896477   0.0004810367
66  2   0.0002412267   0.0005774534  -0.0010705738  -0.0013812322  -0.0001024677
66  3   0.0003950556  -0.0000271667  -0.0003947426   0.0001297391  -0.0003320112
66  4   0.0000569954   0.0005337392   0.0000627015   0.0010922918   0.0009646260
66  5   0.0024447409  -0.0001921672   0.0000849842  -0.0004772436   0.0010377148
66  6  -0.0061657680  -0.0152840898   0.1396254214  -0.1273752789  -0.3895381400
66  7   0.0017035708   0.0009805205   0.0011715644   0.0011496651   0.0014248923
66  8  -0.0012145326  -0.0000718660  -0.0000409963  -0.0000200985   0.0000279117
66  9   0.0000433005   0.0000042545   0.0001910961   0.0000124677  -0.0000208943
66 10  -0.0001426371  -0.0001577859   0.0000564803  -0.0000115377   0.0000386390
66 11  -0.0000214050   0.0000196700   0.0000522583  -0.0000389206   0.0002026355
66 12  -0.0000744284  -0.0002330878   0.0000540005   0.0001221765   0.0001305596
66 13  -0.0014849826  -0.0028503613   0.0006222103  -0.1424901885   0.1327427296
66 14   0.4042852975  -0.0005756884   0.0000585157  -0.0004238102  -0.0005327448
66 15  -0.0003526534   0.0000987004
67  1  -0.0011867088   0.0002714952  -0.0003005366   0.0006268774  -0.0000269064
67  2   0.0005179806   0.0075446554  -0.0121720558   0.0098428455  -0.0009365150
67  3  -0.0052073618   0.0000261559  -0.0018137158  -0.0003889001   0.0001274380
67  4   0.0004245202   0.0000714020   0.0000694440  -0.0040962066  -0.0025209380
67  5   0.0025423072  -0.0011173920   0.0020870569  -0.0008401478  -0.0130348647
67  6   0.0284874421  -0.0171356193   0.0035361508  -0.0010063627   0.0010778453
67  7  -0.0750175907   0.0612762059  -0.0488511121   0.0032965904  -0.0023713975
67  8   0.0042312473  -0.0004661895  -0.0001609736  -0.0001490802  -0.0000865910
67  9   0.0000343012   0.0000301026   0.0001485641   0.0000635612  -0.0000963929
67 10   0.0005282152   0.0008295553  -0.0002555353   0.0002039095   0.0000708113
67 11   0.0000366179  -0.0000550277   0.0000758031   0.0000066227   0.0001031862
67 12  -0.0000600058  -0.0001624634  -0.0005535648   0.0000807035   0.0002552009
67 13   0.0011521746  -0.0002006385   0.0001660083  -0.0003999152   0.0002002741
67 14  -0.0005756884   0.0798694379  -0.0683479061   0.0488858534   0.0013300001
67 15  -0.0010851655   0.0005509063
68  1   0.0014687239   0.0019021685  -0.0009605036   0.0010449882  -0.0013353519
68  2   0.0007609006   0.0105051240  -0.0178074852   0.0155702613  -0.0022686466
68  3  -0.0065515807  -0.0012037121  -0.0019182567   0.0011147346   0.0006302759
68  4   0.0004471497  -0.0003623626   0.0000790834  -0.0000337614   0.0010250981
68  5  -0.0010211795   0.0004243736  -0.0002073954   0.0001318346   0.0019578807
68  6  -0.0053287388   0.0023136437  -0.0004216651   0.0017611109  -0.0002884226
68  7   0.0621175160  -0.2053412606   0.1126654022  -0.0041282987   0.0106489850
68  8  -0.0120132178  -0.0006717063  -0.0002032097  -0.0001381500  -0.0000494210
68  9   0.0000258698  -0.0000278079  -0.0000397507   0.0000969666   0.0000040914
68 10   0.0000282144   0.0004610730  -0.0009105992   0.0001816441  -0.0000775180
68 11  -0.0001057004  -0.0000937552   0.0000929062   0.0000243817  -0.0000107736
68 12   0.0000471855   0.0000492351  -0.0000087260   0.0000362370  -0.0001259676
68 13   0.0004889276   0.0001112420  -0.0002952093   0.0001944111  -0.0000257754
68 14   0.0000585157  -0.0683479061   0.2173609824  -0.1157799031  -0.0008662857
68 15   0.0025561186   0.0005827476
69  1  -0.0013526655  -0.0010083311   0.0004049258  -0.0004405799   0.0010639171
69  2  -0.0005092712   0.0027259627  -0.0021134964   0.0045449256  -0.0009445680
69  3  -0.0022985464   0.0009978743  -0.0002682527   0.0002566290  -0.0000174707
69  4   0.0001024663  -0.0001604860   0.0000119124   0.0014645022   0.0002609556
69  5   0.0002403644   0.0002544580  -0.0003671719   0.0002369957   0.0025455569
69  6  -0.0051490603   0.0045057562  -0.0003169532  -0.0002410240   0.0000744545
69  7  -0.0443366697   0.1069338641  -0.1270971292  -0.0073716497   0.0172500100
69  8  -0.0390527818   0.0000577192   0.0000188508   0.0000731952  -0.0001618670
69  9  -0.0000838881  -0.0000007185   0.0001318845  -0.0001356494   0.0000545379
69 10   0.0007581918   0.0004657585   0.0005139000  -0.0000010666   0.0000060660
69 11   0.0000065605  -0.0000166284   0.0000042787   0.0000001554   0.0000861717
69 12  -0.0001813240   0.0001883396   0.0001077099  -0.0000561017  -0.0001105314
69 13  -0.0002837401  -0.0004438263   0.0008749648   0.0003708219   0.0003168924
69 14  -0.0004238102   0.0488858534  -0.1157799031   0.1535520548  -0.0019966577
69 15   0.0014415865   0.0009307957
70  1  -0.0002913825   0.0004502460   0.0006501115   0.0006812610  -0.0013638883
70  2  -0.0006748619   0.0012529517  -0.0005008887  -0.0020656099  -0.0003627654
70  3  -0.0003639786   0.0001036677  -0.0000930086   0.0001279822   0.0000973806
70  4   0.0000039582  -0.0000811334   0.0000256831   0.0003371905  -0.0000726979
70  5  -0.0001548057  -0.0001020572  -0.0000030732   0.0000884880  -0.0005017198
70  6   0.0004570942   0.0026528312   0.0006502209  -0.0002314877   0.0007734968
70  7  -0.0033520011  -0.0006873954  -0.0033914947  -0.2842047025   0.2552637828
70  8   0.0385461486   0.0002751195   0.0004249812   0.0000426948  -0.0005134927
70  9  -0.0007949338   0.0001278219  -0.0001334951   0.0001969996   0.0003481160
70 10  -0.0005251133  -0.0004414919  -0.0002971781   0.0000133759   0.0000302189
70 11   0.0000059655   0.0000270291   0.0000099289  -0.0000127909   0.0000712220
70 12  -0.0001333708   0.0001337850   0.0000191774  -0.0000016704  -0.0000249444
70 13  -0.0005458033  -0.0000409575  -0.0000986901  -0.0006062454   0.0013270100
70 14  -0.0005327448   0.0013300001  -0.0008662857  -0.0019966577   0.2865702807
70 15  -0.2527049905  -0.0343464126
71  1  -0.0000139512  -0.0005913129   0.0006471356  -0.0001404331   0.0000003053
71  2  -0.0017751471   0.0014896329  -0.0017511716  -0.0012275918  -0.0009801922
71  3   0.0001960654  -0.0003513269   0.0006099714  -0.0000929926  -0.0000059634
71  4  -0.0001856063   0.0001605096  -0.0001122130  -0.0001578611  -0.0000874075
71  5   0.0006327611  -0.0001901411   0.0000627240  -0.0002012223  -0.0013374016
71  6   0.0010785570   0.0003164449  -0.0006519171  -0.0005760400   0.0009252494
71  7   0.0055452845  -0.0068826799   0.0037809854   0.2506350692  -0.2296005707
71  8  -0.0458368273   0.0000789363   0.0001996608  -0.0000205159  -0.0009464547
71  9  -0.0007382319   0.0006365705   0.0001353346   0.0000344842   0.0007038107
71 10  -0.0003086754   0.0001859593   0.0001194249  -0.0000429954  -0.0000338441
71 11   0.0000318025   0.0000503128  -0.0000496658  -0.0000223312   0.0000440135
71 12   0.0000248158  -0.0002148616   0.0000057963   0.0000519905   0.0000045985
71 13  -0.0002146192   0.0001164669   0.0002041303   0.0003660530   0.0010696756
71 14  -0.0003526534  -0.0010851655   0.0025561186   0.0014415865  -0.2527049905
71 15   0.2346665840   0.0406761537
72  1   0.0006955445   0.0009823839   0.0000408188  -0.0002433432  -0.0015989258
72  2   0.0009292440   0.0003594605  -0.0007044342  -0.0017026412  -0.0002516881
72  3   0.0009814336   0.0001716471   0.0004955379  -0.0003835663  -0.0001330247
72  4  -0.0001488836   0.0002485400  -0.0000138370  -0.0002530129   0.0002980831
72  5  -0.0007437394  -0.0002143792   0.0000722342   0.0003381627  -0.0008207537
72  6  -0.0021147488  -0.0078089449  -0.0009524416   0.0001465218   0.0006038247
72  7   0.0332025055  -0.0291212885  -0.0090586974  -0.0003070941  -0.0104801597
72  8  -0.0414093569  -0.0000392787   0.0001533432  -0.0000983381  -0.0001506819
72  9   0.0001189111   0.0001164590   0.0000044666   0.0001923775  -0.0000183021
72 10  -0.0002307744  -0.0000838702  -0.0001218893  -0.0000060763   0.0000722431
72 11   0.0001151899   0.0000206105  -0.0000561705   0.0000348126   0.0001702488
72 12  -0.0001932416   0.0004073560   0.0000684715  -0.0000352013   0.0000857961
72 13   0.0016963570  -0.0002665714  -0.0001105424   0.0007007113   0.0005132054
72 14   0.0000987004   0.0005509063   0.0005827476   0.0009307957  -0.0343464126
72 15   0.0406761537   0.0573465064
$end
