$vibrational normal modes
 1  1  -0.0195686602   0.2203375181  -0.0039438800  -0.0589900428   0.0021245293
 1  2  -0.0381177352   0.0601212276   0.1241568599   0.0045591930   0.2910480645
 1  3  -0.0671080138  -0.0885722066  -0.0077483996   0.0137379362   0.0854616324
 1  4  -0.1683415728  -0.0765416172   0.0252758394  -0.0497993148  -0.0200083716
 1  5   0.0142453285   0.0834083866  -0.1301505877  -0.0122533872  -0.0162374616
 1  6  -0.0879860049   0.1326500402   0.0023594164  -0.0287377301   0.0030787871
 1  7  -0.0118429069  -0.0255311035  -0.0781149503   0.0347634121  -0.0467230094
 1  8   0.0641180644  -0.0367261890  -0.0309598700  -0.0183818280   0.0105611735
 1  9   0.0214277834   0.0067122716   0.0074745522   0.0145188047  -0.0091001162
 1 10   0.0023785746  -0.0020122076  -0.0046922969  -0.0040841177   0.0000766968
 1 11   0.0066363835   0.0042134342   0.0036134713  -0.0078894381  -0.0074778996
 1 12  -0.0093974697   0.0014364656  -0.0016298719   0.0010860355   0.0005591381
 1 13  -0.0001714828  -0.0001646248   0.0000051894  -0.0008943351   0.0002821217
 1 14   0.0002660515   0.0002102860   0.0000080353  -0.0000742215  -0.0072290662
 1 15  -0.0025069088   0.0001104381
 2  1   0.2641387350   0.1513021106   0.0582805264  -0.0026422701   0.1744008134
 2  2  -0.0163256905   0.1291146929   0.1452668424  -0.0561092164   0.1890394905
 2  3  -0.0483067597   0.0120698586   0.0031848909  -0.0052430122  -0.0543886163
 2  4   0.0933887721   0.0533251829   0.0110575043  -0.0195664092  -0.0194740362
 2  5  -0.0022854063   0.0144250673   0.0407085455  -0.0021155141   0.0412774997
 2  6   0.0151201913  -0.0903530513  -0.0019917701   0.0061989890  -0.0155308851
 2  7  -0.0026416825   0.0102718588   0.1506926534  -0.0555160462   0.1068475419
 2  8  -0.1396650610   0.1015216503   0.0671959426   0.0722932706  -0.0205703676
 2  9   0.0027067285   0.0164518647  -0.0110412428  -0.0040510442   0.0107028426
 2 10  -0.0050153421  -0.0030712632  -0.0097191665  -0.0088356712  -0.0019405242
 2 11   0.0237095098   0.0304340745   0.0046268189   0.0425575469   0.0029785766
 2 12   0.0045052530  -0.0001492040  -0.0004303587   0.0001605981   0.0061955518
 2 13   0.0002126869   0.0001513691   0.0000189849   0.0010336880   0.0002674824
 2 14   0.0003229177  -0.0009512969  -0.0000183285  -0.0000715036  -0.0059804797
 2 15  -0.0020035941  -0.0000205302
 3  1   0.0256999453  -0.0543514896   0.2815654302  -0.0458619661  -0.0316715071
 3  2   0.2439244890   0.3348175336   0.0925727647  -0.0000996273  -0.1254747568
 3  3   0.0645645075   0.0340870269   0.0070485339  -0.0064402850  -0.0069297972
 3  4  -0.0239411178  -0.0069155560   0.0089676542   0.0099719509   0.0169116980
 3  5   0.0012519639  -0.0271008147   0.0020009875   0.0050881832  -0.0185728477
 3  6   0.0153401766   0.0232850141  -0.0166326454  -0.0045858273   0.0021956382
 3  7   0.0004930166  -0.0180707475  -0.0664430852   0.0329141535  -0.0507702101
 3  8   0.0655035865  -0.0425174007  -0.0255008211  -0.0336593692   0.0161440829
 3  9  -0.0031686472  -0.0005647432  -0.0023629778  -0.0057843645   0.0031816969
 3 10  -0.0009185341   0.0020284204  -0.0027810521  -0.0022631956   0.0012412006
 3 11   0.0151441514   0.0226997920  -0.0025054274   0.0503774699   0.0194093424
 3 12   0.0158083605  -0.0016318894   0.0031467446  -0.0015660153  -0.0074791438
 3 13  -0.0002346095  -0.0000282348  -0.0000235852  -0.0007540963  -0.0001813583
 3 14  -0.0001621043  -0.0018751730  -0.0000734674  -0.0006383723  -0.0584256280
 3 15  -0.0198841319   0.0005689234
 4  1  -0.0393911949   0.1662409089   0.0082325073  -0.0515600980  -0.0896434926
 4  2  -0.0030274829   0.0228655086  -0.0011713117   0.0270361452  -0.0406192175
 4  3  -0.0317646249  -0.0261372331   0.0311868944  -0.0462139102   0.0654106419
 4  4  -0.1005918282  -0.0851974399   0.0290712267  -0.0164007249  -0.0095899796
 4  5  -0.0245717052  -0.1704781556   0.0290212782   0.0018028584  -0.0969989571
 4  6   0.1591383649   0.0100319310  -0.0151044948   0.1141851020   0.0448621462
 4  7   0.0826772180   0.0873825694  -0.0774558626  -0.0467582171   0.0389400391
 4  8  -0.1479095366   0.0303662350   0.0556712343   0.0560405156  -0.1003857516
 4  9  -0.0605444063  -0.0900780451  -0.0076347978  -0.0395520724   0.0142767715
 4 10  -0.0028735876  -0.0026858055   0.0186199757   0.0233599273   0.0004354812
 4 11  -0.0539059254  -0.0455003862   0.0127378742  -0.0014721555   0.0881397808
 4 12   0.0828071642  -0.0139001319   0.0195804577  -0.0165961499   0.0287580564
 4 13  -0.0014523346  -0.0004717632  -0.0000240141   0.0413091264  -0.0002069277
 4 14  -0.0001466174   0.0089059542   0.0000014740  -0.0000020117   0.0004498349
 4 15   0.0002256028  -0.0001287238
 5  1   0.2478972724   0.1172809526   0.0075993777  -0.0380646030   0.1334381947
 5  2   0.0034574119  -0.0463110328  -0.0389760186  -0.0128091937   0.0542341852
 5  3  -0.1476108376   0.0141141687   0.0344584936  -0.0522664561  -0.0331026021
 5  4   0.0996585360   0.0131964729  -0.0101007330   0.0059390816  -0.0184419971
 5  5  -0.0220608914  -0.0917740236   0.0853955251   0.0006787510  -0.0109407324
 5  6   0.0880375231  -0.0576888443   0.0154663241   0.0594622517   0.0434235398
 5  7   0.0454773460   0.0697860257  -0.1680729154   0.0177929016  -0.1193867519
 5  8   0.1555744208  -0.1417900695  -0.1334964546  -0.1389364170   0.0595684821
 5  9  -0.0510436244  -0.0366097213   0.0021418005  -0.0121415803  -0.0055666632
 5 10   0.0063389213  -0.0104356098  -0.0081642069   0.0023445225  -0.0017483474
 5 11   0.0067260801   0.0171308070   0.0386675988  -0.0205643915  -0.0367037387
 5 12  -0.0415339068   0.0054725915  -0.0104502928   0.0024958054   0.0536165257
 5 13  -0.0046646696  -0.0015215801  -0.0000814869   0.0588957946  -0.0009785381
 5 14  -0.0014337829   0.0307927791   0.0000831049  -0.0000072309  -0.0015022925
 5 15  -0.0004716336   0.0001377726
 6  1   0.0135653196  -0.0656449313   0.1605359882  -0.1292387906  -0.0153501878
 6  2   0.2464100092   0.0087397227  -0.1512563641   0.0667701414  -0.0118139666
 6  3  -0.1993388162  -0.0356445127   0.0300931388  -0.0442613401   0.0360355665
 6  4  -0.0308464646  -0.0461957310  -0.0371821203   0.0239769896  -0.0056769103
 6  5  -0.0005035183   0.0415998935  -0.0360289147  -0.0048635991   0.0304220163
 6  6  -0.0755810499   0.0269715808   0.0499116872  -0.0037202955   0.0058139355
 6  7  -0.0108580287   0.0732728296   0.1679024372  -0.0873487864   0.0947161535
 6  8  -0.0563356563   0.0637274603  -0.0149574996  -0.0018120758   0.0399097014
 6  9   0.0093641660   0.0286954712   0.0234790342   0.0557925416  -0.0462728994
 6 10   0.0203410581  -0.0269973691  -0.0060204908   0.0060654454  -0.0018700351
 6 11  -0.0355101548  -0.0374071578   0.0296403344  -0.0833530257  -0.0098651860
 6 12  -0.0091003383  -0.0051564368  -0.0008665770   0.0000119345  -0.0467192528
 6 13  -0.0039638956  -0.0016356035  -0.0001423959  -0.0061194331   0.0005431139
 6 14  -0.0019026123   0.0858464430   0.0000481237  -0.0000266482  -0.0020581787
 6 15  -0.0007088207  -0.0001744545
 7  1  -0.0478153592   0.1645643874  -0.0006170107  -0.0551991546  -0.0908685581
 7  2  -0.0425547367  -0.0029753530   0.0234436969   0.0183056439  -0.0242575218
 7  3   0.0441231336  -0.0159369667   0.0097144106  -0.0175349916   0.0373841956
 7  4  -0.0465383080  -0.0341807868   0.0298455412  -0.0120158703  -0.0139703308
 7  5  -0.0179079201  -0.1220584445   0.0783516490   0.0084154270  -0.0419861250
 7  6   0.1213705270  -0.1177174669   0.0609459027   0.0913953031   0.0074706611
 7  7   0.0146572383  -0.0339224111   0.2617230237   0.0119856047   0.0066612091
 7  8   0.0996181684   0.0206437834   0.0723135836  -0.0667158589   0.0953775539
 7  9   0.0207455603   0.0838827862   0.0292687522   0.0789601819  -0.0586979120
 7 10   0.0292276175  -0.0007988188   0.0141909135   0.0125568209   0.0129972021
 7 11  -0.0211878800  -0.0260923773  -0.1511808539   0.0565461810  -0.0556539318
 7 12  -0.0509882229   0.0144466608  -0.0252561341   0.0339743941   0.0088496401
 7 13  -0.0054486138  -0.0015865703  -0.0000246867  -0.0005830452   0.0004953235
 7 14   0.0001982404  -0.0002095762   0.0000615003  -0.0000805481  -0.0001439132
 7 15  -0.0000955138   0.0000269364
 8  1   0.2146791184   0.0606497824   0.0456687062  -0.0080484424   0.0280853974
 8  2  -0.0375372090  -0.0513255462  -0.0408641376  -0.0315508168  -0.1234691344
 8  3   0.0340378555  -0.0285965799   0.0026145304  -0.0270097308   0.0046106079
 8  4   0.0024415715   0.0128650387   0.0070466065   0.0175324041  -0.0381112206
 8  5  -0.0414236377  -0.0946281663  -0.0523762424  -0.0132245594  -0.0131241088
 8  6  -0.0814989356   0.1805246601   0.1536700335   0.0828272994   0.0398212319
 8  7  -0.0151034953  -0.0495107183  -0.1533815588   0.0038848844   0.0067948923
 8  8  -0.1079933065   0.0006544206  -0.1295120240   0.1052468726   0.0401491698
 8  9   0.1768596918   0.1170034400  -0.0137588706   0.0206501312   0.0181275354
 8 10  -0.0152552792   0.0181935429  -0.0437741564  -0.0424555094   0.0180375506
 8 11   0.0445197774  -0.0231217302  -0.1062241141  -0.0417536599   0.0567169407
 8 12   0.0221156705   0.0118797449   0.0142737298  -0.0069520471   0.0052653929
 8 13   0.0166888107   0.0046133080  -0.0000261516   0.0020981772  -0.0004256746
 8 14   0.0009175941   0.0014819885  -0.0001065040   0.0000462335  -0.0000439956
 8 15  -0.0001431936  -0.0001296669
 9  1  -0.0070171001  -0.0552512758   0.1177779688  -0.1509817560   0.0107758038
 9  2   0.1165594782  -0.0990746198  -0.0689587743   0.0422262991   0.1381650739
 9  3   0.0170797136  -0.0476512642  -0.0422893968   0.0523694542   0.0127803169
 9  4  -0.0107435804   0.0310152711  -0.0147802308   0.0160546448  -0.0176256847
 9  5   0.0172455826   0.0943238598   0.0261908128   0.0122436961   0.0066335066
 9  6  -0.0139166053  -0.1049180408   0.2116465770   0.1889826516   0.0450476095
 9  7   0.0740460476  -0.0637355478   0.0124431974   0.0913168959  -0.0755900806
 9  8   0.0348260148  -0.0068047408   0.1840409439   0.0124543627  -0.0555086610
 9  9  -0.0528677588  -0.0228144758  -0.0469397736  -0.0792433074   0.0579335820
 9 10  -0.0143695711  -0.0032466347  -0.0164434470   0.0054957126   0.0022891336
 9 11   0.0012757937   0.0050561186  -0.0181730367  -0.0011359102  -0.0304766051
 9 12   0.0062389012  -0.0113427645   0.0000728079  -0.0008701441   0.0002791017
 9 13   0.0754992256   0.0248568103   0.0003416891   0.0038827593   0.0004877344
 9 14   0.0061181649   0.0058825017  -0.0002834202  -0.0000369056   0.0003148981
 9 15   0.0002310440   0.0001598782
10  1  -0.0650869128   0.1102023344   0.0147478773  -0.0464207002  -0.1836358399
10  2   0.0064797980   0.0089040074  -0.0032117343   0.0423599025   0.0110579220
10  3   0.0177345161   0.0007351418   0.0567278594  -0.0303056898  -0.0036314269
10  4  -0.0291849993   0.0306896281   0.0003893165   0.0138848984  -0.0577329880
10  5  -0.0483511776  -0.0271726364  -0.0706064004  -0.0194802299   0.1497312243
10  6  -0.0530684061  -0.3471388797   0.0026738959  -0.0300346355  -0.0329299922
10  7  -0.0189466738  -0.0162952996   0.1070252614  -0.0229738460  -0.0591838976
10  8  -0.1065950772  -0.1903771618  -0.1419597763   0.0145595900  -0.0306496142
10  9   0.0692818468  -0.0378525221  -0.0031818343  -0.0188083873   0.0300819462
10 10  -0.0027142832   0.0006597952   0.0049999027   0.0066977048  -0.0011680011
10 11   0.0081520305   0.0121614050   0.0156732357  -0.0050442123   0.0035106019
10 12  -0.0022029710  -0.0002798096   0.0063472392  -0.0153440514   0.0008500648
10 13   0.0018352917  -0.0016883425   0.0001469471   0.0002165072   0.0000722031
10 14  -0.0000084377  -0.0000931050   0.0000618930   0.0001127542   0.0002556798
10 15  -0.0001537424  -0.0000421707
11  1   0.2004772164   0.0290754223  -0.0186244510  -0.0534649897  -0.0046924714
11  2  -0.0087570537  -0.0558571638  -0.0191206221   0.0370161603  -0.0557598782
11  3   0.0852565705   0.1329629987   0.1167283975  -0.0419185543  -0.0580222937
11  4  -0.0408997498  -0.0103303418   0.0038635071   0.0264395203  -0.0661534090
11  5  -0.0586669575  -0.0652880530  -0.1633170825  -0.0173416378   0.0087514901
11  6  -0.1318278798   0.0379567949  -0.0419936965  -0.1370383072   0.1608365259
11  7   0.0916515487   0.0051226915   0.0863091014   0.0412785876   0.0211459760
11  8   0.0967936822   0.0451735942   0.1242436979  -0.0261520876  -0.0028697752
11  9  -0.0667680879  -0.0509844692  -0.0046018592  -0.0065117297  -0.0035292495
11 10  -0.0072718079  -0.0027746593  -0.0065643336  -0.0116756144  -0.0076644367
11 11  -0.0068728187  -0.0032040362   0.0114058413   0.0027860978  -0.0046535542
11 12  -0.0003028752  -0.0007229918  -0.0003380598  -0.0154959627  -0.0013659613
11 13  -0.0023195859   0.0000008759   0.0000698117  -0.0004301485   0.0002999204
11 14   0.0002244038  -0.0001185327  -0.0000046560   0.0001367140  -0.0001521074
11 15   0.0002054610   0.0000630125
12  1  -0.0176197508  -0.0671053984   0.0011022393  -0.2318778230   0.0251413079
12  2   0.1277438534  -0.1118984427  -0.0153681320   0.1364122472   0.2316242784
12  3   0.1202492784   0.2085292817   0.0801455644   0.0236669393  -0.1230765500
12  4  -0.0208205096  -0.0174584976   0.0130304474   0.0010786588  -0.0268777002
12  5  -0.0055078779  -0.0168307899   0.0710927836   0.0109216034  -0.0523260757
12  6   0.0258384698  -0.0513307434  -0.0421123985   0.0178950810  -0.0692518468
12  7  -0.0508180383   0.0177459061  -0.1682105944  -0.0067612518   0.0664974184
12  8  -0.0221404435   0.0473590654  -0.0792572628   0.0415333914   0.0237774804
12  9   0.0330954633   0.0401827973   0.0041124531   0.0251701640  -0.0166447232
12 10  -0.0063453994   0.0179613101   0.0147910354  -0.0021313756  -0.0148769817
12 11  -0.0260799750  -0.0187622821   0.0089915358   0.0263721277  -0.0151432292
12 12  -0.0022802915  -0.0010900709  -0.0065259964   0.0126340461   0.0004860710
12 13   0.0010583119   0.0008939429  -0.0002296458   0.0000590616  -0.0001423034
12 14  -0.0002712950  -0.0001097121  -0.0000062726  -0.0000423303   0.0000280491
12 15  -0.0001241749  -0.0000324353
13  1  -0.0772239503   0.1003958189   0.0068613493  -0.0493066971  -0.1985002912
13  2  -0.0315900232   0.0374538386   0.0148143264  -0.0068409255  -0.0144360943
13  3  -0.0227078650  -0.0576389335   0.0268037693  -0.0332574070   0.0238767193
13  4   0.0522505084   0.0478308183  -0.0107687392   0.0047042080  -0.0134902621
13  5  -0.0179022570  -0.0033192804  -0.0699902786  -0.0208888751   0.1917446092
13  6   0.0166684817  -0.1542787273   0.0149419166   0.0060122646  -0.0177142784
13  7  -0.0165863322   0.0141078138  -0.2984750669  -0.0585657929   0.0419566153
13  8   0.1429141267   0.2503979962   0.1242542338   0.0452256444   0.0711918156
13  9  -0.0137782512  -0.0165408487   0.0123260365   0.0113099981  -0.0150296971
13 10  -0.0067077960  -0.0060738720   0.0321998829   0.0570251388   0.0275748085
13 11   0.0357391830   0.0557383889  -0.0241000994  -0.0481521356   0.0416230318
13 12  -0.0077093377  -0.0137318849   0.0213562902   0.0435498891  -0.0005622662
13 13  -0.0013794360   0.0001476610  -0.0005054383  -0.0000249120  -0.0002711775
13 14   0.0000555157  -0.0000627343  -0.0002340489  -0.0000385955   0.0001678786
13 15  -0.0008300093   0.0000843833
14  1   0.1700068767  -0.0229456852   0.0154807103  -0.0265210439  -0.1012063909
14  2  -0.0458921351  -0.0159326185  -0.0336122702  -0.0206564846  -0.0087503640
14  3   0.0292283141   0.1103203670  -0.0097650345  -0.0762269195   0.0135371442
14  4   0.0009769516  -0.0326558407  -0.0253331283  -0.0137924558   0.0532853544
14  5   0.0363444547   0.0744718322  -0.1851683643  -0.0046137572  -0.0025059849
14  6   0.0995657702  -0.0252063664   0.0156436256  -0.0101495847   0.0158262231
14  7  -0.0198353464  -0.0059439181   0.0325990351  -0.0283909914  -0.1494492250
14  8  -0.0778273279   0.0168965363  -0.0809017307   0.0452765855  -0.0630175818
14  9  -0.1855222434   0.1842667975  -0.0117712167   0.0108430191  -0.0288785836
14 10   0.0150117126  -0.0008636332   0.0182043928   0.0159171579   0.0078364631
14 11   0.0210699461  -0.0106540726   0.0078667778   0.0005104984   0.0088019831
14 12   0.0115608436  -0.0101205719  -0.0080395708   0.1784238514  -0.0004378144
14 13  -0.0048839086   0.0153386584   0.0012443429  -0.0001246217  -0.0005059635
14 14   0.0009246069   0.0000345027   0.0000105393  -0.0004805646   0.0001894200
14 15  -0.0004142812  -0.0000447750
15  1  -0.0370811960  -0.0602885634  -0.0558869977  -0.2646305603   0.0500031283
15  2   0.0186252590  -0.0372601113   0.0643561254   0.0069286682   0.0323532571
15  3   0.0413404486   0.0389454456   0.0450552416  -0.0329904795   0.0284227112
15  4   0.0720071930  -0.0402275037   0.0202314387  -0.0162676626   0.0785844097
15  5   0.0031863627  -0.0269786561  -0.0117651684  -0.0183275241   0.1178792119
15  6   0.0941019050   0.2306716096   0.0275891807  -0.0435697193   0.0325574689
15  7  -0.0016190691  -0.0355728262   0.1377916321  -0.1785809638  -0.1457608868
15  8   0.0087264119  -0.0162545320   0.0256320971   0.0067439758   0.0257219117
15  9   0.1130664056  -0.1285718285   0.0249791897  -0.0254777907   0.0234007131
15 10  -0.0474381179  -0.0295034484   0.0059534580   0.0488443447   0.0321710772
15 11   0.0599394006  -0.0250865640   0.0114287817  -0.0026311188   0.0052561271
15 12  -0.0026207093  -0.0044738957   0.0078252289  -0.0092400862   0.0005294024
15 13  -0.0255687971   0.0761948600   0.0110730864   0.0001236224  -0.0037153120
15 14   0.0039402068  -0.0000421003  -0.0000131584  -0.0002566073   0.0006763393
15 15  -0.0017316381  -0.0000044213
16  1  -0.0939306275   0.0464597261   0.0226133247  -0.0403842137  -0.2906297263
16  2   0.0192941169   0.0150882770   0.0079661789   0.0170052465   0.1389892510
16  3  -0.0398033702   0.0511493943  -0.2352492996  -0.0325276294  -0.1584109513
16  4   0.0904985826   0.0500025037  -0.0293644882  -0.0278260439  -0.0077210892
16  5   0.0185597811  -0.1645520251   0.0204234119  -0.0182354687   0.0157163246
16  6  -0.0770013065   0.1753957163  -0.0005395549  -0.0335739887   0.0430761009
16  7   0.0142813103   0.0006187832   0.0358492276   0.0092650716  -0.0348437747
16  8  -0.0113189995  -0.0017256335  -0.0061891672   0.0120142161  -0.0157425119
16  9  -0.0514158806   0.0298354705   0.0023434940   0.0026193179   0.0093851743
16 10   0.0206007646   0.0065788781  -0.0053954407  -0.0219942322  -0.0087609152
16 11  -0.0224453450   0.0053180948  -0.0016767864   0.0046192038  -0.0070834765
16 12   0.0022195254   0.0044651156  -0.0050768001  -0.0228118036   0.0000930403
16 13   0.0002166953  -0.0000497917   0.0000676923   0.0000499240   0.0000467754
16 14  -0.0000065370  -0.0000084955   0.0000521500  -0.0034964190   0.0069315136
16 15  -0.0201522758   0.0000876936
17  1   0.1581607617  -0.0504106731  -0.0504927622  -0.0733292160  -0.1266679679
17  2  -0.0147906558  -0.0279843121   0.0691519231  -0.0638598218  -0.0850778416
17  3  -0.0412058408   0.0857594335  -0.1366214753  -0.0399724169  -0.0725282174
17  4  -0.0359291150  -0.0035126199  -0.0456620838  -0.0041098054  -0.0040877469
17  5   0.0458869580   0.0694320778  -0.1788091162   0.0157817302  -0.2105270052
17  6   0.0407263122  -0.1477856847  -0.0202758581   0.0666691180  -0.0731828681
17  7   0.0182433029  -0.0216274227  -0.0066518182  -0.0789886806   0.0336024605
17  8   0.0519716151   0.0016880757   0.0273010280  -0.0185557211   0.0336901192
17  9   0.1192798169  -0.0962637554   0.0108590251  -0.0076012712   0.0177074613
17 10  -0.0066122919  -0.0025451179  -0.0040755888  -0.0077596542   0.0007856707
17 11  -0.0022730588   0.0007562642   0.0006982895  -0.0013648922  -0.0014653180
17 12   0.0025355007   0.0044840053  -0.0050994196  -0.0223906900   0.0000049223
17 13   0.0004269254  -0.0013635352  -0.0000355972  -0.0000509754   0.0000875083
17 14  -0.0001615526   0.0000051839   0.0001273183  -0.0084196606   0.0167332128
17 15  -0.0489681922   0.0002827765
18  1  -0.0462284626  -0.0727963656  -0.1690923733  -0.3436600815   0.0625169783
18  2   0.0386227085  -0.0433140566   0.2384729884  -0.0781547834  -0.1900360387
18  3  -0.0681354224  -0.0758964650  -0.0272413653   0.0202192747   0.0037725787
18  4   0.0020671986   0.0019233516   0.0195015892   0.0238511788  -0.0209846264
18  5  -0.0476702233   0.0283853336   0.0324216652   0.0033559383   0.0146234717
18  6  -0.0364769402  -0.0291888913   0.0007402509  -0.0077894628   0.0134989060
18  7  -0.0083223617   0.0098145080  -0.0211442941   0.0388261731  -0.0285693660
18  8  -0.0292427072   0.0168536379  -0.0324980406   0.0255119581  -0.0255602893
18  9  -0.1027830571   0.0923946284  -0.0047687453   0.0122366575  -0.0067902687
18 10   0.0285751936   0.0119391536   0.0056094907  -0.0146397980  -0.0084321507
18 11  -0.0305608286   0.0276114588  -0.0139250365  -0.0037800614  -0.0040933670
18 12  -0.0004453726   0.0055550055  -0.0030951366  -0.0459862056   0.0000691923
18 13  -0.0000295565  -0.0001773641  -0.0002140362   0.0000253055   0.0001660416
18 14  -0.0001483319  -0.0000119872   0.0000347566  -0.0043867135   0.0084281882
18 15  -0.0245948159   0.0001118805
19  1  -0.0448279515   0.1464819587   0.0148106834  -0.0479527670  -0.1235358935
19  2   0.0191682826  -0.0263823487   0.0273561350   0.0431051648  -0.0232743588
19  3   0.0149592768   0.0309997370   0.0951759815  -0.0825972204   0.0713799797
19  4   0.0707302345   0.0768292733  -0.0186533840   0.0176868054  -0.0131303661
19  5   0.0033041865   0.1011290711  -0.0399674500  -0.0024751017  -0.0094135446
19  6   0.0493836045   0.0955375147  -0.0157722667   0.0054792309   0.0087758070
19  7   0.0043117287  -0.0089959843  -0.0663500012   0.0406359939   0.0335759233
19  8  -0.1289208510   0.0943771780   0.0285330053  -0.3008476859  -0.0766341116
19  9   0.0933784049   0.0978058053   0.0197353334  -0.0181999733   0.0125208625
19 10   0.0507162533  -0.0061856286   0.0129696058  -0.0108447584   0.0460207412
19 11   0.0369127667  -0.0482263887   0.0237511558   0.0147536628  -0.0367814486
19 12   0.0504272999   0.0433242441  -0.0605886579  -0.0473407438  -0.0003974315
19 13   0.0004800466  -0.0012919100   0.0015592450  -0.0000471564  -0.0000079290
19 14  -0.0009456682  -0.0000272628   0.0002456270   0.0004083237  -0.0000505202
19 15   0.0001022141  -0.0000495330
20  1   0.1469659970  -0.0678060106  -0.0191717027  -0.0498447084  -0.1649873703
20  2  -0.0392340119   0.0013885867   0.0018775406  -0.0589969682   0.0063822283
20  3  -0.0032286442   0.0534841522  -0.0246443831  -0.0103382273  -0.0015249951
20  4  -0.0189678357  -0.0478941604   0.0000096672  -0.0102269042   0.0467931281
20  5   0.0253645572   0.0612915224  -0.0107093555   0.0047267311   0.1239065757
20  6   0.1286965672   0.0242118861   0.0386924122  -0.0406763338   0.0728849314
20  7  -0.0983159538   0.0722481272  -0.0220568759   0.2207408139   0.1066443157
20  8  -0.0778041690  -0.0876713448   0.0457397744   0.0242166836   0.0591537098
20  9  -0.0161748299  -0.0332768756   0.0345840212   0.0136178814   0.0470284486
20 10   0.0487990127  -0.0073021329  -0.0138387287   0.0277660511   0.0024565643
20 11   0.0470111303  -0.0675796414   0.0083583020   0.0290702280   0.0040366027
20 12  -0.0690245908  -0.0348307016   0.1078796752  -0.0642087265   0.0009262636
20 13   0.0001215466  -0.0011421305   0.0076537172   0.0000619162  -0.0009166670
20 14   0.0012898761   0.0000378927   0.0001783398   0.0011032889   0.0000464040
20 15  -0.0001717072   0.0000013525
21  1  -0.0463141827  -0.0363925580   0.0307219577  -0.1964856911   0.0607089268
21  2  -0.1268873776   0.0645171013  -0.0661769197  -0.0278472577   0.0336772834
21  3   0.0399492151  -0.0302279076   0.0488843275  -0.0742336665   0.0928120768
21  4   0.1070504467  -0.0401712421  -0.0050905793  -0.0421159041   0.1259753152
21  5   0.0199265810  -0.0632960207  -0.1176191776  -0.0270233436   0.0237686731
21  6  -0.0531279040  -0.0187975866  -0.0051579844   0.0591889803  -0.0895277504
21  7   0.1095290838  -0.0144660299   0.0198789185   0.0749186603   0.1978894399
21  8   0.1167276603  -0.0852157342  -0.0776875607   0.0272028008  -0.0408885034
21  9   0.0012045890  -0.0002715135  -0.0094380490   0.0149483509   0.0475170814
21 10   0.0351669261  -0.0209972647   0.0227901558  -0.0526823943   0.0562609991
21 11  -0.0403736373   0.0299380764   0.0003130888  -0.0071235714   0.0004336814
21 12   0.0125421498   0.0116767349  -0.0183803016   0.0216266582  -0.0003273165
21 13   0.0021167304  -0.0097674359   0.0805096295  -0.0001131558  -0.0132103066
21 14   0.0096967006   0.0003359424   0.0002437054  -0.0010363800  -0.0001296869
21 15   0.0003757992   0.0001013715
22  1  -0.0571287765   0.1388319041   0.0053116979  -0.0516075843  -0.1345444285
22  2  -0.0252614590   0.0343714655  -0.0243783519  -0.0037943285  -0.0205181611
22  3  -0.0058510569   0.0133743134   0.1211056431  -0.0244693799   0.0032079360
22  4   0.0354570346   0.1206782869  -0.0255109863   0.0317496467  -0.0700978119
22  5  -0.0355162899   0.1587938146   0.0130139185   0.0134490300  -0.0694933988
22  6   0.0672812158   0.2197287468  -0.0741076086   0.1219520605  -0.0073806521
22  7  -0.0057784582   0.0217669066   0.0817152420   0.0202397403   0.0185738022
22  8   0.0730199155  -0.1121499655  -0.0157644836   0.1685676937   0.0381512862
22  9  -0.0458841985  -0.0309758817   0.0011576650   0.0034023318   0.0000487907
22 10  -0.0178227484  -0.0029858773   0.0040212418  -0.0071264471   0.0139561374
22 11  -0.0084497818   0.0081811724   0.0002396474  -0.0018357884  -0.0018203627
22 12   0.0070724819   0.0042383141  -0.0074081305   0.0076795635  -0.0000804052
22 13  -0.0000810118   0.0006630830  -0.0013750646   0.0000134625   0.0001342269
22 14   0.0000155343   0.0000062767   0.0001245377  -0.0208990898  -0.0009033441
22 15   0.0034045260  -0.0000183348
23  1   0.1170492545  -0.1182013658   0.0217617897  -0.0180055930  -0.2608815019
23  2  -0.0799750973   0.0267781000   0.0010328885  -0.0608477521   0.0555303675
23  3  -0.0274742340  -0.2064565400   0.2008232899   0.1718833306  -0.1711099189
23  4   0.0077259941  -0.0284332825  -0.0076448706  -0.0352432326   0.0779103288
23  5  -0.0546866363   0.0095751813   0.0628874609   0.0232569684  -0.0851141521
23  6  -0.0198043611  -0.0029616040   0.0275825796  -0.0434770942  -0.0001286038
23  7   0.0009837790  -0.0062895569  -0.0028629632  -0.0075131319  -0.0227065575
23  8  -0.0346411440   0.0104443602   0.0098373155  -0.0298755392   0.0014401522
23  9   0.0057037220   0.0045467532   0.0131481494  -0.0087095721  -0.0089889405
23 10  -0.0285675493  -0.0085040727   0.0059628112  -0.0164991040   0.0187353910
23 11  -0.0171450343   0.0135752005  -0.0001515768  -0.0028742592  -0.0021639495
23 12   0.0108032404   0.0051888308  -0.0226698502   0.0065061827  -0.0000664588
23 13   0.0000994079  -0.0002078271   0.0006289860  -0.0000329541  -0.0000194992
23 14   0.0000275766  -0.0000036948  -0.0002959318   0.0511480813   0.0021885041
23 15  -0.0080871594   0.0000151276
24  1  -0.0654727305  -0.0291776404  -0.0226071808  -0.2266866716   0.0851572193
24  2  -0.2365951389   0.2387495788  -0.2384010792  -0.1820643343   0.0257300916
24  3  -0.0104904786   0.0771998863  -0.0398850022   0.0323031769  -0.0515562500
24  4  -0.0633519053   0.0327414403  -0.0113502795   0.0030365408  -0.0451370027
24  5  -0.0403145549   0.0228193342   0.0381136340   0.0131494473  -0.0079118127
24  6   0.0056564535  -0.0013801352  -0.0018216010  -0.0150394492   0.0122322597
24  7  -0.0038316787  -0.0106984290  -0.0120815742  -0.0337714522  -0.0298349754
24  8  -0.0249153404   0.0485551056   0.0053657945  -0.0746277371  -0.0245146228
24  9   0.0264615804   0.0189332975  -0.0056949828  -0.0039387968  -0.0035027234
24 10   0.0084253114   0.0065372416  -0.0092991719   0.0099591352  -0.0456382267
24 11   0.0029807600  -0.0054568884  -0.0049588299   0.0030005077   0.0068481386
24 12  -0.0203716111  -0.0138197279   0.0290881038  -0.0029467419   0.0002165384
24 13   0.0001228762  -0.0004750215  -0.0001637849  -0.0000000498   0.0001903136
24 14  -0.0002364671  -0.0000160116   0.0001492496  -0.0269734794  -0.0011633697
24 15   0.0042739481  -0.0000211873
25  1  -0.0236481870   0.2069208562   0.0000645584  -0.0567327743  -0.0208085801
25  2  -0.0250635724   0.0097780973  -0.0220974723   0.0462952363  -0.0874741677
25  3   0.0037487491   0.0926158294   0.0150073079  -0.0383321957   0.0241820616
25  4   0.0299611642  -0.0023356556  -0.0063932549   0.0076798682   0.0323719789
25  5   0.0387793458   0.0589133902   0.0910124002   0.0295829468  -0.0831341405
25  6  -0.0524800840  -0.0033032502   0.1011836223  -0.1660312077  -0.1179505990
25  7   0.0640917936  -0.0238643041   0.0183220711   0.1133544151  -0.0712570479
25  8  -0.1159923728   0.1556943428  -0.1081651625  -0.0061191329   0.0310698354
25  9  -0.0624775087  -0.1658447141  -0.0093409708   0.0460052245   0.0050790575
25 10  -0.0410537496   0.0333652355  -0.0717158945   0.0224323185   0.0711078897
25 11  -0.0462057121   0.0171438007  -0.0026920208   0.0055593255   0.0303306506
25 12  -0.0552061726  -0.0719635924  -0.0328722436   0.0025985569   0.0010022822
25 13   0.0000691922   0.0007134250   0.0028898774   0.0000051408   0.0083325175
25 14  -0.0083312637  -0.0002064307   0.0003809806   0.0000348799   0.0000057864
25 15  -0.0001169317  -0.0001841836
26  1   0.1601855134  -0.0382611385   0.0423659060  -0.0063466287  -0.1347343604
26  2  -0.0669957124  -0.0355221932   0.0171816022  -0.0000823794  -0.0331159901
26  3   0.0001173193   0.0512254464  -0.0482295830  -0.0057691142   0.0300034065
26  4  -0.0665605467  -0.0461617519   0.0133912151   0.0033345170  -0.0070019840
26  5   0.0242020996   0.0522496147   0.1729046006   0.0063413267   0.1260308261
26  6   0.0039378725   0.0175936497  -0.0513284176   0.0728072587   0.0235778071
26  7  -0.0095914509   0.0368026254   0.1236722461   0.0787707156   0.0076024721
26  8   0.1762333254   0.1850401060  -0.1786403326   0.0129631698  -0.0927018513
26  9   0.0617433752  -0.0109080282   0.0118343272   0.0098811458   0.0728326707
26 10  -0.0450172443  -0.0405482395  -0.0136481978   0.0359259944  -0.0835327811
26 11   0.0135756938   0.0156401012  -0.0147930142  -0.0229683444   0.0054977529
26 12   0.0517780925   0.0160336739  -0.0962554285  -0.0085142764  -0.0009620789
26 13   0.0001251115  -0.0006562522  -0.0003392718   0.0000127331  -0.0053543999
26 14   0.0035155284   0.0000712094  -0.0004476807  -0.0000997810  -0.0000331449
26 15   0.0000970365   0.0001162843
27  1  -0.0357719096  -0.0221387024   0.1603037197  -0.1060576547   0.0462951601
27  2  -0.1492020269  -0.0309522058   0.0054400007   0.0780213583   0.0006654531
27  3   0.0300896654  -0.0966770676   0.0131367433  -0.0847623855   0.0704235550
27  4   0.0721959038  -0.0069945070  -0.0123616745  -0.0236107534   0.0427545800
27  5   0.0142865436  -0.0295192931  -0.0228638309  -0.0197130200  -0.1206156808
27  6  -0.1298384739  -0.0995710782  -0.1228116340   0.1247480440   0.1158342516
27  7  -0.1466806197   0.0725341937   0.0374185659   0.0676996282  -0.1074915686
27  8  -0.0567347307   0.0562671502   0.0439022483   0.0042062164   0.0339685071
27  9   0.0302699086  -0.0372012528  -0.0097390646   0.0165064209  -0.0062818610
27 10  -0.0139891696   0.0720268854  -0.0684370156   0.0605612751  -0.0006733549
27 11  -0.0088463967   0.0114587147   0.0066577566  -0.0048952813  -0.0218198473
27 12   0.0321270519   0.0441302357   0.0364475996   0.0059463744  -0.0000393410
27 13  -0.0023614979  -0.0040230438  -0.0154490494  -0.0006639790  -0.0592850135
27 14   0.0551345550   0.0012237396  -0.0025277832   0.0001308249   0.0000639668
27 15  -0.0000730755  -0.0000016920
28  1   0.0083226922   0.2514425916   0.0085410164  -0.0550905936   0.0514712994
28  2   0.0274798040  -0.0307671863  -0.0569507702   0.0014842985  -0.1265389687
28  3   0.0763243254  -0.1150571222  -0.0393192925  -0.0809381871  -0.2066190581
28  4   0.0043179780  -0.1112397031  -0.0345772676  -0.0151065288   0.0196824015
28  5   0.0595770902   0.1088005780   0.1024414124   0.0672674089   0.0910392491
28  6  -0.0559256178  -0.0090378502  -0.0605080050   0.0046689534   0.0405425678
28  7   0.0514841868  -0.0213342446  -0.0626712879  -0.0664851625   0.0339037517
28  8  -0.0205476362  -0.0965293822   0.0530528178  -0.0010278511   0.0099242986
28  9  -0.0123753110   0.0486207605   0.0140730792   0.0090041532   0.0149409519
28 10  -0.0070991842  -0.0025860320  -0.0136645585   0.0164084239  -0.0109449257
28 11  -0.0022390586   0.0014130931  -0.0048747304  -0.0009057402  -0.0090484968
28 12   0.0155948192   0.0298526526   0.0178584522   0.0042403427  -0.0001989227
28 13   0.0001363752   0.0000817518  -0.0002970098   0.0000852901  -0.0008891966
28 14   0.0007916102   0.0000281856   0.0199730751   0.0001343787  -0.0000003476
28 15   0.0000121926  -0.0002226010
29  1   0.1406213609  -0.0770354254   0.0054670404  -0.0315553461  -0.1877533079
29  2  -0.0570458672  -0.0043881541   0.0164941820  -0.0417727783   0.0315008671
29  3  -0.0109873118   0.1323692418   0.0021508529  -0.0623879552   0.2429799158
29  4  -0.0192511610   0.0163173499   0.0305332788   0.0115336071   0.0218380355
29  5   0.0316331235   0.0290636945   0.2465379407  -0.0127374570  -0.0303280100
29  6  -0.1278838826  -0.0287327552  -0.0253399638  -0.0390898811   0.0126335326
29  7   0.0555254819  -0.0397159028  -0.0854530574  -0.1108067212   0.0279909535
29  8  -0.0370454751  -0.1277774682   0.0909034069   0.0022345330   0.0272211670
29  9  -0.0308581716   0.0395171360   0.0098220879   0.0048755280  -0.0063154722
29 10  -0.0017341585   0.0111362004  -0.0036876753   0.0047641205   0.0007619734
29 11  -0.0012544797   0.0030937978  -0.0016707025  -0.0006289405  -0.0020633809
29 12   0.0025258374   0.0037948448   0.0082486915   0.0059316101   0.0001025201
29 13  -0.0000621642   0.0001001487  -0.0003900119  -0.0000020340  -0.0004083466
29 14   0.0009319301   0.0000105921  -0.0186576617  -0.0001855586   0.0000308461
29 15   0.0000188048   0.0000610206
30  1  -0.0430230286   0.0000640187   0.2472209618  -0.0386238303   0.0545218107
30  2  -0.2790696012  -0.0446233093   0.0874513605   0.2877224881  -0.1190023581
30  3  -0.0883886030   0.1138854991  -0.0279774741   0.1417366633  -0.0609813093
30  4  -0.0157964304  -0.0025860421  -0.0008226234  -0.0018678543   0.0040448052
30  5  -0.0003062951   0.0245145644  -0.0156253684   0.0164252646   0.0495152259
30  6   0.0231952760   0.0212884560   0.0024968299  -0.0092805443   0.0105604013
30  7   0.0140475187  -0.0132673059  -0.0283280444  -0.0360504352   0.0269086738
30  8  -0.0037695917  -0.0583665826   0.0301088919  -0.0004142617   0.0021824247
30  9  -0.0020566455   0.0239058772  -0.0003340520  -0.0090169027  -0.0074458519
30 10   0.0141641129  -0.0012442588   0.0190867714  -0.0170091109   0.0003822494
30 11   0.0112442257  -0.0080144309  -0.0003832824   0.0011496769   0.0108710160
30 12  -0.0144263064  -0.0438505670  -0.0284945664  -0.0071924418   0.0006425256
30 13  -0.0000644477  -0.0000753405  -0.0001722005   0.0000182224   0.0009114891
30 14  -0.0008042210  -0.0000237035  -0.0554243550  -0.0003246402   0.0000582891
30 15   0.0000183268   0.0003038064
31  1  -0.0139974828   0.2151482063   0.0060527167  -0.0545750309  -0.0082275292
31  2   0.0041097661  -0.0103002087  -0.0247992728   0.0033227281  -0.0710177223
31  3   0.0043906634   0.0409839402   0.0170536571  -0.0021657610   0.0312871486
31  4   0.0225049299  -0.0067209439   0.0052957594  -0.0012703334   0.0307909507
31  5   0.0116889119  -0.0384067453   0.0651387101   0.0228043113  -0.1300600532
31  6  -0.0024653463  -0.0392237189   0.1582417503  -0.1566571832  -0.0214189420
31  7  -0.1717377083   0.0277764828   0.0750742040  -0.0216999341   0.0384171407
31  8   0.1786992837  -0.0163018429   0.0328921359   0.0217002957  -0.0633644331
31  9  -0.0003873000   0.0434895240   0.0140409771  -0.0099800996   0.0229548335
31 10  -0.0342537782   0.0842161135   0.0882004721  -0.0589770261  -0.0299250851
31 11   0.0586718129   0.0072609714   0.0671522396  -0.0323717358  -0.0169406764
31 12   0.0652851854  -0.0096968400   0.0572476972  -0.0101562759  -0.0022518957
31 13  -0.0023253269  -0.0009991598   0.0002869464  -0.0003644832   0.0179934328
31 14   0.0195424656  -0.0000476396   0.0002334321   0.0000444002   0.0000188158
31 15   0.0000078328   0.0010452227
32  1   0.1943069361   0.0211067783   0.0163583592  -0.0277102056  -0.0285104017
32  2  -0.0324137914  -0.0346460730  -0.0341647199   0.0169755281  -0.0781787812
32  3   0.0539823980  -0.0553726008  -0.0304462899  -0.0026673839  -0.0132413507
32  4  -0.0447491518  -0.0271432426   0.0123290615   0.0051580568  -0.0383395855
32  5  -0.0294974618  -0.0627209156   0.0050790736  -0.0217665484   0.1004717122
32  6  -0.0793345829   0.1476990448   0.0005092406   0.1773489583  -0.2886727291
32  7  -0.1134161343  -0.0376393656   0.0511413751  -0.0116262883   0.0035969230
32  8   0.0022266139   0.0023649017   0.0587042352  -0.0768459808  -0.0184517841
32  9  -0.1018499024  -0.0610083660   0.0299670258  -0.0413760391  -0.0378720445
32 10   0.0158234325   0.0562786058   0.0197522447   0.0042533108   0.0173627589
32 11  -0.0074433614  -0.0056458779   0.0710659375   0.0152673484   0.0378175236
32 12  -0.0692907784   0.0408263263  -0.0104926567  -0.0012172534  -0.0054236791
32 13   0.0032658411   0.0016661077  -0.0014531705  -0.0009336508  -0.0438516474
32 14  -0.0470906418  -0.0005046712   0.0002891389   0.0000261170  -0.0000002302
32 15  -0.0000364117  -0.0007672894
33  1  -0.0144982537  -0.0308974197   0.2154102201  -0.0755490265   0.0191871653
33  2  -0.0239921012  -0.1386786952  -0.0031567131  -0.0991433527   0.0455889566
33  3   0.0573476514  -0.1636398713  -0.0601148719  -0.0411264523   0.0484743752
33  4  -0.0025961586   0.0429662424   0.0013449576  -0.0011605962  -0.0404124138
33  5   0.0048984310   0.0101327909   0.0067940754   0.0118916053  -0.0500891769
33  6   0.0728989096  -0.0303239542  -0.0008765973  -0.0731031578   0.1547884507
33  7  -0.0553847847  -0.1338007746  -0.0284641300  -0.0443979071   0.1141421836
33  8  -0.0363341973   0.0273665490  -0.1446844028  -0.0276713831  -0.0050707848
33  9  -0.1397277012  -0.1554923478   0.0422876836  -0.0003324546  -0.0417295810
33 10   0.0061789013  -0.0195223249   0.0317943363  -0.0339973362  -0.0248394202
33 11   0.0292564973  -0.0084123042  -0.0086302521  -0.0013443929   0.0475958025
33 12  -0.0493822645   0.0625665661  -0.0241071218   0.0001225703  -0.0052170955
33 13  -0.0010462791  -0.0007085516   0.0012939058   0.0001141416   0.0312851015
33 14   0.0349161234   0.0010669031   0.0005560735  -0.0000284557  -0.0000875027
33 15  -0.0000424234   0.0014708198
34  1   0.0139139507   0.2198002179   0.0359674588  -0.0422300222  -0.0057685209
34  2   0.1373795957  -0.0936857378  -0.0703421729  -0.1550464941  -0.0736498172
34  3   0.0089509174   0.1257685493  -0.0486275105   0.3483152716   0.0897297907
34  4   0.0352832240   0.0085907615   0.0080029235  -0.0366977103   0.0586227891
34  5  -0.0051868797   0.0051354339  -0.0428740153  -0.0328069245   0.0084367764
34  6  -0.0238573916  -0.0246262226  -0.0772868545   0.0279435096   0.0478798962
34  7  -0.0126420251   0.0056674465  -0.0010476780  -0.0085951814   0.0071765821
34  8   0.0044885125  -0.0021272395  -0.0091511963   0.0087421583  -0.0055609869
34  9   0.0149510187   0.0131876078   0.0073302779  -0.0223764350  -0.0098438456
34 10   0.0107651752  -0.0000430978  -0.0250298619   0.0166449901   0.0094082710
34 11  -0.0129042807  -0.0027590104  -0.0001030401   0.0060374256   0.0142599974
34 12  -0.0220594197   0.0121139784  -0.0133009368   0.0007432491  -0.0014028868
34 13   0.0000859559   0.0000916997  -0.0002919201  -0.0001064899  -0.0009715866
34 14  -0.0005354110   0.0004665210   0.0002741871   0.0000483310   0.0003501361
34 15   0.0003653978   0.0460931841
35  1   0.1925385751   0.0062397440  -0.1113150678  -0.1198822521  -0.0143761474
35  2   0.0399484387   0.0730378947  -0.1097438571   0.2759067729  -0.0115169016
35  3   0.0867027437  -0.2437487694  -0.1428156267   0.1151441600   0.1108945233
35  4   0.0112920504   0.0544793123   0.0000786628  -0.0173631539  -0.0291071683
35  5  -0.0011067722   0.0255124136   0.0025188553  -0.0302013107  -0.0248580406
35  6   0.0659660082  -0.0047169777  -0.0540684029  -0.1096204702  -0.0239043938
35  7   0.0336883719   0.0330376202  -0.0050121595  -0.0041281915  -0.0076076647
35  8  -0.0073934264  -0.0070439184  -0.0040455382   0.0005639260   0.0040394840
35  9   0.0070054178   0.0003931804  -0.0036181202   0.0166366205   0.0011610974
35 10  -0.0028445646  -0.0065953546   0.0057284761  -0.0104842377  -0.0025376479
35 11   0.0074764480   0.0026980014  -0.0124210648  -0.0034794706  -0.0163534380
35 12   0.0210039694  -0.0158363576   0.0107752842   0.0001249653   0.0010454518
35 13  -0.0001966953  -0.0000837395   0.0002218770  -0.0000527269   0.0008563265
35 14   0.0005931539   0.0000101097  -0.0003074570  -0.0000393019  -0.0003129094
35 15  -0.0003030254  -0.0419350053
36  1  -0.0118535026  -0.0264867132   0.2525102993  -0.0494820905   0.0155271580
36  2  -0.0333778469  -0.1787162122   0.0123051260  -0.1857996780   0.0287320227
36  3   0.0404177561  -0.1038941261  -0.0344769190  -0.0458035516   0.0240519349
36  4  -0.0223677095   0.0354695857   0.0162006460   0.0016170287  -0.0438996580
36  5  -0.0018556408  -0.0184893925  -0.0116457907   0.0276993850  -0.0014097013
36  6   0.0576091175   0.0200899804  -0.0312686854  -0.1831493127  -0.1470743200
36  7   0.0736849695   0.1133656886   0.0157387962   0.0192648887  -0.0543841612
36  8   0.0356124038  -0.0243885490   0.0690649457   0.0367244816  -0.0004631286
36  9   0.0806015962   0.0908693233  -0.0128321431  -0.0134284057   0.0111556312
36 10   0.0037120477   0.0040407478  -0.0129466672   0.0166707001   0.0085037795
36 11  -0.0169449142  -0.0045017217   0.0126998551   0.0068780812   0.0218159221
36 12  -0.0232986808   0.0102885802  -0.0122624876  -0.0003410256   0.0011137161
36 13  -0.0004588894  -0.0001579063   0.0000028522   0.0000731327   0.0008743964
36 14  -0.0000788433  -0.0003124146  -0.0002114862  -0.0000049746  -0.0000243404
36 15  -0.0000357683  -0.0081652515
37  1  -0.0356065869   0.2229701158  -0.0246240256  -0.0677754086   0.0101149468
37  2  -0.1282466330  -0.0511674201   0.1257925506  -0.0105902480   0.4052757194
37  3   0.0744257147  -0.1871127707  -0.1023892242   0.2221318808   0.2300157581
37  4  -0.2468908404  -0.1175841510  -0.5026523830   0.7135000719   0.3452532029
37  5  -0.0592370180  -0.2400311835  -0.0071560831   0.0367320309   0.0322305681
37  6   0.0010211025   0.1104961928  -0.0690021985  -0.0209841764   0.0027394505
37  7   0.0036698993   0.1108856237   0.1006188020  -0.1155404616   0.1143441873
37  8  -0.0403540385   0.0733033560  -0.1604100926  -0.1045714420   0.2057057215
37  9  -0.1004457158   0.0917021088  -0.0869634481  -0.1182456597   0.0954134937
37 10  -0.0355326209   0.0347771654  -0.0201458190  -0.0278774453   0.0033260384
37 11   0.1010118260   0.1257436503  -0.0199749328   0.2353074676   0.0559943245
37 12   0.0426419735   0.0018858037   0.0076391108  -0.0020693026  -0.0037223075
37 13  -0.0043655481  -0.0014762035  -0.0000613912  -0.0031482394  -0.0006745580
37 14  -0.0012545551  -0.0042140775   0.0000265754   0.0011244190   0.1073645894
37 15   0.0366972337  -0.0013705115
38  1   0.2694797100   0.1690181130   0.1463853611   0.0606545349   0.1769970759
38  2  -0.0638902755   0.3536798887   0.3661233017  -0.1190417914   0.1950825394
38  3   0.2326907378   0.0264686198  -0.0621008472   0.1269617650  -0.0308008725
38  4   0.0705284545   0.0755708103  -0.1814630831   0.2936619613   0.1548283364
38  5  -0.0292422171  -0.1558161031   0.1232296196   0.0257789880   0.0335278091
38  6   0.1287536340  -0.1296590367  -0.1172845495  -0.0267281375  -0.0440992157
38  7  -0.0018685367  -0.2536217029  -0.1978032744   0.2487887231  -0.2376580039
38  8   0.0429455236  -0.1433296525   0.3136382573   0.2563440942  -0.4194870682
38  9   0.2587127797  -0.1430296061   0.1897797552   0.2694870043  -0.2035031893
38 10   0.0699345678  -0.0508276188   0.0489243092   0.0531222850  -0.0051407684
38 11  -0.2154715734  -0.2786628830   0.0526249601  -0.5365893083  -0.1413602846
38 12  -0.1182117456   0.0017203443  -0.0166013086   0.0081168197   0.0303653516
38 13   0.0020221169   0.0005499501  -0.0000424865   0.0006427365  -0.0001919646
38 14  -0.0003321986   0.0097815115   0.0000745894   0.0012364672   0.1113912603
38 15   0.0378890961  -0.0014353209
39  1   0.0267153616  -0.0569065564   0.2724416500  -0.0530609002  -0.0328527444
39  2   0.2595965817   0.3180777993   0.0642242672   0.0096376511  -0.1387473669
39  3   0.0133864418   0.0429722795   0.0258403315  -0.0464101609  -0.0257072304
39  4  -0.0130752379  -0.0056194472   0.0925176250  -0.1152887604  -0.0462462997
39  5   0.0129928369   0.0313857495  -0.0232039095  -0.0040666948  -0.0236788580
39  6  -0.0104574356   0.0331540648   0.0072067673  -0.0013793839   0.0064581187
39  7  -0.0017120054   0.0000412821  -0.0480480174   0.0133244309  -0.0297560806
39  8   0.0619256020  -0.0283246263  -0.0454619180  -0.0516991407   0.0464052701
39  9  -0.0215753751   0.0091600368  -0.0156256619  -0.0229842123   0.0160801088
39 10  -0.0049826737   0.0027921767  -0.0078552727  -0.0065462575   0.0013035283
39 11   0.0313399295   0.0436157812  -0.0055396171   0.0873793594   0.0285582592
39 12   0.0234279274  -0.0019869607   0.0037517052  -0.0020329169  -0.0106217788
39 13  -0.0028489256  -0.0014475022  -0.0000670019  -0.0022310366   0.0006783264
39 14  -0.0000781186   0.0155850026   0.0009920156   0.0102676396   0.9318392088
39 15   0.3171322922  -0.0092237482
40  1  -0.0221754100   0.1613988194   0.0317580714  -0.0414865878  -0.1017940264
40  2   0.0988704228   0.1163010772  -0.0556336076   0.0543298632  -0.1715686335
40  3  -0.2043411849   0.0121386538   0.1087025373  -0.1559221904   0.0588938479
40  4  -0.1118096118  -0.1518842588   0.0476478330  -0.0337858712   0.0080573279
40  5  -0.0448997477  -0.3211068542   0.0432311260  -0.0050574906  -0.1380120524
40  6   0.3136290230   0.0813608856  -0.4407758647  -0.1706635332  -0.0865346300
40  7  -0.0250971138  -0.2339793728  -0.1503323403   0.0752880250   0.1090918075
40  8  -0.2594010174   0.1840684905   0.0459510143   0.1644756684   0.0359721117
40  9  -0.0748946619   0.0985064431  -0.2240085770  -0.3515113032   0.3267345727
40 10  -0.1448154240   0.1494005315   0.0003325727  -0.0699993394  -0.0007173396
40 11   0.1488594690   0.0258183703  -0.1324274356  -0.2807284614  -0.4665226006
40 12  -0.3992060225   0.0703412918  -0.0875717497   0.0549944248  -0.2908788867
40 13   0.0012198367   0.0018754321   0.0002294445  -0.0109112229   0.0000445142
40 14  -0.0001394941   0.0615016722   0.0002121640  -0.0000298714  -0.0007683074
40 15  -0.0002823891  -0.0004647049
41  1   0.2460404347   0.1047620108  -0.0926267650  -0.1103862955   0.1431293041
41  2   0.0599935158  -0.2935206133  -0.2900109797   0.0643011249   0.0882279105
41  3  -0.4743956162  -0.0218214151   0.0959702254  -0.1416005035  -0.0075458265
41  4   0.1117647993  -0.0443867629  -0.0534630295   0.0310157405  -0.0143843263
41  5  -0.0383716600  -0.1509569889   0.1074982694  -0.0074169834   0.0137441039
41  6   0.1724497149  -0.1082984621  -0.2371962523  -0.1123534242  -0.0767380786
41  7  -0.0443508705  -0.3664134997  -0.1742389101   0.2995914602  -0.2579736988
41  8   0.1788864937  -0.1425420992   0.2088143504   0.1149493735  -0.1901162285
41  9   0.1929871018  -0.0274474901   0.0908282811   0.1448023548  -0.1050664092
41 10   0.0412592369  -0.0327650153  -0.0067143087   0.0140685189   0.0126464970
41 11   0.0141541770   0.0772357444  -0.0442687205   0.3391772820   0.2314060641
41 12   0.2172175235  -0.0482087512   0.0474134224  -0.0244697950  -0.6553525939
41 13   0.0015814845  -0.0000198205   0.0000295804   0.0452935546  -0.0005121965
41 14   0.0020514560  -0.0916158615   0.0001588443   0.0000165728   0.0033166789
41 15   0.0011474784   0.0003037254
42  1   0.0147475350  -0.0648243954   0.1707887036  -0.1222487393  -0.0169255450
42  2   0.2474369921   0.0351453248  -0.1325394086   0.0609249424  -0.0226484988
42  3  -0.1792591725  -0.0307661816   0.0280219010  -0.0396117275   0.0350476508
42  4  -0.0319856154  -0.0459113575  -0.0323778846   0.0185659987  -0.0067515817
42  5  -0.0001774588   0.0398131284  -0.0376118133  -0.0055401463   0.0250270124
42  6  -0.0736668445   0.0359831517   0.0457619617  -0.0058674372   0.0084946458
42  7  -0.0108750734   0.0849501853   0.1609635900  -0.0997354650   0.1077758094
42  8  -0.0580812345   0.0709943611  -0.0456520248  -0.0210277016   0.0726782889
42  9  -0.0160241777   0.0393301789   0.0019740056   0.0208179694  -0.0182150859
42 10   0.0087301813  -0.0156564417  -0.0076886037  -0.0005554021  -0.0034513473
42 11  -0.0267374707  -0.0433816655   0.0289896369  -0.1425497342  -0.0713509866
42 12  -0.0654081057   0.0061025943  -0.0136359866   0.0075972791   0.0134872939
42 13   0.0385267445   0.0123435776   0.0011011972   0.3552158117  -0.0068056669
42 14   0.0202864303  -0.9285289674  -0.0001512128   0.0001725916   0.0140911867
42 15   0.0048319294   0.0014663385
43  1  -0.0649214883   0.1299779910   0.0019309303  -0.0526449964  -0.1486211093
43  2  -0.0431719840  -0.0684360262  -0.0607794547   0.0267819158  -0.1889627346
43  3   0.0907504322  -0.0272744606   0.0078404625  -0.0264950937   0.0772006173
43  4  -0.1121424801  -0.0721688084   0.0331900664   0.0069264874  -0.0130854416
43  5  -0.0337305369  -0.2145941029   0.0387931078   0.0132800932  -0.1447325936
43  6   0.1258549904   0.0761644702   0.2529045355   0.3239267956   0.1909283366
43  7   0.1855216057   0.2969170571  -0.2477947126  -0.1049795343  -0.0025907791
43  8  -0.1823297271  -0.0344020012   0.0360332253   0.1491616293  -0.2435696896
43  9   0.1281465374  -0.0999170838   0.1160105301   0.2394329072  -0.1645566712
43 10   0.0554118442  -0.1641652598  -0.2002635514  -0.1111494101  -0.0348022244
43 11   0.2826875218   0.3843553473   0.3839756630   0.0970034956  -0.2569316152
43 12  -0.2686604910   0.0201868876  -0.0653913631   0.0171809639  -0.0964589982
43 13   0.0267507695   0.0094988309   0.0008139372  -0.4552362731   0.0040469782
43 14   0.0034068882  -0.1704264565   0.0003091829   0.0000608842   0.0033078465
43 15   0.0010020036   0.0004562268
44  1   0.2612750249   0.1440023330   0.0351060096  -0.0191819610   0.1693455823
44  2  -0.0046540707   0.0638997395   0.0774087752  -0.0373248054   0.1638855183
44  3  -0.1069049155   0.0134227008   0.0177853461  -0.0254389318  -0.0493752753
44  4   0.1005001523   0.0383634738   0.0003776863  -0.0104721470  -0.0168013025
44  5  -0.0075347343  -0.0199517976   0.0652179250  -0.0007631338   0.0256975038
44  6   0.0502547320  -0.0952782257  -0.0051507913   0.0264540505   0.0074425444
44  7   0.0263706416   0.1243779947  -0.0188660764  -0.0609772337  -0.0416209146
44  8   0.1449273634  -0.1036297886  -0.2055554422  -0.2561279917   0.1887463204
44  9  -0.2100057117  -0.0484617322  -0.0660644529  -0.1730552755   0.0848677509
44 10  -0.0193603574   0.0742611437   0.1249802483   0.0938235666   0.0210554947
44 11  -0.2326170251  -0.2846454376  -0.1727352554  -0.1681385479   0.1492499710
44 12   0.1522839307  -0.0222579900   0.0389421481  -0.0191337976  -0.1361203102
44 13   0.0511175601   0.0176795016   0.0011702341  -0.7637536793   0.0082504377
44 14   0.0088014615  -0.2756873116  -0.0000167072   0.0000234022   0.0006908037
44 15   0.0000443784  -0.0001265036
45  1   0.0180396479  -0.0827894872   0.0879589056  -0.1847988970  -0.0202448947
45  2   0.3421721424  -0.1648492222  -0.4006498819   0.1431009290  -0.0813414117
45  3  -0.5461764140  -0.0334357640   0.1226525398  -0.1637961481   0.0636661008
45  4  -0.0081206843  -0.1475934201  -0.0708171218   0.0238696785  -0.0123594162
45  5  -0.0299572379  -0.1010951042   0.0117137146  -0.0216798714   0.0071157921
45  6   0.1059521049   0.0173598256  -0.3640391962  -0.2649424249  -0.1453332055
45  7  -0.1306128650  -0.4680064400   0.0373748485   0.2455178396  -0.0424531076
45  8  -0.0120270958   0.0859756617   0.2520384584   0.2162864257  -0.1046185834
45  9   0.1617515895   0.0895146446   0.0021081688   0.0326944955   0.0087737129
45 10  -0.0090493339   0.0070142966  -0.0232194739  -0.0278084108  -0.0045255377
45 11   0.0746669965   0.0820842535  -0.0156409390   0.1494630269   0.0474355100
45 12   0.0354446362   0.0172411574   0.0042853307   0.0023593115   0.6692345991
45 13   0.0159134463   0.0057176276   0.0002787948  -0.2715346388   0.0028906552
45 14   0.0027809660  -0.0876558884  -0.0001080158   0.0000593153   0.0036070710
45 15   0.0011607366   0.0003154411
46  1  -0.0668896998   0.1660489286  -0.0241290848  -0.0651227830  -0.0842834443
46  2  -0.1455419505  -0.0506541391   0.1038920517  -0.0017227506   0.0250963025
46  3   0.2188346860  -0.0059093745  -0.0158338526   0.0043140237   0.0141301629
46  4  -0.0581256962  -0.0070984285   0.0760943290  -0.0390096090  -0.0185376124
46  5  -0.0193497863  -0.2084976089   0.1370974563   0.0199021498  -0.1122196979
46  6   0.3039568381  -0.1368775995  -0.0753237645   0.1012536043  -0.0321958718
46  7  -0.0293635071  -0.4259041141   0.3641468827   0.1447875067   0.0389123462
46  8   0.0554757156   0.1333362971   0.0084459376  -0.1135807276   0.4866829452
46  9  -0.0485403795   0.4335424981  -0.1557439161  -0.0481731928  -0.0119054556
46 10   0.0713034825  -0.2971526188  -0.3153416890  -0.0401458736  -0.0318373724
46 11  -0.0165089785   0.0750006481   0.5987365236  -0.3160024052   0.1816429976
46 12   0.2359761088  -0.1348023649   0.0863050279  -0.0867767809  -0.0389146514
46 13   0.0542763451   0.0127410991  -0.0006504625   0.0028049891  -0.0018240910
46 14   0.0005092912   0.0070333176  -0.0005228317  -0.0000229626  -0.0011887153
46 15  -0.0003890507   0.0004880192
47  1   0.2165698941   0.0732311607   0.1459060509   0.0642788019   0.0184942985
47  2  -0.0940602225  -0.0569095147  -0.0450765165  -0.1430661348  -0.2218306270
47  3   0.0049555064  -0.2517859934  -0.0979826860  -0.0094058989   0.1227449741
47  4   0.0067146570   0.0557265832   0.0044425123   0.0130718573  -0.0493348993
47  5  -0.0335968648  -0.0611019728  -0.1162728853  -0.0126011945   0.0030163112
47  6  -0.0747227610   0.2339752984   0.2380578845   0.0844582148   0.2812626179
47  7   0.1017034577  -0.2668644367  -0.1438319776   0.0625313169   0.0658610229
47  8  -0.1966151267   0.1359275304  -0.1958431901   0.1891033975   0.1818714025
47  9   0.2910725671   0.1139614142  -0.0032784035  -0.0027740079   0.1119241351
47 10  -0.0091481713   0.0690616156   0.4740992472   0.4376425330  -0.0923923636
47 11  -0.4041692395   0.0248169685   0.4149915783   0.2775949129  -0.3264549566
47 12   0.0018209730  -0.1400753659  -0.0351958778   0.0385128683  -0.0004221493
47 13  -0.1675232155  -0.0482803523  -0.0001269294  -0.0097937826  -0.0026118880
47 14  -0.0150324520  -0.0115727011  -0.0007626229   0.0000013191  -0.0001640637
47 15   0.0001098600   0.0011333738
48  1  -0.0084245514  -0.0571930052   0.1002648946  -0.1632113839   0.0127021641
48  2   0.1197144690  -0.0999528330  -0.0630305446   0.0589235423   0.1560782580
48  3   0.0308574199  -0.0096786853  -0.0262577075   0.0473044761  -0.0106535474
48  4  -0.0102386495   0.0256376603  -0.0100489603   0.0115270752  -0.0180167832
48  5   0.0150780886   0.0789988627   0.0437996316   0.0124908094   0.0007636734
48  6  -0.0031924153  -0.1142989920   0.1852793607   0.1914901069  -0.0059312062
48  7   0.0412062964  -0.0507243719   0.0043957733   0.0820252468  -0.0780969305
48  8   0.0278611817  -0.0296615810   0.1716105918   0.0039771795  -0.0586521689
48  9  -0.0714607437  -0.0030308061  -0.0596290977  -0.0825227397   0.0442805469
48 10  -0.0142310083  -0.0315210726  -0.1324383041  -0.0870067893   0.0161514615
48 11   0.0782857291  -0.0087394335  -0.0716629957  -0.0836310866   0.0497356969
48 12   0.0278952190   0.0109609041   0.0131068030  -0.0130425238  -0.0022702647
48 13  -0.9250852762  -0.3054542578  -0.0045239078  -0.0433273578  -0.0038023268
48 14  -0.0691248575  -0.0598148644   0.0000274165   0.0001048135  -0.0015986278
48 15  -0.0010838908   0.0013363782
49  1  -0.0964779733   0.1015049581  -0.0166159947  -0.0591996358  -0.1925432670
49  2  -0.1345527957   0.1155705008   0.0524351895  -0.1159082284  -0.1693035933
49  3  -0.0897332773  -0.2136531121  -0.0069936592  -0.0913027733   0.1740725772
49  4   0.1165953531   0.0141312774   0.0021688869  -0.0036350916   0.0778459964
49  5  -0.0121800716   0.0155848123  -0.1784432487  -0.0519645684   0.3672810760
49  6   0.0468867217  -0.2238816354   0.0914677918   0.0013942722  -0.0529264726
49  7  -0.0054901570  -0.0103921757  -0.3273165444  -0.1122747597   0.0263685555
49  8   0.1926328009   0.1336661901   0.0350943784   0.1824784535   0.0553323757
49  9  -0.0386909092  -0.0326198070  -0.1226278237   0.0046179650  -0.1841574388
49 10  -0.3401782772   0.0407295930  -0.3457162884  -0.3890572308  -0.2383901495
49 11  -0.1426140844  -0.5753144276   0.2176289128   0.3412910041  -0.2235165591
49 12   0.0431641170   0.0219953680  -0.1233854521   0.0099697622  -0.0013326448
49 13  -0.0025378430   0.0332510539   0.0014955669   0.0000394859   0.0001261434
49 14   0.0008306094   0.0012508412   0.0002050510  -0.0003344922   0.0001654155
49 15  -0.0001614782  -0.0000831642
50  1   0.1722874130  -0.0096721560   0.1155742437   0.0456729775  -0.1096074497
50  2  -0.1021082172   0.0171856889  -0.1820181515   0.0211769432   0.1335031027
50  3   0.1008618015   0.1535310134   0.0542099955  -0.1386695881   0.0833540826
50  4   0.0718129737  -0.0696313268  -0.0349490704  -0.0505355881   0.1618212696
50  5   0.1013041456   0.0648286949  -0.3045622129  -0.0272316352   0.0534025732
50  6   0.2095498565   0.0095133427   0.0422451322   0.0372716766  -0.0763911359
50  7   0.0296926533  -0.0470781825   0.0205467900  -0.0969517319  -0.0278554327
50  8   0.0336763307  -0.0626054945  -0.1409660984   0.0576609619  -0.1384268006
50  9  -0.2383540813   0.3211204965  -0.2447929239   0.0205247198  -0.4313478041
50 10  -0.3670783219  -0.0200737338   0.0937633148   0.2457371407   0.0232597536
50 11   0.0094938168   0.1516072225  -0.1349211731  -0.0427633793  -0.0345635514
50 12  -0.0607178722   0.0351139637   0.0216418615  -0.7794933238   0.0043833868
50 13   0.0528898902  -0.1678813227  -0.0239127519   0.0000051435   0.0095118977
50 14  -0.0101079666  -0.0008127414   0.0002210557   0.0013600056  -0.0021007141
50 15   0.0059011539  -0.0000929057
51  1  -0.0382838817  -0.0624881031  -0.0738239772  -0.2772692511   0.0516777126
51  2   0.0237726332  -0.0394221537   0.0916182250  -0.0048485497   0.0015904433
51  3   0.0258079753   0.0237440681   0.0310509678  -0.0236462248   0.0211483495
51  4   0.0662624567  -0.0356818801   0.0242084781  -0.0084522919   0.0618562226
51  5  -0.0086248515  -0.0260750435   0.0055304805  -0.0159975803   0.1153281977
51  6   0.0717207565   0.2268985512   0.0237339941  -0.0522004162   0.0510763357
51  7  -0.0073460042  -0.0265054828   0.1231732942  -0.1638526758  -0.1594045688
51  8   0.0019971365   0.0075632919   0.0398314157   0.0176051975   0.0395408103
51  9   0.1100934569  -0.1521163002   0.0617119736  -0.0256247150   0.0881568610
51 10   0.0069528078  -0.0243050105  -0.0134239301  -0.0001440264   0.0269729496
51 11   0.0551862168  -0.0745714019   0.0453127971   0.0209805687   0.0013418578
51 12   0.0092992938  -0.0118151312  -0.0004313022   0.1741026498  -0.0000612653
51 13   0.3066115036  -0.9207319800  -0.1181455138  -0.0006787025   0.0419293180
51 14  -0.0435053276  -0.0014434899  -0.0000521429   0.0005168349  -0.0019508513
51 15   0.0043373137   0.0000839159
52  1  -0.1185097564   0.0161835649   0.0134962070  -0.0429069809  -0.3391939963
52  2  -0.0311955940   0.0531982156   0.0178792777  -0.0349430092   0.1477455130
52  3  -0.0862453754  -0.0194918286  -0.5588259983   0.0176981809  -0.1358842189
52  4   0.4838913075  -0.4352278721   0.4615518410   0.3755128256  -0.0821387611
52  5  -0.3307249098   0.2972815797  -0.1547411489   0.0432975467  -0.3266131946
52  6  -0.0994558974  -0.0359621280  -0.0581589388   0.0364743551  -0.0382157571
52  7   0.0681262378  -0.0008867011   0.0314800894   0.1239982192   0.2269421948
52  8   0.0236999376  -0.1280945980  -0.0182011209  -0.1320774007  -0.0554440791
52  9   0.1112828045  -0.0284011730  -0.0991169363  -0.0234165434  -0.1325405794
52 10  -0.1619484931  -0.0443619584   0.0269945988   0.1469411131   0.0367429902
52 11   0.1463887266  -0.0564094667   0.0241254523  -0.0154332517   0.0354585510
52 12  -0.0060085229  -0.0287809275   0.0247394598   0.1751349252  -0.0003441769
52 13  -0.0032315108   0.0068413158   0.0007009510   0.0001509995  -0.0004776721
52 14   0.0002367192  -0.0000336870  -0.0003372991   0.0575331597  -0.1133647726
52 15   0.3309242680  -0.0016799333
53  1   0.1677328108  -0.0294867309  -0.0110671201  -0.0455438097  -0.1039809230
53  2  -0.0319424233  -0.0229401370   0.0081549355  -0.0358091179  -0.0472227095
53  3   0.0085084958   0.0998602658  -0.0025261173  -0.0652251817  -0.0018600459
53  4  -0.0526355336   0.0149537426  -0.0733668312  -0.0437405745   0.0443505544
53  5   0.0775598354   0.0586872365  -0.1830250258  -0.0020102480  -0.0230354375
53  6   0.1326074900  -0.0955278984   0.0181984928   0.0171292541  -0.0268075213
53  7  -0.0495969437  -0.0282285184  -0.0589853893  -0.2571081658  -0.2928192105
53  8   0.0196872247   0.1962093883   0.0267530872   0.1570147051   0.0861103734
53  9  -0.0734521880  -0.0134654335   0.1415462078   0.0304095358   0.2025698503
53 10   0.2456498465   0.0659318080  -0.0335695994  -0.2160878920  -0.0539038157
53 11  -0.2157332746   0.0992517575  -0.0396466799   0.0112562169  -0.0475885346
53 12   0.0131558902   0.0484435917  -0.0409559141  -0.2888940767  -0.0001304409
53 13  -0.0006313448   0.0006730002   0.0021551718  -0.0003120851  -0.0004877031
53 14   0.0001433889  -0.0000977415  -0.0006387504   0.1344219093  -0.2636946778
53 15   0.7704159190  -0.0040869811
54  1  -0.0438594553  -0.0868425586  -0.2348487971  -0.3932012925   0.0601873364
54  2   0.1118688774  -0.0842053548   0.3431506806  -0.0873132884  -0.2668889007
54  3  -0.1218989054  -0.0427888672  -0.0121489106   0.0266549597  -0.1458829182
54  4  -0.2880102841   0.3610273891  -0.3273111722  -0.2295430650  -0.0518903801
54  5   0.1791069451  -0.3250221523   0.1800862584  -0.0133571959  -0.0585869791
54  6  -0.1863341488   0.0389956251  -0.0241450930   0.0296984509  -0.0109934029
54  7   0.0734579229   0.0215339276   0.0793398558   0.2705271243   0.3703638641
54  8   0.0057480552  -0.2437377486  -0.0187592914  -0.1888646651  -0.0863147221
54  9   0.1430223974  -0.0295240202  -0.1649437483  -0.0392992348  -0.2358689598
54 10  -0.3008702981  -0.0782872958   0.0345636890   0.2445688106   0.0612089889
54 11   0.2431997049  -0.1134009339   0.0435369490  -0.0118458630   0.0512740654
54 12  -0.0148705290  -0.0528205257   0.0427467542   0.3126130842   0.0005833917
54 13  -0.0018096635   0.0062802403  -0.0006806841  -0.0002475078  -0.0007867056
54 14   0.0007888287   0.0000508245  -0.0005113536   0.0707830135  -0.1389833769
54 15   0.4059971269  -0.0020908312
55  1  -0.0270966142   0.1423708661   0.0384643471  -0.0378569381  -0.1344977297
55  2   0.1218801451  -0.1668407846   0.1656865378   0.1540231392  -0.0222610589
55  3   0.0531808085  -0.0054601298   0.1432355609  -0.1734284117   0.1792239822
55  4   0.1835971933   0.0433171032  -0.0135358643  -0.0019346518   0.0794143204
55  5   0.0365371633   0.1010824421  -0.1342020760  -0.0265103408   0.0466391728
55  6   0.1023426339   0.2618579634  -0.0506374162   0.1117483155   0.0241859257
55  7  -0.0169271498   0.0124954589   0.0753700927   0.0747251658   0.0483296317
55  8  -0.1660630526  -0.0323694824   0.0808532003  -0.4196270262  -0.0893672319
55  9   0.2749997553   0.1072084283   0.1524682729  -0.1619576504  -0.0573401403
55 10  -0.2910728994  -0.0634136433  -0.0071660173  -0.2253915062  -0.5187408277
55 11  -0.3914707456   0.3114142124  -0.1554441461  -0.0541829779   0.1842582810
55 12  -0.2974321405  -0.2274452638   0.3473185020   0.1862761388   0.0027286574
55 13   0.0005804919  -0.0045178846   0.0112964420   0.0000213567  -0.0007285640
55 14   0.0001441899  -0.0001407226   0.0000634415   0.0027549253  -0.0000030671
55 15  -0.0000903797  -0.0000953518
56  1   0.1443283225  -0.0817885989  -0.1199524415  -0.1225087598  -0.1575520835
56  2   0.0171715338   0.0216184062   0.0040962730  -0.1148845897   0.0139711229
56  3  -0.0020776369   0.1438308933  -0.0269399913   0.0195728254  -0.0174909898
56  4  -0.0298632125  -0.0725050309   0.0189574136   0.0000297170   0.0537276351
56  5   0.0385238734   0.0828104383  -0.0481834166   0.0133244522   0.4067806102
56  6   0.4015217679   0.2804766982   0.1960233347  -0.2490062485   0.1185718617
56  7  -0.1206069465   0.0150890490  -0.0191003827   0.1065592266   0.2261003701
56  8  -0.1386977034  -0.3516490341   0.1885272982  -0.0948835701   0.0962854232
56  9   0.2546196935  -0.4177065539  -0.4114416009   0.0318838926  -0.2756764482
56 10   0.2274301229   0.3962408131  -0.1103910268  -0.0077378816  -0.1800522226
56 11  -0.1808724456   0.3005677571  -0.0425245144  -0.1330933553  -0.0238764096
56 12   0.2608541795   0.1645305648  -0.3072486842   0.1837975176  -0.0045201585
56 13  -0.0019875412   0.0106904876  -0.1014197386   0.0000539524   0.0136532529
56 14  -0.0094998749  -0.0002686525  -0.0008335929  -0.0008622715  -0.0004375312
56 15   0.0013155695   0.0002424590
57  1  -0.0455216695  -0.0350476063   0.0419671268  -0.1885803910   0.0596109607
57  2  -0.1298054003   0.0581808616  -0.0628346146  -0.0177945338   0.0335312429
57  3   0.0409644005  -0.0415729198   0.0478904650  -0.0814219296   0.0945884413
57  4   0.1079445748  -0.0378196201  -0.0061449871  -0.0434718448   0.1281704169
57  5   0.0171906821  -0.0647745796  -0.1104563828  -0.0303672779  -0.0045304581
57  6  -0.0792362430  -0.0436362610  -0.0197606317   0.0761200062  -0.0889207548
57  7   0.1090614023  -0.0099527769   0.0241439062   0.0852116881   0.1815274528
57  8   0.1163351510  -0.0515143330  -0.0938452920   0.0227847123  -0.0488703183
57  9  -0.0158168932   0.0365509221   0.0420440840   0.0105229109   0.0854594106
57 10   0.0108727639  -0.0661579217   0.0313371184  -0.0522744825   0.0750590268
57 11  -0.0243056826  -0.0021334960   0.0038076467   0.0083335175   0.0048754403
57 12  -0.0230929226  -0.0058565463   0.0270454419  -0.0021070966   0.0000678339
57 13  -0.0299010686   0.1283992075  -0.9648805124   0.0011615525   0.1470723838
57 14  -0.1103385733  -0.0037629674  -0.0004398854   0.0001899588  -0.0003750587
57 15   0.0010428509  -0.0007090684
58  1  -0.0701590518   0.1007547931   0.0149719189  -0.0459209251  -0.1993285877
58  2   0.0042337772  -0.0288565783   0.0917418723   0.0555302094  -0.0240350179
58  3  -0.0219021557  -0.2553043252   0.4339025109   0.1841103815  -0.0317958920
58  4   0.1995864894   0.0359019033   0.0662647140   0.1254039878  -0.1324074498
58  5   0.3239219293  -0.0686952752  -0.0813420378  -0.0521711431  -0.1742811519
58  6  -0.0781690711   0.1504054131  -0.0409692011   0.0781472490  -0.1637525386
58  7   0.2412361047  -0.1392134740   0.0837488679  -0.2775077672   0.0381796836
58  8   0.2897876705   0.1320475708  -0.2585395698   0.0023715730  -0.2091224070
58  9  -0.0189639942  -0.0461839539  -0.3049013486   0.1348275758   0.0550085008
58 10   0.3996085929   0.1584191203  -0.1396702831   0.2256430698  -0.3548552124
58 11   0.1762148307  -0.1729329624  -0.0095725786   0.0540823590   0.0413836249
58 12  -0.1846624198  -0.1097923502   0.3037569612  -0.0418587078   0.0015109265
58 13  -0.0001326290  -0.0001685210  -0.0062696407   0.0001231068   0.0000955606
58 14   0.0002809176   0.0000178703  -0.0018596028   0.3206249807   0.0139817136
58 15  -0.0516118105   0.0000552425
59  1   0.1086705505  -0.1370500880  -0.0185852780  -0.0465467261  -0.2798517208
59  2  -0.0616070681   0.0037156498   0.0815490554  -0.0531138748   0.0148765917
59  3  -0.0569937596  -0.3308913854   0.3982277438   0.3661416990  -0.1716614921
59  4   0.1324579731  -0.1185568807   0.1272947181   0.1488595543  -0.1494180222
59  5   0.4646701886  -0.2058688128  -0.0760319314  -0.0653497104  -0.0593597059
59  6  -0.0471599984  -0.0363701294   0.0317485992  -0.0457998734  -0.0082623231
59  7   0.0123751832  -0.0169369839   0.0049374008  -0.0130145614  -0.0226892945
59  8  -0.0333799355   0.0155542054  -0.0238345426  -0.0401140350  -0.0218582784
59  9  -0.0017705897   0.0153321237  -0.0065376443   0.0026873632   0.0013464798
59 10   0.0117707980   0.0019599573  -0.0022609605   0.0018002185  -0.0057410873
59 11   0.0050009547  -0.0070736368   0.0009328618   0.0020813262   0.0014902197
59 12  -0.0045531411  -0.0027286902   0.0030861659   0.0036126588  -0.0000235755
59 13  -0.0004132435   0.0006378937  -0.0011406922  -0.0000439698   0.0005670244
59 14  -0.0010569724  -0.0000493266   0.0050022881  -0.8205115255  -0.0354507461
59 15   0.1306074312  -0.0000762812
60  1  -0.0721026312  -0.0381122537  -0.1039374878  -0.2834364138   0.0942203000
60  2  -0.2226953763   0.2396860136  -0.1697289888  -0.2089361313  -0.0462844835
60  3  -0.0539030431   0.0334493321   0.1076876613   0.2447275248  -0.0276259933
60  4   0.0532177351  -0.0733771189   0.1736076163   0.2774752724  -0.4199700950
60  5   0.6651979124  -0.2129638981  -0.1517077385  -0.1048012793   0.1118139240
60  6   0.0589842204  -0.0088086901  -0.0192042526   0.0167927691   0.1058168319
60  7  -0.1563798558   0.0845675406   0.0052126957   0.1687531832  -0.0409827818
60  8  -0.1707626320  -0.1248796747   0.1140021525   0.0386887831   0.1109065309
60  9  -0.0133802581   0.0505831494   0.1773877600  -0.0769668979  -0.0249521418
60 10  -0.2201536818  -0.0916504847   0.0811855271  -0.1276268573   0.1837063007
60 11  -0.0926890175   0.0901862689   0.0047280935  -0.0290543455  -0.0194176601
60 12   0.0959988610   0.0576334893  -0.1574136211   0.0333724704  -0.0009819125
60 13  -0.0002584250   0.0012989807   0.0015479456   0.0000557766   0.0005382571
60 14  -0.0002441833   0.0000552944  -0.0025406852   0.4399184165   0.0191781043
60 15  -0.0705631322   0.0001000469
61  1  -0.0409341910   0.2114575996  -0.0233430477  -0.0667437022  -0.0091846648
61  2  -0.1265467180   0.0806689121  -0.0106771832   0.1672690965  -0.1364805732
61  3  -0.0592492010   0.2569011279   0.0568153387   0.0397807508   0.0260616898
61  4   0.0485518181  -0.0291919081   0.0037973679  -0.0037522015   0.1344438843
61  5   0.0486152453   0.0462994874   0.1001124400   0.0040878930  -0.0731195824
61  6  -0.1890170057  -0.0364082769   0.1269116998  -0.1548486521  -0.3576017531
61  7   0.3483664441   0.0583582992   0.0311153705   0.3621541069  -0.2616306867
61  8  -0.2583802475   0.2777327415  -0.1128202344   0.2929082818   0.2561301654
61  9   0.0748904356  -0.2054720817   0.0523936402  -0.3349303356  -0.3142516609
61 10   0.1900205815  -0.2981501908   0.2751598680  -0.0746340261  -0.3208181020
61 11   0.1514712095  -0.0426571016  -0.0437250336  -0.0049901638  -0.0925196406
61 12   0.1378059311   0.4662010961   0.1923868848   0.0170426053  -0.0100690976
61 13  -0.0027223037  -0.0068904386  -0.0274978597  -0.0010599175  -0.0938119090
61 14   0.0936959649   0.0021936151  -0.0004932466   0.0001873563  -0.0000062791
61 15   0.0000477740   0.0000160817
62  1   0.1601993505  -0.0291211388   0.1421112796   0.0657657938  -0.1498759355
62  2  -0.1243159977  -0.0936594149   0.0851097952   0.0952172661  -0.0943199424
62  3  -0.0584781911   0.1306837512  -0.0993460154   0.0740718425  -0.0453044353
62  4  -0.1602390270  -0.0077870141   0.0237781737   0.0404484269  -0.0955493250
62  5   0.0173976681   0.1373567428   0.2958973752   0.0004924322   0.1772924484
62  6   0.0934184920   0.0720038954  -0.0482977925  -0.0163738419   0.1949570247
62  7  -0.1184151161  -0.0063634592   0.0825435281  -0.1349054938  -0.0771679175
62  8   0.2300359125   0.3035269176  -0.2191129087  -0.0855565033  -0.2111493016
62  9   0.2273649042  -0.0994637360  -0.3592280117   0.0464932159  -0.0370268041
62 10   0.0031895643  -0.1519552600   0.0228448531  -0.2067290830   0.4946621889
62 11  -0.3157811049   0.0587302988   0.0572221312   0.0832397673  -0.0979427691
62 12  -0.0727590778   0.3182021042   0.5932914211   0.1117462338  -0.0007612429
62 13   0.0014541290   0.0063790094   0.0217375274   0.0007240806   0.0591095302
62 14  -0.0534940946  -0.0012089756   0.0007564516  -0.0004407895   0.0000208861
62 15  -0.0001058594   0.0002689050
63  1  -0.0380436898  -0.0224069162   0.1477991792  -0.1141901336   0.0492534287
63  2  -0.1571124678  -0.0164917374   0.0006793980   0.0842755103  -0.0006168972
63  3   0.0266919067  -0.0795607551   0.0228297571  -0.0802950720   0.0774654795
63  4   0.0821748516  -0.0141706514  -0.0112998550  -0.0290512615   0.0676319822
63  5   0.0165507047  -0.0378318854  -0.0288554431  -0.0256326157  -0.1218834919
63  6  -0.1571835119  -0.1092239871  -0.1184288174   0.1344245260   0.0708945964
63  7  -0.0945723277   0.0821646382   0.0395368745   0.1157553013  -0.1185651369
63  8  -0.0785056406   0.0537887928   0.0491545790   0.0566036704   0.0766573994
63  9   0.0304388582  -0.0364297643   0.0321800592  -0.0375978378  -0.0390319427
63 10   0.0142815406   0.0402757064  -0.0257777365   0.0698210857  -0.1035392145
63 11   0.0472829949   0.0012253918  -0.0058159212  -0.0170447219  -0.0299821250
63 12   0.0710265084   0.0992639371   0.0134910319   0.0021830953  -0.0018557117
63 13   0.0302116696   0.0491640398   0.1883291984   0.0086081217   0.7051467699
63 14  -0.6570294131  -0.0143195694   0.0133853390   0.0011396552  -0.0002732553
63 15   0.0004055594   0.0008819083
64  1   0.0266702352   0.2557982655   0.0273515577  -0.0473894358   0.0553876452
64  2   0.1117699400  -0.1006924016  -0.1142989526  -0.2538533302  -0.0847609896
64  3   0.1385585608  -0.2646317448  -0.0413280313  -0.4182067469  -0.4261159046
64  4  -0.1525062928  -0.0326171460   0.0365021252   0.0545123912   0.1955595444
64  5   0.0514302702   0.2642147702   0.3920240306  -0.6001002286  -0.1354159973
64  6  -0.0707985159  -0.1387880993  -0.1317277218   0.0874770805   0.1886332364
64  7  -0.0908713641   0.0998448070   0.0436064521   0.0408288468  -0.1362136911
64  8   0.0419659229   0.1103688875   0.0185502569   0.0992106777   0.0121983969
64  9   0.2132111533  -0.0404396308  -0.1744946118  -0.1564431311  -0.1861678222
64 10   0.1791849960  -0.0604179056   0.2165718009  -0.2119764652   0.0765333816
64 11   0.0549996023  -0.0480014121   0.0015304698   0.0147387567   0.0745588071
64 12  -0.1289140665  -0.3538097864  -0.1749609391  -0.0407645291   0.0080800714
64 13  -0.0009545082  -0.0005795340   0.0013218812  -0.0004132971   0.0063544404
64 14  -0.0051133833  -0.0004992552  -0.3263559289  -0.0020574595   0.0002391774
64 15   0.0000636662   0.0030057224
65  1   0.1458548076  -0.0749092919  -0.0748993977  -0.0900510733  -0.1598349494
65  2  -0.0078441480   0.0526336863  -0.0191544077  -0.0112324493   0.0708113022
65  3   0.0851981465  -0.0465404533   0.0030626088  -0.0148617450   0.4162016573
65  4   0.1876864303  -0.1421566670  -0.0786689540  -0.0856284703  -0.1270998251
65  5   0.0657501732  -0.1153708666   0.0222841103   0.5652301420   0.1022656169
65  6  -0.2692518423  -0.0557848848  -0.2130838475   0.1960897169   0.2190397912
65  7  -0.1778348847   0.0846575105   0.0573508084   0.0111506829  -0.1932140677
65  8   0.0207085590   0.1343189862  -0.0106161715   0.1140733758   0.0038840690
65  9   0.2336782492  -0.0681427144  -0.2127100581  -0.1896520419  -0.2257592999
65 10   0.2043925680  -0.0877039869   0.2523397074  -0.2525738847   0.0995739327
65 11   0.0627283334  -0.0676849400   0.0007925575   0.0245566512   0.0879808299
65 12  -0.1598564449  -0.3870510159  -0.1864017152  -0.0506621936   0.0080758913
65 13  -0.0002295726  -0.0000537235  -0.0039539100  -0.0000281063   0.0016324202
65 14  -0.0042671466  -0.0003419373   0.2960769658   0.0019982123  -0.0003321210
65 15  -0.0002351235  -0.0015260097
66  1  -0.0375354627   0.0010918539   0.2795159793  -0.0174406679   0.0473559770
66  2  -0.2616855239  -0.0892269033   0.0765638253   0.1809432132  -0.1152163873
66  3  -0.0944973925   0.1128750873  -0.0294149688  -0.0009690926  -0.1983471714
66  4  -0.1406669852   0.0776138763   0.0607666553   0.0553428160   0.1176556614
66  5  -0.0139759492   0.1293867612   0.1657353064  -0.4177467291  -0.0772483711
66  6   0.0614572909  -0.0193084497   0.0356381486  -0.0539242653   0.0000697865
66  7   0.0371739226  -0.0081630416  -0.0369238203  -0.0365813341   0.0350613518
66  8   0.0005278870  -0.0676288851   0.0533164345   0.0006200389   0.0113378848
66  9  -0.0047832320   0.0281087286   0.0030678362  -0.0042793722  -0.0070026833
66 10   0.0128867871   0.0112343860   0.0157567814  -0.0121949370  -0.0006477082
66 11   0.0095687010  -0.0013955831   0.0006789470  -0.0020106109   0.0102929570
66 12  -0.0107115502  -0.0541390959  -0.0334297473  -0.0038273618   0.0013597877
66 13  -0.0006353810  -0.0009122953  -0.0026694999  -0.0001950645  -0.0110988790
66 14   0.0090710733  -0.0000829430   0.8954081152   0.0051968453  -0.0009504961
66 15  -0.0003631793  -0.0041182799
67  1  -0.0034710886   0.2552619735  -0.0079058171  -0.0621516860   0.0606853020
67  2  -0.0436089383   0.0274984743  -0.0331061514   0.0638764713  -0.1239354081
67  3   0.0316833461   0.0151793917   0.0744180773  -0.0882874762   0.0479123908
67  4   0.0907222260   0.0311529275  -0.0171004822   0.0179857969   0.0266943268
67  5  -0.0167764812  -0.0916746642  -0.0709662785  -0.0116819956  -0.2868649691
67  6  -0.1343347025   0.0503042784   0.2088384353  -0.3462708044  -0.0788588454
67  7  -0.6301045724   0.0643619349  -0.2804723485  -0.1398025316   0.0570714601
67  8  -0.0204335730  -0.2652049600   0.2633221521   0.0000798259  -0.0732766337
67  9  -0.1331753856  -0.1087985402  -0.2784443452   0.0946246471   0.2159503906
67 10   0.0604995956  -0.6503820345  -0.0364603057   0.1657246273  -0.1666302691
67 11  -0.1574458773  -0.0072657923  -0.1690837656   0.0778111522   0.0006882404
67 12  -0.0730530300   0.0864544941  -0.2248233090   0.0274847581  -0.0023968625
67 13   0.0200733127   0.0085595909  -0.0041730562  -0.0022507924  -0.2117501958
67 14  -0.2303616909  -0.0033877282  -0.0009499076   0.0000937688  -0.0002827934
67 15  -0.0000849612  -0.0043385176
68  1   0.2043512448   0.0446396851   0.0749823115   0.0139196662  -0.0073302794
68  2  -0.0603279615  -0.0806821909  -0.0117871281  -0.0963021210  -0.1302306198
68  3   0.0514913234   0.0075847359   0.0167389194  -0.0256223643  -0.0343376176
68  4  -0.0360314090  -0.0307666225   0.0084155235   0.0191648691  -0.0526561000
68  5  -0.0525683562  -0.1119113946  -0.0604774310  -0.0259162369   0.1007732343
68  6  -0.1482037475   0.2509561306  -0.0117383362   0.0563845688  -0.4381790121
68  7  -0.2771506156   0.0154938155  -0.1107528763  -0.0894213017   0.0689059069
68  8  -0.0128483537  -0.0769846265   0.0228859745  -0.0610545772  -0.0820658351
68  9  -0.1332823552  -0.1377328479   0.0357914995  -0.1619779351  -0.0823884679
68 10   0.1199986406  -0.2397718620  -0.2012084272   0.1358782388   0.0362750533
68 11  -0.0898315004   0.0585667640  -0.1749774385   0.0403826955  -0.3131070957
68 12   0.2188190303  -0.2424169448   0.0612416449   0.0238784976   0.0132914330
68 13  -0.0365728401  -0.0163716469   0.0140821855   0.0053516092   0.5150976232
68 14   0.5518046068   0.0087986148   0.0006927247  -0.0004110105  -0.0006973156
68 15   0.0000888028   0.0072363976
69  1  -0.0072222756  -0.0221955309   0.2985971309  -0.0177379688   0.0092990650
69  2  -0.0342402353  -0.2190204994   0.0314330799  -0.2793821466   0.0129329354
69  3   0.0346034884  -0.0682809792  -0.0295035750  -0.0272936277   0.0099038398
69  4  -0.0353692539   0.0214714527   0.0138577508   0.0058067994  -0.0541008006
69  5  -0.0085719188  -0.0226641884  -0.0098331500   0.0251939487   0.0368066511
69  6   0.0539103472   0.0532757711  -0.0458878025  -0.1401561994  -0.0163278898
69  7  -0.0118596549  -0.0757815218  -0.0381751452  -0.0812104878   0.1840178525
69  8   0.0473114721   0.0536395530  -0.3001922067   0.0101759049  -0.0815514914
69  9  -0.1134422721  -0.1776213146   0.2076826601  -0.2126741338  -0.2073895751
69 10   0.0912680811  -0.0090064596  -0.1864283538   0.0113992108   0.0733873584
69 11   0.0430901747   0.0825749130  -0.2169716513  -0.0283254846  -0.4342486721
69 12   0.4156019689  -0.3657652690   0.2371599339   0.0149218136   0.0194890464
69 13   0.0307788613   0.0141108109  -0.0112443217  -0.0038415084  -0.3862889131
69 14  -0.4148038651  -0.0063701156  -0.0015226786   0.0001556429   0.0003981392
69 15   0.0000648302   0.0010584480
70  1   0.0303270593   0.2463306843   0.0379015575  -0.0425585780   0.0378499100
70  2   0.1549697168  -0.1945841610  -0.1307477068  -0.1854425604  -0.0439444548
70  3  -0.1430823975   0.1214500815   0.0078069676   0.0320137239  -0.2147037670
70  4  -0.2714438455   0.4141912284   0.3531500631   0.1137705191   0.4504664090
70  5   0.0823305343  -0.1135436193  -0.2039906630   0.1952679144   0.1247431681
70  6  -0.1372441974  -0.0016054634  -0.1490697910   0.2233080526   0.0509711839
70  7  -0.0427095111  -0.0198020246   0.0008887154   0.0004444082  -0.0236935046
70  8  -0.0653591352   0.0165632352   0.0093150743  -0.0613861068   0.0220276590
70  9  -0.0492652980  -0.0743549891  -0.0338651662   0.0891649230   0.0192894306
70 10  -0.0205117649  -0.0126260162   0.0511661998  -0.0347973387  -0.0183463599
70 11   0.0229845452   0.0002102153  -0.0143319702  -0.0080263643  -0.0172714703
70 12   0.0293036671  -0.0211342842   0.0096096200  -0.0010605154   0.0128411778
70 13  -0.0012138843  -0.0006432622   0.0006465248  -0.0001891987   0.0058227710
70 14   0.0058634179  -0.0025002181  -0.0038045657  -0.0005858299  -0.0053306799
70 15  -0.0056184376  -0.7357351548
71  1   0.2090675913   0.0353330198  -0.1202540679  -0.1275854062   0.0365235592
71  2   0.0545972386  -0.0254523394  -0.1786742426   0.2726924606   0.0289567538
71  3  -0.0841504419  -0.2726367708  -0.0810059052  -0.2718091629  -0.2327697236
71  4  -0.3377239564   0.5248591376   0.3937058268   0.1575363762   0.4149189161
71  5   0.1029909988  -0.1075176803  -0.1728970690   0.2391713569   0.0815181744
71  6  -0.0454937806   0.0078728377  -0.1082500587   0.0308085789  -0.0047902617
71  7  -0.0026814765   0.0289330714   0.0050449447  -0.0033657150  -0.0197058645
71  8  -0.0175570773   0.0061656354   0.0106617204  -0.0248833273   0.0067685976
71  9  -0.0078413026  -0.0247497006  -0.0166523226   0.0487020965   0.0070695606
71 10  -0.0081748333  -0.0108459318   0.0274576504  -0.0188698257  -0.0077196046
71 11   0.0103176046   0.0001993105  -0.0158594548  -0.0030688831  -0.0163318720
71 12   0.0248560348  -0.0225098281   0.0085529520   0.0004591508   0.0159359171
71 13   0.0005497269   0.0002185059  -0.0001268259  -0.0006119516  -0.0011818097
71 14  -0.0007670554  -0.0005851673   0.0032585934   0.0004707011   0.0049476390
71 15   0.0050944818   0.6655958368
72  1   0.0000000000  -0.0233467815   0.3273284684   0.0000000000   0.0000000000
72  2   0.0000000000  -0.2603753916   0.0296992872  -0.3884443236  -0.0200565868
72  3   0.0606016525   0.0534101759  -0.0301176103   0.1960989954   0.0714519675
72  4   0.0394532293  -0.1005844106  -0.0595616213  -0.0511254267  -0.1134381801
72  5  -0.0498978807  -0.0131886245  -0.0416440870  -0.0693232273   0.1490244952
72  6  -0.0322490850   0.1151472921  -0.2100218926   0.2663165457  -0.3044805558
72  7   0.1206260163   0.0088991562  -0.0337063578   0.0816513844  -0.2242954065
72  8  -0.4060154967   0.0065137718   0.1496743275  -0.2785887616   0.1786112986
72  9  -0.2380998795  -0.3108768584  -0.2341358213   0.5669482880   0.1959946101
72 10  -0.1833200159  -0.0631742187   0.3662710314  -0.2707807282  -0.1467318301
72 11   0.1945400104   0.0198343444  -0.0631942751  -0.0876058533  -0.1630240451
72 12   0.2713774719  -0.1523432673   0.1394944194  -0.0152287552   0.0037749174
72 13  -0.0001134539  -0.0003387080  -0.0013565762  -0.0007243420   0.0047175198
72 14   0.0034079895  -0.0002824789   0.0005116788   0.0002538573   0.0006436220
72 15   0.0006810795   0.1072401769
$end
