$dipgrad          cartesian dipole gradients
  -.55388834366139D+00  -.19482857418377D+00  -.75493633515007D-01
  -.21974682507123D+00  -.74888661112968D+00  -.38323768230088D+00
  0.88233430951958D-01  -.22057882417939D+00  -.83418263635996D+00
  0.70603076803770D+00  0.32830985185400D+00  -.29709287063813D+00
  0.43249500556204D+00  0.94377337243798D+00  0.35379766341429D+00
  -.42251217180725D+00  0.28345401401398D+00  0.14904745448877D+01
  -.56238591901016D+00  0.21355694544524D-01  0.35543931346820D+00
  -.69714521460662D-01  -.32674628490255D+00  0.86472295114278D-01
  0.38089523613569D+00  -.78016354308196D-01  -.11465939368284D+01
  -.76972598933538D-01  -.10284729457576D+00  -.12146382020961D-01
  -.14226383702841D+00  -.10075700782556D+00  0.18783951994738D-01
  -.63495625557371D-01  -.17418316741774D-01  0.51837559261665D-01
  0.21598169973021D+00  0.25879160074723D-01  0.72619351160707D-02
  0.21747683727890D-01  0.12367320894045D+00  -.12257565813062D-01
  0.64876778222684D-01  0.25807968680254D-01  0.12926385021271D+00
  0.89433761930661D-01  0.26443680577192D-01  0.28975655392739D-01
  0.46194518072676D-01  -.17331510708745D-02  -.15553054226396D-01
  -.11705821001044D-01  0.53198828809443D-01  0.99014497092792D-01
  0.57720627583735D-01  -.25207679517702D-01  0.20519979442196D-03
  0.74905608911710D-01  -.21411062666035D-02  -.21381220868312D-01
  -.18357760483967D-01  0.48296585732903D-01  0.74859211344871D-01
  0.13059310071073D+00  0.18423781241939D+00  -.25284413023860D-01
  0.49383066701427D-01  0.43778739070107D+00  -.45579047211240D-01
  0.18835363025233D-01  -.61220061174836D-03  0.85872238005146D-01
  -.12463513102930D+00  -.51078038130583D-01  0.90566167297329D-01
  0.57107339099201D-01  -.28542906050219D+00  -.84567688278995D-01
  0.94226944100991D-01  -.12642898391655D+00  -.57899524574955D-01
  0.33963951227276D+00  -.41815516413717D-01  -.26592456866453D-01
  -.59209693389072D-01  0.21173533333853D+00  -.32298986178740D-01
  -.46901007646037D-01  -.60154590900356D-01  0.30550200681045D+00
  -.38703766403919D-01  0.86212582748130D-01  0.49861696631596D-02
  0.60024205299802D-01  -.39655328113164D-01  -.19212749266555D-02
  0.35935879139472D-01  -.17546468490899D-01  0.81794217182224D-01
  0.38161740725397D-01  -.40077278952622D-01  0.35639823776771D-01
  -.39195379089090D-01  0.61252559816750D-01  -.35395349978492D-01
  0.27156022638293D-01  -.42772707767123D-02  -.77541380474266D-01
  -.69838486525380D-01  -.10985162226675D+00  0.13324806319288D-01
  -.60371446860154D-01  -.10677487633062D+00  0.31757915119504D-01
  0.22403965255611D-02  0.75867446136983D-01  0.44797410753699D-01
  -.24502027859921D-02  0.63558390835274D-01  0.50182751647588D-01
  0.42633379203727D-01  0.25796528704310D-01  -.28722816971800D-01
  0.22088925934931D-01  -.56972866242892D-01  -.11247793640004D+00
  0.80800881888128D-02  -.69334301340323D-01  0.36435778570838D-01
  -.70072825792297D-01  -.39066522773280D-01  0.48137627356224D-01
  0.34507898992481D-01  0.24115735541031D-01  0.20565815700684D-01
  -.12301217025828D+00  0.79255986931173D-02  -.11940173470524D+00
  0.17825054183682D-01  0.42742217347865D-01  -.23137477819345D-01
  -.75054331593735D-01  -.23091049154872D-01  -.48935274512506D-01
  -.65927302151822D-02  -.26353978879578D-01  0.60661336662510D-01
  -.73467162480735D-01  -.18118685186859D+00  0.70578056209640D-01
  0.41245799087330D-01  0.25168660796037D-01  0.23437718053909D-01
  -.35867031584641D-01  0.10785357988501D-01  -.81191996138964D-01
  -.27268595785794D-01  0.41843467163629D-01  -.30828753340575D-01
  -.74619541793118D-01  -.22073987869682D-01  -.40765974141010D-01
  -.27582206072393D-01  -.20971055162706D-01  -.62243013950605D-01
  -.34889291097526D-01  -.17967986664244D-01  -.22431202887707D-01
  -.11145993257825D+00  0.15672414106337D-01  -.13643287122635D-02
  -.14100224885889D-01  -.13108278200447D-01  0.84459541844868D-01
  -.17181620356631D-01  -.75808825168339D-01  0.21941665011342D-01
  0.11385146429559D+00  0.24014921151789D-01  -.72202667562165D-01
  0.50387512177664D-01  -.59234512111329D-01  -.68691978694515D-01
  0.11065337649127D-01  0.37549534156832D-01  0.10584294658223D+00
  -.99987946589447D-01  0.51574338224428D-01  -.15455409748774D-01
$end
