$dipgrad          cartesian dipole gradients
  -.70166353018762D+00  -.60432196887807D-01  0.14848582937991D+00
  0.93889203541111D-01  -.74129133455677D+00  0.38133363305436D+00
  0.45195806967223D-01  0.37895612820018D+00  -.69982770941265D+00
  0.14803173252196D+01  -.39030347093682D+00  0.40648895919475D-01
  -.30932526570192D+00  0.10441691102266D+01  -.65474185456154D+00
  -.46729353502639D-01  -.64056689233689D+00  0.90681019314433D+00
  -.10860311806588D+01  0.52365211810462D+00  -.31789424578275D+00
  0.45705847129732D+00  -.66049194526326D+00  0.14284594071775D+00
  -.23743576761306D+00  0.14383711682401D+00  -.46430125005093D+00
  -.25233776859853D+00  0.93111691412073D-02  0.92600750058593D-01
  -.10865996887801D+00  0.87724889799087D-01  0.11334339841457D+00
  0.27694129634108D+00  0.10727215227019D+00  -.43803183666954D-01
  0.42323720112307D+00  -.28457300348658D-02  -.11227739136864D+00
  0.10321144917073D+00  0.35313075688331D-01  -.56206868415262D-01
  -.95770289867875D-01  -.45082171775693D-04  0.10404611803913D+00
  -.23827673045528D+00  -.79525578952419D-02  -.80352825372016D-01
  -.17347818461015D+00  0.25096236579593D-01  0.12044173027441D+00
  -.32586002087291D-01  0.71591644289260D-01  -.14934015184988D+00
  0.31906591599943D+00  -.81753883163958D-01  0.82117106945824D-01
  -.75572078532234D-01  0.29198510056569D+00  0.52532486122611D-01
  0.73932638093311D-01  0.55516879266990D-01  0.25462868667904D+00
  0.32935697265276D-01  -.65636884146950D-02  -.16255231735124D-01
  0.63125200802508D-02  0.63918379239651D-01  -.31575590461686D-01
  -.54196652236686D-01  -.44533111211978D-02  -.44498914289777D-01
  0.16817917859359D-01  -.12903250242953D-01  0.12341912024583D-01
  0.14137521249554D-01  -.96085336235914D-01  0.78352014387491D-02
  -.20537281828041D-01  -.14726961665839D-01  0.68746518644017D-01
  0.12356026341850D-01  -.35061724634758D-01  0.15188259843708D-01
  0.44342275399078D-02  -.24017006749839D-01  -.25697408891924D-02
  -.37601108866287D-03  -.40297138005723D-02  0.74257813988898D-01
  -.44371454461187D-01  -.33988111080249D-02  0.62381188838912D-01
  0.22907957003000D-01  0.57266960204020D-01  -.25293860844455D-01
  0.25827497277928D-01  -.89301649730057D-02  -.71581315235119D-01
  0.37950580581420D-01  0.68252026073268D-01  0.73015751247408D-01
  -.34915852159777D-01  -.83588129468900D-01  -.47944474850232D-01
  0.65734119544247D-01  -.84421794781275D-01  0.64863194038274D-01
$end
