$hessian (projected)
 1  1   0.1195716597   0.0465321099  -0.0686738097  -0.1291224006  -0.0635133485
 1  2   0.0750849931   0.0186477218   0.0390643176  -0.0388316732   0.0023844097
 1  3  -0.0221910608   0.0273395533   0.0012924606  -0.0010803087   0.0009526428
 1  4  -0.0001515848  -0.0014248784   0.0009685371  -0.0046825939   0.0068911391
 1  5  -0.0031153112  -0.0038829066  -0.0019658680   0.0024800617  -0.0033307216
 1  6  -0.0017619907   0.0028364916  -0.0004906234  -0.0008791661  -0.0001690269
 1  7  -0.0000573509   0.0003182979   0.0007722875  -0.0001780700   0.0000107566
 1  8   0.0003552539
 2  1   0.0465321099   0.4226854882  -0.3873912459  -0.0729485376  -0.3725864218
 2  2   0.3028003541   0.0299929627  -0.0518596502   0.0539402492  -0.0083572603
 2  3  -0.0008929247   0.0284141721   0.0030908444  -0.0026998430  -0.0002677403
 2  4  -0.0008854782   0.0017210028  -0.0006048710   0.0071197214   0.0023680242
 2  5   0.0034740954  -0.0042314783  -0.0020762041   0.0003768157   0.0011206118
 2  6   0.0013618346  -0.0003724417  -0.0012691681   0.0016948496   0.0001347745
 2  7  -0.0007579872   0.0000087044  -0.0005307336   0.0005936595   0.0002751401
 2  8   0.0000265715
 3  1  -0.0686738097  -0.3873912459   0.4221954867   0.0837470868   0.3001522079
 3  2  -0.3880828758  -0.0299529234   0.0512267830  -0.0276800484   0.0149072039
 3  3   0.0330334275  -0.0095772981  -0.0031834871   0.0009140404  -0.0026731235
 3  4   0.0005575466  -0.0005713356   0.0017066373  -0.0033503293   0.0035250045
 3  5   0.0054901591  -0.0008523887   0.0000765518   0.0012896991   0.0051493544
 3  6  -0.0003882418  -0.0034916112   0.0005905081  -0.0006749043  -0.0003102536
 3  7   0.0013988522   0.0001213959   0.0013419569  -0.0003376139  -0.0000236834
 3  8  -0.0002087284
 4  1  -0.1291224006  -0.0729485376   0.0837470868   0.5488696779   0.0018824139
 4  2  -0.0920219997  -0.2458597429   0.0956110715  -0.0370703810  -0.1580713931
 4  3  -0.0157730731   0.0317240499  -0.0327929848   0.0015192982   0.0074753668
 4  4  -0.0008761000   0.0023338357  -0.0017514949   0.0124867152  -0.0117171236
 4  5   0.0053814577   0.0056790965   0.0000506638  -0.0013113805  -0.0022643745
 4  6   0.0003179509   0.0034330430   0.0007897607  -0.0008339987   0.0003829502
 4  7   0.0011649385  -0.0004538011   0.0004651029  -0.0000031930   0.0000113002
 4  8  -0.0004538012
 5  1  -0.0635133485  -0.3725864218   0.3001522079   0.0018824139   0.5999075747
 5  2  -0.3602330326   0.0512849793  -0.1105881817   0.0454101453  -0.0083260259
 5  3  -0.0900343439  -0.0002202693   0.0117500812   0.0067906522  -0.0107300195
 5  4   0.0040347458  -0.0029915206   0.0014380787   0.0216847330  -0.0212881555
 5  5   0.0063311738   0.0093672199   0.0013675301  -0.0013731958  -0.0313981756
 5  6  -0.0098127173   0.0183608140   0.0023428921  -0.0015704593  -0.0005339681
 5  7   0.0013790263   0.0008463330   0.0014586664  -0.0004885414  -0.0000402898
 5  8  -0.0000606008
 6  1   0.0750849931   0.3028003541  -0.3880828758  -0.0920219997  -0.3602330326
 6  2   0.5969839160   0.0052313719   0.0332106347  -0.0818248816   0.0254092310
 6  3   0.0013215933  -0.1018363041  -0.0061151004  -0.0078950027   0.0096859528
 6  4  -0.0038557321   0.0017184137  -0.0010277842  -0.0265348821   0.0155055351
 6  5  -0.0157343071   0.0307968044   0.0093772201  -0.0182356936  -0.0050484765
 6  6   0.0020436027   0.0002072707  -0.0011995213   0.0018987154   0.0011870293
 6  7  -0.0027515965   0.0000581569  -0.0013378520   0.0010049083   0.0001938093
 6  8   0.0000155297
 7  1   0.0186477218   0.0299929627  -0.0299529234  -0.2458597429   0.0512849793
 7  2   0.0052313719   0.3496730228  -0.0462690462  -0.0449477896  -0.0365505661
 7  3   0.0256977703  -0.0109103974  -0.0011222725  -0.0044157867   0.0065270084
 7  4  -0.0032992251   0.0000877790   0.0003063789  -0.0797698775  -0.0578624964
 7  5   0.0747087113  -0.0013847473   0.0010129270   0.0003767364  -0.0003204807
 7  6   0.0003741213  -0.0014264503   0.0000963477   0.0000596443  -0.0000954696
 7  7  -0.0002452384   0.0000559693  -0.0001069506   0.0001350582  -0.0000188239
 7  8   0.0002897740
 8  1   0.0390643176  -0.0518596502   0.0512267830   0.0956110715  -0.1105881817
 8  2   0.0332106347  -0.0462690462   0.3700800520  -0.3150549050   0.0044807038
 8  3   0.0076068797   0.0054002723  -0.0004113672   0.0014465927   0.0005744858
 8  4   0.0004126248   0.0003109074  -0.0001445684  -0.0936856982  -0.2189698665
 8  5   0.2250426127  -0.0010589879  -0.0002381864   0.0008412251   0.0027982051
 8  6   0.0022190012  -0.0007639440  -0.0008390097   0.0003693365  -0.0000450516
 8  7  -0.0003075557  -0.0003962381  -0.0003263840   0.0002047422   0.0000193533
 8  8   0.0000388394
 9  1  -0.0388316732   0.0539402492  -0.0276800484  -0.0370703810   0.0454101453
 9  2  -0.0818248816  -0.0449477896  -0.3150549050   0.3377111547   0.0112073042
 9  3  -0.0010661490   0.0140986381   0.0014434570   0.0017567974  -0.0005188344
 9  4   0.0003682369   0.0002236925  -0.0001938513   0.1088225794   0.2153563852
 9  5  -0.2434734422  -0.0026823549  -0.0000784600   0.0023261483   0.0007304393
 9  6   0.0002423510  -0.0004519919   0.0004693092  -0.0003881823  -0.0004099638
 9  7   0.0006081639  -0.0002729660   0.0002995958  -0.0001172911  -0.0000689583
 9  8   0.0001174767
10  1   0.0023844097  -0.0083572603   0.0149072039  -0.1580713931  -0.0083260259
10  2   0.0254092310  -0.0365505661   0.0044807038   0.0112073042   0.4570656871
10  3   0.0020124319   0.0216238115  -0.1299766424   0.0448852709  -0.0437525335
10  4  -0.0309627189   0.0092798896  -0.0001929035  -0.0009432676  -0.0017204029
10  5   0.0022746018  -0.0485978406  -0.0048722990  -0.0253942051  -0.0555133106
10  6  -0.0417228160  -0.0035267763   0.0035154358  -0.0003176597   0.0012238198
10  7  -0.0042456159   0.0040177361  -0.0033690193   0.0018958228   0.0006404315
10  8  -0.0004105344
11  1  -0.0221910608  -0.0008929247   0.0330334275  -0.0157730731  -0.0900343439
11  2   0.0013215933   0.0256977703   0.0076068797  -0.0010661490   0.0020124319
11  3   0.5535027212   0.0070299354   0.0438842813  -0.1125609659   0.0246926582
11  4  -0.0066176959   0.0018063538  -0.0003225286   0.0009248456   0.0027486540
11  5  -0.0006919467  -0.0034760145  -0.0570939912  -0.0591031250  -0.0439983282
11  6  -0.2944312501  -0.0166613884   0.0266957823  -0.0156328747   0.0148287271
11  7  -0.0057213162   0.0040195894  -0.0026946189  -0.0014376226   0.0009621524
11  8  -0.0003665849
12  1   0.0273395533   0.0284141721  -0.0095772981   0.0317240499  -0.0002202693
12  2  -0.1018363041  -0.0109103974   0.0054002723   0.0140986381   0.0216238115
12  3   0.0070299354   0.5344155227  -0.0387575425   0.0243586363  -0.1006413140
12  4   0.0166304758  -0.0057747399   0.0034359629   0.0007792754  -0.0009195010
12  5   0.0018550314  -0.0202107506  -0.0580599814  -0.2875073342  -0.0041000877
12  6  -0.0173920418  -0.0437212803   0.0014067104  -0.0009282068   0.0005540787
12  7  -0.0248045800   0.0182747109  -0.0108490844  -0.0007205181  -0.0001829869
12  8  -0.0002266187
13  1   0.0012924606   0.0030908444  -0.0031834871  -0.0327929848   0.0117500812
13  2  -0.0061151004  -0.0011222725  -0.0004113672   0.0014434570  -0.1299766424
13  3   0.0438842813  -0.0387575425   0.3565848448   0.0010409789   0.0540174183
13  4  -0.0938465024  -0.0145091244   0.0392093577  -0.0005675903  -0.0000837411
13  5   0.0000437140  -0.0044530165   0.0023906947  -0.0022033529   0.0026992435
13  6  -0.0017103238   0.0020547375  -0.0491230860  -0.0392538198  -0.0066352352
13  7  -0.0451043576  -0.0056414336  -0.0422538282  -0.0035900964  -0.0005470706
13  8   0.0023798617
14  1  -0.0010803087  -0.0026998430   0.0009140404   0.0015192982   0.0067906522
14  2  -0.0078950027  -0.0044157867   0.0014465927   0.0017567974   0.0448852709
14  3  -0.1125609659   0.0243586363   0.0010409789   0.5540193363   0.0545497258
14  4   0.0104247464  -0.0470449522  -0.0138239346  -0.0003935794  -0.0007570984
14  5  -0.0000408917  -0.0057318460   0.0040813611  -0.0021060849   0.0277042129
14  6  -0.0168473243   0.0137514485  -0.0440793521  -0.3142076912  -0.0206848388
14  7  -0.0062732565  -0.0665407306  -0.0654885650  -0.0236003779  -0.0056793366
14  8   0.0147086693
15  1   0.0009526428  -0.0002677403  -0.0026731235   0.0074753668  -0.0107300195
15  2   0.0096859528   0.0065270084   0.0005744858  -0.0005188344  -0.0437525335
15  3   0.0246926582  -0.1006413140   0.0540174183   0.0545497258   0.5151117283
15  4   0.0453229723   0.0022694208  -0.0609801914  -0.0001442857   0.0002517153
15  5  -0.0008320289  -0.0270180851   0.0179678980  -0.0129480246   0.0020065952
15  6  -0.0007515198   0.0010486663  -0.0063585474  -0.0224677453  -0.0487906351
15  7  -0.0342405191  -0.0652160308  -0.3020432100  -0.0047880331  -0.0008728484
15  8   0.0035810145
16  1  -0.0001515848  -0.0008854782   0.0005575466  -0.0008761000   0.0040347458
16  2  -0.0038557321  -0.0032992251   0.0004126248   0.0003682369  -0.0309627189
16  3  -0.0066176959   0.0166304758  -0.0938465024   0.0104247464   0.0453229723
16  4   0.1599639701   0.0267819061  -0.0729541326   0.0001632043  -0.0004006018
16  5   0.0002775729   0.0016661335  -0.0005772185   0.0006781775   0.0017957093
16  6  -0.0006984618   0.0004983262  -0.0070349217  -0.0028492643   0.0043750528
16  7  -0.0093673925  -0.0039716216   0.0059735741  -0.0180505717  -0.0256536809
16  8   0.0021279297
17  1  -0.0014248784   0.0017210028  -0.0005713356   0.0023338357  -0.0029915206
17  2   0.0017184137   0.0000877790   0.0003109074   0.0002236925   0.0092798896
17  3   0.0018063538  -0.0057747399  -0.0145091244  -0.0470449522   0.0022694208
17  4   0.0267819061   0.2863853304   0.0639528852   0.0002082631  -0.0000696275
17  5  -0.0001654164  -0.0003740151   0.0001277933  -0.0003056375   0.0007749121
17  6   0.0013299566  -0.0000629143  -0.0230843571  -0.0026817625   0.0132307652
17  7   0.0035667116   0.0012544501  -0.0012996300  -0.0036409221  -0.2401479315
17  8  -0.0732155039
18  1   0.0009685371  -0.0006048710   0.0017066373  -0.0017514949   0.0014380787
18  2  -0.0010277842   0.0003063789  -0.0001445684  -0.0001938513  -0.0001929035
18  3  -0.0003225286   0.0034359629   0.0392093577  -0.0138239346  -0.0609801914
18  4  -0.0729541326   0.0639528852   0.0904319684  -0.0001243019  -0.0000127428
18  5  -0.0000379160  -0.0002126685   0.0001382554   0.0016626072  -0.0002303102
18  6   0.0000050533  -0.0003972237  -0.0011822792   0.0010469790   0.0001892850
18  7   0.0270890572   0.0069843432  -0.0086412090   0.0090747600  -0.0586569494
18  8  -0.0261482850
19  1  -0.0046825939   0.0071197214  -0.0033503293   0.0124867152   0.0216847330
19  2  -0.0265348821  -0.0797698775  -0.0936856982   0.1088225794  -0.0009432676
19  3   0.0009248456   0.0007792754  -0.0005675903  -0.0003935794  -0.0001442857
19  4   0.0001632043   0.0002082631  -0.0001243019   0.0748345421   0.0645088100
19  5  -0.0793817357  -0.0006569638   0.0006941131   0.0003950316  -0.0015545496
19  6  -0.0007920334  -0.0005524487   0.0004635083  -0.0001865378   0.0000934628
19  7   0.0002817662  -0.0000906081   0.0000841266  -0.0000548933   0.0000079706
19  8  -0.0000864923
20  1   0.0068911391   0.0023680242   0.0035250045  -0.0117171236  -0.0212881555
20  2   0.0155055351  -0.0578624964  -0.2189698665   0.2153563852  -0.0017204029
20  3   0.0027486540  -0.0009195010  -0.0000837411  -0.0007570984   0.0002517153
20  4  -0.0004006018  -0.0000696275  -0.0000127428   0.0645088100   0.2360230258
20  5  -0.2325220902   0.0007500899  -0.0003049936  -0.0009218732  -0.0001722430
20  6   0.0000472027  -0.0001871452   0.0000657794   0.0000776104   0.0001389315
20  7  -0.0002770565   0.0001364995  -0.0001981005   0.0000178469  -0.0000112751
20  8  -0.0000161186
21  1  -0.0031153112   0.0034740954   0.0054901591   0.0053814577   0.0063311738
21  2  -0.0157343071   0.0747087113   0.2250426127  -0.2434734422   0.0022746018
21  3  -0.0006919467   0.0018550314   0.0000437140  -0.0000408917  -0.0008320289
21  4   0.0002775729  -0.0001654164  -0.0000379160  -0.0793817357  -0.2325220902
21  5   0.2524912197   0.0003219961  -0.0006169370  -0.0003419137  -0.0004914930
21  6  -0.0007833113   0.0005674786   0.0001199239  -0.0001843233   0.0000719993
21  7  -0.0001048618   0.0001745469  -0.0000292842  -0.0000345760  -0.0000175122
21  8  -0.0000269958
22  1  -0.0038829066  -0.0042314783  -0.0008523887   0.0056790965   0.0093672199
22  2   0.0307968044  -0.0013847473  -0.0010589879  -0.0026823549  -0.0485978406
22  3  -0.0034760145  -0.0202107506  -0.0044530165  -0.0057318460  -0.0270180851
22  4   0.0016661335  -0.0003740151  -0.0002126685  -0.0006569638   0.0007500899
22  5   0.0003219961   0.0553842741   0.0032421060   0.0263932938  -0.0006270193
22  6  -0.0015740864  -0.0061225502   0.0009285196  -0.0001131966   0.0008950557
22  7  -0.0039705322   0.0032117208  -0.0014192873  -0.0000849974  -0.0000115119
22  8   0.0001109353
23  1  -0.0019658680  -0.0020762041   0.0000765518   0.0000506638   0.0013675301
23  2   0.0093772201   0.0010129270  -0.0002381864  -0.0000784600  -0.0048722990
23  3  -0.0570939912  -0.0580599814   0.0023906947   0.0040813611   0.0179678980
23  4  -0.0005772185   0.0001277933   0.0001382554   0.0006941131  -0.0003049936
23  5  -0.0006169370   0.0032421060   0.0619869160   0.0615572603  -0.0022131598
23  6  -0.0073275045  -0.0316591815  -0.0005362072   0.0006421649   0.0001472456
23  7   0.0027695201  -0.0010926048   0.0013738153   0.0000047277  -0.0000722808
23  8  -0.0002236867
24  1   0.0024800617   0.0003768157   0.0012896991  -0.0013113805  -0.0013731958
24  2  -0.0182356936   0.0003767364   0.0008412251   0.0023261483  -0.0253942051
24  3  -0.0591031250  -0.2875073342  -0.0022033529  -0.0021060849  -0.0129480246
24  4   0.0006781775  -0.0003056375   0.0016626072   0.0003950316  -0.0009218732
24  5  -0.0003419137   0.0263932938   0.0615572603   0.3143981243  -0.0001513969
24  6  -0.0010033221  -0.0013733762   0.0001935264   0.0002130052   0.0004305569
24  7  -0.0014060084   0.0017812748   0.0004373845  -0.0000504835   0.0000436575
24  8  -0.0001381778
25  1  -0.0033307216   0.0011206118   0.0051493544  -0.0022643745  -0.0313981756
25  2  -0.0050484765  -0.0003204807   0.0027982051   0.0007304393  -0.0555133106
25  3  -0.0439983282  -0.0041000877   0.0026992435   0.0277042129   0.0020065952
25  4   0.0017957093   0.0007749121  -0.0002303102  -0.0015545496  -0.0001722430
25  5  -0.0004914930  -0.0006270193  -0.0022131598  -0.0001513969   0.0628968613
25  6   0.0444081544   0.0042019113  -0.0043664371   0.0024654999  -0.0021892759
25  7   0.0008379693  -0.0009751860   0.0003274944  -0.0002528899  -0.0005145034
25  8  -0.0002047544
26  1  -0.0017619907   0.0013618346  -0.0003882418   0.0003179509  -0.0098127173
26  2   0.0020436027   0.0003741213   0.0022190012   0.0002423510  -0.0417228160
26  3  -0.2944312501  -0.0173920418  -0.0017103238  -0.0168473243  -0.0007515198
26  4  -0.0006984618   0.0013299566   0.0000050533  -0.0007920334   0.0000472027
26  5  -0.0007833113  -0.0015740864  -0.0073275045  -0.0010033221   0.0444081544
26  6   0.3222909071   0.0162028636   0.0025817593   0.0000985059   0.0016438327
26  7  -0.0000587666   0.0008378139   0.0002650793   0.0006364927   0.0002335742
26  8  -0.0000843459
27  1   0.0028364916  -0.0003724417  -0.0034916112   0.0034330430   0.0183608140
27  2   0.0002072707  -0.0014264503  -0.0007639440  -0.0004519919  -0.0035267763
27  3  -0.0166613884  -0.0437212803   0.0020547375   0.0137514485   0.0010486663
27  4   0.0004983262  -0.0000629143  -0.0003972237  -0.0005524487  -0.0001871452
27  5   0.0005674786  -0.0061225502  -0.0316591815  -0.0013733762   0.0042019113
27  6   0.0162028636   0.0471770327  -0.0020074787   0.0014459907  -0.0003285585
27  7   0.0005907503   0.0001330442   0.0003913786   0.0000204443  -0.0001871459
27  8   0.0003722149
28  1  -0.0004906234  -0.0012691681   0.0005905081   0.0007897607   0.0023428921
28  2  -0.0011995213   0.0000963477  -0.0008390097   0.0004693092   0.0035154358
28  3   0.0266957823   0.0014067104  -0.0491230860  -0.0440793521  -0.0063585474
28  4  -0.0070349217  -0.0230843571  -0.0011822792   0.0004635083   0.0000657794
28  5   0.0001199239   0.0009285196  -0.0005362072   0.0001935264  -0.0043664371
28  6   0.0025817593  -0.0020074787   0.0605393969   0.0426189872   0.0048049741
28  7  -0.0000141301  -0.0033147823  -0.0003866038  -0.0053037707  -0.0011823238
28  8   0.0035494783
29  1  -0.0008791661   0.0016948496  -0.0006749043  -0.0008339987  -0.0015704593
29  2   0.0018987154   0.0000596443   0.0003693365  -0.0003881823  -0.0003176597
29  3  -0.0156328747  -0.0009282068  -0.0392538198  -0.3142076912  -0.0224677453
29  4  -0.0028492643  -0.0026817625   0.0010469790  -0.0001865378   0.0000776104
29  5  -0.0001843233  -0.0001131966   0.0006421649   0.0002130052   0.0024654999
29  6   0.0000985059   0.0014459907   0.0426189872   0.3358572335   0.0204690402
29  7  -0.0009378575  -0.0061792373  -0.0004790333   0.0002273691   0.0015323244
29  8   0.0000486648
30  1  -0.0001690269   0.0001347745  -0.0003102536   0.0003829502  -0.0005339681
30  2   0.0011870293  -0.0000954696  -0.0000450516  -0.0004099638   0.0012238198
30  3   0.0148287271   0.0005540787  -0.0066352352  -0.0206848388  -0.0487906351
30  4   0.0043750528   0.0132307652   0.0001892850   0.0000934628   0.0001389315
30  5   0.0000719993   0.0008950557   0.0001472456   0.0004305569  -0.0021892759
30  6   0.0016438327  -0.0003285585   0.0048049741   0.0204690402   0.0497708390
30  7  -0.0054830439  -0.0304842959  -0.0005583512   0.0027967361   0.0011548375
30  8  -0.0018060259
31  1  -0.0000573509  -0.0007579872   0.0013988522   0.0011649385   0.0013790263
31  2  -0.0027515965  -0.0002452384  -0.0003075557   0.0006081639  -0.0042456159
31  3  -0.0057213162  -0.0248045800  -0.0451043576  -0.0062732565  -0.0342405191
31  4  -0.0093673925   0.0035667116   0.0270890572   0.0002817662  -0.0002770565
31  5  -0.0001048618  -0.0039705322   0.0027695201  -0.0014060084   0.0008379693
31  6  -0.0000587666   0.0005907503  -0.0000141301  -0.0009378575  -0.0054830439
31  7   0.0594040499   0.0061434928   0.0405389711   0.0013158935   0.0004750453
31  8  -0.0014351851
32  1   0.0003182979   0.0000087044   0.0001213959  -0.0004538011   0.0008463330
32  2   0.0000581569   0.0000559693  -0.0003962381  -0.0002729660   0.0040177361
32  3   0.0040195894   0.0182747109  -0.0056414336  -0.0665407306  -0.0652160308
32  4  -0.0039716216   0.0012544501   0.0069843432  -0.0000906081   0.0001364995
32  5   0.0001745469   0.0032117208  -0.0010926048   0.0017812748  -0.0009751860
32  6   0.0008378139   0.0001330442  -0.0033147823  -0.0061792373  -0.0304842959
32  7   0.0061434928   0.0667320503   0.0676941310   0.0007002157   0.0003733702
32  8   0.0007516888
33  1   0.0007722875  -0.0005307336   0.0013419569   0.0004651029   0.0014586664
33  2  -0.0013378520  -0.0001069506  -0.0003263840   0.0002995958  -0.0033690193
33  3  -0.0026946189  -0.0108490844  -0.0422538282  -0.0654885650  -0.3020432100
33  4   0.0059735741  -0.0012996300  -0.0086412090   0.0000841266  -0.0001981005
33  5  -0.0000292842  -0.0014192873   0.0013738153   0.0004373845   0.0003274944
33  6   0.0002650793   0.0003913786  -0.0003866038  -0.0004790333  -0.0005583512
33  7   0.0405389711   0.0676941310   0.3203799980  -0.0006258674   0.0002253733
33  8   0.0006086770
34  1  -0.0001780700   0.0005936595  -0.0003376139  -0.0000031930  -0.0004885414
34  2   0.0010049083   0.0001350582   0.0002047422  -0.0001172911   0.0018958228
34  3  -0.0014376226  -0.0007205181  -0.0035900964  -0.0236003779  -0.0047880331
34  4  -0.0180505717  -0.0036409221   0.0090747600  -0.0000548933   0.0000178469
34  5  -0.0000345760  -0.0000849974   0.0000047277  -0.0000504835  -0.0002528899
34  6   0.0006364927   0.0000204443  -0.0053037707   0.0002273691   0.0027967361
34  7   0.0013158935   0.0007002157  -0.0006258674   0.0241717081   0.0267824103
34  8  -0.0062224656
35  1   0.0000107566   0.0002751401  -0.0000236834   0.0000113002  -0.0000402898
35  2   0.0001938093  -0.0000188239   0.0000193533  -0.0000689583   0.0006404315
35  3   0.0009621524  -0.0001829869  -0.0005470706  -0.0056793366  -0.0008728484
35  4  -0.0256536809  -0.2401479315  -0.0586569494   0.0000079706  -0.0000112751
35  5  -0.0000175122  -0.0000115119  -0.0000722808   0.0000436575  -0.0005145034
35  6   0.0002335742  -0.0001871459  -0.0011823238   0.0015323244   0.0011548375
35  7   0.0004750453   0.0003733702   0.0002253733   0.0267824103   0.2425551993
35  8   0.0583924069
36  1   0.0003552539   0.0000265715  -0.0002087284  -0.0004538012  -0.0000606008
36  2   0.0000155297   0.0002897740   0.0000388394   0.0001174767  -0.0004105344
36  3  -0.0003665849  -0.0002266187   0.0023798617   0.0147086693   0.0035810145
36  4   0.0021279297  -0.0732155039  -0.0261482850  -0.0000864923  -0.0000161186
36  5  -0.0000269958   0.0001109353  -0.0002236867  -0.0001381778  -0.0002047544
36  6  -0.0000843459   0.0003722149   0.0035494783   0.0000486648  -0.0018060259
36  7  -0.0014351851   0.0007516888   0.0006086770  -0.0062224656   0.0583924069
36  8   0.0238599188
$end
