$vibrational normal modes
 1  1   0.1045105965   0.0312468464   0.0167297589   0.0575618967  -0.1921166901
 1  2   0.2552348671   0.0176378251   0.0010130764  -0.2585703086  -0.0359722803
 1  3  -0.3422490478   0.0567291086  -0.0010685581  -0.0046975804   0.3435698159
 1  4  -0.0517856112  -0.0369169088   0.0102844576   0.0070898615  -0.0066858883
 1  5  -0.0043221806   0.0188223768  -0.0035118341   0.0008545824   0.0210196588
 1  6  -0.0011706430   0.0231074601   0.0019485754  -0.0007845218  -0.0687347026
 1  7  -0.0000388342   0.0000313965   0.0000870338  -0.0001597921  -0.0000325327
 1  8   0.0003202276
 2  1   0.1884568632   0.0380099723   0.3821310452   0.0559737611   0.2489910040
 2  2   0.0020638272   0.0760924071  -0.1044567991  -0.0196053411  -0.0076115537
 2  3  -0.0032589129   0.0997056694   0.0198907893  -0.0658685310  -0.1108869443
 2  4   0.0041129964   0.0404512419  -0.0301539786   0.1413104946  -0.0092403278
 2  5   0.0134284744   0.0413949678  -0.0119989222  -0.0375591249  -0.0326453296
 2  6   0.0044088103   0.0023787942   0.0032381973  -0.0011899094  -0.3059371475
 2  7  -0.0000872847   0.0007891756   0.0001418690   0.0005240191   0.0001137983
 2  8   0.0008305182
 3  1   0.1876377510   0.3552489380   0.2083821514   0.0276579404  -0.1351100271
 3  2  -0.0536933578   0.0779353993  -0.1097894446   0.0424684347   0.0048294969
 3  3   0.0921981844  -0.1314965977   0.0076859862  -0.0584727874   0.0244519378
 3  4  -0.0202601594   0.0079019769   0.0626675822  -0.1073942237  -0.0246856062
 3  5   0.0117931311  -0.0494491520  -0.0064181517   0.0349126167   0.0270457952
 3  6   0.0028466767  -0.0087638465  -0.0029601005   0.0014424602   0.3119147938
 3  7   0.0000533029  -0.0007415686   0.0001662493  -0.0005343889   0.0000988019
 3  8  -0.0008722738
 4  1   0.0200429626  -0.0658537720   0.1023924817   0.0446855168  -0.1560683089
 4  2   0.2115908141   0.0074804168   0.0025014540  -0.0137305482  -0.0128156327
 4  3  -0.2019893915  -0.0443034863  -0.0264912966   0.0315548773  -0.1956578667
 4  4   0.0528170221   0.0206971510  -0.0564489375   0.0671824936   0.0195118067
 4  5  -0.0691855747  -0.1932356321   0.0263938755  -0.0251226897  -0.1689669490
 4  6   0.0090726512  -0.1646522821  -0.0041235626   0.0070364378   0.1334865937
 4  7   0.0000865741   0.0009435673  -0.0003051263  -0.0001016958   0.0000205743
 4  8  -0.0019516062
 5  1   0.0164112201  -0.0091222466   0.2656340809  -0.0736581203   0.2387994208
 5  2   0.0916430682   0.0293042340  -0.0034853386  -0.0509852497  -0.0097464932
 5  3  -0.0312210380   0.1497924401  -0.0848765107   0.1255037594  -0.0143766398
 5  4   0.0495689661  -0.0548266080  -0.0928652379   0.0015470365   0.0820769427
 5  5  -0.0382459985   0.0806254094   0.0493308111   0.0104520964   0.0548014149
 5  6  -0.0293440859   0.0450266436  -0.0026341849   0.0003419952   0.4906846911
 5  7   0.0000259062  -0.0017935775   0.0009191435  -0.0011260001  -0.0000241257
 5  8  -0.0015609786
 6  1   0.0018587373   0.2910594670   0.1082657674  -0.1031957849  -0.1387357268
 6  2   0.0272853905   0.0298216812  -0.0092309261   0.0567892342   0.0060129991
 6  3   0.0920977256  -0.0841350855  -0.0997485266   0.1369247024   0.0229972519
 6  4   0.0410844327  -0.0783485824  -0.0374193596  -0.1482644104   0.0777734942
 6  5  -0.0585322764   0.0015257293   0.0554164038   0.0018180749  -0.0148458901
 6  6  -0.0233852934   0.0032592784   0.0012304154  -0.0017878811  -0.5073299713
 6  7  -0.0001275388   0.0013593005   0.0006813027   0.0011982596  -0.0000138719
 6  8   0.0019976665
 7  1  -0.0311730921  -0.1322657050   0.1736671316   0.0103408635  -0.1370495094
 7  2   0.1854958239  -0.0334817675  -0.0281282144   0.1562214955   0.0004467554
 7  3  -0.1967725749  -0.2780620985   0.0075217022   0.0060412008  -0.0637376874
 7  4   0.0502480470   0.0671172266  -0.0389927102   0.1102984024   0.0203931164
 7  5   0.0564557502   0.0477114908  -0.0012347730   0.0583613276   0.1103444970
 7  6  -0.0086838063   0.0562881568   0.0050149631  -0.0007928382  -0.0347614235
 7  7  -0.0000254746  -0.0003488448   0.0000157733   0.0001352856  -0.0000166643
 7  8  -0.0135483724
 8  1  -0.1043716341  -0.1033854414   0.3185070808  -0.2321636214   0.2413549776
 8  2   0.1141542046  -0.1167658240  -0.0627959199   0.0920203440   0.0048796035
 8  3  -0.0062639114  -0.0278876658   0.0712897920   0.0030562170   0.2275209830
 8  4  -0.0588247331  -0.0459517294   0.0496071455  -0.0806939512  -0.0200928200
 8  5  -0.0263548710  -0.0786536252  -0.0013883676   0.0045501008  -0.0229583209
 8  6   0.0050513455  -0.0251454770  -0.0002288251   0.0005469821  -0.0260763183
 8  7  -0.0000071111   0.0003431122  -0.0002907904   0.0001943690   0.0000073726
 8  8  -0.0421149987
 9  1  -0.0808756554   0.2970390899   0.0141320767  -0.2994634236  -0.1848386151
 9  2   0.1377987610  -0.1274120157  -0.0344172339  -0.1441857717  -0.0063353051
 9  3   0.0534805557   0.0737438165   0.0843112797  -0.0128172105  -0.1920854306
 9  4   0.0251647768   0.0452326241  -0.0163171368   0.0645111922  -0.0060118027
 9  5   0.0226248053   0.0591274564  -0.0106413248  -0.0214048783  -0.0077863379
 9  6   0.0025804001   0.0090114387  -0.0015058301  -0.0003543634   0.0346530366
 9  7   0.0000143541  -0.0001586402  -0.0001120783  -0.0002163298  -0.0000260388
 9  8   0.0437590638
10  1  -0.0349594473  -0.1207529024   0.1368035164   0.0656320738  -0.1294572090
10  2   0.1827644355   0.0379207964   0.0370640796   0.0800796300  -0.0100738904
10  3  -0.1304560644   0.1199020779   0.0103731980  -0.0063365089  -0.2883852319
10  4   0.0047693756  -0.0026903570   0.0610033397  -0.1913833878  -0.1191855570
10  5  -0.1394982137  -0.0217724455  -0.0231574287  -0.0565822520  -0.0034357401
10  6  -0.0004340203   0.2068215792  -0.0186191626  -0.0197271181  -0.0141265391
10  7  -0.0002381997  -0.0038706429   0.0149393692  -0.0004999345  -0.0022100570
10  8  -0.0003151649
11  1  -0.0798513614   0.0284180597   0.0597685173  -0.0756705941   0.2229521271
11  2   0.1839478495   0.1387455851   0.1827073213  -0.1671295492  -0.0307590182
11  3   0.0268399655  -0.0785517797  -0.0111228083   0.0417764152  -0.0990247751
11  4   0.0373133020   0.0612811863   0.1028941922  -0.0659317164  -0.0208231765
11  5   0.2257642674  -0.0248804830  -0.0329203887   0.0325988204  -0.0249883297
11  6  -0.0394351949  -0.0163210798   0.0542722907  -0.0095527460  -0.0334917191
11  7  -0.0002888906  -0.0457258802   0.0673522697  -0.0019447050  -0.0107811380
11  8   0.0002952369
12  1  -0.1477583354   0.2031479340   0.0795517161  -0.0639942919  -0.0950425739
12  2   0.0144951556   0.1400297620   0.1409851691   0.1968676198  -0.0018021208
12  3   0.0368030096   0.0549335383  -0.0077674037   0.0480677464   0.1711027818
12  4  -0.0501368432  -0.0107915598  -0.0045982351   0.2221803506  -0.1491072782
12  5  -0.0763180819   0.0053187650  -0.0463008594  -0.0137933171   0.0066545878
12  6  -0.0401599593  -0.0293585085  -0.0570915867   0.0185588864   0.0363794327
12  7   0.0001088718   0.0505105459   0.0597804543   0.0053084649  -0.0087013417
12  8  -0.0002165546
13  1   0.0306680185  -0.0413805815   0.0601659302   0.0894741057  -0.1559848898
13  2   0.2164819033  -0.0133272867   0.0469245577   0.1246388897   0.0243669650
13  3   0.1008018424   0.1017432023   0.0089723424  -0.0059194652  -0.1876733539
13  4  -0.1454495275  -0.1832858069   0.0587410613   0.0462027374   0.1327510715
13  5   0.1331790264  -0.0162459395  -0.0082742868  -0.0764348610   0.1015802033
13  6  -0.0146411473  -0.0713125623   0.0196886033   0.0270316555  -0.0018205993
13  7  -0.0004076714  -0.0007127658  -0.0024264053   0.0011302049  -0.0167737990
13  8  -0.0000071792
14  1   0.0865346670   0.1426649871   0.0212861341   0.1254607540   0.2219089766
14  2   0.1426365090  -0.0978805801   0.2244225249  -0.1155880816   0.0441494048
14  3   0.0989335565  -0.1827372815  -0.0037282368   0.0016517513  -0.0829566124
14  4  -0.0825002540   0.0047636353   0.0184409953   0.0432061897   0.0341125427
14  5  -0.2141321641   0.0411997116  -0.0330772038   0.0185054170   0.0029115053
14  6   0.0527403336  -0.0093626420  -0.0073584532  -0.0556484534   0.0075976715
14  7  -0.0009396426   0.0041418687  -0.0093945966  -0.0426306017  -0.0717072328
14  8  -0.0001485789
15  1  -0.0628472684   0.1947242108   0.1794399753   0.1465663234  -0.0447835175
15  2  -0.1038512039  -0.0632063802   0.1730701459   0.1528981679   0.0353284486
15  3  -0.1805510865   0.1842767455   0.0224946139  -0.0150540551   0.1269519768
15  4   0.0280255811   0.1771038429  -0.0034353544  -0.0711947961   0.1412248611
15  5   0.0624253002  -0.0224081223  -0.0069713568   0.0107719651  -0.0175805601
15  6   0.0537310740   0.0228848016   0.0024936646   0.0553023270  -0.0070602258
15  7  -0.0005002386  -0.0036870453  -0.0097839408   0.0520703006  -0.0595831690
15  8   0.0001394249
16  1  -0.0371075548  -0.1056037746   0.0937809147   0.1273462314  -0.1219037014
16  2   0.1807938889  -0.0089223024  -0.0278582502  -0.0426322132  -0.0027126739
16  3   0.3604630376   0.0369712536   0.0007581438   0.0017395089   0.1215056176
16  4   0.0572375220   0.0534695077   0.0072450674   0.0068458271   0.0059260780
16  5  -0.0183337019   0.0015508626  -0.0046706258   0.0021037686  -0.0013556666
16  6   0.0000496184  -0.0028022602  -0.0007196407  -0.0020233153   0.0012728722
16  7   0.0031454049   0.0000789086  -0.0000355780  -0.0002831473  -0.0002070512
16  8  -0.0000235023
17  1  -0.0442716193   0.1834131879  -0.2358620436   0.1114016706   0.2020040479
17  2   0.2612905896  -0.0029128330  -0.1016656764   0.0987183624   0.0070955018
17  3  -0.0425473071   0.0214910618   0.0030923049  -0.0026670455   0.0156014105
17  4   0.0122991482   0.0150317860  -0.0154455397  -0.0162106333  -0.0204637111
17  5   0.0163337770  -0.0051162479   0.0122267862  -0.0090397731   0.0066359202
17  6   0.0021650073  -0.0018214519   0.0001015276  -0.0009208710  -0.0013449756
17  7   0.0303757393   0.0000923095  -0.0001391248  -0.0002772835  -0.0003483682
17  8   0.0000069929
18  1  -0.2250671669   0.0944294435   0.1554430955   0.2089436036   0.0089972294
18  2  -0.1284410947  -0.0270410240  -0.0575936216  -0.1084057154  -0.0393103418
18  3  -0.0337547428  -0.0439007085  -0.0033368873   0.0012059096  -0.0550538271
18  4  -0.0324931573  -0.0469826162  -0.0077939650   0.0075744197  -0.0198791982
18  5   0.0173908453   0.0017488628   0.0130870242   0.0017347156  -0.0012398975
18  6   0.0043681203   0.0014513175   0.0001094415   0.0016074078   0.0006579201
18  7   0.0075544709  -0.0000894385  -0.0000735322  -0.0000604938   0.0001532296
18  8  -0.0000014605
19  1  -0.0977166740  -0.2081003731   0.2394559266   0.0025251120  -0.1084015434
19  2   0.1510807523  -0.0396641094  -0.0273347559   0.3622007227   0.0190789062
19  3  -0.1904977633  -0.5426423371  -0.2112382605  -0.1118876538   0.3988671608
19  4  -0.0277561793   0.0046851767   0.1051971537  -0.2515446530   0.0235791053
19  5   0.2027314011   0.6954918855  -0.0612270480  -0.5258306986  -0.5699405146
19  6   0.0303404185  -0.1194844256  -0.0455830074   0.0005573309   0.4321706747
19  7   0.0001209554  -0.0040267476   0.0015598939  -0.0013716519  -0.0002111942
19  8   0.2375784233
20  1  -0.2377895853  -0.1335398083   0.2140876276  -0.3256336288   0.2324363922
20  2   0.1878424853  -0.1417159904   0.0173739729   0.0485839822   0.0051387957
20  3  -0.0006253622   0.1443037635  -0.5976112472  -0.4767916503   0.0965582188
20  4  -0.0705837229   0.0162879858   0.0318277213   0.0589415101  -0.0376568682
20  5  -0.0685670700  -0.2939988878   0.0198686515   0.1943794211   0.1918191592
20  6  -0.0192856579   0.0300095920   0.0203370250  -0.0000221636  -0.1513088581
20  7   0.0000154725   0.0009871807   0.0022726580  -0.0002174644  -0.0006435411
20  8   0.6693917270
21  1  -0.2310828215   0.2415554280  -0.0616759848  -0.3909507349  -0.1831562073
21  2   0.1955509158  -0.1536494798   0.0418904425  -0.1110872501   0.0006231640
21  3   0.0603214906   0.1374353623  -0.6290661176  -0.5102564668  -0.1528578087
21  4  -0.0123606155   0.0845585654   0.0164967301   0.0748474026  -0.0193849589
21  5   0.0383622862   0.0798830659  -0.0107195035  -0.0360316354  -0.0272746483
21  6  -0.0086398470   0.0075911039  -0.0002804640  -0.0005171096   0.0241802501
21  7   0.0000824534   0.0000349565   0.0025080202   0.0008260376  -0.0002642306
21  8  -0.7011287502
22  1  -0.0946786033  -0.1598768385   0.1216151697   0.1605038185  -0.0928482464
22  2   0.1504654854   0.0574284397   0.1484336084   0.1244624712  -0.0121353484
22  3  -0.2509749300   0.2389415260   0.1844288188  -0.2307535345  -0.2708828665
22  4  -0.0935261031   0.1927849679   0.1758549105  -0.3010418182  -0.0684741284
22  5  -0.3771138287   0.4303620620   0.4420264064   0.3009871042   0.0262991258
22  6  -0.5240341063  -0.5368606476  -0.0316706896   0.0584127381  -0.1369538752
22  7  -0.0000830832  -0.0678041624  -0.0641940384  -0.0076734155   0.0128302577
22  8   0.0002240610
23  1  -0.3050579617  -0.0496981425  -0.0565802480  -0.2634758651   0.2122178887
23  2   0.2903684880   0.4686134564   0.2509499699  -0.1629236229  -0.1271573438
23  3   0.1230023310  -0.2143971861   0.2173613327  -0.3767804848   0.0125826714
23  4   0.1675343347  -0.2488091052  -0.2507703685  -0.2361043931   0.3238615526
23  5   0.0058818133  -0.0317489010  -0.0071625628  -0.0131081681   0.0910734669
23  6   0.1676812339  -0.0112378104  -0.6860835655   0.0980443198  -0.0815217880
23  7   0.0004165164  -0.1668188388  -0.1495138516  -0.0161571405   0.0200295788
23  8   0.0008415684
24  1  -0.0909564795   0.2248332090   0.1072102524  -0.0322072832  -0.0965845643
24  2  -0.0058284069   0.0649302897   0.1136671930   0.1905530239   0.0196929562
24  3   0.0265969351   0.0733202979  -0.0762817638   0.1570716797   0.1434556942
24  4  -0.0673949714   0.0388822522   0.0578620923   0.2640993069  -0.2236295969
24  5  -0.0123658463  -0.0402377908  -0.0958765315  -0.0385362545  -0.0263196359
24  6  -0.0359341278   0.0461056255   0.1299701616  -0.0161260781   0.0417772117
24  7  -0.0006308259  -0.6586253100  -0.6972972908  -0.0708633453   0.0991835908
24  8  -0.0006641827
25  1  -0.0691725948  -0.1861328935   0.2383330239  -0.0313153519  -0.1246688185
25  2   0.1663591404   0.0848222165  -0.0615232443   0.0993087247  -0.0314880503
25  3  -0.2386298030   0.3204838261  -0.0707148443   0.0856090274  -0.2775723223
25  4   0.1483683524  -0.1338715360  -0.1083380342  -0.4725005314  -0.3434711030
25  5  -0.0270478520   0.3347124650  -0.4281671944   0.2730180242   0.2207159220
25  6   0.4673689537  -0.6492137769   0.1208099468   0.0234811446  -0.1546448733
25  7   0.0029472068   0.1190794016  -0.1125907400   0.0067977886   0.0142230589
25  8  -0.0003050150
26  1  -0.0612855631   0.0432345585   0.0509212829  -0.0509454536   0.2225073858
26  2   0.1807035063   0.1139170867   0.1930730952  -0.1683400224  -0.0228045760
26  3   0.0408776314  -0.1029975724  -0.0128905033   0.0449638317  -0.1035796659
26  4   0.0063868087   0.0906622106   0.1447133990  -0.0087812487   0.0060169987
26  5   0.2177047290  -0.0758471037   0.0271004298  -0.0186557956  -0.0541686836
26  6  -0.1260201759   0.1165653130  -0.0293283072  -0.0069820662   0.0042151723
26  7  -0.0004374616   0.7104712157  -0.6654795070   0.0445079483   0.1066229290
26  8   0.0010332801
27  1  -0.3833297633   0.1224910708  -0.0484537612  -0.2328602200  -0.1005881405
27  2   0.1187644419   0.4732196416   0.2396861046   0.1830989803  -0.1073693491
27  3   0.1170941644  -0.1205195244   0.2628125324  -0.4159111638   0.2631632339
27  4   0.0872061801  -0.2513617972  -0.3293576261  -0.0347895374   0.2394965170
27  5  -0.3291864524   0.0086244870   0.0956215905  -0.0695183632  -0.0551344663
27  6   0.0825849064   0.1222667799   0.6794296002  -0.1118971980   0.1319613781
27  7   0.0003838073   0.0563728515  -0.0286161647   0.0033681260   0.0046585553
27  8  -0.0013659262
28  1   0.0640203436   0.0231452632  -0.0408380034   0.1867671747  -0.1603548940
28  2   0.2324358004  -0.0933725419  -0.0502009794   0.2183540670   0.0374843377
28  3   0.1587905986   0.1401255452   0.0315162951  -0.0550084400  -0.0920165237
28  4  -0.2751069799  -0.2579446738  -0.2923472064  -0.0598501135   0.2064343477
28  5   0.1842093511   0.1038251380  -0.4353167230   0.5588932240  -0.5878114142
28  6  -0.2956907010   0.2712294974  -0.0566372404  -0.1448912382   0.0426109570
28  7   0.0039828073  -0.0102033240   0.0163657403   0.1048443885   0.1052669694
28  8   0.0003672541
29  1   0.0659144787   0.1274754400   0.0283245894   0.0993970572   0.2222019001
29  2   0.1470757587  -0.0690643925   0.2248970436  -0.1313436559   0.0363007058
29  3   0.0892909819  -0.1848855114  -0.0103020878   0.0179771505  -0.1001607625
29  4  -0.0866056879   0.0516952296   0.0784871784   0.0574202695   0.0458125696
29  5  -0.2428431413   0.0282166765   0.0247138402  -0.0654232593   0.0937189521
29  6   0.1129888182  -0.0452547166   0.0130592649   0.0349099829   0.0129554913
29  7   0.0161610589  -0.0626408773   0.0880475177   0.6851871498   0.6960473302
29  8   0.0008752282
30  1   0.1713777541   0.2747830159   0.3069103146   0.3150142937  -0.0390932349
30  2  -0.2078197629  -0.3258597666   0.4015657390   0.1596928046   0.1360926234
30  3  -0.2066015349   0.1690698793   0.0716000129  -0.1554807868   0.2540455900
30  4   0.5329250224  -0.3876087509  -0.0720438073  -0.0295391671  -0.2527367492
30  5   0.3316745048  -0.0823671724   0.0553757423  -0.1255430087   0.1280847102
30  6  -0.1585616592  -0.1484236486  -0.0923337473  -0.6701526254  -0.0059228383
30  7  -0.0006066617  -0.0061856188   0.0045577689   0.0613652763   0.0417779403
30  8   0.0001724708
31  1   0.0891127223  -0.0037429806   0.0767013449  -0.0056668394  -0.1920579670
31  2   0.2481233890   0.0219741199   0.1771391360   0.2325789298   0.0666448441
31  3   0.1388564351   0.1781480186   0.0064357477   0.0112480320  -0.0473883066
31  4  -0.0314980678  -0.2863192821   0.2262654157   0.3110000795  -0.1966994961
31  5   0.3073343852   0.1611759823   0.5700201197   0.3783293607  -0.3605447370
31  6   0.5353561628   0.2218928424  -0.0382661013  -0.0234429887   0.0321254582
31  7   0.0010654325   0.0076163101   0.0135680803  -0.1023279104   0.0954217183
31  8  -0.0000780983
32  1   0.3099989248   0.2215024799   0.1338167104   0.3132757373   0.2323497432
32  2   0.0379141764  -0.3679467670   0.4196982826  -0.0843638599   0.1273310443
32  3   0.0519931614  -0.1526411088   0.0509700483  -0.1452243321   0.0740354008
32  4   0.4246006988  -0.4599513564  -0.1167130880  -0.0363482717  -0.3111335474
32  5   0.0522938366  -0.0214598855  -0.0672028882  -0.0081562128  -0.0498476409
32  6  -0.1717878399   0.1047934055   0.1048584809   0.6897862540  -0.0117058809
32  7  -0.0012948953   0.0143426891   0.0278261138  -0.1801564565   0.1555192213
32  8  -0.0002214569
33  1  -0.1240026611   0.1708961217   0.1503507192   0.1142623307  -0.0425045698
33  2  -0.0830054648  -0.0047091238   0.1107406749   0.1322605263   0.0098262291
33  3  -0.1738025240   0.1654570547   0.0095171674   0.0175434036   0.0683242841
33  4  -0.1076502944   0.2976733120   0.0056984826  -0.0889329952   0.2741149933
33  5  -0.0214523268  -0.0353553595  -0.0857437895  -0.0515187952   0.0666966486
33  6   0.0285452389  -0.0529649080  -0.0187771490  -0.1344633940  -0.0208554485
33  7   0.0039425605   0.0511361778   0.1157568050  -0.6788215147   0.6618003580
33  8  -0.0005645608
34  1  -0.0629328585  -0.1723573353   0.2150657086  -0.0071138085  -0.1248446088
34  2   0.1692606603   0.1219250986   0.0994346410  -0.3320290645   0.5529941400
34  3   0.2320957294  -0.1111710707   0.0181753697  -0.0058383391  -0.0136106010
34  4  -0.4698352391   0.2699028792  -0.6356582327  -0.3776833749  -0.4216086706
34  5   0.3653078423  -0.0753221185   0.1966134302  -0.1078246410   0.0732101670
34  6   0.0130265607  -0.0113840733   0.0001011608   0.0043932782  -0.0136371424
34  7  -0.1004046785   0.0012402246  -0.0006797945   0.0028282501   0.0058063262
34  8   0.0000267187
35  1   0.0266464214   0.2135597610  -0.2114350800   0.1766630837   0.2045036897
35  2   0.2314400966  -0.1016891555  -0.0270746661   0.1851369645  -0.2445772067
35  3   0.0733616511   0.0156309276  -0.0048235181   0.0046856909   0.0127935224
35  4  -0.0163574394   0.0255772670  -0.0442459806  -0.0292532428  -0.0467404261
35  5   0.0382599248  -0.0062185328   0.0248420601  -0.0110440749   0.0089517549
35  6   0.0085166315  -0.0060551220  -0.0014842065  -0.0033640426   0.0016363316
35  7  -0.9652981998  -0.0003553878   0.0020498762   0.0088384922   0.0148165063
35  8   0.0000146430
36  1  -0.5062592426   0.0000000000   0.0000000000   0.0000000000   0.0000000000
36  2   0.0000000000   0.3207916169  -0.4188344625  -0.3361148883   0.7443587166
36  3  -0.4467225571   0.0405391677   0.0204325089  -0.0247648636   0.0102727315
36  4   0.2969591542  -0.1791954097   0.3751835945   0.2216212707   0.2689286123
36  5  -0.2435254733   0.0456568948  -0.1297291826   0.0658975146  -0.0452120888
36  6  -0.0161423832   0.0136316525   0.0053341630   0.0059141036   0.0029579795
36  7  -0.2383731467   0.0002461021   0.0006842226  -0.0000484285   0.0006702081
36  8  -0.0000254817
$end
