$vibrational normal modes
 1  1   0.0199270418   0.2033667651  -0.0327875120  -0.0116727991   0.0123011817
 1  2  -0.0301413243   0.0629561972  -0.1290607586   0.1957876991   0.0380262816
 1  3   0.0951697150   0.0647772979  -0.1509162075  -0.0000214422   0.0512215212
 1  4  -0.0692472182  -0.0368302447  -0.0932332114  -0.0639856980  -0.0457562640
 1  5  -0.0036694802   0.0763472203   0.0243532927  -0.0001105121  -0.0019748172
 1  6  -0.0022712816   0.0195650785  -0.1612544397   0.0150896002   0.0009903769
 1  7   0.0388213123   0.0003323243   0.0238100806  -0.0540748415   0.0521130227
 1  8  -0.0882026248   0.0237621061  -0.0718182337   0.0045077731  -0.0005495141
 1  9  -0.0053394134   0.0187290227   0.0140709485   0.0002156495   0.0034315776
 1 10   0.0031459770  -0.0016069595  -0.0007977118   0.0000584277   0.0006460202
 1 11   0.0006935544  -0.0067089490   0.0003925107   0.0006928828   0.0001657581
 1 12  -0.0057339408  -0.0023675381  -0.0001221575  -0.0000009960   0.0023833338
 1 13   0.0001451202  -0.0004002529   0.0001382987   0.0002130742  -0.0002084966
 1 14   0.0000062667   0.0000106805   0.0001329026   0.0000118084   0.0000793792
 1 15   0.0000214933   0.0347665773
 2  1   0.3016571271   0.0737849456   0.1614954866   0.0740761685   0.0556998076
 2  2  -0.0163044742  -0.0670068324  -0.2099357210   0.1750826933  -0.0784523566
 2  3   0.0383912671  -0.0417656752   0.0552676813  -0.0049130126  -0.0747863891
 2  4   0.0893377733  -0.0199896714   0.0695949899   0.0586694278   0.0603337264
 2  5   0.0080475815  -0.0805098906  -0.0488684642  -0.0004228530   0.0000842211
 2  6  -0.0038488428   0.0108121616   0.0216257510   0.0029794372  -0.0003480958
 2  7   0.0186592912  -0.0005677866  -0.0002960897  -0.0045576236   0.0046349218
 2  8  -0.0126574104   0.0056181790  -0.0196307039  -0.0073050897   0.0092984259
 2  9  -0.0410947813   0.0273759379   0.0006888319  -0.0122140879   0.0106199848
 2 10   0.0137166957  -0.0060137125  -0.0095166440  -0.0040402677   0.0063546167
 2 11   0.0002419590  -0.0412872325   0.0012865815  -0.0045684989  -0.0009589283
 2 12  -0.0048114129  -0.0035298160   0.0000037095   0.0000052158  -0.0005712712
 2 13  -0.0000362065   0.0000948594   0.0000132053  -0.0001669987   0.0004148949
 2 14  -0.0000196821   0.0000027723   0.0002506819   0.0000124334   0.0000242132
 2 15  -0.0000084706  -0.0515976804
 3  1  -0.1533712553   0.1035811430   0.1425620111   0.2450403453  -0.0642483128
 3  2  -0.1181032611  -0.1764398160   0.1177828153   0.1342789425   0.0210371488
 3  3   0.1595668799   0.0568936244  -0.0935793912  -0.0020023410  -0.0147965550
 3  4   0.0122324722  -0.0330981597  -0.0295358937  -0.0131612988  -0.0076048443
 3  5   0.0010310933  -0.0293634605  -0.0172520578   0.0003042632   0.0001639920
 3  6  -0.0053195398   0.0097490465   0.1139513339  -0.0038774989  -0.0009726857
 3  7  -0.0096365856  -0.0002315373  -0.0257357138   0.0476727797  -0.0507634531
 3  8   0.1290128766  -0.0555796529   0.0195104287   0.0082565532  -0.0041684579
 3  9   0.0143489450   0.0108854625   0.0242503250   0.0157919699  -0.0126842392
 3 10  -0.0183115276   0.0081386563   0.0129789422   0.0049842374  -0.0072387438
 3 11  -0.0004119143   0.0337502483  -0.0011262013  -0.0000394276   0.0000729078
 3 12   0.0087851245   0.0044214001   0.0002808068  -0.0000111624  -0.0013456980
 3 13  -0.0000618076   0.0001767066   0.0000585269  -0.0001147490   0.0003362874
 3 14  -0.0000136884  -0.0000219598  -0.0001012653  -0.0000070786  -0.0000614120
 3 15  -0.0000163672   0.0074057489
 4  1   0.0437520102   0.1941138111  -0.0374741507  -0.0533417034  -0.0076740725
 4  2  -0.0005110676   0.1219999937  -0.1596469897   0.0491092282   0.0787693378
 4  3  -0.0785706997  -0.0227654659   0.0188926194   0.0091141378   0.1035914466
 4  4  -0.1160373486  -0.0428897925  -0.0540550568  -0.0175086636  -0.0110381555
 4  5   0.0038973104  -0.0367899137  -0.0225032188  -0.0001745054   0.0022905578
 4  6   0.0283187430  -0.1023848621   0.0726993213  -0.0379772808   0.0016209630
 4  7  -0.1148604822   0.0018108012  -0.0330255920   0.0869625144  -0.0819970506
 4  8   0.1196043242  -0.0239792022   0.1616100889  -0.0123972246  -0.0001695613
 4  9   0.0154599240  -0.0271648859  -0.0077889934   0.0140383221  -0.0166234463
 4 10  -0.0148997730   0.0080803008   0.0015537010  -0.0120762682   0.0198795040
 4 11  -0.0023410228  -0.1279760436   0.0035398783  -0.0120792091  -0.0017784161
 4 12  -0.0220217934  -0.0144885462  -0.0024371382   0.0000012352  -0.0030329266
 4 13   0.0020565987  -0.0131171015  -0.0222614090   0.0125236081  -0.0421132721
 4 14   0.0002731442  -0.0001930621  -0.0081334539  -0.0001827124  -0.0012596722
 4 15  -0.0000939567  -0.0006175155
 5  1   0.2631690974   0.0687370280   0.1996064527  -0.0079744589  -0.0365300767
 5  2  -0.0965057095  -0.0670421806  -0.0066917937  -0.0929484292   0.1152636666
 5  3  -0.0172490868  -0.0211619322   0.0677230694   0.0069083609   0.0258288631
 5  4  -0.0376741146  -0.0233352566  -0.0472860845  -0.0457639948  -0.0396648408
 5  5  -0.0070724576   0.1265770446   0.0655195302   0.0001618256  -0.0024750819
 5  6  -0.0122698282   0.0640851350   0.0927594300   0.0177366966  -0.0013093265
 5  7   0.0568630343  -0.0029099907  -0.0221820209   0.0475523127  -0.0215732219
 5  8  -0.1482308110   0.1125591531   0.0895452149  -0.0178050311  -0.0055047645
 5  9   0.0374758873  -0.0225651208   0.0136802757   0.0246185209  -0.0187168933
 5 10  -0.0300941376   0.0106250568   0.0289419895   0.0213162894  -0.0311102288
 5 11   0.0021991167   0.1193421949  -0.0021685496   0.0110973293   0.0017155914
 5 12  -0.0417269054  -0.0234199356  -0.0066591135  -0.0000054501   0.0332914588
 5 13   0.0053369113  -0.0250861052  -0.0192871284   0.0211427164  -0.0462741555
 5 14   0.0002739709  -0.0002499976  -0.0099874559  -0.0002142709  -0.0016683851
 5 15  -0.0000768326  -0.0012904424
 6  1  -0.1254311784   0.0927626543   0.1370160035   0.1964182408  -0.0874703988
 6  2  -0.0833023789  -0.1067341676   0.0806266413  -0.0355703995   0.0682804163
 6  3  -0.0431823283  -0.0445697628   0.0997350948   0.0084165313   0.0483142554
 6  4  -0.0463992422  -0.0380932983   0.0128207463   0.0368966780   0.0353310032
 6  5   0.0101397632  -0.1226449179  -0.0643835592  -0.0007179973   0.0031197490
 6  6   0.0339950637  -0.1231469077  -0.1002249790  -0.0346573013   0.0033010083
 6  7  -0.1020851089   0.0032082508   0.0533436297  -0.0813121772   0.0848637511
 6  8  -0.1902760135   0.0774079584   0.0027583679  -0.0036685649   0.0019642734
 6  9  -0.0084611627  -0.0094399859  -0.0193202577  -0.0135641731   0.0156612469
 6 10   0.0203501968  -0.0134607379  -0.0054075740   0.0154939130  -0.0302784703
 6 11  -0.0138592791  -0.0000747546  -0.0017657334  -0.0029394062  -0.0012256857
 6 12   0.0522179036   0.0287829974   0.0064763367  -0.0000092561  -0.0524774940
 6 13  -0.0022890706   0.0012132218  -0.0301542819   0.0031789162  -0.0442750897
 6 14   0.0003355240  -0.0002416715  -0.0037358282  -0.0000624190  -0.0004521878
 6 15  -0.0000413327   0.0013324346
 7  1  -0.0373882203   0.1799987678  -0.0462193216  -0.0672808836   0.0216295585
 7  2   0.0111108631   0.1317635581  -0.0096687586  -0.0566736520   0.0971097454
 7  3  -0.0342711796   0.0738737412  -0.1110359560   0.0003742238   0.0205367971
 7  4  -0.0034580826  -0.0066571738  -0.0013332445   0.0872104320   0.1342270972
 7  5   0.0180385361  -0.0288351317  -0.0206968858  -0.0011740365   0.0057927443
 7  6   0.0221716826  -0.0651619278   0.2251011821  -0.0200887724  -0.0025895112
 7  7   0.0641298735  -0.0033697228  -0.0059689196  -0.0213467606   0.0244533231
 7  8  -0.0753568502   0.0295721971  -0.1474387131  -0.0158745668   0.0143583808
 7  9  -0.0453328151  -0.0089215773  -0.0416581939  -0.0202041812  -0.0088402572
 7 10  -0.0112136946   0.0158624277  -0.0095459375  -0.0347431267   0.0639139744
 7 11   0.0294548475   0.0607398464   0.0002229675   0.0035957717   0.0031369312
 7 12   0.0001772285   0.0081355641   0.0029998768  -0.0000006561  -0.0152148358
 7 13   0.0048639472  -0.0272796057   0.0119768473   0.0149260077   0.0167099686
 7 14  -0.0001964152   0.0026802506  -0.0603438689  -0.0010590422  -0.0063558348
 7 15  -0.0007076894   0.0000107330
 8  1   0.2026324227   0.0542914173   0.1797081941  -0.0096916433   0.0112631513
 8  2  -0.0559666151  -0.0410173464   0.0718066043  -0.1601456017   0.0906187199
 8  3  -0.0059825413   0.0540496043  -0.0393803299  -0.0017602398  -0.0251429378
 8  4   0.0376347729   0.0053848769  -0.0360356722   0.0103626769   0.0454610523
 8  5   0.0016558438   0.1555036042   0.0806851777  -0.0006837051   0.0026396678
 8  6   0.0282551875  -0.0942891057  -0.0904173998  -0.0239440820   0.0019024543
 8  7  -0.0492484490   0.0034320356   0.0309881146  -0.0534270681   0.0241574626
 8  8   0.1764348728  -0.1293418312  -0.0838508540   0.0194016420   0.0060350756
 8  9  -0.0268296891  -0.0278037703  -0.0584770370  -0.0301274316   0.0116983078
 8 10   0.0087584907  -0.0075638586   0.0062289895   0.0312896862  -0.0598614566
 8 11  -0.0277841864  -0.0513223254   0.0003077597   0.0505294248   0.0076258213
 8 12  -0.0046366523   0.0079898289   0.0018738891  -0.0000014468   0.0060751834
 8 13  -0.0037693192   0.0224530189  -0.0035715909  -0.0171032749  -0.0013039196
 8 14   0.0005752301   0.0027201410  -0.0625232914  -0.0010924515  -0.0045217865
 8 15  -0.0003931610   0.0000616652
 9  1  -0.1402475305   0.0713594555   0.0711056027   0.2356265774   0.0425791676
 9  2   0.0720727638  -0.0164148474  -0.0588414916   0.0104858540  -0.1141047715
 9  3  -0.1340223577  -0.0306696247   0.0699900552  -0.0027932243   0.0230067008
 9  4   0.0083513533  -0.0057173607  -0.0179943391   0.0198127306   0.0171500918
 9  5   0.0010396413   0.0968440752   0.0733861805  -0.0008487677   0.0024760012
 9  6   0.0532506036  -0.1020178757  -0.0900034354  -0.0091712192   0.0019600047
 9  7   0.1640454008  -0.0021413011  -0.0904778208   0.1242690170  -0.1028064615
 9  8   0.0086865280   0.0380178685  -0.0996101625  -0.0363681923  -0.0010924435
 9  9   0.0333846532  -0.0279639805   0.0092111386   0.0244844092  -0.0113155190
 9 10   0.0014458681  -0.0018122771  -0.0167783061  -0.0350669975   0.0588439049
 9 11   0.0196013578   0.0115101278   0.0008253856   0.0545696482   0.0127642483
 9 12  -0.0075370249   0.0214514906   0.0068182136   0.0000018321   0.0183855211
 9 13  -0.0062081310   0.0375453292  -0.0145288742  -0.0253412584  -0.0177946381
 9 14   0.0006620272  -0.0018707964   0.0180232740   0.0003673589   0.0026433667
 9 15   0.0003848048  -0.0001743311
10  1  -0.0684657938   0.1929290441  -0.0396400115  -0.0099878769   0.0484159492
10  2  -0.0296617574   0.0504040646   0.0412208646   0.0204409712   0.0368491320
10  3   0.0019850476   0.0493251676   0.0699800596   0.0009439827   0.0373497878
10  4   0.0401421049  -0.0173560138   0.1143180728   0.1519863898   0.0002766525
10  5  -0.0197215459  -0.0297286001   0.1998162769  -0.0006660721   0.0127737599
10  6  -0.0033054727   0.0309629867  -0.0089789248   0.0336422213  -0.0073073434
10  7   0.1075945357  -0.0048910213   0.0433620470  -0.0834974190   0.0586697531
10  8   0.0457951311  -0.0360394248   0.1447857418   0.0469848986  -0.0161899221
10  9   0.0300860403   0.0260579974   0.0262854017  -0.0128855206   0.0191833778
10 10   0.0227404067  -0.0084706082  -0.0171538311  -0.0030433479   0.0052188058
10 11  -0.0028361406  -0.0010204540  -0.0000950252   0.0131393750  -0.0003190042
10 12   0.0042441781  -0.0052159695  -0.0029067676  -0.0000006464   0.0003543553
10 13  -0.0006974528   0.0022548849   0.0004052754   0.0007839065  -0.0002857280
10 14  -0.0001104445   0.0006909197  -0.0006495363  -0.0000564512   0.0006027815
10 15   0.0000556176  -0.0000974052
11  1   0.1235312055   0.0318611059   0.1100834101   0.0576400508   0.1790881537
11  2   0.0880787712   0.0060953114   0.0571549609  -0.1403316206  -0.1057370341
11  3  -0.0364713620   0.1498556125  -0.0928533971  -0.0121615117   0.0365241319
11  4   0.0160873875   0.0362637157  -0.1721799798  -0.0571345632  -0.0703952550
11  5   0.0033979530  -0.1441046328  -0.0492865449  -0.0028494734   0.0037289393
11  6   0.0100385792  -0.0589171020   0.0099723351  -0.0192702705   0.0060115889
11  7   0.0700733475   0.0075827302   0.0622174812  -0.0361292805   0.0251119590
11  8  -0.0036140355   0.0031098275   0.0843654320  -0.0045223824  -0.0019029536
11  9   0.0103230407   0.0149478575   0.0304433448   0.0129996285   0.0001959904
11 10   0.0173851620   0.0045358178  -0.0328775628  -0.0158533978   0.0088854692
11 11  -0.0087099351   0.0079458788  -0.0014697346   0.0088726062  -0.0004204099
11 12   0.0032339832  -0.0025350905  -0.0031794703   0.0000111410   0.0000629324
11 13  -0.0006143888   0.0009741080   0.0004920438   0.0007403888  -0.0002776812
11 14  -0.0000391371   0.0000269699   0.0003159791   0.0000051898   0.0002449266
11 15   0.0000125823   0.0000413068
12  1  -0.1224787517   0.0650587721   0.0690485486   0.2044182357   0.0252971831
12  2   0.0904934547   0.0256825807  -0.0852659620  -0.0331384557  -0.0790818530
12  3  -0.1568905357  -0.0226893191  -0.0200242196  -0.0034903956   0.0082617539
12  4  -0.0121413161   0.0028239537  -0.0723925683  -0.0267591763   0.0837653626
12  5   0.0199450360   0.1259997261  -0.0665214200  -0.0004672441  -0.0103986160
12  6  -0.0284704544   0.1444241892   0.0308444554   0.0335759795   0.0003428201
12  7  -0.0675191481   0.0007266594   0.0658933047  -0.0574478980   0.0585261409
12  8   0.0058183362  -0.0345450770   0.0752429121   0.0765362725  -0.0116040329
12  9  -0.0093169538   0.0305924576  -0.0226935036  -0.0463380222  -0.0019352511
12 10  -0.0278455048   0.0379568087   0.0106055751  -0.0059178003   0.0094141252
12 11  -0.0021860236  -0.0000087246  -0.0001512316   0.0121851261   0.0021592551
12 12  -0.0014224214  -0.0024427483  -0.0022030840   0.0000094412   0.0010445975
12 13  -0.0004449267   0.0019096700  -0.0001658074  -0.0007540437  -0.0001941662
12 14  -0.0000055108  -0.0000326205  -0.0006971536   0.0000209223  -0.0004270650
12 15  -0.0000237530  -0.0000686204
13  1  -0.0222681031   0.2036305769  -0.0332178310   0.0070514666   0.0339936592
13  2  -0.0428516743   0.0315258503   0.0218806860  -0.0311783590   0.0092188609
13  3  -0.0494416868   0.1069030417   0.0458673998  -0.0115770252   0.0163281853
13  4   0.1142528850   0.0263244244  -0.0657617057   0.0531485286  -0.0341898662
13  5  -0.0110983919  -0.0635635977   0.0930134845  -0.0014116554   0.0032640211
13  6  -0.0569995926   0.1069018460  -0.0413888258   0.0248735705  -0.0017590893
13  7  -0.1727597993  -0.0034057998   0.1174574788   0.1291556302  -0.0836301545
13  8  -0.0204633224   0.0664829293  -0.1247732316  -0.0507159521   0.0081269654
13  9  -0.0037857773  -0.0106817449  -0.0008637627   0.0092854667  -0.0112060176
13 10   0.0015411941   0.0606698062  -0.0458359499  -0.0320879755  -0.0240530194
13 11  -0.1047173337   0.0058041534  -0.0162737587  -0.0204184435   0.0024766201
13 12  -0.0053343099  -0.0055186889   0.0003860148   0.0000079475   0.0004261771
13 13   0.0021870509  -0.0036727928  -0.0029505840  -0.0029686111   0.0013267291
13 14  -0.0001530983   0.0080237324   0.0006715853  -0.0005616341   0.0079441451
13 15   0.0003651548   0.0000305622
14  1   0.0488473372   0.0151239416   0.0988421777   0.0342982846   0.2059068583
14  2   0.1103104160   0.0347211007   0.0895034280  -0.0588955803  -0.0683323135
14  3   0.0452915120   0.0477022716  -0.0413427231   0.0093044632   0.0564359674
14  4  -0.1036958522  -0.0366568646   0.1581978815   0.0690284251  -0.0172833291
14  5  -0.0136224872  -0.0260276421   0.0308066418   0.0036034206  -0.0049742968
14  6  -0.0012351533   0.0721134747  -0.0254182808   0.0276158558  -0.0090377668
14  7  -0.1209016055  -0.0133484125  -0.3342734426   0.0106302534  -0.0161295659
14  8  -0.0546392685  -0.0201986900  -0.0480138204   0.0224117777  -0.0043197727
14  9  -0.0075177215   0.0022527502  -0.0194450572  -0.0063411257  -0.0086359710
14 10  -0.0129917042  -0.0206956806   0.0209346069   0.0028732794   0.0068111387
14 11  -0.0028472621  -0.0017762887  -0.0027381689   0.0182870667  -0.0124207252
14 12   0.0324947292  -0.0440663197  -0.0505232933  -0.0000071725  -0.0030239540
14 13  -0.0186846148   0.0304372534   0.0361756362   0.0429450092  -0.0166807328
14 14   0.0003739604   0.0067381883  -0.0004751741  -0.0008185698  -0.0019891352
14 15  -0.0001394387  -0.0000143039
15  1  -0.0682791064   0.0611712626   0.1016677106   0.1016408176  -0.0939254699
15  2   0.0484862460   0.0827409360  -0.1102381273  -0.0795443524   0.0878882102
15  3  -0.1271161909  -0.0942333622  -0.1471472186  -0.0032196893  -0.1187780309
15  4   0.0333784745   0.0242090633   0.1393317284  -0.0406296529  -0.0662139540
15  5  -0.0373798684  -0.0445287059   0.0467770125   0.0083393226   0.0077882431
15  6  -0.0737084573   0.0039974797  -0.0013713873  -0.0223637159  -0.0085796056
15  7  -0.0193526769   0.0042359896  -0.0904458469  -0.0865032837   0.0161902381
15  8   0.0226275621  -0.0122441462   0.0164974437  -0.1563462606   0.0171736731
15  9   0.0118005865  -0.0256368853   0.0532603968   0.0299499268   0.0465990153
15 10   0.0243729030   0.0016178689   0.0145504918  -0.0004689965   0.0083458668
15 11   0.0129705014  -0.0017710231  -0.0011919512   0.0090323785  -0.0042948319
15 12   0.0123820737  -0.0125756984  -0.0123370621   0.0000286803   0.0015372449
15 13   0.0063922381  -0.0084700682  -0.0161266238  -0.0077056317   0.0076173426
15 14  -0.0014495876   0.0641948511  -0.0018624059  -0.0044602117   0.0627094719
15 15   0.0033938342   0.0000239890
16  1  -0.0635603573   0.1878160570  -0.0423419471  -0.0295243329   0.0415805379
16  2  -0.0156494007   0.0678933415   0.0297421668   0.0126890898   0.0549740102
16  3   0.0257685376   0.0391114249   0.1139872396   0.0088032231  -0.0452524629
16  4   0.1137494783   0.0330174807  -0.0501294828  -0.0372812283  -0.0429026636
16  5   0.0142532837   0.0368834820  -0.0845960542  -0.0044893965  -0.0438158251
16  6   0.0039558191   0.0306163685  -0.0072000817  -0.1129609669   0.0990387517
16  7   0.0083244310   0.1078523858  -0.1549926877   0.0096534313  -0.0017505332
16  8  -0.1124335486  -0.1907248497   0.0206204167  -0.0073413874  -0.0172755358
16  9  -0.0053292601   0.0081758483  -0.0165531326   0.0188149497  -0.0230989329
16 10   0.0158866100   0.0493894281  -0.0381990539   0.0169425670  -0.0434633247
16 11   0.1056864014  -0.0078057983   0.0203539644   0.0062214782  -0.0177119807
16 12   0.0026903248   0.0069034147  -0.0060404984  -0.0000203641  -0.0005365747
16 13   0.0000100195  -0.0006427103   0.0052377797  -0.0014589755  -0.0029240521
16 14   0.0005881713  -0.0103593112  -0.0013626439  -0.0017179468   0.0124329031
16 15   0.0010978644   0.0000220181
17  1  -0.0116522695   0.0032481243   0.1103846714  -0.0175424912   0.1777547811
17  2   0.0852115124   0.0558865983   0.0954338057   0.0279539646   0.0216308117
17  3   0.0189557519  -0.1210827744  -0.0516888430   0.0055132786   0.0198840928
17  4  -0.0605658188  -0.0267429138   0.2022869073   0.0448896321  -0.0478828044
17  5   0.0249987003   0.0462379736  -0.0569802016  -0.0024343362  -0.0354055658
17  6   0.0214495895   0.0361216991   0.0019412813  -0.0784733917   0.0693525946
17  7   0.0162408012   0.0832283191   0.3127621723   0.0713689139  -0.0376646863
17  8  -0.0206005345  -0.0436061829  -0.0148363683  -0.0576741269  -0.0043065251
17  9   0.0123244912   0.0072013885  -0.0005895262  -0.0156033780   0.0120700568
17 10  -0.0042930602  -0.0139172937   0.0226874989  -0.0005049743   0.0077725049
17 11   0.0015382073  -0.0013119517  -0.0057537857  -0.0111927283   0.0221795648
17 12  -0.0146984571   0.0402410828  -0.0605253041   0.0000342387  -0.0029147245
17 13   0.0098337608  -0.0113483366   0.0314894330  -0.0280456835  -0.0212685549
17 14   0.0071119144   0.0348682605   0.0052161882   0.0020505329  -0.0311085860
17 15  -0.0016292032   0.0000062050
18  1  -0.0633699151   0.0403213673   0.0526217276   0.1024705943  -0.0158039158
18  2   0.1759675078   0.1427786132  -0.0967709842  -0.1178686389   0.0464056879
18  3   0.1446357983   0.0626011024   0.0637717623   0.0601265977  -0.1458419997
18  4  -0.0697148637   0.0049006100   0.0540841282  -0.0906729502   0.0160997804
18  5  -0.0378884089  -0.0414343699   0.0542183466   0.0005005666   0.0245424594
18  6  -0.0687114004  -0.0470855964  -0.0099659040   0.0022028131   0.0073467342
18  7   0.0174299004  -0.0052493514   0.0880634948   0.0774933712  -0.0053134239
18  8  -0.0294729162  -0.0084627351   0.0004708668   0.1503506141  -0.0100416111
18  9  -0.0417736685  -0.0092920700  -0.0256680455   0.0644149890  -0.0243801749
18 10   0.0153394796  -0.0319544885   0.0132867390  -0.0112303163   0.0095058316
18 11  -0.0232133267   0.0035916477  -0.0033954968  -0.0030864501   0.0081253526
18 12  -0.0046328558   0.0064709570  -0.0146146530   0.0000649431  -0.0040101561
18 13   0.0100478440  -0.0097429593   0.0380903340  -0.0214145188  -0.0233795964
18 14   0.0021894437  -0.0476044392  -0.0064516429  -0.0042949469   0.0588412077
18 15   0.0068824068  -0.0000080839
19  1  -0.0152249310   0.1983923475  -0.0359585441  -0.0138157553   0.0259642868
19  2  -0.0279194463   0.0564342566   0.0463181103  -0.0355105098  -0.0191778397
19  3   0.0166579004   0.0882586727   0.0679182728  -0.0069748261  -0.0209285201
19  4   0.0523817045   0.0025802972   0.1738792374  -0.0352863900  -0.0839919774
19  5  -0.0178880294   0.1024919554  -0.2004204744  -0.0105452462  -0.0205181180
19  6   0.0005918702  -0.0384576627   0.0061672885   0.0266597641  -0.0341855730
19  7   0.0085515128  -0.0938333395  -0.0095219857  -0.0203436304   0.0350440931
19  8   0.0844975837   0.1344925843  -0.0056758610   0.0297595044   0.0360173818
19  9  -0.0062390977  -0.0301017938   0.0380196331  -0.0268461102   0.0126608606
19 10  -0.0269436100  -0.0109716354  -0.0208972129   0.0103488617   0.0036089479
19 11   0.0023519575  -0.0000908741  -0.0012741339  -0.0025114244   0.0089516665
19 12  -0.0021215325   0.0045203222  -0.0038874081  -0.0002542513  -0.0001027147
19 13   0.0010205590  -0.0002917698   0.0008085269  -0.0012538148  -0.0006882785
19 14  -0.0000936897   0.0005793283   0.0000886201   0.0004698647  -0.0007747064
19 15  -0.0000369127  -0.0000161395
20  1  -0.0845436739  -0.0129440474   0.1011717171  -0.0431285963   0.1996821894
20  2   0.1032384159   0.0739207535   0.0714924482   0.1036061317   0.1338769163
20  3   0.0329703010  -0.2106123169   0.0257168330   0.0212136267  -0.0352140619
20  4   0.0424782197   0.0276983309  -0.1631389810  -0.0029269111   0.0013629136
20  5   0.1071163412  -0.0174643758   0.0305990638  -0.0036601685   0.0061923530
20  6   0.0007394519   0.0079438165  -0.0044085168  -0.0140422821  -0.0456649293
20  7  -0.0100219197  -0.0181041559  -0.0619953275  -0.0342128965   0.0158393850
20  8   0.0726414833   0.1324088543  -0.0093922127   0.0462476098   0.0433614350
20  9  -0.0031896071  -0.0148448815   0.0134642312   0.0060695634   0.0027391352
20 10   0.0062147126   0.0225163205  -0.0193095066   0.0264925667   0.0040743744
20 11   0.0092969251  -0.0009709004   0.0030975930  -0.0026738755   0.0138002442
20 12  -0.0006945005   0.0029241595  -0.0056692842   0.0001334740  -0.0001851274
20 13   0.0017751351  -0.0000825777   0.0007705671  -0.0006500768  -0.0004777617
20 14   0.0000371035   0.0000428022  -0.0000175808   0.0002397252  -0.0000286987
20 15  -0.0001021234  -0.0000026424
21  1  -0.0088627441   0.0367329651   0.0862407268  -0.0010488370  -0.1370962585
21  2   0.1316649262   0.1463459886  -0.0058129241  -0.0549914565  -0.0440823940
21  3   0.1136277012  -0.0484520592   0.0193595747  -0.0085103333   0.0060277737
21  4   0.0157635989   0.0061132183  -0.0497214377   0.0639137827  -0.0489320845
21  5   0.1885336125   0.0193431402  -0.0255822831  -0.0586279453   0.0669507955
21  6   0.0113997750  -0.0329722115   0.0087120136   0.1414411170  -0.0004598337
21  7  -0.0111340410  -0.0278079034   0.0108146038   0.0442182301   0.0320698139
21  8  -0.0419801969  -0.1003962367   0.0066775587  -0.0828083517  -0.0084572464
21  9   0.0224443597   0.0154347764   0.0045194927  -0.0493204906  -0.0177670488
21 10  -0.0307234560  -0.0227217910  -0.0229081989   0.0037553062  -0.0052625951
21 11   0.0019584024  -0.0004689031  -0.0017513224  -0.0001661585  -0.0098565053
21 12  -0.0001765306   0.0007006838   0.0003949260  -0.0000507474   0.0000576811
21 13  -0.0019052684  -0.0005053233   0.0000052577  -0.0000361882   0.0000926663
21 14   0.0001935479  -0.0001308282   0.0000479139  -0.0011179127  -0.0002967930
21 15  -0.0000752694   0.0000062062
22  1   0.0569518436   0.1950824823  -0.0367703337  -0.0556086068  -0.0135679047
22  2   0.0008724787   0.0278974328   0.1465362964   0.0081177575  -0.0888613551
22  3   0.0015542161  -0.1097667930   0.0068134359  -0.0467398752   0.0276878233
22  4   0.0308878788  -0.0036043186   0.1069788302  -0.1910107500   0.0610002714
22  5   0.0472545144  -0.0181135112   0.0236585969   0.1246741370   0.0441185427
22  6   0.0061050426  -0.0060556576   0.0007763858   0.0073216249  -0.1919139662
22  7   0.0050150811   0.0386296699   0.0230803201  -0.0284554388  -0.0521025883
22  8  -0.0355069888  -0.0479295660   0.0040481858  -0.0110991495  -0.0480953618
22  9   0.0018563144   0.0331430478  -0.0490575110   0.0544908774   0.0121334172
22 10   0.0099034098   0.0155295840  -0.0038125202   0.0498017961   0.0326208044
22 11  -0.0198030998   0.0015971132   0.0103180613   0.0018999186  -0.0109797482
22 12  -0.0008743393   0.0008781059   0.0008589848  -0.0000193580   0.0015038809
22 13  -0.0512666315  -0.0169130645   0.0013421829  -0.0109627447  -0.0014312749
22 14  -0.0065645752   0.0006794135  -0.0013961195   0.0613256591   0.0042040822
22 15   0.0212428853   0.0000156471
23  1  -0.0635874431  -0.0035796470   0.1616123957  -0.1279435704   0.0537809797
23  2  -0.0225961288   0.1179480339   0.0990477710   0.1175662832   0.0002814660
23  3  -0.0363228564  -0.0645712337   0.0166621515  -0.0056088532  -0.0016500719
23  4   0.0239742726   0.0084156795  -0.0540603718  -0.0238559471   0.0224233052
23  5  -0.2135695286   0.0092605655  -0.0396598988  -0.0616615847   0.0175397157
23  6  -0.0198691043  -0.0587652654   0.0097172926   0.1454092324   0.0816877203
23  7  -0.0059268254  -0.0820925011   0.0237855530  -0.0704647131  -0.1008202970
23  8  -0.0470194473  -0.0577705947   0.0031350615  -0.0152182474  -0.1000681484
23  9  -0.0262268095  -0.0077214568   0.0019102135   0.0036834511  -0.0034362220
23 10  -0.0002677542  -0.0031399614   0.0013346468  -0.0210029483  -0.0161653400
23 11   0.0109368337  -0.0009164568   0.0009368486  -0.0065744287   0.0699727579
23 12   0.0132295373  -0.0240352793   0.0094349358   0.0000653048  -0.0012042737
23 13   0.0392806525   0.0135304292  -0.0002081173   0.0093215734   0.0005410327
23 14  -0.0146250198   0.0000531989  -0.0013672921   0.0494422529   0.0008975690
23 15   0.0197230150   0.0000019154
24  1   0.0181079909   0.0409775059   0.1181481206  -0.0552491381  -0.2232285656
24  2   0.0711852950   0.1630948397   0.0313149014  -0.0364621559  -0.1295721792
24  3   0.0726980890  -0.0173905743  -0.0017752010  -0.0265350286   0.0412246911
24  4   0.0034320080  -0.0061440180  -0.0199056886   0.0399702833  -0.0034859167
24  5   0.0249602082  -0.0065394071   0.0196987575  -0.0320452537  -0.0092476918
24  6   0.0237109543   0.0495499248  -0.0050384560  -0.0824261816   0.0599358461
24  7  -0.0074371944   0.0976813704  -0.0217540890  -0.1500617560  -0.1177201837
24  8   0.0727024904   0.1731430688  -0.0161267197   0.0581686748  -0.0133141436
24  9  -0.0164273780  -0.0103698859  -0.0007938764   0.0209045927   0.0260969485
24 10  -0.0127219508  -0.0066918857   0.0085820853  -0.0963270063  -0.0584592721
24 11   0.0290724690  -0.0011936562   0.0039335461  -0.0002699615  -0.0186919172
24 12  -0.0076631806   0.0153101460  -0.0093086152   0.0002440034   0.0005544454
24 13  -0.0216139587  -0.0076750471   0.0011517603  -0.0057618768  -0.0011282140
24 14  -0.0029942287   0.0009834067  -0.0004802352   0.0246524215   0.0013225776
24 15   0.0075788525  -0.0000097233
25  1   0.0270906022   0.1724404828  -0.0494361036  -0.1203334404  -0.0175917482
25  2   0.0481806846  -0.1522566766   0.0882551878   0.0262823159  -0.0669958021
25  3  -0.0679701391  -0.0315713170  -0.0089021313   0.0349850603  -0.1059873563
25  4  -0.0701285380   0.0016063856  -0.0191618967  -0.0032632132  -0.0005662781
25  5   0.0404323270  -0.0017635732   0.0029439727   0.3342707737   0.0899883466
25  6   0.0049888208  -0.0025005336   0.0024062130   0.0427316655   0.1386634736
25  7  -0.0057258607   0.0236681482  -0.0138963509   0.0021122331   0.0188722159
25  8   0.0268414311   0.0422447246  -0.0042172330   0.0047810386  -0.0025043323
25  9  -0.0141482148  -0.0347503920   0.0504281743  -0.0601521968  -0.0664481776
25 10   0.0584071227   0.0087975974   0.0379723087  -0.0193469754  -0.0065734861
25 11  -0.0000586854   0.0003238744   0.0084579298   0.0007512513  -0.0051704398
25 12  -0.0003260620   0.0010101948  -0.0010936106   0.0003703131   0.0001566629
25 13  -0.0004219482   0.0005686918  -0.0026140764   0.0019863404   0.0019796594
25 14   0.0236508136   0.0001507341   0.0001495891  -0.0091610237  -0.0032267702
25 15   0.0432446943   0.0000044929
26  1  -0.0725931211  -0.0017134722   0.2079272779  -0.2067865425  -0.0581334593
26  2  -0.1194364577   0.1197315812   0.0854623360   0.1229982943  -0.0970120655
26  3  -0.1016914962   0.0853445138   0.0169703560   0.0350256881  -0.0992447190
26  4  -0.0684492054   0.0003232249  -0.0454294108   0.0346188774  -0.0038471916
26  5  -0.0766764248   0.0026188448  -0.0133831114  -0.0796276787   0.0385021256
26  6   0.0031314236   0.0111338614  -0.0033376614  -0.0311278653  -0.0924790311
26  7   0.0041506650   0.0764386132  -0.0247017567   0.1233056397   0.1508076882
26  8   0.0337157788   0.0150640757   0.0020726281  -0.0205561185   0.0445945837
26  9   0.0299071383   0.0358832709  -0.0389676099   0.0274985761   0.0267563581
26 10  -0.0209101807  -0.0066566327  -0.0059704960  -0.0194563772  -0.0104534850
26 11  -0.0009886083   0.0012066262   0.0308730355  -0.0007725942  -0.0003177508
26 12  -0.0001556117   0.0013582451  -0.0016239872   0.0001815242   0.0001459248
26 13  -0.0005273520   0.0004591924  -0.0029416574   0.0019435386   0.0021921953
26 14   0.0208692510   0.0006784636   0.0003847586  -0.0207961127  -0.0062544427
26 15   0.0707100276  -0.0000036171
27  1   0.0070902620   0.0248335023   0.0685570258  -0.0259801932  -0.1255313691
27  2   0.1881866716   0.0450685532   0.0047452950  -0.0309681486  -0.0290764322
27  3   0.0874619821  -0.0911518227  -0.0098672281  -0.0156572601   0.0628041246
27  4   0.0340318870   0.0033428863  -0.0963194619   0.1014040055  -0.0142249045
27  5  -0.1469381311   0.0116071416  -0.0227110368   0.2670600540  -0.0687153184
27  6  -0.0057355944   0.0227887471  -0.0068426693  -0.1091175456  -0.0315082435
27  7   0.0115971089  -0.1426288675   0.0067517053   0.0547972570   0.0502279320
27  8  -0.0165115243  -0.0475454357   0.0065259757  -0.0134548640   0.0268384632
27  9   0.0167139507   0.0187541296  -0.0192440752   0.0127511287   0.0048611306
27 10   0.0037802054   0.0036302334   0.0032760553   0.0154001253   0.0148695297
27 11  -0.0219935320   0.0039643411   0.0776807045  -0.0008468683   0.0008705745
27 12   0.0007838885   0.0007272775  -0.0030208685  -0.0005987526   0.0000845727
27 13   0.0042284077   0.0025342816  -0.0032224955   0.0043525958   0.0027680748
27 14   0.0575894888  -0.0019299460  -0.0005775287   0.0239347968   0.0059467367
27 15  -0.0329412051   0.0000019959
28  1  -0.0280593206   0.1687723630  -0.0521714509  -0.1095673772   0.0073548615
28  2   0.0414652231  -0.1852274846  -0.0218971548  -0.0917738494  -0.0647889653
28  3   0.0344016646  -0.1143178696  -0.0214418268   0.0093440628  -0.0467827409
28  4  -0.0357309007   0.0023031447  -0.0444811771   0.0286168567  -0.0024060676
28  5  -0.0390799642  -0.0004998720  -0.0003740131  -0.1864055384   0.0004843035
28  6   0.0035486119   0.0084923761  -0.0015540237  -0.0222473888  -0.0153785315
28  7   0.0012331781  -0.0247551940   0.0064579098  -0.0084595948  -0.0170476094
28  8  -0.0124834948  -0.0171715668   0.0011614240   0.0026767830   0.0130416337
28  9   0.0033410440   0.0012835966  -0.0006411942  -0.0002060558   0.0003314410
28 10   0.0002283272  -0.0000994480   0.0007093188  -0.0008687354  -0.0002043227
28 11  -0.0004123261   0.0000952520   0.0020996770  -0.0000366371   0.0003056465
28 12   0.0001400517  -0.0002306654   0.0001100915  -0.0102483817  -0.0000056043
28 13   0.0001862064   0.0000710390  -0.0000026996   0.0000593350   0.0000077574
28 14   0.0001085389  -0.0000077899  -0.0000004624  -0.0001183111  -0.0000184593
28 15  -0.0000605623  -0.0000006537
29  1  -0.1892379409  -0.0297865805   0.1666576606  -0.2054243054   0.0410311273
29  2  -0.0352095633  -0.1024443041  -0.1510003406  -0.0546940049  -0.0088122852
29  3   0.0287686186   0.0522308209   0.0052910798  -0.0005607138   0.0585067274
29  4   0.0405236929  -0.0030756925   0.0509187142  -0.0434523240   0.0103095330
29  5   0.0433062917  -0.0052639480   0.0095408558   0.0678076204  -0.0030471665
29  6  -0.0008017292  -0.0017764124   0.0001803027   0.0040590587   0.0014084456
29  7  -0.0001461390  -0.0040676528   0.0026355821  -0.0086343762  -0.0119935940
29  8  -0.0048994880  -0.0050671311   0.0003037495   0.0025985204   0.0064379830
29  9   0.0011492311  -0.0001295944   0.0005290316  -0.0004545612  -0.0000310991
29 10   0.0001687312  -0.0000766011   0.0003612497  -0.0008420838  -0.0003769903
29 11   0.0001380521  -0.0000395890  -0.0008670037   0.0000298528  -0.0007180150
29 12  -0.0001281346   0.0002326233   0.0000001623  -0.0132236338  -0.0000024431
29 13  -0.0000930492  -0.0000416394   0.0000109741  -0.0000468099  -0.0000006353
29 14  -0.0002675487  -0.0000049158   0.0000039428  -0.0001174656   0.0000022454
29 15   0.0000359434  -0.0000016647
30  1   0.0286743370   0.0016050006   0.0265464571  -0.0561856261  -0.0789593433
30  2   0.3103184856  -0.1295187975   0.0467953290   0.1050123305   0.0713925464
30  3  -0.0610282735   0.0945117810   0.0079438697   0.0132757184   0.0343706903
30  4   0.0278601379  -0.0011144289   0.0374286585  -0.0232135926   0.0038835993
30  5  -0.0023411258   0.0002816380  -0.0001567646  -0.0692196600  -0.0057193872
30  6  -0.0006074049  -0.0023631362   0.0002659607   0.0052141774  -0.0188981222
30  7  -0.0001543747   0.0190378869  -0.0015774622   0.0029332983   0.0037767460
30  8   0.0018724178   0.0026925718  -0.0003546190   0.0005154313  -0.0068128116
30  9  -0.0038244918  -0.0045895506   0.0052881171  -0.0040769818  -0.0028457608
30 10   0.0017690101  -0.0000353839   0.0010066553  -0.0005630734  -0.0001399232
30 11  -0.0005298253   0.0000891472   0.0016960718  -0.0000241774   0.0000008002
30 12  -0.0000088680   0.0000035682   0.0000040533   0.0263570813   0.0000043914
30 13   0.0000978715   0.0000417118  -0.0000352633   0.0000440802   0.0000313902
30 14   0.0001884337  -0.0000005437   0.0000008872   0.0000765202   0.0000172081
30 15  -0.0002778227   0.0000024944
31  1   0.0728272525   0.2129587089  -0.0268751043  -0.0012546081  -0.0064730451
31  2  -0.0386789892   0.0605516404  -0.2132189349   0.2475509765   0.0035114410
31  3   0.0516716712  -0.0022955571  -0.0150289311   0.0106169399   0.1940625526
31  4  -0.2589178185   0.5396899268   0.1690723312   0.0612311496   0.0781463353
31  5   0.0078147242  -0.0569656886  -0.0449137543  -0.0005861154   0.0025571487
31  6   0.0286410169  -0.1287177330  -0.0870622802  -0.0445610817   0.0039074311
31  7  -0.2045191133   0.0071275260   0.0888940150  -0.1569642354   0.1210722105
31  8   0.1294420216  -0.1791734207  -0.2263200563   0.1677724562  -0.1141568700
31  9   0.4197233758  -0.1085639432   0.1441875251   0.1427144113  -0.0969373289
31 10  -0.1275431303   0.0526479593   0.0875288429   0.0283819849  -0.0369867919
31 11   0.0077787504   0.2673995691  -0.0072475326   0.0137905858   0.0036338591
31 12   0.0111495185   0.0097998104  -0.0009635598  -0.0000038532   0.0040726008
31 13   0.0003834599  -0.0012644388   0.0015403110   0.0010029571   0.0009618681
31 14   0.0000034929  -0.0000426721   0.0020145230   0.0000561559   0.0002328160
31 15   0.0000709689  -0.5394856042
32  1   0.3374874610   0.0822982965   0.1728225605   0.0758106572   0.0284996735
32  2  -0.0393586521  -0.0761196881  -0.2477743978   0.1972186202  -0.0843958907
32  3   0.0140389643  -0.0845759497   0.1512630098   0.0047343537   0.0566864761
32  4  -0.0869232955   0.4679708408   0.2648977115   0.1369160379   0.1377511428
32  5   0.0127898772  -0.1272467606  -0.0717576011  -0.0007498928   0.0023138670
32  6   0.0131791197  -0.0644325661   0.0645615974  -0.0269155713   0.0010142171
32  7  -0.1007537120   0.0024043978   0.0263224900  -0.0452596207   0.0309830751
32  8   0.0878126294  -0.0837664513  -0.0757326126   0.0665585910  -0.0431765109
32  9   0.1572656353  -0.0360797218   0.0579299469   0.0540403533  -0.0366843522
32 10  -0.0478605929   0.0195452335   0.0322307381   0.0097019409  -0.0124095426
32 11   0.0028628505   0.0909134125  -0.0025310692   0.0017281541   0.0007131477
32 12   0.0032407846   0.0021663442  -0.0004809553   0.0000037264   0.0020934753
32 13   0.0000186607   0.0003838218   0.0004882110   0.0001519144  -0.0003229178
32 14   0.0000108778  -0.0001040040  -0.0005277186  -0.0000725799  -0.0002271635
32 15  -0.0000917130   0.8287059654
33  1  -0.1421866160   0.1171790658   0.1858248164   0.2167083554  -0.1513195843
33  2  -0.2190033007  -0.2199734135   0.2108261374   0.0704769169   0.1140482418
33  3   0.1800919836   0.0586449254  -0.0434950774   0.0143970931   0.2179362405
33  4  -0.3065917432   0.6583915148   0.1276200863  -0.0254954158  -0.0181443507
33  5  -0.0138734010   0.1998177405   0.1080477720   0.0001989787  -0.0040436337
33  6  -0.0201486646   0.1238501305   0.0372297129   0.0475104539  -0.0032492814
33  7   0.2176841972  -0.0080665475  -0.1028660054   0.1727326694  -0.1299313695
33  8  -0.1733565091   0.2148019921   0.2488029076  -0.1847326810   0.1258014226
33  9  -0.4659767203   0.1336727072  -0.1458816779  -0.1542163025   0.1077967719
33 10   0.1403512233  -0.0585609489  -0.0935426153  -0.0273463343   0.0339197999
33 11  -0.0117528414  -0.2865871389   0.0072311042  -0.0203300474  -0.0049783611
33 12  -0.0131997158  -0.0123094344   0.0010391655  -0.0000215434  -0.0045934791
33 13  -0.0006729732   0.0024483199   0.0010665575  -0.0016911421   0.0031794410
33 14  -0.0000033075   0.0001918154   0.0003887345   0.0000369820   0.0002213286
33 15   0.0000216368  -0.1350752865
34  1   0.0974404717   0.2076349781  -0.0294234478  -0.0298354379  -0.0235144929
34  2  -0.0185142296   0.0947388591  -0.2559166314   0.1637203844   0.0553172691
34  3  -0.0609855728  -0.0726053432   0.0837236558   0.0129850758   0.1322686788
34  4  -0.1608276480  -0.0528438762  -0.0529812036  -0.0486379005  -0.0626386748
34  5   0.0065041550  -0.2652130356  -0.1652505978   0.0003327067  -0.0031313927
34  6  -0.0463895576   0.1183182016  -0.1851583365   0.0412970269  -0.0034572575
34  7   0.0855667428   0.0006218330  -0.0334064267   0.0872978080  -0.1149183292
34  8   0.2966574713  -0.0932381184   0.2753293071  -0.1051089690   0.0513070175
34  9  -0.0982516478  -0.3359351639  -0.4283830168  -0.1715895856   0.0906086979
34 10   0.1244461817  -0.0551082034  -0.0672051256   0.0373740351  -0.0834231109
34 11  -0.0022497172   0.5627907839  -0.0147932131   0.0937799937   0.0108471072
34 12  -0.0366631224  -0.0254650053  -0.0189477486  -0.0000052925  -0.2884013272
34 13  -0.0406137875   0.1867280626   0.1358788889  -0.1578634043   0.3363974975
34 14  -0.0018821172   0.0022317363   0.0674853939   0.0014784090   0.0123816501
34 15   0.0006014392  -0.0017244229
35  1   0.2239816387   0.0596289722   0.1897087868  -0.0138438142  -0.0127977342
35  2  -0.0764912816  -0.0508852356   0.0489203686  -0.1417902702   0.1092137056
35  3  -0.0107193538   0.0236479295   0.0011822261   0.0016639664  -0.0121653114
35  4   0.0157417223  -0.0161780587  -0.0419940520  -0.0172686261   0.0037238856
35  5  -0.0093042833   0.3008065501   0.1758788612  -0.0003572220   0.0018333745
35  6   0.0447798191  -0.1067500663   0.2414427473  -0.0412030428   0.0026893736
35  7  -0.0987065437  -0.0018721087  -0.0147546051   0.0423946166   0.0094474689
35  8  -0.3220031003   0.1940107317   0.0604089628   0.0328034794  -0.0380278036
35  9   0.1205023820   0.1367787309   0.2510885872   0.1404283338  -0.0921613379
35 10  -0.1225802594   0.0538528065   0.0726005933  -0.0109878926   0.0307609759
35 11  -0.0090250039  -0.3054628278   0.0061064652  -0.0570815142  -0.0055780586
35 12   0.0662165462   0.0426266240   0.0162269365  -0.0000164098  -0.4363719709
35 13  -0.0641297374   0.2941742273   0.2220171860  -0.2472227107   0.5395829200
35 14  -0.0031497482   0.0035288552   0.1139832565   0.0025557589   0.0201383037
35 15   0.0010258909   0.0020393334
36  1  -0.0824031783   0.0965964985   0.1804670856   0.1114024166  -0.2121383694
36  2  -0.1609732969  -0.0934798886   0.1450150926  -0.2737749332   0.2668531468
36  3  -0.2053781537  -0.1532061594   0.3175152171   0.0321649317   0.2135943157
36  4  -0.2542304006  -0.0683594263  -0.0521393062  -0.0402254998  -0.0561249806
36  5   0.0147033619  -0.3876755702  -0.2443338677  -0.0005699930  -0.0049878546
36  6  -0.0639034750   0.1896401345  -0.0981325896   0.0647450606  -0.0025301243
36  7   0.2335164176  -0.0014404617   0.0100943408  -0.1099376497   0.0638409408
36  8   0.2378429034  -0.2242156223  -0.5101188538   0.0701419866  -0.0044712114
36  9  -0.0648791932   0.2450032768   0.1972912233   0.0187167061   0.0222169178
36 10   0.0130860254  -0.0100481168   0.0010657523  -0.0055268368   0.0361341591
36 11   0.0582261725  -0.0871534065   0.0181875015   0.0083150872  -0.0019448606
36 12  -0.5924252911  -0.3525268935  -0.0753464470  -0.0000231441  -0.0700410366
36 13  -0.0089581768   0.0386944963   0.0238457151  -0.0318463347   0.0629964367
36 14  -0.0003139182   0.0002868808   0.0150315140   0.0003331933   0.0026024686
36 15   0.0000910836   0.0019759879
37  1   0.0669824351   0.1831635606  -0.0430879140  -0.1005569209  -0.0287873794
37  2   0.0331353672   0.1907945899  -0.1913118262  -0.1149932303   0.1268660738
37  3  -0.2669310831  -0.1122935054   0.1841493205   0.0188360051   0.1678670809
37  4  -0.1814159055  -0.0570307940  -0.0379162007   0.0061467472   0.0123500098
37  5   0.0109248338  -0.0921044103  -0.0622117416  -0.0011539844   0.0021566257
37  6   0.0475460841  -0.1351843725  -0.1238265244  -0.0310688339   0.0031068381
37  7   0.0063643253   0.0008038247  -0.0741289940   0.1055026189  -0.1193014676
37  8   0.2914684840  -0.1148075578  -0.0243760883  -0.0426927785   0.0752462739
37  9  -0.3657164645   0.4785863117   0.3168215173   0.0602425616  -0.0249797764
37 10  -0.0919591478   0.0292806472   0.1224989858   0.1292977812  -0.2191460815
37 11  -0.0675758146   0.3650573923  -0.0202172750  -0.0246697198  -0.0057382639
37 12   0.3478150931   0.1888571060   0.0356477523   0.0000010710   0.2790895280
37 13   0.0138993954  -0.0222792290   0.1298213905   0.0023865824   0.1755421582
37 14  -0.0015287530   0.0008071933   0.0180708631   0.0003625639   0.0008860029
37 15   0.0001905721  -0.0026336313
38  1   0.3171639743   0.0846712755   0.2547808212  -0.0661332483  -0.1695624329
38  2  -0.2107987784  -0.1043376455   0.0482045402  -0.2132181836   0.3024109978
38  3  -0.0763679375  -0.1131288882   0.2399799465   0.0293988452   0.1802389265
38  4  -0.2474630350  -0.0511491727  -0.1072689692  -0.1410269026  -0.1576094376
38  5  -0.0033237363  -0.2412765921  -0.1808254789   0.0006119799  -0.0146312580
38  6  -0.1600814556   0.5323600390   0.0697079749   0.1635134404  -0.0101123601
38  7   0.4426312446  -0.0092803899  -0.0279478334  -0.0745259775   0.0384180308
38  8   0.1932222079  -0.1711033875  -0.3625965304   0.0652707787  -0.0388061290
38  9   0.1721241150  -0.1808707463  -0.1038501930   0.0045709682  -0.0400946364
38 10  -0.0076726212   0.0256712001  -0.0658022332  -0.1270168714   0.1964718411
38 11   0.0036798646  -0.3227574947  -0.0011920143  -0.0228499620   0.0038670508
38 12   0.4670678230   0.2953452390   0.0714175271  -0.0000237592   0.0514641628
38 13   0.0033333021  -0.0067522271   0.0112525226   0.0016595975   0.0123389601
38 14  -0.0000797871   0.0001313478  -0.0015891588  -0.0000413192   0.0000907355
38 15   0.0000207889   0.0001824781
39  1  -0.1365611296   0.0958746616   0.1361872240   0.2163792438  -0.0730248553
39  2  -0.0894951816  -0.1294333490   0.0890217041   0.0294428471   0.0415695345
39  3   0.0272257563  -0.0079979098   0.0322340924   0.0038404995   0.0180389743
39  4  -0.0130964643  -0.0338876915   0.0086209137   0.0320698808   0.0310696100
39  5   0.0073394698  -0.0884639293  -0.0395733131  -0.0003803282   0.0038133748
39  6   0.0340069809  -0.1333708802  -0.0142870628  -0.0446290415   0.0030660571
39  7  -0.1596694618   0.0037987767   0.0632934962  -0.0740130664   0.0865934505
39  8  -0.2496477074   0.1171286684   0.0949770446   0.0016641827  -0.0234407761
39  9   0.1257789999  -0.1970522308  -0.1426473723  -0.0326818765   0.0220551919
39 10   0.0522993927  -0.0248715046  -0.0488980206  -0.0301233555   0.0475537622
39 11   0.0112385934  -0.1651026222   0.0074772598   0.0083977702   0.0007747541
39 12  -0.1309154169  -0.0736950641  -0.0140772960  -0.0000129424   0.7208403922
39 13   0.0351953404  -0.0502145053   0.3377405561  -0.0030882204   0.4629536312
39 14  -0.0037757053   0.0023181556   0.0404603500   0.0007626746   0.0026528551
39 15   0.0003805321   0.0016705601
40  1  -0.0922922719   0.1677929175  -0.0535743217  -0.0857809641   0.0392048150
40  2   0.0255225867   0.1505197732   0.0953809305  -0.1463446386   0.1253775814
40  3  -0.0039863622   0.1471607645  -0.2372783532  -0.0056112670  -0.0465474530
40  4   0.0716874450   0.0203068218   0.0416474909   0.1957383931   0.3510987590
40  5   0.0583759059  -0.1967535208  -0.2342626228  -0.0032300396  -0.0003789429
40  6  -0.0143104040   0.0988988321  -0.1619245910   0.0593641703  -0.0052774383
40  7   0.3843180043  -0.0065448642  -0.0452847038   0.0525520980  -0.0554963461
40  8  -0.0382123742   0.0946740870   0.0715047166  -0.1163094154   0.0412283618
40  9  -0.0281309243  -0.1534692213  -0.0753252861   0.1074907239  -0.1588903574
40 10  -0.2517513299   0.0821875820   0.2377437807   0.2110888000  -0.3629791204
40 11  -0.1457898071  -0.2402424727   0.0012196452   0.2574236315   0.0464186059
40 12  -0.0688931773   0.0373644644   0.0109429393  -0.0000074402  -0.0421297432
40 13   0.0256109094  -0.1542169216   0.0110035920   0.1212412682  -0.0097408322
40 14  -0.0043908872  -0.0236598006   0.5329094523   0.0094366994   0.0398840552
40 15   0.0036226321   0.0002911824
41  1   0.2408892727   0.0628080172   0.1847667440   0.0033812457  -0.0007844247
41  2  -0.0658938672  -0.0541259277  -0.0021490704  -0.0965237068   0.0707781452
41  3  -0.0270444283   0.0021823458   0.0497097636   0.0024945299   0.0224140183
41  4  -0.0161728778  -0.0147190113  -0.0659034181  -0.0655508788  -0.1057767989
41  5  -0.0264855363   0.2747348441   0.2296661981   0.0006475823   0.0068531838
41  6   0.0517611205  -0.2012007757   0.1782328800  -0.0768066830   0.0035078938
41  7  -0.2670123642   0.0055533084   0.0633963057  -0.1127915720   0.0849726896
41  8   0.1595874289  -0.1799843036  -0.2197794564   0.0922232568  -0.0120816663
41  9  -0.0402216181   0.0668217764  -0.0429092803  -0.1209471929   0.1135103116
41 10   0.1709404538  -0.0513173343  -0.1615354336  -0.1386314869   0.2374181687
41 11   0.0965042231   0.1549594033  -0.0000963250  -0.1433370995  -0.0258823245
41 12   0.0447493064  -0.0177178564  -0.0053384647  -0.0000179539  -0.0536631770
41 13   0.0342922810  -0.2040223767   0.0122524812   0.1611926061  -0.0168412043
41 14  -0.0060300868  -0.0345691389   0.7736358330   0.0136258200   0.0581782326
41 15   0.0052285742   0.0020337932
42  1  -0.1834875681   0.0681125423   0.0289773032   0.3207616879   0.1652333982
42  2   0.1462461984  -0.0325618410  -0.1059991960   0.1279158110  -0.3040145266
42  3  -0.1452982368  -0.0220345364   0.1857032057  -0.0091416471   0.0893819568
42  4  -0.0009655269   0.0044124512  -0.0286038994  -0.0462716111  -0.3142762208
42  5  -0.0623241660   0.0135125721   0.3437276046   0.0004322748   0.0223851186
42  6   0.0341255566  -0.1546488158   0.2276568029  -0.0301761860  -0.0082824776
42  7   0.2570070109  -0.0020649186   0.0782451769  -0.2531596012   0.1708780986
42  8   0.0617791727  -0.0974326428  -0.2271476150  -0.0964785035   0.0770995247
42  9  -0.1721447724  -0.2031025307  -0.2410471161   0.0165090689  -0.1360583206
42 10  -0.2588185374   0.1140825298   0.2520815919   0.1541190998  -0.2119822131
42 11  -0.0278663643  -0.0677985628  -0.0017843530  -0.6015723911  -0.1110329457
42 12   0.0345352325  -0.1592180088  -0.0431739944   0.0000151257   0.0045060166
42 13  -0.0017770309   0.0097079489  -0.0021711983  -0.0046862948  -0.0035237534
42 14   0.0001002493   0.0002074309  -0.0107035908  -0.0002129423  -0.0014282054
42 15  -0.0001036508  -0.0000071184
43  1  -0.0223332695   0.1705916044  -0.0511085907  -0.1057720779   0.0059855406
43  2   0.0386149124   0.1865227274  -0.0317606949  -0.1213128301   0.1416069110
43  3  -0.0589390858   0.0906638423  -0.2183443785   0.0013420325  -0.0032000059
43  4  -0.0193805081  -0.0028294065  -0.0683266262   0.0630490732   0.2841578878
43  5   0.0554865406   0.0200709516  -0.2129032026  -0.0019407233  -0.0113573041
43  6   0.0055978506   0.0931146198   0.2131429762   0.0206277677   0.0047174778
43  7   0.1204356401  -0.0009713393  -0.0791406316   0.1433473112  -0.0881100653
43  8  -0.0698346029   0.0546262668  -0.0885263782   0.1013812066  -0.0679101904
43  9   0.1859933169   0.0156201355   0.0625539043  -0.0557691293   0.2086939152
43 10   0.2909197312  -0.2209611635  -0.0847391943   0.1669339752  -0.2884141381
43 11  -0.0652435926  -0.0172547578  -0.0034184938  -0.3303926555  -0.0761296249
43 12   0.0703528474  -0.0888085123  -0.0219027990   0.0000295750   0.2177049524
43 13  -0.0793088531   0.4617335394  -0.1574028616  -0.2951855284  -0.1957557491
43 14   0.0070096516  -0.0159122437   0.1910342542   0.0036102143   0.0299470425
43 15   0.0041805657   0.0000534282
44  1   0.1829804790   0.0530039426   0.2149986296  -0.0768351001  -0.0740693187
44  2  -0.1299675698  -0.0484109355   0.2270302082  -0.3035869199   0.2636005878
44  3   0.0530684035   0.0998085002  -0.1829274721  -0.0008812477  -0.1238916219
44  4   0.1145377567   0.0105288017   0.0470324864   0.1678903868   0.4200212993
44  5   0.0689259321   0.0266795835  -0.2375994715  -0.0025668477  -0.0122243600
44  6   0.0183949725   0.0440458528  -0.7437900946   0.0536290335   0.0050774981
44  7   0.0961861286   0.0015664057  -0.0738491935   0.1597616618  -0.1491163466
44  8   0.1419708717   0.0147884909   0.3498242352  -0.0511134879   0.0062224562
44  9   0.0147759556  -0.0205644766   0.0356491526   0.0710216605  -0.1020388240
44 10  -0.1352867919   0.1160385876   0.0240761137  -0.1773079327   0.3449670949
44 11   0.1442234267   0.1104556426   0.0004506323  -0.5273676947  -0.0883882524
44 12   0.0373715559  -0.1226358737  -0.0368439588  -0.0000303929  -0.0225251302
44 13   0.0104702924  -0.0573603763   0.0210759160   0.0358874137   0.0252304929
44 14  -0.0007632799   0.0020492743  -0.0337405586  -0.0006675064  -0.0052017151
44 15  -0.0006274684  -0.0000875763
45  1  -0.1245496496   0.0631535217   0.0625919925   0.2093611054   0.0387619444
45  2   0.1052527839   0.0331445786  -0.0963044566  -0.0316754777  -0.0957694573
45  3  -0.1657826867  -0.0206235214  -0.0104455818  -0.0026024344   0.0153618823
45  4  -0.0160960468  -0.0020733530  -0.0921375179  -0.0247124165   0.1041036025
45  5   0.0269429301   0.1598876446  -0.0646124055  -0.0014313763  -0.0118768269
45  6   0.0357774999   0.0344382922  -0.0161731261   0.0192830072   0.0092842214
45  7   0.1894666948   0.0011249110  -0.1254738765   0.2303503924  -0.1683258894
45  8   0.0188056555   0.0353557771  -0.0945692527   0.0920684059  -0.0792557950
45  9   0.2421939732  -0.0023007174   0.0916780670  -0.0277346115   0.2095628502
45 10   0.3041456233  -0.2382985507  -0.0907381249   0.1762765835  -0.3128463042
45 11  -0.0846398514  -0.0816585387  -0.0022330472  -0.2045010502  -0.0525445437
45 12   0.0584792428  -0.0511970684  -0.0111337347  -0.0000145029  -0.2387929129
45 13   0.0836805013  -0.4908692052   0.1709871908   0.3157151405   0.2113069350
45 14  -0.0074908557   0.0167925720  -0.2046264290  -0.0038713669  -0.0339355255
45 15  -0.0047995382   0.0011902676
46  1  -0.0277182175   0.2184803772  -0.0252510246   0.0600759832   0.0493701557
46  2  -0.0810339585  -0.0294478749   0.0267842801  -0.0159455528  -0.0666261719
46  3  -0.1841335610   0.1153259248   0.0169232155  -0.0415071801   0.1046084498
46  4   0.1524451630   0.0334402351  -0.2220121153   0.0956340678   0.0251892198
46  5   0.0306436007   0.0092466183   0.0703961099  -0.0052536894  -0.0185254639
46  6   0.1031705920   0.3134160385   0.0091753222   0.1675125949  -0.0319536647
46  7  -0.2917316434  -0.0465271237   0.2956434909  -0.0310864819   0.0787066162
46  8   0.0808008079   0.0028477810  -0.0337575337  -0.1312494140   0.1162374237
46  9  -0.1901553224  -0.1708977541   0.0655847317   0.4685581198  -0.1971006718
46 10   0.0792066469  -0.6272741187   0.1114292441   0.1304755293   0.0910031308
46 11   0.4025144017  -0.0047938760   0.0652563118   0.0371208636  -0.0133659677
46 12   0.0198168221   0.0256262566  -0.0234754870  -0.0000419258   0.0006123131
46 13   0.0119528075  -0.0204327203  -0.0143254975  -0.0345313014   0.0068652262
46 14   0.0017644086  -0.0860851065   0.0029347205   0.0058575504  -0.0702250626
46 15  -0.0032371561  -0.0000382555
47  1   0.0091983972   0.0024005556   0.0457760621   0.0970222045   0.3339109821
47  2   0.2204396365   0.0407452856   0.1139437092  -0.0494216992  -0.1770488866
47  3   0.2208875427   0.1847376829   0.1893042788   0.0605427198   0.1179133573
47  4  -0.2386103898  -0.0815289974   0.0170762186   0.0668229793   0.2061921357
47  5   0.0147453878   0.1704621476  -0.0052360034  -0.0102307555   0.0623721774
47  6  -0.4587002692  -0.0440980722   0.0036010204  -0.1361476867  -0.0052315854
47  7  -0.0947412064   0.0328637289  -0.2484041959  -0.2393592489   0.0308223206
47  8   0.0660766074  -0.0570416862   0.0298400114  -0.4189933973   0.0424224299
47  9   0.0266546438  -0.0557472671   0.1051352541   0.0637257619   0.0880331114
47 10   0.0773692181   0.0076950918   0.0121436037   0.0095360437  -0.0112472684
47 11  -0.0173892587   0.0251174163  -0.0017024561  -0.1735169923   0.1123542187
47 12  -0.2855987249   0.3787454063   0.4197790135   0.0000583833   0.0009356311
47 13   0.0204907160  -0.0393926272  -0.0239365643  -0.0657338958   0.0116169433
47 14   0.0031992128  -0.2163957474   0.0081489536   0.0154369130  -0.1890834922
47 15  -0.0105086771   0.0000194235
48  1  -0.0543554605   0.0634056628   0.1182493876   0.0736385579  -0.1385784963
48  2   0.0169872217   0.0888430441  -0.1187613661  -0.0847288105   0.1343873214
48  3  -0.1664809278  -0.1405829844  -0.2189548443  -0.0160419987  -0.1513798392
48  4   0.0728968979   0.0384086928   0.2082771892  -0.0451347733  -0.1497012147
48  5  -0.0528808594  -0.1203826947   0.0649986848   0.0134407560  -0.0118137478
48  6   0.0577452239   0.0168203207  -0.0178998982   0.0135089556  -0.0040965423
48  7  -0.0081998757  -0.0036928217  -0.1409546161   0.0094103051  -0.0138209047
48  8  -0.0303844504  -0.0003427074  -0.0091333290   0.0006130952  -0.0123971231
48  9   0.0234408971   0.0135732596   0.0068383961  -0.0467340136   0.0404341638
48 10  -0.0116572636   0.0799007779  -0.0026907653  -0.0230091751  -0.0022498385
48 11  -0.0482486348  -0.0092918642  -0.0120927606   0.0606570732  -0.0407079427
48 12   0.1054464528  -0.1445886036  -0.1534087255  -0.0000014103   0.0044313630
48 13   0.0843650572  -0.1514665203  -0.1041397817  -0.2389195068   0.0498993841
48 14   0.0103691803  -0.6722043464   0.0237645138   0.0476571507  -0.5855715841
48 15  -0.0321257938  -0.0001169762
49  1   0.0484224646   0.2094043176  -0.0291312366  -0.0030867814   0.0029271969
49  2  -0.0368877441   0.0392103598  -0.0057667348  -0.1100535791   0.0272816714
49  3  -0.0293111564   0.1902316559   0.0150052447  -0.0099544857  -0.0353718949
49  4   0.1687445314   0.0709198819  -0.2084538783  -0.0242896868  -0.1103374393
49  5  -0.0299268294  -0.2645094440   0.1538347095   0.0091503495   0.0514423108
49  6  -0.1585279948  -0.0530727075  -0.1014391179  -0.0068803679  -0.0530405475
49  7  -0.1038173594  -0.0261454124   0.1121360102   0.2421492871  -0.1952731972
49  8  -0.0256021602   0.2090298625  -0.1003654225   0.1196250090  -0.0936583054
49  9   0.1308168030   0.1191451399  -0.0841130300  -0.4224282679   0.3500599727
49 10  -0.1149834905  -0.0386551125   0.5439030581   0.1998923852   0.1276495710
49 11   0.4747140057  -0.0594812804   0.0620665196   0.0255687282   0.0317901952
49 12  -0.0060334254   0.0957647693   0.0696690088   0.0000367908  -0.0029167217
49 13  -0.0244841277   0.0396898432   0.0461585944   0.0499006442  -0.0209912758
49 14   0.0013051813  -0.0144964978   0.0014351386   0.0008881544  -0.0283424092
49 15  -0.0016139816   0.0000902625
50  1   0.0732286632   0.0229712726   0.1317605407  -0.0047293322   0.1265014401
50  2   0.0419907049   0.0311713981   0.0730252137  -0.0661760235   0.0014795669
50  3  -0.0639488149  -0.0350735813  -0.1826605164  -0.0221458071   0.0165271696
50  4  -0.0159169248  -0.0056742348   0.2272237232   0.0658047106  -0.1571368860
50  5  -0.0291456783  -0.1532588771   0.0463150406   0.0101232632  -0.0495398316
50  6   0.2926129167   0.1382085633  -0.0422852375   0.1230645006   0.0026201358
50  7  -0.0950527253  -0.0285455654  -0.3357201151   0.1327041365  -0.0149282768
50  8  -0.1127640594  -0.0486996793  -0.0114609506   0.3173008069  -0.0443161314
50  9  -0.0186674199   0.0589202159  -0.1064381438  -0.0675743208  -0.0681591549
50 10  -0.0357583306  -0.0403626574   0.0185459496   0.0288922564  -0.0143939388
50 11  -0.0025968989   0.0135924867   0.0069267226  -0.1021077669   0.0639059453
50 12  -0.1727913562   0.2221070938   0.2416082542   0.0001583010   0.0330224870
50 13   0.2108633926  -0.3356548432  -0.4121394439  -0.4470283465   0.1938152275
50 14  -0.0088237721   0.1368155274  -0.0003495074  -0.0059409174   0.2130549890
50 15   0.0117328429   0.0002904247
51  1  -0.0434806993   0.0713343277   0.1468870601   0.0487093985  -0.2002782206
51  2  -0.0472192944   0.0773692861  -0.1307264874  -0.0773104730   0.1830956921
51  3  -0.2789917973  -0.2209855607  -0.3356649100  -0.0462824098  -0.1675732723
51  4   0.1462875878   0.0588793678   0.2587671045  -0.0338903667  -0.2476531874
51  5  -0.0562082218  -0.1872395385   0.0598177845   0.0154625354  -0.0610443012
51  6   0.3505189147   0.1257937430  -0.0194697475   0.1204673277   0.0118276330
51  7  -0.0080545105  -0.0178997874  -0.0990318934   0.0809053038   0.0255415656
51  8  -0.0565532280  -0.0613538849   0.0393245641   0.2299749359  -0.0188560338
51  9  -0.0307281408   0.0235969397  -0.0575964267   0.0202972581  -0.0922936138
51 10   0.0090152210  -0.0122727456  -0.0771746562  -0.0069664656  -0.0385319593
51 11  -0.0751106287   0.0280554729  -0.0012651421  -0.1500441133   0.0899305993
51 12  -0.2529482131   0.3175666568   0.3561942239  -0.0002060783  -0.0242025987
51 13  -0.1578072525   0.2534336571   0.3071677866   0.3367794763  -0.1448929122
51 14   0.0061435999  -0.0920982648   0.0009301563   0.0037192443  -0.1484493017
51 15  -0.0081261788  -0.0001885513
52  1  -0.0665298245   0.1718591187  -0.0510226135  -0.0827740774   0.0295481962
52  2   0.0228570760   0.1001248451   0.0636352470   0.0517335666   0.0301985354
52  3   0.1157699390   0.0234366512   0.1996714666   0.0089226357  -0.0215675573
52  4   0.1312879586   0.0421410878  -0.2300296523  -0.0256645157  -0.0305831912
52  5   0.1620302538   0.0868758458  -0.1771604283  -0.0405781186  -0.0552203669
52  6   0.2456703819   0.0838869707   0.0560288083   0.0272870996   0.1370977239
52  7   0.0315115059   0.0728063972  -0.1759437172   0.0122477620   0.1390837139
52  8  -0.1202097528  -0.3126458623   0.0633213819   0.0295576501   0.0213044379
52  9  -0.1155202177  -0.1761218924   0.1129165105   0.2256694677   0.4504647400
52 10   0.1088698880  -0.0279555911   0.5066730610  -0.1862378013   0.2434032656
52 11  -0.4799971816   0.0315255480  -0.1331447255   0.0105413429   0.0584966508
52 12  -0.0084018742  -0.0295607870   0.0159857139  -0.0001184038   0.0104867680
52 13  -0.0285551492   0.0300079113  -0.1023265632   0.0711054427   0.0649469477
52 14  -0.0128726219   0.0222885862   0.0018998778   0.0029523523  -0.0368250298
52 15  -0.0078183213   0.0000020438
53  1   0.0290277137   0.0160150695   0.1613048770  -0.0762742004   0.0549387451
53  2  -0.0204206370   0.0151415507   0.1396225360   0.0734665067  -0.0068297267
53  3  -0.1654972170  -0.2795061168  -0.2297272038  -0.0788411417   0.1336255137
53  4   0.0488071879  -0.0198458360   0.2697110504   0.2205902554  -0.1952004829
53  5   0.2247425059   0.0998330448  -0.1363408803  -0.0758364667   0.0731836361
53  6  -0.4070635363  -0.2028483848  -0.0334695295  -0.1458911252   0.1108372742
53  7   0.0731543652   0.0561384313   0.2069896880   0.2429459214  -0.0230340352
53  8  -0.1136931059  -0.0593875993  -0.0097792998   0.3916632934  -0.0160558281
53  9  -0.1071515079  -0.0355111232  -0.0566054519   0.1544878237  -0.0449959965
53 10   0.0133032218  -0.0426658400   0.0101098072  -0.0359750185   0.0004505336
53 11   0.0155154541   0.0079335896   0.0461899440   0.0962369041  -0.1900103167
53 12   0.1320039798  -0.3205860033   0.4703769484  -0.0004448658   0.0267180004
53 13  -0.0749766667   0.0767664803  -0.2607992802   0.1781267766   0.1655265900
53 14  -0.0331972960   0.0656985404   0.0070930023   0.0092601741  -0.1201103032
53 15  -0.0212877723   0.0000211348
54  1  -0.0818969932   0.0372629195   0.0303413976   0.1397731515   0.0439823637
54  2   0.2184271370   0.1566385212  -0.1236981080  -0.1458662319   0.0654760935
54  3   0.2131123125   0.1368894327   0.1299397688   0.0979033881  -0.2028500578
54  4  -0.1228592885   0.0006481030   0.0532442292  -0.1743650716   0.0819597712
54  5  -0.1532103471  -0.0745636591   0.1069153085   0.0401176947  -0.0230318440
54  6   0.0896831040   0.0562833211  -0.0046806666   0.0137773215  -0.0244888866
54  7  -0.0172210225   0.0077119941   0.1390521201  -0.0040061656  -0.0369017639
54  8   0.0240999640   0.0373710183  -0.0149072766  -0.0651532510  -0.0051744146
54  9   0.0311793979   0.0370684548  -0.0179661013  -0.0451572421  -0.0763290542
54 10  -0.0094907893  -0.0039118039  -0.0771112530   0.0360440088  -0.0372862306
54 11   0.0717824640  -0.0061020342   0.0016702240  -0.0489813709   0.0823117098
54 12  -0.0652614356   0.1658145529  -0.2438697872  -0.0006606739   0.0601075019
54 13  -0.1751895814   0.1746726617  -0.5894414506   0.4083561098   0.3752881812
54 14  -0.0769058869   0.1298255576   0.0135109860   0.0217634211  -0.2515577327
54 15  -0.0455018628   0.0000595646
55  1  -0.1313702971   0.1839857723  -0.0453370733  -0.0139646039   0.0728308342
55  2  -0.0255832405   0.0714564869  -0.0210233091   0.0481277926   0.1682994976
55  3  -0.0170164488  -0.0182029057   0.1294461587   0.0305799586  -0.1493044197
55  4   0.1627953924   0.0695390957  -0.1740140183  -0.1645810407  -0.0045445584
55  5  -0.0814537523  -0.0150139840  -0.0337004913   0.0362079657  -0.0667377489
55  6  -0.0974984195  -0.0121024107  -0.0190679326  -0.3028287302   0.0627600851
55  7   0.0681723803   0.1705948118  -0.2305142023  -0.2116201063  -0.1036069330
55  8   0.0164114482   0.0618256619   0.0345421849  -0.1340136138  -0.0673067681
55  9   0.1559410823   0.2353488342  -0.1534500531  -0.3106452713  -0.2992143182
55 10  -0.2510843431  -0.5889006262   0.0432582508  -0.0602713912   0.1647101474
55 11  -0.4153536985   0.0385465698  -0.0630881100  -0.0014122170  -0.0112351883
55 12   0.0154467473  -0.0919994765   0.0916237122  -0.0003678746  -0.0020593213
55 13   0.0123972918  -0.0123284340   0.0254524362  -0.0307030907  -0.0193425566
55 14   0.0095878401   0.0969143843   0.0136650976   0.0077755872  -0.1026231628
55 15  -0.0084285810  -0.0000577751
56  1  -0.0429385860  -0.0064527453   0.0726706613   0.0253179027   0.2687131988
56  2   0.1634287280   0.0846005279   0.0624336229  -0.0036770367   0.0424010189
56  3   0.1539194658  -0.0025598413   0.0842807269   0.0677599468  -0.0660176122
56  4  -0.1372810969  -0.0289212548   0.1300443754  -0.0869157885   0.0623676702
56  5  -0.1145128608   0.0027931396   0.0065185726   0.0504190139  -0.1098242648
56  6   0.3247684220   0.2093783236   0.0192206668  -0.0217983514   0.0223408896
56  7  -0.0466464931   0.0688622619   0.3444699104  -0.0736692158  -0.0595789301
56  8   0.1027092340   0.0919732417  -0.0464598209  -0.3614815325   0.0137430188
56  9   0.0908979870   0.0272654599   0.0420363215  -0.1375001920   0.0395939802
56 10  -0.0666234569   0.0057596119  -0.0082806202   0.0045483848   0.0014766782
56 11   0.0293549472  -0.0031437871   0.0325063452   0.0716689475  -0.1422120677
56 12   0.1019498700  -0.2336474576   0.3469185095   0.0004464965   0.0098901052
56 13  -0.0552315159   0.0627219322  -0.1188104089   0.1566541287   0.0897303899
56 14  -0.0491233038  -0.4810184972  -0.0674676439  -0.0376218278   0.4851753851
56 15   0.0376023212   0.0000593772
57  1  -0.0838461619   0.0303138839   0.0111847516   0.1469757111   0.0790216452
57  2   0.2653411095   0.1736267010  -0.1225908288  -0.1601188062   0.0460179761
57  3   0.3032609601   0.2053438983   0.2111081120   0.1254120723  -0.2195146166
57  4  -0.1648377418  -0.0050012304  -0.0013113365  -0.2121356443   0.1322018668
57  5  -0.1730090293  -0.0808351725   0.1181181042   0.0515151800  -0.0529845893
57  6   0.2924739564   0.1553846276   0.0129290686   0.1073459065  -0.0331559174
57  7  -0.0620781797  -0.0307713354   0.1382972950  -0.0344793838  -0.0033488526
57  8   0.0687981817   0.0636640721  -0.0319551126  -0.1629118911   0.0180350674
57  9   0.0071917275  -0.0384562192   0.0524177629   0.0108252921   0.0677554968
57 10   0.0106922541   0.1313957246  -0.0371560392   0.0126006416  -0.0416008591
57 11   0.1209017286  -0.0086033283   0.0553640231   0.0875605201  -0.1681575404
57 12   0.1154304843  -0.2609778753   0.3971816683  -0.0004079517  -0.0115490306
57 13   0.0572443936  -0.0634518080   0.1255525212  -0.1556185438  -0.0917137618
57 14   0.0470883547   0.4393544298   0.0615639643   0.0335257393  -0.4409154301
57 15  -0.0341546977  -0.0000010893
58  1   0.1018752555   0.2088120131  -0.0287258685  -0.0276882906  -0.0247718887
58  2  -0.0201496978   0.1376234077   0.2230216394   0.0155895115  -0.1287235920
58  3   0.0366015657  -0.2171971540  -0.0028359051  -0.1131488893   0.1495968252
58  4   0.1006897603  -0.0124590761   0.2151899363  -0.4649177073   0.1976245897
58  5   0.1310693517  -0.1168358316   0.2015854021  -0.1727118349  -0.1303082842
58  6  -0.0270850499  -0.0134041045  -0.0023601845  -0.0248584842   0.1314533480
58  7   0.0091784643  -0.2019931300  -0.0455292729   0.1821644272   0.2545078223
58  8   0.0685297010   0.0313325356   0.0100177855  -0.0792800281   0.0027643554
58  9   0.0491742374   0.0688242999  -0.0559554828  -0.0175943871  -0.0866387264
58 10   0.0908620328  -0.0193101873   0.1083287884  -0.3246435414  -0.2011831000
58 11   0.1083030541  -0.0069118957   0.0289823461  -0.0394123365   0.4152555420
58 12   0.0763946503  -0.1370685764   0.0514435863   0.0009764840   0.0052258978
58 13  -0.1489877527  -0.0513556786  -0.0067285142  -0.0338492192   0.0032837033
58 14   0.1230665052  -0.0048959112   0.0137231222  -0.5441461562  -0.0184671595
58 15  -0.1954347183  -0.0000567083
59  1  -0.1114218394  -0.0151374224   0.1441312774  -0.1264965429   0.0957924907
59  2   0.0131070403   0.0282809352   0.0196855849   0.1002323276   0.0657406884
59  3  -0.0467547416   0.0192453939   0.0327352858   0.0535692193  -0.1020591415
59  4  -0.0200023955   0.0188608164  -0.1398248934   0.2251288362  -0.1173602216
59  5  -0.2421143668   0.1107258019  -0.2197542452   0.1694075739   0.1416894380
59  6   0.0129359288  -0.0536385536   0.0129208323   0.1616023466  -0.2270265477
59  7  -0.0075354441   0.0532416214   0.0748008853  -0.2799034115  -0.3437148916
59  8  -0.0684642497  -0.0216453755  -0.0035555496   0.0064687088  -0.2109500508
59  9  -0.0430843959   0.0307116457  -0.0705003015   0.1007867190   0.0369297975
59 10   0.0113084526   0.0292569856   0.0018889963   0.0879520877   0.0721361925
59 11  -0.0578046105   0.0050419641  -0.0152681514   0.0365336350  -0.3834780830
59 12  -0.0706174663   0.1270569229  -0.0490241346   0.0005497131   0.0058092821
59 13  -0.1610331406  -0.0555504399  -0.0082720781  -0.0371438761   0.0041489711
59 14   0.1521467372  -0.0064782338   0.0171455119  -0.6778421159  -0.0222723556
59 15  -0.2459711084  -0.0000434674
60  1   0.0604191162   0.0431928139   0.1569312817  -0.1380795500  -0.3390752941
60  2   0.0047658701   0.1686967384   0.0947268928   0.0023943657  -0.2486633696
60  3   0.0105174956  -0.0092287404  -0.0319159945  -0.0466643418   0.0485171237
60  4  -0.0420007687  -0.0185001430  -0.0207112081  -0.0676925837   0.1062304951
60  5  -0.1193528939  -0.0875964035   0.1566339898   0.0001597205   0.0337968489
60  6   0.0013792313   0.0569232769  -0.0092965051  -0.0684536623   0.2447522277
60  7  -0.0124685331   0.2737234860  -0.0181244560  -0.0239721174  -0.1180727906
60  8  -0.1032576027  -0.1051625883  -0.0117417870   0.1853501556   0.2090963740
60  9  -0.0959969175  -0.2418473463   0.2649831378  -0.1076473697   0.1511725056
60 10  -0.2589444943  -0.0176718289  -0.2901335167   0.5615120628   0.2881763719
60 11  -0.0968976102   0.0026345490   0.0022132881  -0.0309134903   0.3241883814
60 12   0.0586781011  -0.1082412352   0.0454163518   0.0000753169   0.0018959822
60 13  -0.0518560417  -0.0171777966  -0.0030037306  -0.0104710374   0.0017896501
60 14   0.0443193902  -0.0018206398   0.0051230901  -0.2018321997  -0.0071544654
60 15  -0.0755893142  -0.0000092706
61  1   0.0930496390   0.1964039346  -0.0355644539  -0.0663425818  -0.0308126304
61  2   0.0079303645   0.0399717290   0.2014221212   0.0280933327  -0.1252526279
61  3   0.0027107471  -0.1996160779  -0.0150251285  -0.0710847003   0.0699679838
61  4   0.0347472638  -0.0080774309   0.0964533513  -0.3182370923   0.1600739975
61  5   0.0540899374  -0.0999117451   0.1718780923   0.1184422065  -0.0145347406
61  6  -0.0175639399   0.0153313390  -0.0088215814  -0.0695385395  -0.0784079883
61  7   0.0059526316  -0.0215681352  -0.0026464282   0.0979479034   0.0643187877
61  8  -0.0467689541  -0.0864167965   0.0063217063   0.0514648852  -0.0059847549
61  9  -0.0594440718  -0.1030125297   0.1091015430  -0.0480818001   0.1343315170
61 10  -0.1981101060  -0.0885257761  -0.0854244781  -0.1278282851  -0.0781475744
61 11   0.0163464651   0.0005072136  -0.0138677887   0.0203552201  -0.2833133152
61 12  -0.0603901442   0.1105295286  -0.0431706722  -0.0013674963  -0.0230953010
61 13   0.7609117083   0.2547313396  -0.0112454512   0.1676560619   0.0157396532
61 14  -0.0377897003  -0.0080571907   0.0025700003  -0.1913343028  -0.0269889744
61 15  -0.0533460701  -0.0000624931
62  1   0.0059728145   0.0135444402   0.1909222741  -0.1362503343  -0.0167056869
62  2  -0.0826343789   0.2505998645   0.2147798571   0.1415984541  -0.1062896245
62  3  -0.0242514408  -0.1787370181  -0.0083339905  -0.0860605347   0.1380836333
62  4   0.0794902753  -0.0079870379   0.0669764807  -0.3772455950   0.2256888251
62  5  -0.1693216901  -0.1406731970   0.2275171743  -0.4251563490  -0.1681492016
62  6  -0.0702010893  -0.0513494445   0.0013062716   0.0738906110   0.5184991909
62  7  -0.0051635493  -0.2513790117  -0.0586956560   0.2194893599   0.2702578331
62  8   0.0619052581   0.0277779478   0.0026498220   0.0025496369   0.0851307524
62  9  -0.0075427008  -0.0724133670   0.1057532250  -0.1152733912  -0.0375942989
62 10   0.0054521976  -0.0054264479   0.0093665036   0.0981078530   0.0826389170
62 11  -0.0633218633   0.0045082373  -0.0611898142   0.0540903525  -0.5744660347
62 12  -0.1054611081   0.1906589280  -0.0730218020  -0.0004417383   0.0097812008
62 13  -0.3201527025  -0.1070115570   0.0054440535  -0.0710457615  -0.0072605201
62 14   0.0152822641   0.0030541158  -0.0012443671   0.0895854813   0.0133805327
62 15   0.0247219495   0.0000481552
63  1   0.0068265365   0.0544384815   0.1434547303  -0.0401144468  -0.2532969025
63  2  -0.0011045316   0.2636596240   0.0231977064  -0.0574172861  -0.1552086734
63  3   0.0825691235   0.0775652383   0.0248743574  -0.0537368955   0.0822416087
63  4   0.0452566179  -0.0130850650   0.1262283679  -0.0255999562  -0.0250820037
63  5   0.0531959075   0.0326724215  -0.0559605231  -0.3640110254  -0.0535815369
63  6   0.0249914893  -0.0005958295   0.0105063911   0.0412612633   0.2577056182
63  7  -0.0066525169   0.0563688263  -0.0292506091  -0.1296096242  -0.0030117728
63  8   0.1905002645   0.3126889638  -0.0201611943  -0.0847506475   0.0730313428
63  9   0.1462711537   0.2400099241  -0.2586757670   0.1297596423  -0.2904456349
63 10   0.4646957565   0.2238405393   0.2021168504   0.4070786419   0.2763371755
63 11  -0.1154913005   0.0058127741   0.0113855548   0.0130641712   0.0102099605
63 12   0.0163835093  -0.0309750399   0.0101470667   0.0005775639  -0.0100838023
63 13   0.3373442225   0.1140494914  -0.0062984158   0.0761905758   0.0077526490
63 14  -0.0134962896  -0.0037333079   0.0010442949  -0.0807454243  -0.0130229224
63 15  -0.0209809164  -0.0000346691
64  1  -0.0171329742   0.1584122312  -0.0576328132  -0.1495697053  -0.0069973696
64  2   0.0701396255  -0.2658061357   0.0008613654  -0.0190410544  -0.0498905284
64  3  -0.0591513500   0.0012754699  -0.0180893399   0.0653759253  -0.1101533311
64  4  -0.0760572740   0.0013594568  -0.0259279668   0.0399599946  -0.0230121893
64  5   0.1303397269  -0.0007411120   0.0114697307   0.1912109271   0.0895319782
64  6   0.0213567929   0.0431939561  -0.0021183062  -0.0639440628   0.3896099962
64  7  -0.0043250621  -0.0730121478  -0.1066201688   0.1653184547   0.3493258149
64  8   0.2607720980   0.3368421591  -0.0192296666  -0.1493613561  -0.4465369106
64  9  -0.0300035017   0.1406819255  -0.2273399814   0.2645287435   0.2387655114
64 10  -0.2139177388  -0.0198551320  -0.1584040392   0.1163207768   0.0459865192
64 11  -0.0172624962   0.0037410046   0.0825465442  -0.0073210654   0.0354282049
64 12   0.0002973639   0.0044836527  -0.0140695838  -0.0010876120  -0.0012648867
64 13  -0.0210556003  -0.0164698042   0.0374094913  -0.0356005177  -0.0296565378
64 14  -0.4313827512   0.0040378243  -0.0002111114   0.0484852935   0.0192793074
64 15  -0.3832207256  -0.0000325596
65  1  -0.0247253847   0.0099618353   0.2267641015  -0.2103773269  -0.1034195413
65  2  -0.1579693701   0.2146134638   0.1836732448   0.1963058398  -0.1387341237
65  3  -0.1569171199   0.1119258161   0.0244706233   0.0461508140  -0.1565157101
65  4  -0.1098058027  -0.0001263500  -0.0549807193   0.0224520186   0.0032181782
65  5  -0.0008315930  -0.0132944081   0.0199423701   0.0457284252  -0.1164771334
65  6  -0.0247358782  -0.0330443426  -0.0002976099   0.0282723200  -0.2735677597
65  7   0.0068811762   0.0186650115   0.0661290949  -0.0483435343  -0.1663067296
65  8  -0.1739479519  -0.2460934982   0.0159473944   0.0878384149   0.3367112937
65  9   0.0332919306  -0.0933335675   0.1606675456  -0.1988972265  -0.1821741833
65 10   0.1706814801   0.0152560530   0.1350978788  -0.1022387665  -0.0288916991
65 11  -0.0337527522   0.0084187795   0.1809358880   0.0021456987  -0.0311753871
65 12  -0.0012430333   0.0067402134  -0.0047282134  -0.0010629345  -0.0018358934
65 13  -0.0280926746  -0.0225898991   0.0504315963  -0.0480907988  -0.0396873646
65 14  -0.5728048033   0.0054989404  -0.0001655000   0.0575749738   0.0250462243
65 15  -0.5081267706  -0.0000441790
66  1  -0.0348881364   0.0224726975   0.0296655453   0.0562794405  -0.0098888946
66  2   0.2551272559   0.0283181290  -0.0877344066  -0.1490699436   0.0603093587
66  3   0.2411745782  -0.2590960256  -0.0102731204  -0.1244780923   0.2583599086
66  4   0.1838900894   0.0057897369  -0.0510886379   0.0331429362   0.0182049338
66  5  -0.6062923173   0.0605465506  -0.1501521652   0.1941396618   0.4082013458
66  6   0.0420703723   0.0493085027  -0.0058964501  -0.0385688237  -0.0776820189
66  7   0.0013435152   0.2670529874  -0.0558143762   0.2153391388   0.2688668459
66  8   0.0751933055   0.0611292315   0.0004799750   0.0050601764   0.1609076684
66  9   0.0496919758   0.0222967556  -0.0044459372  -0.0336484192  -0.0684131884
66 10   0.0570816104   0.0080688982   0.0278186030  -0.0351701269  -0.0506914261
66 11   0.1430806573  -0.0313385854  -0.6645440123   0.0115538231   0.0038017568
66 12   0.0039044841  -0.0288729716   0.0423544904  -0.0013794443  -0.0006178721
66 13  -0.0058461912  -0.0058059426   0.0140311864  -0.0133142525  -0.0111765615
66 14  -0.1602634747   0.0014354751  -0.0002135559   0.0224635054   0.0087660215
66 15  -0.1615915064  -0.0000222550
67  1   0.0850080136   0.1711248454  -0.0493617582  -0.1492914838  -0.0481763159
67  2   0.0679787366  -0.1605471598   0.2041399575   0.1665834665  -0.0695025813
67  3  -0.2038121337   0.0715652759  -0.0045910023   0.0978542769  -0.2082503700
67  4  -0.1382477692   0.0012366039  -0.0222893106  -0.0060234912  -0.0012577351
67  5   0.1710091790  -0.0242037588   0.0544512861   0.3651772878  -0.3015394179
67  6  -0.0823759376  -0.1601810502   0.0231215724   0.3493212211   0.2333539771
67  7  -0.0143718678  -0.1009967817   0.0603209641  -0.1913926219  -0.2551642301
67  8  -0.1000577167  -0.1080119369   0.0143432798   0.0419686863   0.4882318070
67  9   0.2222676331   0.2539213539  -0.2926227772   0.2437579096   0.2184521039
67 10  -0.1681459921  -0.0287644822  -0.0915406100  -0.0364130069  -0.0521566781
67 11   0.0977708356  -0.0179240821  -0.3602545738   0.0049780687  -0.0069750050
67 12  -0.0032849533  -0.0047787369   0.0157315594  -0.0009964952   0.0000047022
67 13   0.0110071126   0.0055838056  -0.0060553932   0.0088652658   0.0053462971
67 14   0.1367940160  -0.0051858943  -0.0016928244   0.0715967887   0.0195646703
67 15  -0.1310391873  -0.0000117094
68  1  -0.0580073873   0.0049794007   0.2521441905  -0.2692469565  -0.1648745319
68  2  -0.2115062538   0.1670590285   0.1217751947   0.1612582192  -0.1952773073
68  3  -0.1772679184   0.2029799149   0.0187275854   0.0885580913  -0.2387905806
68  4  -0.1860440883  -0.0046607215  -0.0623940078   0.0787850314  -0.0279718101
68  5   0.3242220729  -0.0385243522   0.0957282903  -0.1144578295  -0.2231489461
68  6   0.0048369912   0.0827234897  -0.0207801602  -0.3121711391  -0.2393185052
68  7   0.0239372686  -0.2173757971   0.0262442567   0.0500319660   0.0438673264
68  8   0.0015678842  -0.0130500641  -0.0009501250  -0.0379123665  -0.3938016323
68  9  -0.1486887083  -0.1299154333   0.1381115360  -0.1080676305  -0.1411725121
68 10   0.0944933126   0.0292683916   0.0111253195   0.1036481324   0.0353416115
68 11   0.0733770700  -0.0210530870  -0.4716186026   0.0055676729   0.0319172906
68 12   0.0088065553  -0.0307807685   0.0323147963  -0.0056237154   0.0000556119
68 13   0.0346549160   0.0172943155  -0.0163253310   0.0255874360   0.0144027606
68 14   0.3350196504  -0.0133463855  -0.0044304468   0.1898605150   0.0494768988
68 15  -0.3382660750  -0.0000126537
69  1   0.0296677367   0.0286786447   0.0960077833  -0.0714962439  -0.1989002779
69  2   0.1356883684   0.0727332907   0.0544814259   0.0258336041  -0.0902188888
69  3   0.0088133764   0.0066379969  -0.0073179184   0.0308040251  -0.0467861630
69  4  -0.0541783645   0.0001381297  -0.1066597170   0.1274203090  -0.0291213715
69  5   0.1288945011  -0.0187109813   0.0558717404   0.2463048616  -0.3170420327
69  6  -0.0235482366   0.0329395621  -0.0131189397  -0.2168742131  -0.1015004854
69  7   0.0220122321  -0.3498764680   0.0546376077  -0.0347434033  -0.0782974013
69  8  -0.0647838204  -0.0979966278   0.0087682733  -0.0142714147  -0.1207625067
69  9  -0.0348095798  -0.0122123604   0.0050542901   0.0047235932  -0.0288987517
69 10   0.0204260917   0.0176917825  -0.0181187921   0.0900346253   0.0330453727
69 11   0.0505954928  -0.0150124869  -0.3404711312   0.0047552477   0.0174952255
69 12   0.0050678592  -0.0202584069   0.0227757489   0.0120070805  -0.0000942063
69 13  -0.0464021655  -0.0230998691   0.0220712502  -0.0353520713  -0.0200462087
69 14  -0.5196592574   0.0211605347   0.0069912349  -0.3018899172  -0.0808064750
69 15   0.5596601498   0.0000176497
70  1  -0.0922860737   0.1723337313  -0.0511154871  -0.0702735449   0.0430556011
70  2   0.0143251851  -0.1453716039  -0.1359854160  -0.2423158001  -0.0650961608
70  3   0.1948048170  -0.2577401254  -0.0109907597  -0.1463174972  -0.0309185259
70  4  -0.0457899101   0.0075687523  -0.1655345698   0.1388947386  -0.0140754635
70  5  -0.1524152635   0.0019276765  -0.0008062238   0.2318093308  -0.6162300144
70  6  -0.1437602017  -0.2654533202   0.0363735132   0.5344341617  -0.1748972140
70  7  -0.0193170968   0.6066655626  -0.0817796568   0.1561693415   0.2515456031
70  8   0.1452402040   0.1910244281  -0.0136145333  -0.0246101168  -0.1787286928
70  9  -0.0656829398  -0.0590295029   0.0627982309  -0.0469806214  -0.0386495463
70 10   0.0222082842   0.0017911685   0.0095866764   0.0018551494   0.0014616495
70 11  -0.0021264255   0.0003003186   0.0074736151  -0.0002074723   0.0033155345
70 12   0.0013743631  -0.0020840065   0.0012357194   0.3289791066  -0.0000040838
70 13   0.0007703451   0.0003669082  -0.0001021562   0.0003938998   0.0001362027
70 14   0.0003024091   0.0002725575   0.0000466428   0.0003524975  -0.0003621992
70 15   0.0004344963   0.0000071366
71  1  -0.1967372201  -0.0357850416   0.1125395467  -0.1232567532   0.1717204068
71  2   0.0776482280  -0.0702987841  -0.0878180178   0.0660357989   0.1877095941
71  3  -0.0062432282   0.2498752623   0.2021501352  -0.8032597360  -0.3762306335
71  4  -0.3492779711  -0.0014507376  -0.0697221541   0.0440797706  -0.0016801235
71  5   0.0777072953  -0.0055301025   0.0205137777  -0.0186202256   0.1552725128
71  6   0.0411160317   0.0823782562  -0.0118567609  -0.1724862774   0.0816066222
71  7   0.0056888485  -0.1969799197   0.0306682304  -0.0467089262  -0.0795846248
71  8  -0.0438650593  -0.0576467460   0.0025589469   0.0052771437   0.0600376651
71  9   0.0243551903   0.0238567566  -0.0266465754   0.0204169947   0.0176651969
71 10  -0.0128878886  -0.0013611064  -0.0073131210  -0.0011480912  -0.0018555240
71 11   0.0027535833   0.0001757827   0.0061145424   0.0001191976  -0.0035059189
71 12  -0.0009349679   0.0020477541  -0.0015933721   0.4215353154  -0.0000108503
71 13  -0.0003994706  -0.0001321481   0.0003339851  -0.0002030017  -0.0002659070
71 14   0.0034392575   0.0001971470  -0.0000683184   0.0034767407   0.0004607923
71 15  -0.0059806868  -0.0000093937
72  1   0.0000000000   0.0000000000   0.0000000000   0.0000000000   0.0000000000
72  2   0.3559951379  -0.0978858495   0.0335578318   0.1057199324   0.1684058411
72  3  -0.0152374551   0.1352749037   0.1096948956  -0.4479621674  -0.1768676013
72  4  -0.1714299148   0.0017525422  -0.0717756151   0.0647069017  -0.0065594460
72  5  -0.0277732768   0.0005540044   0.0064196746   0.0525670470  -0.1690208980
72  6  -0.0371846735  -0.0668559766   0.0090301810   0.1334351875  -0.0399436111
72  7  -0.0053490929   0.1669238917  -0.0213433424   0.0458328744   0.0720409037
72  8   0.0434286788   0.0574997174  -0.0050295673  -0.0087574197  -0.0548327714
72  9  -0.0189261150  -0.0155994579   0.0157738352  -0.0112521083  -0.0094123839
72 10   0.0047664333   0.0007487198   0.0010774612   0.0005856065  -0.0002154640
72 11   0.0004652167   0.0002004083   0.0063240157  -0.0001216484   0.0008702825
72 12   0.0002499574  -0.0001256351  -0.0003226540  -0.8443456387   0.0000167765
72 13  -0.0016274357  -0.0009095278   0.0007371620  -0.0012068873  -0.0006195291
72 14  -0.0061437566   0.0000013426   0.0000436440  -0.0048990703  -0.0006363850
72 15   0.0091652124   0.0000042562
$end
