$coord
5.57550294176682 -0.80499108314389 -0.72925789071989 c
3.74750717718842 0.9379604752127 -0.41475341526855 c
1.20970053326721 0.51041326679089 -0.14637091632635 n
0.27790213929881 -2.08422321958552 -0.05945192377867001 c
-2.60657784063073 -2.15748113359789 0.09174755494357 c
-3.7833020712053096 -0.05502087129868 -1.51446241095457 c
-2.99157082120412 2.47755637967107 -0.4862225428014901 c
-4.32111658029044 4.35408729140377 -0.54249384855476 o
-0.40860618800854 2.53058295796534 0.76459742179384 c
5.21561948138652 -2.81673901933911 -0.73718946513663 h
7.50148992643464 -0.1847484789538 -1.01240469218499 h
4.24579437439583 2.92746464598051 -0.39780669177171 h
0.90928507285979 -3.03378408518055 -1.7854291285303 h
1.11185001066241 -3.1102455303711 1.54004830471165 h
-3.2281583538711 -1.94360332282449 2.04985193489289 h
-3.26668808650377 -4.00165599614582 -0.54420537726487 h
-3.09865258402557 -0.1823383017338 -3.46693541041079 h
-5.84057897395682 -0.14903914435888 -1.56919413544288 h
0.4781488138459 4.34764572158211 0.37791090301806 h
-0.72754897140988 2.43815944792708 2.82008650507959 h
$user-defined bonds 
 
$end
