$dipgrad          cartesian dipole gradients
  -.57409110551562D+00  0.17235309541004D+00  0.84728267316815D-02
  0.49001494654703D+00  -.17662358803479D+00  -.27821803740868D-01
  0.36017007554329D-01  -.20681317636058D-01  -.50491833631366D+00
  0.16460317825840D+01  -.31963961301800D+00  -.19865702585408D+00
  -.87574647615923D-01  0.15651544460667D+00  0.11310796954467D-01
  -.15251967757048D+00  -.10544313795599D-01  -.73406813846108D-01
  -.16552246390424D+01  0.32072043797437D+00  0.20061221989479D+00
  -.11295490066428D+00  -.55611212505784D+00  -.27200993804550D-01
  -.11291268766321D+00  0.25851982580795D-01  -.23357400169042D+00
  0.24083278461896D+00  0.68401067528128D-01  0.39160600619744D-01
  0.25692868926908D+00  0.50283088188196D+00  -.76165170257423D-01
  0.10527270134276D+00  -.66930895284505D-02  0.31257541550906D+00
  0.77962622334496D-01  -.31481515820450D-01  -.14583643654840D-01
  0.33832949389582D-02  0.11405159425250D+00  0.83070854950932D-02
  -.33255276970887D-01  0.26008493837936D-01  0.15085542221857D+00
  0.20154896834094D-01  -.79733562373245D-01  -.76486805625111D-01
  -.35907715269563D-01  -.25788134962738D+00  -.13392014302476D+00
  -.67959529822331D-01  -.16239081119181D+00  0.38723001399671D-01
  0.96046227988217D+00  -.26358649558637D+00  0.27890417582704D+00
  -.27401748490476D+00  0.11203781233451D+01  0.14771123479728D+00
  0.29366548235905D+00  0.13699024602317D+00  0.24838890870427D+00
  -.79220996541886D+00  0.34264270832162D+00  -.10216576557548D+00
  0.35825277097277D+00  -.96717793589467D+00  -.25862783167939D-01
  -.10429537098506D+00  -.65342245198651D-01  -.36641445798677D+00
  0.17872962488954D+00  -.24054018313813D+00  -.27995606251725D+00
  -.47053341823656D+00  0.37167350687669D+00  0.10552312766253D+00
  -.27157314262114D+00  0.97399906413856D-01  0.27719509798077D+00
  0.46381219310022D-01  -.67153674219752D-01  0.20673351715684D-01
  -.35802778382333D-01  -.71095835270120D-01  -.48461696491524D-03
  0.19941442716625D-01  -.11163357410335D-03  0.17551851211547D+00
  -.66340722052467D-01  -.21517483931497D-01  0.33850918748829D-01
  -.62122982221830D-01  0.34581887267936D-01  0.82982840063237D-02
  0.51017566317379D-01  0.57012012786562D-02  0.16273179478154D+00
  0.41215587899477D-01  -.19667315156659D-02  0.11002116815269D-01
  -.48616799280990D-01  -.99954447613395D-01  -.32956919628789D-03
  -.15344827103975D-01  -.10812497438191D-02  0.13095222946304D+00
  0.16199002493218D-01  0.36761419897351D-01  0.46648959726867D-01
  -.25415297350065D-01  -.38562844045556D-01  -.38420071242602D-01
  0.33289302067698D-01  -.81162041957623D-01  -.96323267952959D-01
  -.37854218953414D-01  0.82719180235253D-01  -.81528281022623D-01
  -.62293752739400D-01  -.72984819404086D-01  0.57813547407947D-01
  -.32187322015045D-01  0.11770878129147D+00  -.10263295647513D+00
  -.92318619749943D-02  0.17452403760809D-01  0.27073067911760D-01
  0.40414672173821D-01  0.47064348275030D-01  -.28264327141098D-01
  0.58120801549261D-01  0.15608715170861D-01  -.11980066440452D+00
  0.68993568020695D-02  -.32228755566085D-01  -.48004839896677D-02
  -.59267728446028D-01  -.12320697910996D+00  -.27983227452233D-01
  -.36063623272249D-01  -.48791544611595D-01  0.60618333861890D-01
  0.71816363767787D-01  -.73368320917045D-02  0.79011343117286D-01
  0.35935650782465D-02  0.19874082033370D-01  0.37430084963783D-02
  0.43484589882416D-01  0.16591318405584D-01  -.47549586123506D-01
  -.11080269498220D+00  -.39723569747607D-02  -.32273843876539D-01
  0.21621516540532D-01  0.27685271971635D-01  0.90164402238776D-03
  -.44861073615733D-02  0.24227123685893D-01  0.78761319389544D-01
  0.12066864560142D-01  -.52723254853418D-01  0.19802317990143D-02
  -.16358222109104D-01  -.36982725805011D-01  0.89589403173257D-02
  0.30809764138007D-01  0.30010857606202D-01  0.71371639240498D-01
  -.72997178053752D-01  0.80830145961482D-01  0.43062099207651D-01
  0.11665627170062D+00  0.59275093341796D-02  0.33885036832983D-01
  0.15897890745843D+00  -.99300379056680D-01  -.16307158988856D+00
$end
