$dipgrad          cartesian dipole gradients
  -.48379750098323D+00  -.20489310389543D+00  -.23092263120430D+00
  -.24326447094587D+00  -.10896937227717D+01  -.27176137012514D+00
  -.18232694836039D+00  -.11874576415183D+00  -.67694786341235D+00
  0.59651923178444D+00  0.15928128221066D+00  0.60169538587937D+00
  0.79772281754783D-01  0.15489384016317D+01  0.22235296901839D-01
  0.65255549236886D+00  -.70538042538349D-01  0.13115443303395D+01
  -.54128734382433D+00  0.56729149930199D-01  -.36976005048707D+00
  0.15643526423071D+00  -.51170893903770D+00  0.24031968435022D+00
  -.41081375372527D+00  0.14895495303769D+00  -.10207353960024D+01
  -.10440293687269D+00  0.20284433988447D+00  -.39553536073420D-01
  0.11758591455538D+00  -.26523599989315D+00  0.59086341692569D-01
  -.15031859614770D-01  0.19323069444809D+00  0.12108401385854D-02
  0.70844054220981D-01  0.10339907105937D+00  -.73366444739277D-01
  0.93893738613337D-01  0.42668695898561D+00  -.12586336962519D+00
  -.16182487572564D-02  -.56917591557809D-01  0.43688507735854D-01
  -.16764775869906D+00  -.61929254057840D-01  0.15887647931298D+00
  -.17777101140605D-01  -.23250378152455D+00  -.17190046383297D-01
  0.10665301261540D+00  -.74391069057055D-01  0.60895182645621D-01
  0.12498572608499D+01  -.40066128425957D+00  0.58379301162202D-01
  -.35070507207375D+00  0.39699655226084D+00  -.10000170586322D+00
  -.41936239238363D-01  -.10289915862767D+00  0.16228280224120D+01
  -.80525017105229D+00  0.16999562384550D+00  -.33279355506043D+00
  0.14724856899539D+00  -.37690863828005D+00  0.16369651652921D+00
  -.15335155400969D+00  0.11608204687545D+00  -.88665766762734D+00
  -.54154214265671D+00  0.47447473855547D-01  0.34634799574439D+00
  0.35565658035003D-01  -.35499635305011D+00  -.82211490065915D-01
  0.25000838002347D+00  -.16564409951315D-01  -.11404673807758D+01
  0.32884403157724D+00  -.70204121094239D-01  -.61202926999196D-02
  -.44480036201261D-01  0.22741996410589D+00  -.35458949378958D-01
  -.16422557041615D-01  -.72145826990038D-01  0.34136556840907D+00
  0.45742146100661D-01  -.14628653989546D-01  0.35480064776993D-02
  0.91330993012765D-04  0.47751343219049D-01  0.83938640016726D-02
  0.36335402731226D-02  -.17019647422522D-01  0.14126514333016D-01
  -.53391806007126D-01  0.48207929849862D-01  -.72413899568811D-02
  0.40600762847408D-01  -.94879372404448D-01  0.27308278941811D-01
  -.53679971507519D-02  0.28106931822839D-01  0.65584596421628D-01
  0.70693573670979D-01  -.13076108483540D-01  0.29902691144576D-01
  -.31055429266495D-01  -.45317233446731D-01  0.49913644248786D-01
  0.55504279571913D-02  0.25816522146881D-01  -.29524740165095D-01
  0.65747520515374D-01  -.59096824275454D-01  -.79865105143755D-01
  -.23099913607794D-01  0.51410898267837D-02  0.39341604309592D-01
  -.96907061472856D-01  -.12732966658719D-01  -.93499449506650D-02
  0.26907184137397D+00  0.36584479419448D-01  -.59126854355962D-01
  0.39188503211193D-01  0.31830973037795D+00  0.22191700465781D-01
  -.94624633867082D-01  0.29763328624404D-01  0.30243943049682D+00
$end
