$hessian (projected)
 1  1   0.1986331444   0.2411419207   0.2012652692  -0.2011236849  -0.1982222083
 1  2  -0.1423697360  -0.0082561671  -0.0245817134  -0.0565961757   0.0153675275
 1  3  -0.0150618027  -0.0061916845   0.0009041789   0.0004993620  -0.0011385684
 1  4   0.0001789107  -0.0008364271  -0.0001991796  -0.0073155678  -0.0033977054
 1  5  -0.0006206122   0.0034500145   0.0010677414   0.0024604091   0.0018674513
 1  6   0.0005948712  -0.0002564733  -0.0039445330  -0.0031187011   0.0044947238
 1  7  -0.0002845273   0.0018757834  -0.0010046471   0.0003746171   0.0000857052
 1  8  -0.0000464322  -0.0000279945   0.0002947619   0.0002371882  -0.0000241810
 1  9  -0.0000093965   0.0000601879   0.0002008111  -0.0003321913  -0.0000942691
 2  1   0.2411419207   0.4691901732   0.2657873162  -0.1933402434  -0.4425547279
 2  2  -0.2090730842  -0.0183082170   0.0256384478  -0.0299341039  -0.0209091766
 2  3  -0.0429663428  -0.0214851690   0.0040168338  -0.0058480155   0.0053593084
 2  4  -0.0023582084  -0.0012146538  -0.0025391747  -0.0138351289   0.0017957350
 2  5  -0.0003124872   0.0046250746  -0.0008548136   0.0017017792   0.0034100935
 2  6  -0.0002285792  -0.0022882650  -0.0025191858  -0.0015539638  -0.0059908635
 2  7  -0.0012078296   0.0004897452  -0.0016893926  -0.0002071955  -0.0001135379
 2  8   0.0000442206  -0.0000170852  -0.0001186459  -0.0001497763  -0.0002883750
 2  9  -0.0013726504   0.0006013301  -0.0002032773  -0.0002881704  -0.0000316379
 3  1   0.2012652692   0.2657873162   0.2908408340  -0.1425255737  -0.2159850588
 3  2  -0.2522557446  -0.0597062498  -0.0417750534  -0.0584019038  -0.0019382715
 3  3  -0.0025478565   0.0112633080  -0.0009229515   0.0016677279   0.0009326279
 3  4   0.0000469657  -0.0004803487   0.0010816108  -0.0016460506   0.0010283608
 3  5  -0.0038347800   0.0013726379   0.0006961762   0.0019600597  -0.0004568685
 3  6   0.0001228964   0.0016351474   0.0043585611  -0.0067648167   0.0041387427
 3  7  -0.0003812500  -0.0021838019   0.0022422813   0.0004354270  -0.0000754070
 3  8  -0.0003800513   0.0001003829   0.0007656388   0.0007417614   0.0000896331
 3  9   0.0000181013   0.0000509179  -0.0000916613  -0.0002738745  -0.0000148112
 4  1  -0.2011236849  -0.1933402434  -0.1425255737   0.3988282386   0.1639890702
 4  2   0.2403878640  -0.1096434685   0.0160202580  -0.0972712303  -0.0851078133
 4  3   0.0114940903   0.0051464468   0.0008161505  -0.0233610811   0.0110845215
 4  4  -0.0031756111   0.0005033996  -0.0027759184   0.0077134200   0.0353834726
 4  5  -0.0139702996  -0.0092915488  -0.0025356606  -0.0026063470  -0.0028780923
 4  6  -0.0017218764   0.0003813916   0.0041881334   0.0040238838   0.0004782310
 4  7   0.0002738273  -0.0079413832   0.0011906896  -0.0012203773  -0.0004599110
 4  8   0.0008169944   0.0007177886  -0.0002216483  -0.0007994041   0.0001080826
 4  9  -0.0017800640   0.0004817246  -0.0002050450  -0.0000523065  -0.0000190903
 5  1  -0.1982222083  -0.4425547279  -0.2159850588   0.1639890702   0.7613830969
 5  2   0.1050528629   0.0013094058  -0.1338015737   0.0273541001  -0.0078404853
 5  3  -0.1389533989   0.0244194018  -0.0083785126  -0.0221361862  -0.0014583023
 5  4   0.0011964690   0.0012658373   0.0009033486   0.0372192129  -0.0237730394
 5  5   0.0044875128  -0.0119793592   0.0028106951  -0.0056385066  -0.0080033568
 5  6   0.0012311762   0.0060987253   0.0268589056  -0.0103197308   0.0517560257
 5  7   0.0015194686  -0.0001709089   0.0016820586   0.0013460899   0.0014039113
 5  8   0.0002592637   0.0004053709   0.0014879370   0.0007053016   0.0002205340
 5  9   0.0009584996   0.0002200787   0.0003593953   0.0011684123   0.0001431878
 6  1  -0.1423697360  -0.2090730842  -0.2522557446   0.2403878640   0.1050528629
 6  2   0.6013592691  -0.0905080379   0.0536448860  -0.2383760069   0.0082642983
 6  3   0.0274228275  -0.0893006456   0.0050262032  -0.0158015166   0.0075741564
 6  4  -0.0027547912  -0.0008707453  -0.0044597611  -0.0124579096  -0.0016751681
 6  5   0.0104083715   0.0010863733  -0.0011177790  -0.0013173842   0.0047713395
 6  6  -0.0002286545  -0.0066062626  -0.0074867074   0.0116081518  -0.0144796855
 6  7  -0.0020313667   0.0339263031  -0.0124204349  -0.0015606773   0.0000790672
 6  8   0.0011611864   0.0001774394  -0.0022145450  -0.0016991221  -0.0006946459
 6  9  -0.0014019307   0.0007789264   0.0001503544   0.0006493249  -0.0003668623
 7  1  -0.0082561671  -0.0183082170  -0.0597062498  -0.1096434685   0.0013094058
 7  2  -0.0905080379   0.1415500427   0.0406321422   0.1657929712   0.0053215718
 7  3   0.0022797975  -0.0083048518  -0.0015630844  -0.0004695344  -0.0004990360
 7  4   0.0003461575  -0.0003945217   0.0000311369  -0.0000978015  -0.0016274361
 7  5   0.0010362426   0.0000860006   0.0005093843   0.0001902066   0.0001130108
 7  6   0.0006264375   0.0007798935  -0.0289582228  -0.0249707753  -0.0093605257
 7  7  -0.0001640552   0.0005600433   0.0006243705   0.0012275832  -0.0004348909
 7  8  -0.0003100905  -0.0000485161   0.0000731490   0.0004928702   0.0000493546
 7  9   0.0003401393  -0.0000381836   0.0000375944  -0.0001251233  -0.0002207162
 8  1  -0.0245817134   0.0256384478  -0.0417750534   0.0160202580  -0.1338015737
 8  2   0.0536448860   0.0406321422   0.5800477936  -0.1249484155   0.0157349930
 8  3  -0.0119245897   0.0346287822   0.0009814648  -0.0022026807   0.0018289912
 8  4  -0.0004244637  -0.0003001314  -0.0003487837  -0.0068209417  -0.0012284800
 8  5   0.0029065540   0.0037495860  -0.0002528085   0.0004717096   0.0017687517
 8  6  -0.0000714313  -0.0017592745  -0.0472358186  -0.4477181654   0.0721029598
 8  7   0.0007908036  -0.0054425510   0.0016733671   0.0000535135  -0.0009425263
 8  8   0.0001703257  -0.0005122700  -0.0015268275   0.0012494054  -0.0000350472
 8  9  -0.0001257679  -0.0000784194  -0.0001212580  -0.0001487080   0.0002329657
 9  1  -0.0565961757  -0.0299341039  -0.0584019038  -0.0972712303   0.0273541001
 9  2  -0.2383760069   0.1657929712  -0.1249484155   0.3750579401  -0.0134687079
 9  3   0.0133597628  -0.0145916077  -0.0017738006  -0.0001559233  -0.0017273352
 9  4   0.0005574804  -0.0000703136   0.0008557831   0.0079820338  -0.0017930859
 9  5  -0.0080719331  -0.0023854413   0.0012201873   0.0014144292  -0.0024160398
 9  6   0.0003890768   0.0038741116  -0.0012419773   0.1116641340  -0.0609684371
 9  7  -0.0001241400   0.0013838177   0.0002983394   0.0006286678   0.0005193729
 9  8  -0.0001101102   0.0000904242   0.0009711705   0.0007456410   0.0001887131
 9  9   0.0004303761  -0.0000133779   0.0000372225  -0.0003901561   0.0000144674
10  1   0.0153675275  -0.0209091766  -0.0019382715  -0.0851078133  -0.0078404853
10  2   0.0082642983   0.0053215718   0.0157349930  -0.0134687079   0.4392271947
10  3   0.0093488254  -0.0150292125  -0.1239540338  -0.0298894233  -0.0302118589
10  4   0.0006213763  -0.0036933353   0.0007797680  -0.1368800644   0.0244650090
10  5   0.0174524286  -0.0275864291   0.0203991143  -0.0137332967  -0.0186353631
10  6   0.0096937868   0.0128467312   0.0030545286  -0.0006324715  -0.0048939811
10  7  -0.0568564873  -0.0015971999   0.0549649371  -0.0212749075  -0.0203232664
10  8  -0.0172845154   0.0039993308   0.0038435460   0.0016367761   0.0000975669
10  9   0.0010900465  -0.0000262976   0.0026060018   0.0003100373   0.0006412024
11  1  -0.0150618027  -0.0429663428  -0.0025478565   0.0114940903  -0.1389533989
11  2   0.0274228275   0.0022797975  -0.0119245897   0.0133597628   0.0093488254
11  3   0.4289629802   0.0086411944  -0.0403048652  -0.0973808516  -0.0304524583
11  4  -0.0181564682  -0.0207643286  -0.0114559094   0.0131605193  -0.0947764294
11  5  -0.0069234544   0.0247750896   0.0145898221   0.0082316926   0.0108267377
11  6   0.0057727657  -0.0057386751  -0.0014500794   0.0026347201  -0.0000544147
11  7  -0.0009418081  -0.0485340417  -0.0054424862   0.0059183038   0.0066709139
11  8   0.0048045276  -0.0018186612  -0.0018025214  -0.0022265809  -0.0005654504
11  9  -0.0057670045   0.0023776288   0.0004957716   0.0042383066   0.0000042017
12  1  -0.0061916845  -0.0214851690   0.0112633080   0.0051464468   0.0244194018
12  2  -0.0893006456  -0.0083048518   0.0346287822  -0.0145916077  -0.0150292125
12  3   0.0086411944   0.6125816416  -0.0304153328  -0.0266186812  -0.1088697412
12  4   0.0076135731   0.0065191553   0.0076804454   0.0184200570  -0.0087170367
12  5  -0.0761842694  -0.0335377360   0.0147560842  -0.0012899813   0.0384118750
12  6  -0.0139839915  -0.0111971655  -0.0055153751   0.0011030468  -0.0025247795
12  7   0.0477226899  -0.0043918420  -0.3067102453   0.0027231085   0.0022099010
12  8   0.0015488286  -0.0244593851  -0.0199625608  -0.0145748774   0.0008876708
12  9   0.0037608673  -0.0016161969   0.0025281566  -0.0008791518  -0.0062147137
13  1   0.0009041789   0.0040168338  -0.0009229515   0.0008161505  -0.0083785126
13  2   0.0050262032  -0.0015630844   0.0009814648  -0.0017738006  -0.1239540338
13  3  -0.0403048652  -0.0304153328   0.5295922726  -0.0558459305  -0.0379743332
13  4  -0.0367580311   0.0163028135  -0.0170583375  -0.0307208366  -0.0203909065
13  5  -0.0163360051  -0.0013586530   0.0042314474   0.0006279081  -0.0001964653
13  6   0.0011371550  -0.0003316734   0.0000542101   0.0003339138  -0.0001399216
13  7   0.0049073189   0.0034685725   0.0006738290  -0.2768185947   0.1052330997
13  8   0.0313771394  -0.0652898989   0.0034980476   0.0608094801  -0.0001286635
13  9  -0.0147854255   0.0068784308   0.0005141304   0.0005022923  -0.0004406348
14  1   0.0004993620  -0.0058480155   0.0016677279  -0.0233610811  -0.0221361862
14  2  -0.0158015166  -0.0004695344  -0.0022026807  -0.0001559233  -0.0298894233
14  3  -0.0973808516  -0.0266186812  -0.0558459305   0.3541001384   0.0482681764
14  4   0.0009599413  -0.0991185188   0.0255812724  -0.0020207020   0.0162095315
14  5   0.0079630366   0.0050471546  -0.0065682427   0.0014492320   0.0015092319
14  6  -0.0020263351  -0.0020088677  -0.0002522048   0.0002231315  -0.0008046721
14  7  -0.0009705848  -0.0015418991  -0.0018386012   0.0970280030  -0.0823998274
14  8  -0.0170588748   0.0072410562  -0.0412398246  -0.0269482853   0.0004229926
14  9  -0.0102888175   0.0061688845   0.0001017194   0.0002183977   0.0001370923
15  1  -0.0011385684   0.0053593084   0.0009326279   0.0110845215  -0.0014583023
15  2   0.0075741564  -0.0004990360   0.0018289912  -0.0017273352  -0.0302118589
15  3  -0.0304524583  -0.1088697412  -0.0379743332   0.0482681764   0.5388743945
15  4  -0.0092713864   0.0486723595  -0.0653633850  -0.0049129915   0.0074945782
15  5   0.0032704182   0.0007223728  -0.0014229323   0.0010387143   0.0010333534
15  6  -0.0014812803  -0.0024686101   0.0001162508  -0.0000046250  -0.0002113473
15  7  -0.0245775255  -0.0202226829  -0.0133249169   0.0328113546  -0.0207553070
15  8  -0.0544236993   0.0636342669  -0.0194034332  -0.3125790512  -0.0008176351
15  9  -0.0164349131   0.0073216798   0.0000012149   0.0000125207  -0.0000439050
16  1   0.0001789107  -0.0023582084   0.0000469657  -0.0031756111   0.0011964690
16  2  -0.0027547912   0.0003461575  -0.0004244637   0.0005574804   0.0006213763
16  3  -0.0181564682   0.0076135731  -0.0367580311   0.0009599413  -0.0092713864
16  4   0.1194701918   0.0563610299   0.1245179661   0.0002966846  -0.0002834901
16  5   0.0035077200  -0.0009291670  -0.0006424197  -0.0012951183  -0.0005636228
16  6  -0.0009949923  -0.0007937841   0.0002112753   0.0001180204  -0.0000981495
16  7   0.0006748428   0.0005273053   0.0002202404   0.0057017995   0.0166438919
16  8  -0.0098888327   0.0009380405  -0.0039664024   0.0003775439  -0.0872949835
16  9  -0.0490022596  -0.1127424114   0.0002821365   0.0000220467   0.0000029839
17  1  -0.0008364271  -0.0012146538  -0.0004803487   0.0005033996   0.0012658373
17  2  -0.0008707453  -0.0003945217  -0.0003001314  -0.0000703136  -0.0036933353
17  3  -0.0207643286   0.0065191553   0.0163028135  -0.0991185188   0.0486723595
17  4   0.0563610299   0.2074825320   0.0086114112  -0.0008905897   0.0018884627
17  5  -0.0008633567  -0.0006790824  -0.0014195742   0.0002533124   0.0000150090
17  6  -0.0003558076   0.0005584773  -0.0002703161   0.0002126947  -0.0003269334
17  7   0.0004395089   0.0005108809  -0.0007192617  -0.0025469735  -0.0205544116
17  8   0.0098265348  -0.0011089217  -0.0117440531   0.0038216739  -0.0632863294
17  9  -0.0559298111  -0.0747194270   0.0000847360   0.0000408826  -0.0002125381
18  1  -0.0001991796  -0.0025391747   0.0010816108  -0.0027759184   0.0009033486
18  2  -0.0044597611   0.0000311369  -0.0003487837   0.0008557831   0.0007797680
18  3  -0.0114559094   0.0076804454  -0.0170583375   0.0255812724  -0.0653633850
18  4   0.1245179661   0.0086114112   0.2076052953   0.0033347956   0.0005532238
18  5  -0.0002811846  -0.0011499636  -0.0006877464  -0.0000856672  -0.0008230303
18  6  -0.0001393845   0.0002478221   0.0002685883   0.0001881720   0.0003107700
18  7   0.0004057022  -0.0007984529   0.0003188191  -0.0001491227   0.0049459090
18  8   0.0001601919  -0.0019255683   0.0270703879  -0.0055475114  -0.1053665491
18  9  -0.0519782001  -0.1426599565   0.0001097123   0.0000939268   0.0001367281
19  1  -0.0073155678  -0.0138351289  -0.0016460506   0.0077134200   0.0372192129
19  2  -0.0124579096  -0.0000978015  -0.0068209417   0.0079820338  -0.1368800644
19  3   0.0131605193   0.0184200570  -0.0307208366  -0.0020207020  -0.0049129915
19  4   0.0002966846  -0.0008905897   0.0033347956   0.6579934474  -0.1784625092
19  5   0.1640647673  -0.3315769235   0.1118734174  -0.2707707552  -0.1371439901
19  6   0.0287861429   0.0414973005   0.0000604687   0.0000222579   0.0004244187
19  7  -0.0075123456   0.0028355848   0.0007165142   0.0008204582  -0.0001676190
19  8  -0.0006114720   0.0021503687   0.0012937966   0.0012294777   0.0000785101
19  9   0.0015796904  -0.0007042831  -0.0178658282   0.0054268680   0.0534340972
20  1  -0.0033977054   0.0017957350   0.0010283608   0.0353834726  -0.0237730394
20  2  -0.0016751681  -0.0016274361  -0.0012284800  -0.0017930859   0.0244650090
20  3  -0.0947764294  -0.0087170367  -0.0203909065   0.0162095315   0.0074945782
20  4  -0.0002834901   0.0018884627   0.0005532238  -0.1784625092   0.3007670124
20  5  -0.0912861374   0.1131011280  -0.1264087206   0.1241106941   0.0270935761
20  6  -0.0685874009  -0.0063689416  -0.0006309204  -0.0003368696   0.0009623025
20  7   0.0001911134  -0.0008254087   0.0000805145  -0.0041601727  -0.0043191931
20  8  -0.0037560590   0.0004098034  -0.0001739903  -0.0001211138   0.0009358526
20  9  -0.0011356373   0.0000930492   0.0073731854   0.0009044275  -0.0206051804
21  1  -0.0006206122  -0.0003124872  -0.0038347800  -0.0139702996   0.0044875128
21  2   0.0104083715   0.0010362426   0.0029065540  -0.0080719331   0.0174524286
21  3  -0.0069234544  -0.0761842694  -0.0163360051   0.0079630366   0.0032704182
21  4   0.0035077200  -0.0008633567  -0.0002811846   0.1640647673  -0.0912861374
21  5   0.8008211834  -0.2627466334   0.1195456938  -0.4459542157   0.0708426980
21  6  -0.0175146068  -0.2655959449  -0.0002734359   0.0008185306  -0.0008330433
21  7   0.0336469104  -0.0138178695  -0.0053315984  -0.0021813335  -0.0022513244
21  8  -0.0028533993  -0.0029845598   0.0003493348  -0.0021746870  -0.0016207515
21  9   0.0008738404  -0.0004539971   0.0101828640  -0.0039752666  -0.0029309202
22  1   0.0034500145   0.0046250746   0.0013726379  -0.0092915488  -0.0119793592
22  2   0.0010863733   0.0000860006   0.0037495860  -0.0023854413  -0.0275864291
22  3   0.0247750896  -0.0335377360  -0.0013586530   0.0050471546   0.0007223728
22  4  -0.0009291670  -0.0006790824  -0.0011499636  -0.3315769235   0.1131011280
22  5  -0.2627466334   0.3323663407  -0.1319887629   0.3205491847   0.0337015204
22  6  -0.0013556632  -0.0142657821   0.0003563223  -0.0000029336  -0.0006077458
22  7   0.0023333985  -0.0011161424  -0.0019176965  -0.0012905151  -0.0015879638
22  8  -0.0005183769  -0.0003163452  -0.0003627199  -0.0001619035   0.0000668130
22  9  -0.0002854418   0.0002365665  -0.0000108282  -0.0019399635  -0.0066758562
23  1   0.0010677414  -0.0008548136   0.0006961762  -0.0025356606   0.0028106951
23  2  -0.0011177790   0.0005093843  -0.0002528085   0.0012201873   0.0203991143
23  3   0.0145898221   0.0147560842   0.0042314474  -0.0065682427  -0.0014229323
23  4  -0.0006424197  -0.0014195742  -0.0006877464   0.1118734174  -0.1264087206
23  5   0.1195456938  -0.1319887629   0.0920750490  -0.1499212316  -0.0005673494
23  6   0.0277450076   0.0135316374  -0.0000277404   0.0002268793  -0.0000544331
23  7  -0.0009363686   0.0001921997   0.0005801556   0.0013665939   0.0017202185
23  8   0.0010833231  -0.0002170203   0.0004093508  -0.0000662175  -0.0008022306
23  9   0.0007675431  -0.0001709491  -0.0017301462  -0.0050326059   0.0020280314
24  1   0.0024604091   0.0017017792   0.0019600597  -0.0026063470  -0.0056385066
24  2  -0.0013173842   0.0001902066   0.0004717096   0.0014144292  -0.0137332967
24  3   0.0082316926  -0.0012899813   0.0006279081   0.0014492320   0.0010387143
24  4  -0.0012951183   0.0002533124  -0.0000856672  -0.2707707552   0.1241106941
24  5  -0.4459542157   0.3205491847  -0.1499212316   0.5412553335  -0.0275689935
24  6   0.0177798429  -0.1040896397   0.0001542309  -0.0002687576   0.0000959556
24  7  -0.0014194704   0.0004635028   0.0017982556  -0.0003957464  -0.0005889153
24  8   0.0002805501   0.0007457856  -0.0000480909   0.0007365672   0.0007645578
24  9  -0.0005385971   0.0003189762  -0.0077025553   0.0025423335   0.0038380467
25  1   0.0018674513   0.0034100935  -0.0004568685  -0.0028780923  -0.0080033568
25  2   0.0047713395   0.0001130108   0.0017687517  -0.0024160398  -0.0186353631
25  3   0.0108267377   0.0384118750  -0.0001964653   0.0015092319   0.0010333534
25  4  -0.0005636228   0.0000150090  -0.0008230303  -0.1371439901   0.0270935761
25  5   0.0708426980   0.0337015204  -0.0005673494  -0.0275689935   0.5448104412
25  6  -0.1942206366  -0.0741424355  -0.0002563260  -0.0000230378   0.0002144028
25  7  -0.0069503479   0.0029400183   0.0005907322  -0.0002929565  -0.0005449467
25  8   0.0002384265  -0.0010030231  -0.0002901704   0.0007986406   0.0000832540
25  9  -0.0002706097  -0.0000059929  -0.4126554905   0.1563566893  -0.0114881076
26  1   0.0005948712  -0.0002285792   0.0001228964  -0.0017218764   0.0012311762
26  2  -0.0002286545   0.0006264375  -0.0000714313   0.0003890768   0.0096937868
26  3   0.0057727657  -0.0139839915   0.0011371550  -0.0020263351  -0.0014812803
26  4  -0.0009949923  -0.0003558076  -0.0001393845   0.0287861429  -0.0685874009
26  5  -0.0175146068  -0.0013556632   0.0277450076   0.0177798429  -0.1942206366
26  6   0.1142434100   0.0079843976  -0.0001182244   0.0002095728  -0.0001507080
26  7   0.0030524297  -0.0005369447  -0.0001589856   0.0003629425   0.0006125544
26  8   0.0005359937   0.0001472120  -0.0001618874   0.0002739753   0.0001900804
26  9   0.0002147732  -0.0000343833   0.1538203349  -0.0780608737   0.0066058117
27  1  -0.0002564733  -0.0022882650   0.0016351474   0.0003813916   0.0060987253
27  2  -0.0066062626   0.0007798935  -0.0017592745   0.0038741116   0.0128467312
27  3  -0.0057386751  -0.0111971655  -0.0003316734  -0.0020088677  -0.0024686101
27  4  -0.0007937841   0.0005584773   0.0002478221   0.0414973005  -0.0063689416
27  5  -0.2655959449  -0.0142657821   0.0135316374  -0.1040896397  -0.0741424355
27  6   0.0079843976   0.4291846272   0.0002977229  -0.0002831681  -0.0000713706
27  7   0.0006713674  -0.0001459231   0.0009171243   0.0003039068   0.0006465572
27  8   0.0008916465   0.0009128137   0.0001554202   0.0011895491   0.0005836633
27  9  -0.0000804150   0.0000987840   0.0315153575  -0.0103016848  -0.0480098185
28  1  -0.0039445330  -0.0025191858   0.0043585611   0.0041881334   0.0268589056
28  2  -0.0074867074  -0.0289582228  -0.0472358186  -0.0012419773   0.0030545286
28  3  -0.0014500794  -0.0055153751   0.0000542101  -0.0002522048   0.0001162508
28  4   0.0002112753  -0.0002703161   0.0002685883   0.0000604687  -0.0006309204
28  5  -0.0002734359   0.0003563223  -0.0000277404   0.0001542309  -0.0002563260
28  6  -0.0001182244   0.0002977229   0.0252245770   0.0240433047   0.0093967735
28  7  -0.0001093993   0.0012818772  -0.0002149130   0.0002162233   0.0000551473
28  8  -0.0000131006  -0.0000445621   0.0000918506   0.0001307729  -0.0000102751
28  9   0.0000193401   0.0000283703  -0.0000424205   0.0001540644  -0.0000057616
29  1  -0.0031187011  -0.0015539638  -0.0067648167   0.0040238838  -0.0103197308
29  2   0.0116081518  -0.0249707753  -0.4477181654   0.1116641340  -0.0006324715
29  3   0.0026347201   0.0011030468   0.0003339138   0.0002231315  -0.0000046250
29  4   0.0001180204   0.0002126947   0.0001881720   0.0000222579  -0.0003368696
29  5   0.0008185306  -0.0000029336   0.0002268793  -0.0002687576  -0.0000230378
29  6   0.0002095728  -0.0002831681   0.0240433047   0.4568831923  -0.1181716188
29  7   0.0002695261  -0.0005259349   0.0001327665  -0.0001266717   0.0000466669
29  8  -0.0000283273  -0.0000231829   0.0000455580   0.0000757961  -0.0000008593
29  9   0.0000158900  -0.0000147880   0.0000877264  -0.0000436411  -0.0000544963
30  1   0.0044947238  -0.0059908635   0.0041387427   0.0004782310   0.0517560257
30  2  -0.0144796855  -0.0093605257   0.0721029598  -0.0609684371  -0.0048939811
30  3  -0.0000544147  -0.0025247795  -0.0001399216  -0.0008046721  -0.0002113473
30  4  -0.0000981495  -0.0003269334   0.0003107700   0.0004244187   0.0009623025
30  5  -0.0008330433  -0.0006077458  -0.0000544331   0.0000959556   0.0002144028
30  6  -0.0001507080  -0.0000713706   0.0093967735  -0.1181716188   0.0741820682
30  7  -0.0001573672   0.0005779688  -0.0002661534   0.0001980924   0.0000391851
30  8   0.0000259193   0.0000440583   0.0001709808   0.0004326351   0.0000355735
30  9  -0.0000198197   0.0000156225  -0.0000285831  -0.0000359593   0.0001531033
31  1  -0.0002845273  -0.0012078296  -0.0003812500   0.0002738273   0.0015194686
31  2  -0.0020313667  -0.0001640552   0.0007908036  -0.0001241400  -0.0568564873
31  3  -0.0009418081   0.0477226899   0.0049073189  -0.0009705848  -0.0245775255
31  4   0.0006748428   0.0004395089   0.0004057022  -0.0075123456   0.0001911134
31  5   0.0336469104   0.0023333985  -0.0009363686  -0.0014194704  -0.0069503479
31  6   0.0030524297   0.0006713674  -0.0001093993   0.0002695261  -0.0001573672
31  7   0.0666029762  -0.0004146447  -0.0536220551   0.0007020273   0.0005942098
31  8   0.0002509952  -0.0030551069  -0.0031045224  -0.0018829134  -0.0001621308
31  9   0.0003279461   0.0000791457  -0.0003999908   0.0003907521   0.0014192774
32  1   0.0018757834   0.0004897452  -0.0021838019  -0.0079413832  -0.0001709089
32  2   0.0339263031   0.0005600433  -0.0054425510   0.0013838177  -0.0015971999
32  3  -0.0485340417  -0.0043918420   0.0034685725  -0.0015418991  -0.0202226829
32  4   0.0005273053   0.0005108809  -0.0007984529   0.0028355848  -0.0008254087
32  5  -0.0138178695  -0.0011161424   0.0001921997   0.0004635028   0.0029400183
32  6  -0.0005369447  -0.0001459231   0.0012818772  -0.0005259349   0.0005779688
32  7  -0.0004146447   0.0572332500   0.0061600648   0.0002502882   0.0004309358
32  8   0.0008504152  -0.0030266018  -0.0018421309  -0.0015786813  -0.0000403645
32  9   0.0001557469   0.0003798788   0.0003968636   0.0004070612  -0.0006026976
33  1  -0.0010046471  -0.0016893926   0.0022422813   0.0011906896   0.0016820586
33  2  -0.0124204349   0.0006243705   0.0016733671   0.0002983394   0.0549649371
33  3  -0.0054424862  -0.3067102453   0.0006738290  -0.0018386012  -0.0133249169
33  4   0.0002202404  -0.0007192617   0.0003188191   0.0007165142   0.0000805145
33  5  -0.0053315984  -0.0019176965   0.0005801556   0.0017982556   0.0005907322
33  6  -0.0001589856   0.0009171243  -0.0002149130   0.0001327665  -0.0002661534
33  7  -0.0536220551   0.0061600648   0.3313925360  -0.0002260212   0.0002612104
33  8   0.0004186411  -0.0019229710  -0.0009483938   0.0004641123  -0.0000277172
33  9   0.0002218039   0.0002207965  -0.0000452920   0.0000051799  -0.0000175566
34  1   0.0003746171  -0.0002071955   0.0004354270  -0.0012203773   0.0013460899
34  2  -0.0015606773   0.0012275832   0.0000535135   0.0006286678  -0.0212749075
34  3   0.0059183038   0.0027231085  -0.2768185947   0.0970280030   0.0328113546
34  4   0.0057017995  -0.0025469735  -0.0001491227   0.0008204582  -0.0041601727
34  5  -0.0021813335  -0.0012905151   0.0013665939  -0.0003957464  -0.0002929565
34  6   0.0003629425   0.0003039068   0.0002162233  -0.0001266717   0.0001980924
34  7   0.0007020273   0.0002502882  -0.0002260212   0.2961262983  -0.1017194000
34  8  -0.0329565271  -0.0045481322   0.0021156195   0.0005403412   0.0001662751
34  9   0.0003399258  -0.0000683181   0.0001102013  -0.0000208669  -0.0001031520
35  1   0.0000857052  -0.0001135379  -0.0000754070  -0.0004599110   0.0014039113
35  2   0.0000790672  -0.0004348909  -0.0009425263   0.0005193729  -0.0203232664
35  3   0.0066709139   0.0022099010   0.1052330997  -0.0823998274  -0.0207553070
35  4   0.0166438919  -0.0205544116   0.0049459090  -0.0001676190  -0.0043191931
35  5  -0.0022513244  -0.0015879638   0.0017202185  -0.0005889153  -0.0005449467
35  6   0.0006125544   0.0006465572   0.0000551473   0.0000466669   0.0000391851
35  7   0.0005942098   0.0004309358   0.0002612104  -0.1017194000   0.0963010046
35  8   0.0159336509   0.0026780229   0.0004811398  -0.0006342218  -0.0000834149
35  9   0.0006761009  -0.0003242023   0.0000313357  -0.0000139498  -0.0000054758
36  1  -0.0000464322   0.0000442206  -0.0003800513   0.0008169944   0.0002592637
36  2   0.0011611864  -0.0003100905   0.0001703257  -0.0001101102  -0.0172845154
36  3   0.0048045276   0.0015488286   0.0313771394  -0.0170588748  -0.0544236993
36  4  -0.0098888327   0.0098265348   0.0001601919  -0.0006114720  -0.0037560590
36  5  -0.0028533993  -0.0005183769   0.0010833231   0.0002805501   0.0002384265
36  6   0.0005359937   0.0008916465  -0.0000131006  -0.0000283273   0.0000259193
36  7   0.0002509952   0.0008504152   0.0004186411  -0.0329565271   0.0159336509
36  8   0.0544596344   0.0283965634  -0.0120469330  -0.0012226064   0.0005874244
36  9  -0.0008662388  -0.0001435790  -0.0000381959   0.0002481776   0.0001868473
37  1  -0.0000279945  -0.0000170852   0.0001003829   0.0007177886   0.0004053709
37  2   0.0001774394  -0.0000485161  -0.0005122700   0.0000904242   0.0039993308
37  3  -0.0018186612  -0.0244593851  -0.0652898989   0.0072410562   0.0636342669
37  4   0.0009380405  -0.0011089217  -0.0019255683   0.0021503687   0.0004098034
37  5  -0.0029845598  -0.0003163452  -0.0002170203   0.0007457856  -0.0010030231
37  6   0.0001472120   0.0009128137  -0.0000445621  -0.0000231829   0.0000440583
37  7  -0.0030551069  -0.0030266018  -0.0019229710  -0.0045481322   0.0026780229
37  8   0.0283965634   0.0665084307  -0.0037809439  -0.0634450646   0.0000462149
37  9  -0.0004405981   0.0003795538  -0.0000265952   0.0000638198   0.0002562606
38  1   0.0002947619  -0.0001186459   0.0007656388  -0.0002216483   0.0014879370
38  2  -0.0022145450   0.0000731490  -0.0015268275   0.0009711705   0.0038435460
38  3  -0.0018025214  -0.0199625608   0.0034980476  -0.0412398246  -0.0194034332
38  4  -0.0039664024  -0.0117440531   0.0270703879   0.0012937966  -0.0001739903
38  5   0.0003493348  -0.0003627199   0.0004093508  -0.0000480909  -0.0002901704
38  6  -0.0001618874   0.0001554202   0.0000918506   0.0000455580   0.0001709808
38  7  -0.0031045224  -0.0018421309  -0.0009483938   0.0021156195   0.0004811398
38  8  -0.0120469330  -0.0037809439   0.0545532198   0.0257069434   0.0004692293
38  9   0.0016030119  -0.0007790944   0.0000464070   0.0000296637   0.0002131747
39  1   0.0002371882  -0.0001497763   0.0007417614  -0.0007994041   0.0007053016
39  2  -0.0016991221   0.0004928702   0.0012494054   0.0007456410   0.0016367761
39  3  -0.0022265809  -0.0145748774   0.0608094801  -0.0269482853  -0.3125790512
39  4   0.0003775439   0.0038216739  -0.0055475114   0.0012294777  -0.0001211138
39  5  -0.0021746870  -0.0001619035  -0.0000662175   0.0007365672   0.0007986406
39  6   0.0002739753   0.0011895491   0.0001307729   0.0000757961   0.0004326351
39  7  -0.0018829134  -0.0015786813   0.0004641123   0.0005403412  -0.0006342218
39  8  -0.0012226064  -0.0634450646   0.0257069434   0.3321454761   0.0000842068
39  9  -0.0002985773   0.0009912622  -0.0000480121   0.0001903586   0.0003508511
40  1  -0.0000241810  -0.0002883750   0.0000896331   0.0001080826   0.0002205340
40  2  -0.0006946459   0.0000493546  -0.0000350472   0.0001887131   0.0000975669
40  3  -0.0005654504   0.0008876708  -0.0001286635   0.0004229926  -0.0008176351
40  4  -0.0872949835  -0.0632863294  -0.1053665491   0.0000785101   0.0009358526
40  5  -0.0016207515   0.0000668130  -0.0008022306   0.0007645578   0.0000832540
40  6   0.0001900804   0.0005836633  -0.0000102751  -0.0000008593   0.0000355735
40  7  -0.0001621308  -0.0000403645  -0.0000277172   0.0001662751  -0.0000834149
40  8   0.0005874244   0.0000462149   0.0004692293   0.0000842068   0.0868989151
40  9   0.0629364612   0.1054329827   0.0000252474  -0.0000730787  -0.0001271266
41  1  -0.0000093965  -0.0013726504   0.0000181013  -0.0017800640   0.0009584996
41  2  -0.0014019307   0.0003401393  -0.0001257679   0.0004303761   0.0010900465
41  3  -0.0057670045   0.0037608673  -0.0147854255  -0.0102888175  -0.0164349131
41  4  -0.0490022596  -0.0559298111  -0.0519782001   0.0015796904  -0.0011356373
41  5   0.0008738404  -0.0002854418   0.0007675431  -0.0005385971  -0.0002706097
41  6   0.0002147732  -0.0000804150   0.0000193401   0.0000158900  -0.0000198197
41  7   0.0003279461   0.0001557469   0.0002218039   0.0003399258   0.0006761009
41  8  -0.0008662388  -0.0004405981   0.0016030119  -0.0002985773   0.0629364612
41  9   0.0702760970   0.0662435532  -0.0000597541  -0.0000479741   0.0000701499
42  1   0.0000601879   0.0006013301   0.0000509179   0.0004817246   0.0002200787
42  2   0.0007789264  -0.0000381836  -0.0000784194  -0.0000133779  -0.0000262976
42  3   0.0023776288  -0.0016161969   0.0068784308   0.0061688845   0.0073216798
42  4  -0.1127424114  -0.0747194270  -0.1426599565  -0.0007042831   0.0000930492
42  5  -0.0004539971   0.0002365665  -0.0001709491   0.0003189762  -0.0000059929
42  6  -0.0000343833   0.0000987840   0.0000283703  -0.0000147880   0.0000156225
42  7   0.0000791457   0.0003798788   0.0002207965  -0.0000683181  -0.0003242023
42  8  -0.0001435790   0.0003795538  -0.0007790944   0.0009912622   0.1054329827
42  9   0.0662435532   0.1350727973   0.0000085245   0.0000368601   0.0000173447
43  1   0.0002008111  -0.0002032773  -0.0000916613  -0.0002050450   0.0003593953
43  2   0.0001503544   0.0000375944  -0.0001212580   0.0000372225   0.0026060018
43  3   0.0004957716   0.0025281566   0.0005141304   0.0001017194   0.0000012149
43  4   0.0002821365   0.0000847360   0.0001097123  -0.0178658282   0.0073731854
43  5   0.0101828640  -0.0000108282  -0.0017301462  -0.0077025553  -0.4126554905
43  6   0.1538203349   0.0315153575  -0.0000424205   0.0000877264  -0.0000285831
43  7  -0.0003999908   0.0003968636  -0.0000452920   0.0001102013   0.0000313357
43  8  -0.0000381959  -0.0000265952   0.0000464070  -0.0000480121   0.0000252474
43  9  -0.0000597541   0.0000085245   0.4274300755  -0.1606830398  -0.0365791070
44  1  -0.0003321913  -0.0002881704  -0.0002738745  -0.0000523065   0.0011684123
44  2   0.0006493249  -0.0001251233  -0.0001487080  -0.0003901561   0.0003100373
44  3   0.0042383066  -0.0008791518   0.0005022923   0.0002183977   0.0000125207
44  4   0.0000220467   0.0000408826   0.0000939268   0.0054268680   0.0009044275
44  5  -0.0039752666  -0.0019399635  -0.0050326059   0.0025423335   0.1563566893
44  6  -0.0780608737  -0.0103016848   0.0001540644  -0.0000436411  -0.0000359593
44  7   0.0003907521   0.0004070612   0.0000051799  -0.0000208669  -0.0000139498
44  8   0.0002481776   0.0000638198   0.0000296637   0.0001903586  -0.0000730787
44  9  -0.0000479741   0.0000368601  -0.1606830398   0.0766287712   0.0120774109
45  1  -0.0000942691  -0.0000316379  -0.0000148112  -0.0000190903   0.0001431878
45  2  -0.0003668623  -0.0002207162   0.0002329657   0.0000144674   0.0006412024
45  3   0.0000042017  -0.0062147137  -0.0004406348   0.0001370923  -0.0000439050
45  4   0.0000029839  -0.0002125381   0.0001367281   0.0534340972  -0.0206051804
45  5  -0.0029309202  -0.0066758562   0.0020280314   0.0038380467  -0.0114881076
45  6   0.0066058117  -0.0480098185  -0.0000057616  -0.0000544963   0.0001531033
45  7   0.0014192774  -0.0006026976  -0.0000175566  -0.0001031520  -0.0000054758
45  8   0.0001868473   0.0002562606   0.0002131747   0.0003508511  -0.0001271266
45  9   0.0000701499   0.0000173447  -0.0365791070   0.0120774109   0.0529011990
$end
