$vibrational normal modes
 1  1  -0.3898211090   0.3410749687   0.1611805120  -0.0068181556   0.1701239774
 1  2   0.0003035438  -0.1048303477  -0.0730716783   0.0783118335  -0.1078344942
 1  3   0.0080101335   0.2317869612  -0.0246574460   0.0051156979  -0.1191264291
 1  4  -0.0005075007   0.0399173027   0.0501229148   0.0335174565  -0.0130844286
 1  5   0.0672096895   0.0530136973   0.0946989257  -0.0538988907   0.0157508265
 1  6  -0.0075623485   0.0204659072  -0.0028095195   0.0018321143   0.0341172234
 1  7   0.0241614680   0.0186388462  -0.0133704125  -0.0088135560  -0.0174097313
 1  8  -0.0161807549  -0.0001019112   0.1680939881  -0.1076252509   0.0000009492
 1  9  -0.0001016573   0.0000550153  -0.0000413879  -0.0004738614  -0.0000039681
 2  1   0.0835637079   0.0638828758  -0.2702609079   0.0662285421   0.0097352500
 2  2   0.0088380371   0.0243372768   0.0139732369   0.0778947694  -0.0020587348
 2  3   0.0080295853  -0.2237878142  -0.0157545001   0.2045828413  -0.2597774195
 2  4   0.2464833012  -0.0497401645  -0.0263523525  -0.0276201462   0.0035153763
 2  5  -0.0146809573   0.0711841219   0.0057512155  -0.0044743195   0.0124059267
 2  6   0.0273112962   0.0395021344   0.0175027714  -0.0158790509   0.0574213434
 2  7   0.0372347885   0.0234932843  -0.0110953689   0.0161770747  -0.0179739904
 2  8   0.0128199261  -0.0001899623   0.2804511030  -0.1812211858   0.0000792620
 2  9   0.0001097355   0.0000800370  -0.0000055093  -0.0001981315   0.0000446451
 3  1   0.2887609334  -0.0680357746   0.1671600302   0.1586256675   0.0196205236
 3  2   0.3674251446   0.0583092573  -0.0271856300  -0.1035850896   0.1234836972
 3  3  -0.0026074039   0.0678636007   0.0368835003  -0.0523032583  -0.0086841347
 3  4  -0.0917863246  -0.0410101980   0.1086155921   0.0888171048  -0.0546833824
 3  5  -0.0475998591   0.0771481898   0.0711632076   0.0158101123   0.0297230535
 3  6   0.0317853233   0.0317073972  -0.0030189295  -0.0044511072   0.0470157935
 3  7   0.0231495744   0.0153372944  -0.0056353373  -0.0192824927  -0.0226041984
 3  8  -0.0378193618   0.0004101303   0.1941234816  -0.1223607336  -0.0000061777
 3  9  -0.0001474311   0.0003224701  -0.0000836379  -0.0007195448   0.0000325627
 4  1  -0.0256754160   0.2977295989   0.1212937173  -0.0309098985   0.0653400518
 4  2   0.0126207322  -0.0039054407  -0.0063463684   0.0229692737  -0.0444908508
 4  3   0.0007886228   0.0373842282  -0.0053342596   0.0179576854  -0.0743357591
 4  4   0.0419165820  -0.2107573498   0.0288122274   0.0469666953   0.0180725244
 4  5  -0.1981358813   0.0314500906  -0.1248126671   0.1650188104   0.0228198254
 4  6   0.1186988742   0.0498546084   0.0100176364  -0.0320033493   0.0592510263
 4  7   0.0045464297  -0.0226412660   0.0363763998   0.0515154922   0.0347054617
 4  8   0.0717015229   0.0009905610  -0.2685413864   0.1601062502   0.0000830369
 4  9   0.0005914868  -0.0004190074   0.0001705497   0.0003232231   0.0000021039
 5  1   0.0101426181   0.0893089365  -0.2018056032   0.1373666840   0.0210077644
 5  2   0.0450446342  -0.0057410190  -0.0182099213   0.0589561309   0.0536536529
 5  3   0.0111863779  -0.0561942185   0.0413644199   0.1759131926  -0.1141300146
 5  4   0.0780788390   0.0200869657   0.0729315287   0.0603446163  -0.0486206053
 5  5   0.0260933034   0.1128297468   0.1393230506  -0.0594541949   0.0328774286
 5  6  -0.0062246205   0.0126510487   0.0219573564   0.0106896194  -0.0795788167
 5  7  -0.0248675681  -0.0032518607  -0.0072727593  -0.1165453689  -0.0441390391
 5  8  -0.1581315693  -0.0020001413  -0.4430779673   0.3066962680  -0.0002701599
 5  9  -0.0002543694  -0.0001878931  -0.0000750104  -0.0025007638   0.0000716192
 6  1   0.0777442403  -0.0661494391   0.1062028107   0.0803566719   0.0940182695
 6  2   0.3064588171   0.0133951672  -0.0419332831  -0.0306500167  -0.0105200838
 6  3  -0.0013521193  -0.0023321871  -0.0629813822  -0.0354564243  -0.2305588814
 6  4   0.0830193503   0.0845118053  -0.0185511240  -0.0489498862  -0.0016727103
 6  5   0.1162434204  -0.0122948320   0.0517978121  -0.1002390169  -0.0135306403
 6  6  -0.0466209607   0.0160474981  -0.0208400405   0.0040037403   0.0898635462
 6  7   0.0491063078   0.0198530204  -0.0189122741   0.1324028599   0.0566755456
 6  8   0.2101514781  -0.0018521529  -0.3124086573   0.1836123780   0.0000984488
 6  9   0.0007503862  -0.0011819291   0.0002847195   0.0014161180  -0.0000151800
 7  1   0.4696790940   0.3263817561   0.1496898802   0.0169911629  -0.0049511063
 7  2  -0.0330690186   0.1636309556   0.0867436780   0.0456354970  -0.0552415067
 7  3   0.0045635823   0.1808380098  -0.0044881155   0.0352590307  -0.0743276335
 7  4   0.0524348403  -0.0126221004  -0.0313691313  -0.0214732916   0.0724836363
 7  5   0.0876513111  -0.0214292105  -0.0286637025  -0.0198544155  -0.0336924662
 7  6  -0.0440163870  -0.0497615752   0.0185368801   0.0012705576  -0.0903364079
 7  7  -0.0361736508  -0.0086750184   0.0006840915  -0.0082704485  -0.0013625223
 7  8  -0.0160786347   0.0002224911   0.0336620558  -0.0184332644  -0.0000382839
 7  9  -0.0002251277   0.0003259271   0.0000154370  -0.0027881295   0.0001339958
 8  1  -0.0893634514   0.1135172525  -0.0968387153   0.2492946426   0.0161023241
 8  2   0.1261254578  -0.0573309640  -0.0718223072   0.0006004267   0.1911732091
 8  3   0.0146305353   0.1346864563   0.1868121179   0.2215697611   0.2905639019
 8  4   0.0167361953   0.0371356507  -0.0883036037  -0.0470876537   0.0126311653
 8  5  -0.0217050853  -0.0143809731  -0.0005953626   0.0012198561   0.0203126425
 8  6   0.0212795324   0.0292151146   0.0014929138  -0.0014192257  -0.0404352213
 8  7  -0.0246491396  -0.0141967706   0.0032523719   0.0513041415   0.0277478404
 8  8   0.0732270121  -0.0002993443   0.0324179465  -0.0242725054   0.0000452915
 8  9  -0.0000417495  -0.0001871795  -0.0001056176  -0.0589566367   0.0031921160
 9  1  -0.2045758836  -0.0773848014   0.1086560565   0.0735641552   0.1307243401
 9  2   0.3444590969  -0.0847116080  -0.0989619553  -0.0524150080   0.0178324723
 9  3  -0.0027713763  -0.0391947856  -0.0393130125  -0.0343280827  -0.1979262381
 9  4   0.0833593694  -0.0301999768  -0.0263085129  -0.0535380180   0.0005057879
 9  5  -0.0409105317  -0.0236528623  -0.1464701042   0.0509258014  -0.0590853218
 9  6  -0.0475949672  -0.0900960763   0.0347853371  -0.0055584246  -0.1388834600
 9  7  -0.0588353733  -0.0149814476   0.0078815053  -0.0296254318  -0.0122935429
 9  8  -0.0594487104   0.0012239006   0.0482870307  -0.0255277294  -0.0000740323
 9  9  -0.0002012561   0.0003076952  -0.0001172710   0.0164649348  -0.0009257564
10  1   0.0120764828   0.2038791930   0.0325867485  -0.1200068556  -0.0003410823
10  2   0.0826595675  -0.0559572420   0.0083243523  -0.0664820562  -0.0143411600
10  3  -0.0089854471  -0.1887405636   0.0312164724   0.0400604302   0.0073973794
10  4  -0.1264179081  -0.1403844772  -0.0184972327  -0.0439299985  -0.0432344006
10  5   0.0021967602  -0.0211762569  -0.0615642406  -0.0680877731   0.0857474790
10  6  -0.1330790299   0.0771525840  -0.1419571219   0.1258681709  -0.0366989819
10  7   0.0011769742   0.0027380851  -0.1159365065  -0.0713704001   0.1010215027
10  8  -0.0003149785  -0.0105741035  -0.0019288497  -0.0570492219  -0.0001555859
10  9   0.0030429013   0.0161543578  -0.0028148088  -0.0000940174  -0.0006838134
11  1   0.0018334528   0.0953721600  -0.2286122439   0.1064231046   0.0406468695
11  2   0.0031572370   0.0119655760  -0.0008926026   0.0982743517   0.0142519369
11  3   0.0112323296  -0.0601339408   0.0064328562   0.1215523607  -0.0520935077
11  4  -0.1043894764   0.0453980883   0.0936987839   0.0851816508  -0.0248033313
11  5   0.0159997557  -0.0598967818  -0.0096200781   0.0793284650  -0.0701654881
11  6  -0.0882708239  -0.2111986971  -0.1249366301   0.0463306200   0.0903153440
11  7  -0.0412515151  -0.0448820501   0.1002543493   0.0232853563   0.1022314264
11  8   0.0081604442   0.0174498864   0.0529043219  -0.0148363947   0.0001346796
11  9  -0.0007791659  -0.0015517824   0.0004177712   0.0006769477   0.0002620160
12  1   0.0470711522  -0.0501350126   0.0183313740  -0.0206247986   0.1539662165
12  2   0.1762243970   0.0676870383   0.0028047274   0.0916294932  -0.1588413232
12  3  -0.0009787498  -0.0603819226  -0.1144662124   0.0477602710  -0.0023276087
12  4  -0.0458656483   0.1396728806  -0.0967608191   0.0084461937   0.0649371816
12  5  -0.0240717807  -0.0849483592   0.1030696518   0.1075030145   0.0984782640
12  6   0.1544273182   0.0279481490  -0.1141730332   0.0850056914  -0.0025502227
12  7  -0.1097771211  -0.0090010718  -0.0210059282   0.0059270082  -0.0172892914
12  8  -0.0479517535  -0.0039016275  -0.0026891228  -0.0309690611  -0.0004079834
12  9  -0.0150056227  -0.0795558694   0.0121416737  -0.0002045519  -0.0000895496
13  1  -0.0501963686   0.1626022475  -0.0052398278  -0.1404787523  -0.1109056619
13  2   0.0914883475   0.0582477749  -0.0119062913  -0.1468422191   0.0678298714
13  3   0.0061706779  -0.0941604985  -0.1672729767   0.2296913384  -0.0441463909
13  4  -0.2525451706   0.0040198504  -0.0684070174   0.0137259190  -0.0041001888
13  5  -0.0226035705   0.0145031013  -0.0496388073  -0.1619331969   0.0363267109
13  6   0.0733339437  -0.1199129933   0.0987437791  -0.0484962029   0.0320819691
13  7  -0.0061772154  -0.0362905881   0.0122815303   0.0232210333  -0.0536220936
13  8   0.0159145557  -0.0590913825  -0.0040620442  -0.0067116035   0.0001509736
13  9   0.0508948509  -0.0180906542  -0.0562105092   0.0001042872  -0.0000211925
14  1   0.0354238676   0.1490933026  -0.1270884863   0.2088407348   0.0814071552
14  2   0.0291574981  -0.0267170949  -0.0219286841   0.1034748131  -0.0355642022
14  3  -0.0029693123  -0.1274214307  -0.0006521303  -0.1303597089   0.0109843537
14  4  -0.0429948657  -0.0170393394   0.0307609277   0.0401767946  -0.0263847394
14  5  -0.0462329819  -0.4303720803   0.0426177543  -0.0647926891  -0.0360611726
14  6  -0.0039740995   0.0569753050   0.0886986677  -0.0406625625   0.0089107502
14  7   0.0111426597  -0.0915503427  -0.0655844610  -0.0188957389  -0.0589283427
14  8   0.0312596646  -0.0012160950   0.0112837222  -0.0125233666  -0.0002797006
14  9  -0.0201810591   0.0074328201   0.0235489857   0.0000625951  -0.0000011448
15  1   0.0950641398  -0.0555248479  -0.0492280349  -0.1140357103   0.2630340128
15  2   0.1324827818  -0.0490669180   0.0504671992   0.2003368817  -0.2057714415
15  3  -0.0060473999  -0.1033466971   0.1683763602   0.0036940535   0.0551743201
15  4  -0.1810735894   0.0328383636  -0.0770705900   0.0138642549   0.0274730348
15  5  -0.0384103975   0.1750847580   0.0247650618   0.0363805407  -0.0174142381
15  6  -0.0929613230   0.0076489661   0.1505967129  -0.0536581525   0.0223259219
15  7   0.0342008391  -0.0203994630  -0.0069710448  -0.0017312786   0.0443878634
15  8  -0.0170606550  -0.0602710067  -0.0030418497  -0.0031562752  -0.0002070453
15  9   0.0373411646   0.0039092315   0.0724278213   0.0000071777  -0.0000483158
16  1  -0.0041327201   0.0502711576  -0.1116616832  -0.2510111279  -0.1725396698
16  2   0.1798877226  -0.0325569126  -0.0088286554   0.2344998771   0.1531726943
16  3  -0.0016831470   0.0599725943  -0.0393881468  -0.0744051859   0.0088870704
16  4   0.0094772106   0.0034951445  -0.0042999056   0.0022743184   0.0019457126
16  5  -0.0066794288  -0.0088274563   0.0059326622   0.0010568086  -0.0178950557
16  6  -0.0015523420   0.0242442182  -0.0000704392   0.0090258153  -0.0021059137
16  7  -0.0040781596   0.0068466764   0.0032490491   0.0004625312  -0.0005316120
16  8  -0.0021455963  -0.0004104765   0.0002680604   0.0007625392   0.0180559735
16  9  -0.0001272815  -0.0000198033   0.0001808581   0.0000092514  -0.0000166697
17  1   0.0114736450   0.1564615084  -0.1726619117   0.1568005508   0.1103812508
17  2  -0.0369696057   0.0022976757  -0.0005837233  -0.0309716703   0.1055380785
17  3   0.0114944825  -0.0688120529  -0.1103954554  -0.2464801335   0.0792407982
17  4  -0.0197715481   0.0188152033  -0.0330391877  -0.0190854507   0.0141248614
17  5   0.0117349925   0.1321571182  -0.0082835657   0.0152423839   0.0168581043
17  6  -0.0017467997  -0.0157353742  -0.0005792823  -0.0034928178   0.0017501778
17  7   0.0006653550  -0.0060573718  -0.0044223213  -0.0009912341  -0.0015981695
17  8   0.0017662670   0.0012814619  -0.0014052727  -0.0002064009   0.0135228112
17  9   0.0000105633  -0.0001248022   0.0000836506   0.0000158970  -0.0000051800
18  1   0.0394332243  -0.0363839582  -0.1510743924  -0.2305607440   0.3304541784
18  2  -0.0203099811   0.0190484075   0.0968885566  -0.1084025081   0.1094469372
18  3   0.0355374643   0.0786894812   0.0219571511   0.0243629810  -0.0222753858
18  4   0.0140869650  -0.0106463417   0.0130065440   0.0054840536  -0.0078326292
18  5  -0.0030859723  -0.0612204672  -0.0043673473  -0.0275942052  -0.0236162321
18  6   0.0291437691   0.0142480565  -0.0184501616  -0.0026279505  -0.0100189137
18  7   0.0036195671   0.0103165335   0.0026693807  -0.0003586053   0.0029580492
18  8  -0.0046413617  -0.0006776325   0.0005213823   0.0003717372   0.0219852977
18  9   0.0000045309  -0.0000731793  -0.0000987996   0.0000085417  -0.0000060216
19  1  -0.0002670944   0.1731188787   0.0038921939  -0.1432248654  -0.0479865607
19  2   0.0985883205  -0.0291776780  -0.0020004719  -0.1249707239  -0.0408582729
19  3  -0.0196036160  -0.1432734514   0.0460178719   0.0068061751   0.1130518195
19  4  -0.0126066778  -0.0176551591   0.0371797085  -0.0840416730  -0.0584299258
19  5   0.1603156299  -0.0177584836   0.0545688728   0.1115766965  -0.0338331580
19  6   0.0208922075   0.0350086139  -0.0104346036  -0.0854561567   0.0249956484
19  7  -0.0380032601  -0.0173967469  -0.0199833788   0.1707394435  -0.0096021585
19  8  -0.1412893451   0.0164744215   0.2152223731   0.3822892841   0.0000058755
19  9  -0.0009061171  -0.0003357094   0.0003951038   0.0002091548   0.0025047470
20  1  -0.0064714991   0.0088807092  -0.2995650217   0.0442756168  -0.0613317585
20  2   0.0696481775   0.0208873543  -0.0156410104  -0.0408387061  -0.0797318242
20  3  -0.0127244639   0.0760985276  -0.0011235482   0.0661112404  -0.0848375001
20  4  -0.1506532515   0.0874210950   0.1180033301  -0.0158137022   0.0001735437
20  5   0.2158146381  -0.0041822973  -0.2530514050   0.1333658401   0.0219792599
20  6   0.0630998514   0.1166604210   0.0467660343  -0.0032001924  -0.0240966715
20  7   0.0295705345   0.0052572335  -0.0090135813  -0.0603507774  -0.0099354191
20  8   0.0504034232  -0.0087224495  -0.1085077155  -0.1665006106  -0.0000636195
20  9   0.0002165230   0.0004055591   0.0002231465  -0.0001488784  -0.0008969032
21  1  -0.0879078485  -0.0233389937   0.0064977727  -0.0122715399   0.0743837204
21  2   0.0802009591   0.2956032000  -0.0292605362   0.0564350943  -0.0627862540
21  3  -0.0034727048  -0.0197109119  -0.0881141154   0.0556668154   0.2254656750
21  4   0.0613417164  -0.0201514279   0.0392510943   0.0018972058  -0.0140991365
21  5   0.0164067134   0.0098350923  -0.0112331579   0.0143574317  -0.0143520059
21  6   0.0285487308  -0.0268608073   0.0489634306   0.0793099805  -0.0278135735
21  7   0.0536123154   0.0167149534   0.0044222577  -0.1714900636   0.0110030045
21  8   0.1536980630  -0.0188359848   0.3011336472   0.4488575648   0.0004432020
21  9  -0.0002111781  -0.0015328896   0.0008026061   0.0000913358  -0.0009654924
22  1   0.1028124701   0.1405088737  -0.0279153612  -0.1896928804  -0.0031183654
22  2   0.1411368594  -0.1608850530  -0.1193021844  -0.1491867020  -0.1542344214
22  3  -0.0271385468  -0.0965847479  -0.0598608069   0.0248861540   0.3622694523
22  4   0.1966040058   0.0615674872   0.0593650775   0.0277758238  -0.0006642672
22  5  -0.0183735262   0.0105748397   0.0288091920  -0.0081056154  -0.0314882879
22  6  -0.0025395116  -0.0328667564   0.0163288237   0.0235544480  -0.0142512949
22  7   0.0399148906  -0.0110750129   0.0306645445  -0.0151457433  -0.0072453837
22  8   0.0174356747  -0.0007100876  -0.1410855966  -0.2311649554  -0.0000776960
22  9   0.0001315279   0.0001048266  -0.0000497890  -0.0000131038   0.0000551071
23  1   0.0708963203  -0.0229674742  -0.3949428143  -0.0555293831  -0.0716659708
23  2   0.0130140110   0.0641188895  -0.3742614887  -0.1359712379  -0.1543582066
23  3  -0.0542371649   0.2108490706   0.0562060777  -0.0880301417  -0.1249955119
23  4  -0.0305218952  -0.0432069466  -0.0361910501  -0.0117290562   0.0221021047
23  5  -0.0853202691  -0.0008109416   0.0434827671  -0.0420357964   0.0108298530
23  6  -0.0167104639  -0.0146354778  -0.0185230164  -0.0035713953   0.0104468131
23  7  -0.0220630305   0.0057558269  -0.0099600460   0.0044897420   0.0074719517
23  8  -0.0060104464   0.0007979001   0.0670100703   0.1017969921   0.0000715164
23  9  -0.0000528073  -0.0000899432  -0.0000153003   0.0000333448  -0.0000787864
24  1  -0.1383176686  -0.0095054730  -0.0021637111  -0.0113067351   0.0366951422
24  2   0.0283274405   0.4106777933  -0.0632172478   0.0426388453  -0.0012897066
24  3  -0.0139639140  -0.0145206439   0.0166625705  -0.0122336632   0.0388258624
24  4  -0.0409002300  -0.1262317853  -0.0247307423  -0.0864406815  -0.0591638096
24  5   0.0623224436  -0.0054883628   0.1382474304   0.0527190834  -0.0333318297
24  6   0.0222485048  -0.0260667176   0.0113955250   0.0359804042  -0.0237691115
24  7   0.0538297547  -0.0238761571   0.0324967602   0.0364184746  -0.0128159546
24  8  -0.0276270335   0.0040229097  -0.1852171924  -0.2883235455  -0.0001803353
24  9   0.0001217641   0.0005012219  -0.0002105272  -0.0000018302   0.0008553934
25  1  -0.1435730144   0.1874809158   0.0190246565  -0.1050588277  -0.1449999896
25  2   0.0590640927   0.1585005466   0.1480433517  -0.1644923352   0.0450906584
25  3  -0.0195251888  -0.1352515745   0.2457901994  -0.1491812684  -0.1589370964
25  4   0.0315036997   0.1262021450   0.0042248731   0.0142544575   0.0436255925
25  5  -0.0422915998  -0.0120780246   0.0470747411   0.0235917600  -0.0088917390
25  6   0.0378557305  -0.0360731072   0.0145052863   0.0044219214   0.0104902354
25  7  -0.0266455288   0.0207235927  -0.0046510375  -0.0720571029   0.0051838307
25  8   0.0569660695  -0.0059296955  -0.0104113632  -0.0261769322   0.0000124181
25  9  -0.0001001015  -0.0002839099   0.0000239685   0.0030661891   0.0570082542
26  1  -0.1119683067  -0.0276168095  -0.2431588051   0.1139603017  -0.1382999848
26  2   0.1988483887  -0.0251553597   0.4510826123  -0.0672276900  -0.1866266841
26  3   0.0199845956   0.1577686289  -0.0542394768  -0.0137711619   0.0571348019
26  4  -0.0015717544  -0.0581398317   0.0361416311  -0.0600272456   0.0242603485
26  5  -0.0769124580   0.0086620082   0.0491625426  -0.0406816141   0.0002391973
26  6  -0.0211166740  -0.0088408966  -0.0092854273   0.0104971812  -0.0044289495
26  7   0.0140454692  -0.0089447391   0.0044191572   0.0277707576  -0.0006864067
26  8  -0.0198940713   0.0026804861   0.0076427284   0.0120781230  -0.0000453223
26  9  -0.0000112712   0.0000902411  -0.0001195450  -0.0011694083  -0.0221263065
27  1  -0.1210081487  -0.0171274529   0.0076802355  -0.0051865008   0.0507125208
27  2   0.0614811515   0.3524161328  -0.0126846765   0.0497550738  -0.0313901772
27  3  -0.0074441421  -0.0257255067  -0.0243476455   0.0130289587   0.1599143733
27  4   0.0799062413   0.0375576475   0.0512428389   0.0494198904   0.0259927536
27  5  -0.0381492514   0.0205157446  -0.1348740290  -0.0968577117   0.0276873159
27  6  -0.0979264654   0.0674571231  -0.0579315508  -0.1368645156   0.0440049960
27  7  -0.0994506389   0.0167173353  -0.0150811341   0.0305089121  -0.0006063218
27  8  -0.0409014832   0.0055273707  -0.0403606023  -0.0537762836  -0.0001208062
27  9  -0.0000324888   0.0003942105  -0.0002707870  -0.0002974587  -0.0051998078
28  1   0.4270090899   0.3862540712   0.2062136660   0.0727718085   0.0415731789
28  2  -0.0765068781   0.1890782646   0.0837734920   0.1064380928  -0.1053695309
28  3   0.0136383497   0.4122247759  -0.0090591741   0.0589778799  -0.0225344330
28  4   0.0854835873   0.6397164620  -0.2460359102  -0.4659693152  -0.6118361515
28  5  -0.5369392414  -0.1105563507  -0.4529009780   0.1124711635  -0.0539333942
28  6  -0.0667939159  -0.0571370445  -0.0848466688   0.0403860685   0.3947932029
28  7   0.1983305452   0.0833797596  -0.0324385236  -0.2410857365  -0.1204726277
28  8  -0.3031913428  -0.0017845473  -0.1992969154   0.1255759642  -0.0001041918
28  9  -0.0005772403   0.0010406985  -0.0002421445   0.0471654318  -0.0023791095
29  1  -0.0802647002   0.1074331120  -0.0855182236   0.2630410255   0.0025180812
29  2   0.1499092968  -0.0661124035  -0.0783538174  -0.0222666919   0.2292332431
29  3   0.0135169546   0.1318161112   0.2219134042   0.2348933476   0.3964428190
29  4   0.0050286195  -0.0766461976  -0.1277557155  -0.0188601671   0.1939413936
29  5   0.1133789697  -0.0789579990   0.0087652839  -0.0083348269   0.0050908269
29  6   0.0157136263   0.0168356150  -0.0372608467   0.0145278453   0.1506380882
29  7   0.0648448054   0.0190330726  -0.0044786092  -0.0489959895  -0.0234128133
29  8  -0.0525156379  -0.0002029743  -0.0625589179   0.0358722080  -0.0000194824
29  9  -0.0016301818  -0.0005686950   0.0000130063   0.9595509342  -0.0518256380
30  1  -0.1779630311  -0.0870616018   0.1661819684   0.1403918573   0.0886071559
30  2   0.4271471376  -0.1130271516  -0.1249455512  -0.1277689228   0.1546050023
30  3  -0.0050493729   0.0043081986   0.0944352838   0.0184932229   0.2257179618
30  4   0.0437321304  -0.3210865942  -0.2269642886  -0.0457495133   0.5434443301
30  5   0.3384332596  -0.2963632361  -0.2052753044   0.0430449088  -0.1244915352
30  6  -0.0751505092  -0.1406555717  -0.1308674752   0.0570845009   0.6503981822
30  7   0.3084184735   0.1182185152  -0.0192634322  -0.4067186296  -0.2022337343
30  8  -0.5227915733   0.0011040283  -0.3183107253   0.2120757902  -0.0001264061
30  9  -0.0007282538  -0.0000362356  -0.0009367699  -0.2652541432   0.0143620863
31  1   0.1050357175   0.1898679491   0.0180587721  -0.1535413548   0.0781574670
31  2   0.1168744630  -0.2119508015   0.0295208902  -0.0105123662  -0.0833491675
31  3  -0.0092461999  -0.2478941741   0.1745921057  -0.0228185681  -0.1694222673
31  4  -0.2719903531  -0.0618646786  -0.1157295394  -0.0637342688  -0.0107738391
31  5  -0.0124304997   0.0002459371   0.0577205073   0.0348541427   0.1481121134
31  6  -0.3968689364   0.2452484177  -0.5368117437  -0.2616283543  -0.2334689604
31  7   0.2273407523  -0.0701212073   0.5963411463  -0.1184333535  -0.5750340608
31  8   0.3676785026  -0.0101113590   0.1268014234   0.2212963399  -0.0006909922
31  9  -0.0350335789  -0.1851606108   0.0245887231   0.0004808351   0.0002426544
32  1  -0.0233524059   0.1196895574  -0.2813160961   0.0431974123   0.0978719686
32  2  -0.1006386136   0.0513654182   0.0151585218   0.1848151360  -0.0492490300
32  3   0.0168486132  -0.0812695736   0.0737017974   0.1910612475   0.2250039073
32  4  -0.2373820674  -0.0423987588   0.1095642285   0.1815179587   0.0135134158
32  5  -0.1767235440   0.0023306366  -0.0400167553   0.3374837583  -0.1086290459
32  6  -0.1926744988  -0.4249128537  -0.1135875107   0.1109550345  -0.1592905488
32  7   0.0626809078   0.5384297217  -0.5138579700   0.4208161459  -0.5404765502
32  8   0.2650001834  -0.0296297136  -0.2377524776   0.0194779126  -0.0014396277
32  9   0.0040796116   0.0197923718  -0.0055916331  -0.0005240522  -0.0001381038
33  1   0.0626713031  -0.0534457169   0.0168101201  -0.0255696924   0.1677683474
33  2   0.1853985976   0.0365028003   0.0053285585   0.0989810666  -0.1691346759
33  3  -0.0005663059  -0.0717573377  -0.0877754001   0.0329239323  -0.0403071575
33  4  -0.0668852334   0.1567959134  -0.1152555911   0.0021619863   0.0704865579
33  5  -0.0204145154  -0.0797306118   0.1281602687   0.1201169315   0.1095112797
33  6   0.1078606039   0.0649323496  -0.1884662408   0.0126353841  -0.0316891738
33  7  -0.0706250176  -0.0355646128   0.1323177427  -0.0110714040  -0.1371018885
33  8   0.0253490613  -0.0042809168   0.0307319097   0.0434207541   0.0013470975
33  9   0.1757143931   0.9512484085  -0.1427931610   0.0005213535   0.0002855684
34  1  -0.0391283224   0.1867366235   0.0172617694  -0.1224509494  -0.0726987492
34  2   0.0792125762   0.0358526677  -0.0042362870  -0.1664481906   0.0379379179
34  3  -0.0012333982  -0.1393946524  -0.1241479710   0.1716200413  -0.0011160434
34  4  -0.2559594335  -0.0523681500  -0.0629705184  -0.0219616026  -0.0246445500
34  5   0.0106689950   0.0175165407  -0.1192195283  -0.2307381730   0.1032165153
34  6   0.0362618578  -0.0483819307   0.2490857485   0.1670381567   0.0703030762
34  7  -0.1478052469   0.2215988161   0.2393656681   0.0950290794  -0.0437532933
34  8  -0.0294546400   0.0875548992  -0.0169549207   0.0139370785   0.0029800775
34  9  -0.7295908242   0.2100191945   0.4959224778  -0.0010895979  -0.0005141104
35  1   0.0398911538   0.2096474520  -0.0789394747   0.2506559812   0.1534039786
35  2  -0.0191817226  -0.0320829986  -0.0101739430  -0.0260345956  -0.0678402700
35  3  -0.0033605354  -0.2080697820   0.0074218636  -0.1899795481   0.0795454149
35  4  -0.0782817487  -0.0793263349   0.0068306702  -0.0089400897  -0.0371826571
35  5  -0.0231787345  -0.4160996117  -0.0126551745  -0.0646949260   0.0543221180
35  6  -0.2388934072   0.3407750621   0.4857031219   0.4541751769   0.0941021055
35  7  -0.3027472259   0.5277323177   0.4844330441   0.1668307245   0.0280517670
35  8  -0.1386830300   0.0683599199   0.0064816739   0.0414248746  -0.0009104935
35  9   0.3071910051  -0.0910629243  -0.2095962403   0.0005153069  -0.0000270471
36  1   0.1839633179  -0.0747694955  -0.0379530677  -0.1163937805   0.3164954707
36  2   0.2039488571  -0.2099394414   0.0743533711   0.5125429115  -0.3417566536
36  3  -0.0661958924  -0.1769088715   0.5087911923  -0.2774316669   0.1967472195
36  4  -0.0791156608  -0.1911965591   0.0555007800  -0.1146048011  -0.1021710845
36  5   0.1785474375   0.1972153902  -0.3454323576  -0.4946415859   0.1892102633
36  6   0.4212922271  -0.3853194346  -0.0137804900   0.0031513337   0.0341267163
36  7  -0.0567584983  -0.0288913744  -0.0116084649  -0.0396542476  -0.1366479113
36  8   0.1160227656   0.6928931887  -0.0159809823   0.0123486305  -0.0004602221
36  9   0.1094773244  -0.0295291334  -0.0582003248   0.0000302774   0.0003665898
37  1  -0.1275720439   0.1732821841   0.0061452927  -0.1100142163  -0.1921398367
37  2   0.0596507909   0.2130721957  -0.0473722844  -0.3861006712   0.1778511455
37  3   0.0479327806  -0.0271254044  -0.5230140186   0.4687513248  -0.1686815717
37  4  -0.3218952810   0.2403614043  -0.2036615564   0.1274955128   0.1306817377
37  5  -0.2326102702  -0.1430270700   0.3215138118   0.3424623936  -0.0660904991
37  6  -0.2682665968   0.2009017174   0.1309338156  -0.2744439352  -0.1598483895
37  7   0.2781952921   0.1100105818  -0.0805540924  -0.1415874540   0.2176579952
37  8  -0.0175133104   0.6618524731  -0.0111663986  -0.0010839340  -0.0028726861
37  9   0.1382655374   0.0029917621   0.1745927462   0.0000641767  -0.0001035154
38  1   0.0673644662   0.1233764214  -0.0765286551   0.2699545789   0.0229234072
38  2   0.1328625893  -0.0653980751  -0.0410149754   0.3025999854  -0.1632051469
38  3  -0.0401100072  -0.1882668303   0.0423652251  -0.2326475165   0.0869755561
38  4  -0.0584310971   0.0133616115  -0.0020332390  -0.0043487375  -0.0173741242
38  5   0.0173851936  -0.4683508219  -0.0085809556  -0.1635981554   0.2147127342
38  6   0.3709576775  -0.2675712794  -0.2079915443  -0.5051359273  -0.3669978723
38  7   0.4431344424   0.4886671350   0.1471580363  -0.0057571527   0.4358928933
38  8  -0.2461906282  -0.2018671834   0.0054231914   0.0142893786   0.0007768071
38  9  -0.0541379457   0.0040652822  -0.0684490861   0.0001799082  -0.0000221301
39  1   0.0767860559  -0.0512524693  -0.0505019017  -0.1119000097   0.2495298143
39  2   0.1177252985  -0.0121063869   0.0427074099   0.1339140352  -0.1739504022
39  3   0.0065772510  -0.0852956752   0.0842054372   0.0638756768   0.0204618111
39  4  -0.1950215636   0.0814341834  -0.1025908612   0.0419639024   0.0554206329
39  5  -0.0890137362   0.1397573312   0.1091659582   0.1528275440  -0.0585434480
39  6  -0.1950385365   0.1035144719   0.1890302460  -0.0642454183   0.0145468563
39  7   0.0595914418  -0.0417214958  -0.0488734819  -0.0414502246   0.0623367706
39  8   0.0064143835   0.1318114884  -0.0062790933  -0.0018549232   0.0062342563
39  9  -0.5499968851  -0.0122494133  -0.8008804286  -0.0004825357   0.0010746471
40  1   0.0576921291   0.0292679673  -0.1301736654  -0.2498431210  -0.2793596517
40  2   0.1707765859   0.1104230991  -0.4388647956  -0.0237037620  -0.2054829468
40  3   0.8276475327  -0.0629363127   0.1234132371  -0.2740714191   0.0472709979
40  4   0.0219554540  -0.0123767170   0.0144167778  -0.0218699343  -0.0021429663
40  5   0.0256296253  -0.0118159530  -0.0189563209   0.0048709313   0.0445014435
40  6   0.0124440719  -0.0211396695   0.0103471900  -0.0090370806   0.0018044578
40  7  -0.0009925059  -0.0004651509   0.0011234164  -0.0002625581   0.0034421755
40  8  -0.0037938416   0.0027135541  -0.0022244417  -0.0068521971  -0.5732061716
40  9  -0.0030121093   0.0008488989  -0.0019116207  -0.0000356995  -0.0001283033
41  1   0.0033744901   0.1923470829  -0.0725034898   0.2611377958   0.1248986191
41  2   0.0182810090  -0.0421974469   0.1060539887   0.0851548463  -0.0315619470
41  3  -0.2529137419  -0.2090972064  -0.0767325539   0.0674202834   0.0085631929
41  4  -0.3734073926   0.0366141484  -0.1151401363   0.0847791306   0.0194373962
41  5  -0.1317424270   0.3226647911  -0.0876558201  -0.3751955179  -0.7764148874
41  6   0.3815208625   0.4186516241  -0.3311194162   0.0904316675  -0.1054872243
41  7  -0.0192008885   0.1086808646   0.0242573912  -0.0057909936   0.0150239846
41  8  -0.0411371336   0.0082706938   0.0132906691   0.0223052821  -0.4253773783
41  9  -0.0056441126   0.0008186974  -0.0025510435   0.0000427325   0.0000371024
42  1  -0.0061010403  -0.0412087542  -0.1975826271  -0.2958581601   0.4095015458
42  2  -0.0468721605  -0.0713032635   0.3840367420   0.0329352805   0.4874605718
42  3  -0.4832269279   0.2651169274  -0.1317977251  -0.0046228479  -0.0098735659
42  4   0.2189931092  -0.0087692268   0.0469355843  -0.0381613228  -0.0076971194
42  5   0.0582681115  -0.1703354586   0.0623685750   0.2051182872   0.4075496999
42  6  -0.2141586603  -0.2140819586   0.1761969172  -0.0445785852   0.0538849708
42  7   0.0135518230  -0.0540397812  -0.0109017841   0.0029189191  -0.0083256461
42  8   0.0248447037  -0.0093433835  -0.0006342916  -0.0025040391  -0.6995953945
42  9  -0.0027466601   0.0019223771  -0.0031549478  -0.0000359255  -0.0000008241
43  1  -0.1487833725   0.1672204500   0.0000769700  -0.1211050905  -0.1730930487
43  2   0.0704405566   0.1706184715   0.1269484631  -0.2101559560   0.0064866451
43  3  -0.0263460255  -0.0793752935   0.2590386875  -0.2130366559  -0.1484553718
43  4   0.1624946646   0.0683976728  -0.3070756579   0.3170837927  -0.1229826792
43  5   0.1568401565  -0.0326679687  -0.0673929772   0.0723399121  -0.0042434090
43  6   0.0392783360  -0.0331340101   0.0143736620   0.0349456556  -0.0034145161
43  7   0.0129655856   0.0034132443   0.0010966019  -0.0277122470   0.0018081934
43  8   0.0289395121  -0.0016584569   0.0033044724   0.0050471892   0.0001491738
43  9  -0.0002973739  -0.0002474834  -0.0012658297  -0.0500297850  -0.9258829970
44  1  -0.1157156658  -0.0824418289  -0.2905127543   0.0719244088  -0.2020071804
44  2   0.2382094049  -0.0181280187   0.4010736121  -0.1796057073  -0.2992570290
44  3   0.0042440421   0.3048579819  -0.0517348232  -0.1575485706   0.1320536160
44  4   0.3238477733  -0.2604013610  -0.7580654085   0.6733462366  -0.4265825211
44  5   0.4578857975  -0.0443478531  -0.1867387107   0.1001394052  -0.0082484411
44  6  -0.0304370988  -0.0044771709  -0.0245347371  -0.0459911129   0.0192414367
44  7  -0.0396449667   0.0150557368  -0.0034564103  -0.0231421830   0.0012673547
44  8   0.0166769877   0.0011875636  -0.0233575517  -0.0171247145   0.0001158565
44  9  -0.0000396658  -0.0000520221   0.0000609638   0.0194804863   0.3599485414
45  1  -0.1863534377   0.0000000000   0.0000000000   0.0000000000   0.0000000000
45  2   0.0000000000   0.4979772987  -0.0428803861   0.0209616028   0.0551674409
45  3  -0.0155993107  -0.0411579800   0.1522995986  -0.0997393477  -0.1282731912
45  4   0.1288223349   0.3367095968   0.0260964439   0.3024181486   0.1629156298
45  5  -0.1825707085   0.0244841368  -0.4749439446  -0.1985275284   0.1499473153
45  6  -0.0367970050   0.0928562952   0.0200775575   0.5134280781  -0.2406068559
45  7   0.5978209589  -0.2636006209   0.0673698187   0.6371350134  -0.0345271180
45  8  -0.4315204037   0.0430600946   0.2293501548   0.3722395313   0.0001655384
45  9  -0.0003260257   0.0005252852  -0.0007645766   0.0041638059   0.0805681692
$end
