$dipgrad          cartesian dipole gradients
  0.25220634629409D-02  0.90048587067601D-02  0.11466041770596D-01
  -.45196809377577D-01  0.86939510046443D-01  -.85063570112420D-02
  0.23509474270586D-01  -.18835858861549D-03  0.11653936610123D+00
  0.86567207213209D-01  -.12742227701963D-01  0.43307457916700D-02
  0.18369592029617D-01  0.10404879108699D+00  0.11436062453787D-02
  0.29416798381445D-01  0.27417218463499D-02  0.14912104748827D+00
  0.49847393717703D-01  -.14663072761207D-01  0.13929229895253D-01
  -.52197929032945D-01  0.93266040017308D-01  -.14994039071904D-01
  -.46398732233298D-02  -.72690334967795D-02  0.17548743520737D+00
  -.13649756793419D-01  -.10483571977870D-01  0.73673988831721D-02
  -.34164291028653D-01  0.55476251661926D-01  0.39500737919510D-01
  0.24348886174269D-01  0.25487734335112D-01  0.16709140404197D+00
  0.21920074582687D-01  -.13391508724302D-01  0.20525243068923D-01
  0.81308477238816D-01  0.86668756915875D-01  0.23659869613696D-01
  -.10006152407623D+00  0.62132799550078D-01  0.88591366069435D-01
  0.19128929155594D+00  -.88723951215042D-01  0.83263261217360D-01
  -.26072342965913D+00  0.19154169716540D+00  -.17347725904620D+00
  0.17288945189708D+00  -.10811540090697D+00  0.25996471542820D+00
  -.20816332800440D+00  0.12241540585384D+00  0.83288276146892D-01
  0.25237014917633D+00  -.10519519087314D+00  0.81156829297528D-01
  0.46334985910964D-01  0.48561572624683D-01  -.13539653447032D+00
  -.97928026020413D-01  -.91792594509689D-01  0.95999448425118D-02
  -.13749100842427D+00  -.87620393259978D-01  0.61377470804127D-02
  0.13455641451634D-01  0.39471274581221D-02  0.68772028771002D-01
  0.12351741941415D-01  0.21124909524966D-01  -.11505558473155D-01
  0.72281711227859D-01  -.14330605327463D-01  0.96064890604915D-01
  -.65071681771161D-01  0.10347034425060D+00  -.79469791342207D-01
  0.22954889205002D-01  0.47665906178563D-02  -.48920814976915D-02
  0.56272984730895D-01  -.60246848584824D-02  -.10275912510213D+00
  0.50397121378401D-01  -.10004981706466D+00  -.96906328215203D-01
  -.23987555931562D-01  0.48742401977696D-01  -.56362609813754D-01
  0.19830249659503D-01  -.46528658196872D-01  0.83062418869352D-01
  -.45826880058635D-01  0.11520719864605D+00  -.75438458285532D-01
  -.10199208061893D-01  0.26467245909096D-01  0.47106973175221D-01
  0.68931648935524D-03  -.38236639247598D-01  -.85388557274049D-01
  0.39618014473739D-01  -.12359997447285D+00  -.10419534190262D+00
  -.18081805027898D-01  0.18223345808022D-01  -.30686086432462D-01
  0.28785745784520D-01  -.51510497347139D-01  0.89922418660008D-01
  -.47701049472667D-01  0.11715605126158D+00  -.78540188415697D-01
  0.27531161280174D-02  0.18414321033689D-02  0.17522682853088D-01
  0.14213387448271D-01  -.41560906016826D-01  -.87552551040737D-01
  0.32448947581720D-01  -.11299994156632D+00  -.94622506890528D-01
  0.37950264324242D-01  0.30478382445346D-01  -.26371917473863D-01
  0.43148998538168D-01  -.50010849278124D-01  0.74597045379443D-01
  -.40580819653438D-01  0.92459492845945D-01  -.61038344362792D-01
  0.33674763915935D-02  0.71119178336449D-02  0.30444408746190D-01
  0.96424245701227D-02  -.40834103832219D-01  -.87860008999705D-01
  0.36652877147380D-01  -.11312966805509D+00  -.10022238782797D+00
  -.61612544784221D-01  0.80134944553649D-01  -.87588278461387D-01
  0.25150887865717D-01  -.40986942175421D-01  0.93526791202185D-01
  -.48543822089432D-01  0.11860381295644D+00  -.56123023262795D-01
  0.11877400936443D-01  -.67829193307275D-03  0.20975743969564D-01
  -.22873231182831D-01  -.12510195767952D-01  -.67264238586711D-01
  0.36900809420877D-01  -.11271079327591D+00  -.64501939151226D-01
  0.74822910867312D-02  0.33387541485930D-01  -.63972979763511D-01
  0.66075779317795D-01  0.31626593282541D-03  -.34905084184088D-01
  -.29690207705464D-01  -.17955454273460D-01  -.14676470692211D+00
  -.64115288166918D-01  -.53576857771419D-01  -.97028719609235D-02
  -.68910330705309D-01  -.60027256500934D-01  0.55157438634334D-01
  -.22255459744309D-01  0.38534915727071D-01  0.47294820783320D-01
  0.46854302272851D-01  -.11764690022583D+00  -.58737566482755D-01
  -.66582674666488D-01  -.22880390119526D-01  0.18777426809990D-01
  -.10160169029319D+00  -.32284329801388D-01  0.20357367183402D-01
$end
