$hessian (projected)
 1  1   0.4713697265   0.0298907182   0.0078036754  -0.1760924306   0.0284889684
 1  2   0.0086441114  -0.0269850888   0.0017130370   0.0022454560  -0.0007243953
 1  3  -0.0027241143  -0.0000760420  -0.0003787021   0.0008008720   0.0000787379
 1  4  -0.0001019224  -0.0003248851  -0.0000259619   0.0000153857   0.0000456862
 1  5   0.0000152841  -0.1344525356  -0.1232417347   0.0042287215  -0.0659693417
 1  6   0.0391183325  -0.0550166927  -0.0521283159   0.0186931348   0.0305291666
 1  7  -0.0109028506   0.0029616126   0.0009742700  -0.0063757729   0.0018411130
 1  8   0.0007051023   0.0015587719   0.0014117017  -0.0002396196   0.0013842801
 1  9   0.0013957855   0.0000437578  -0.0000614259  -0.0000433985  -0.0000433188
 1 10  -0.0000827008  -0.0000060796   0.0001259652   0.0000090903  -0.0000288276
 1 11   0.0000380570   0.0000074826  -0.0000125091  -0.0000488475   0.0000044905
 1 12   0.0000041417   0.0000040834  -0.0000919930   0.0000189099   0.0000101972
 1 13  -0.0000017521  -0.0000024645   0.0000038966
 2  1   0.0298907182   0.5580298753  -0.0023126595   0.0305983272  -0.0888440643
 2  2  -0.0026941810  -0.0278009210   0.0091596762   0.0024763849  -0.0024373147
 2  3  -0.0057570859   0.0000769592  -0.0017508537   0.0012599370   0.0000698231
 2  4  -0.0003989687  -0.0007932068   0.0001052677   0.0000000194   0.0000877377
 2  5   0.0000780779  -0.1218089318  -0.2187919945   0.0060576352   0.0385567808
 2  6  -0.1282606347   0.1118000868   0.0181538334  -0.1184069214  -0.1122873952
 2  7   0.0194056479  -0.0049469027  -0.0025727988   0.0183370492  -0.0047191621
 2  8  -0.0008006163  -0.0003965808   0.0008263128  -0.0002106754  -0.0003364512
 2  9   0.0007933908   0.0002957477   0.0000121757   0.0001214608  -0.0003557112
 2 10   0.0000182878   0.0001275010   0.0003508449   0.0000803488   0.0000577619
 2 11   0.0000639397   0.0000592250   0.0000333788  -0.0000697932   0.0000643387
 2 12   0.0000327719  -0.0000471986  -0.0002828407  -0.0000021947   0.0000067785
 2 13   0.0000361103  -0.0000076371  -0.0000305164
 3  1   0.0078036754  -0.0023126595   0.5587810360   0.0086733741  -0.0025616491
 3  2  -0.0804625219   0.0016158417   0.0000085935  -0.0005757981  -0.0000048223
 3  3   0.0001862255  -0.0005567186   0.0000111283  -0.0001329437   0.0006547093
 3  4   0.0000294425  -0.0000171352   0.0000218461  -0.0000048522   0.0001090609
 3  5  -0.0000004769   0.0042867916   0.0062096774  -0.0479010709  -0.0541148313
 3  6   0.1115908978  -0.2039653207   0.0295383901  -0.1121736169  -0.2284019828
 3  7  -0.0262140724   0.0063411683   0.0031810113   0.0285923492  -0.0070469045
 3  8  -0.0016524771   0.0009496693  -0.0000547832   0.0000649733  -0.0011755590
 3  9  -0.0001177231   0.0002604899   0.0002097295  -0.0002886332   0.0003158374
 3 10  -0.0001972918   0.0002196751   0.0003357082  -0.0000424951  -0.0000324397
 3 11  -0.0000135731   0.0000629392   0.0000942608  -0.0000367277  -0.0000029438
 3 12  -0.0000069738  -0.0000220203   0.0000021599   0.0000006978  -0.0000190159
 3 13  -0.0000186229  -0.0000147952  -0.0000079074
 4  1  -0.1760924306   0.0305983272   0.0086733741   0.4576629955  -0.0275786066
 4  2   0.0097802501  -0.1103181868  -0.0468780201   0.0016310281  -0.0259671821
 4  3  -0.0273661484   0.0013430543  -0.0045172886   0.0031344479   0.0003758893
 4  4  -0.0003155494  -0.0018845855  -0.0000019010   0.0001590880   0.0000517625
 4  5   0.0000050170  -0.0179917661   0.0070893308   0.0015372153  -0.0104542803
 4  6   0.0030879574   0.0007729178  -0.0058514399   0.0018404753   0.0007997781
 4  7  -0.0631522596   0.0359525536  -0.0487682009  -0.0502689895   0.0166318884
 4  8   0.0242872631   0.0036683640   0.0052658385  -0.0000860310   0.0007833352
 4  9   0.0014010418  -0.0002195558   0.0015822769  -0.0007557839   0.0002305157
 4 10   0.0017464593  -0.0006266105  -0.0005346668   0.0000021171  -0.0001065584
 4 11   0.0003260715  -0.0000946692  -0.0000827800  -0.0002420511   0.0000267154
 4 12   0.0000503599   0.0000317529  -0.0006227010   0.0001241920   0.0000732515
 4 13   0.0000153915   0.0000509182  -0.0000149723
 5  1   0.0284889684  -0.0888440643  -0.0025616491  -0.0275786066   0.5161394709
 5  2   0.0003362737  -0.0460273391  -0.1487733790   0.0027318587   0.0013115780
 5  3   0.0098227082   0.0002763650   0.0033208675  -0.0021287108  -0.0004243335
 5  4   0.0006846254   0.0013570504  -0.0001416383   0.0000512689   0.0001674629
 5  5  -0.0000277953  -0.0273799213   0.0093143056   0.0025105040   0.0187133517
 5  6  -0.0060145779  -0.0021221922   0.0175748951  -0.0056924624  -0.0011192117
 5  7   0.0358915918  -0.1307007185   0.1104001741   0.0165626859  -0.1205709035
 5  8  -0.1107576038  -0.0124964990  -0.0178986506   0.0008050178  -0.0119152424
 5  9  -0.0169525208   0.0004880852   0.0012954477   0.0004264595  -0.0000564113
 5 10   0.0012582760   0.0003268668  -0.0002381224  -0.0001466826   0.0000340206
 5 11  -0.0002740330  -0.0001047623   0.0000376237   0.0002083929  -0.0000345658
 5 12  -0.0000621475   0.0000077956   0.0005649416  -0.0000500011  -0.0000717015
 5 13  -0.0000348789   0.0000621678   0.0000302253
 6  1   0.0086441114  -0.0026941810  -0.0804625219   0.0097802501   0.0003362737
 6  2   0.5852758614   0.0015490933   0.0027114487  -0.0800474821   0.0022267005
 6  3   0.0026695998  -0.0012398732   0.0003638001  -0.0003375285  -0.0007982808
 6  4   0.0000758570   0.0002294782   0.0008227047   0.0001394425  -0.0000464784
 6  5  -0.0000637984   0.0007269170  -0.0003405210  -0.0014333042  -0.0265420660
 6  6   0.0071428309   0.0030340544   0.0288242991  -0.0078394383  -0.0018436875
 6  7  -0.0483665002   0.1093206764  -0.2010098991   0.0238872684  -0.1097234273
 6  8  -0.2225568983   0.0166065315   0.0222297325  -0.0011280907  -0.0177062421
 6  9  -0.0236931813   0.0009109763  -0.0012573852  -0.0004912515   0.0000785513
 6 10   0.0009219760   0.0005511619  -0.0000158393   0.0000912605  -0.0002591444
 6 11   0.0002519510   0.0001025612   0.0002601460   0.0003395921  -0.0000685575
 6 12  -0.0000024279  -0.0000892719   0.0000570065  -0.0000082536  -0.0000530619
 6 13  -0.0000563240  -0.0000155150   0.0000283180
 7  1  -0.0269850888  -0.0278009210   0.0016158417  -0.1103181868  -0.0460273391
 7  2   0.0015490933   0.4594409467  -0.0230041252   0.0097451155  -0.1685883892
 7  3   0.0302353742   0.0083293120  -0.0262665715   0.0005187137   0.0024777211
 7  4  -0.0004490205  -0.0019196468  -0.0001211971   0.0001901887  -0.0000497342
 7  5   0.0000218679  -0.0056655604   0.0013278032   0.0005274389   0.0017584890
 7  6  -0.0007328645   0.0001655042   0.0019162886  -0.0005860571  -0.0005325772
 7  7   0.0037009754   0.0051855896   0.0001092623   0.0007609712   0.0013206952
 7  8  -0.0003726141  -0.0630763498   0.0360537749  -0.0486657284  -0.0507548841
 7  9   0.0160478985   0.0239384459  -0.0115201008   0.0036425454   0.0005254906
 7 10  -0.0065182152   0.0022074563   0.0009007389   0.0015718349   0.0017508980
 7 11  -0.0005426915   0.0014134290   0.0014914852   0.0001124393  -0.0001632039
 7 12  -0.0000785604   0.0000452452  -0.0003542436   0.0003315095   0.0001744025
 7 13  -0.0000933090   0.0000855046  -0.0000031109
 8  1   0.0017130370   0.0091596762   0.0000085935  -0.0468780201  -0.1487733790
 8  2   0.0027114487  -0.0230041252   0.5183104475  -0.0001399877   0.0306772357
 8  3  -0.0895784507  -0.0031970577  -0.0282786850   0.0096627505   0.0030205268
 8  4  -0.0028970475  -0.0064474390   0.0002558016   0.0003982786  -0.0001629568
 8  5   0.0000357919   0.0046169842  -0.0000764971  -0.0003872349   0.0013142696
 8  6   0.0005113289  -0.0001181322   0.0011835323   0.0004580300  -0.0000522130
 8  7  -0.0124262678  -0.0179075073   0.0008689477  -0.0119664353  -0.0170454899
 8  8   0.0003375915   0.0359774786  -0.1292779500   0.1090012501   0.0160894596
 8  9  -0.1190477565  -0.1095330377   0.0192247887  -0.0061003265  -0.0017944584
 8 10   0.0175657549  -0.0056114072  -0.0015135497  -0.0007345832   0.0006757029
 8 11  -0.0000553729  -0.0004037640   0.0004470872   0.0001144824   0.0000252631
 8 12   0.0001881435   0.0002145021  -0.0021535012   0.0003061222   0.0003431130
 8 13  -0.0000436532   0.0003098710  -0.0001210053
 9  1   0.0022454560   0.0024763849  -0.0005757981   0.0016310281   0.0027318587
 9  2  -0.0800474821   0.0097451155  -0.0001399877   0.5827388700   0.0078321522
 9  3  -0.0032616976  -0.0797067122   0.0018456345   0.0004525003  -0.0011973809
 9  4   0.0002117729   0.0004181944  -0.0008179616  -0.0004926136  -0.0000305437
 9  5   0.0002466414   0.0005887416  -0.0001108810   0.0002268773  -0.0012479253
 9  6  -0.0006335628   0.0001476198   0.0009641281   0.0007516034   0.0000781948
 9  7   0.0165968880   0.0223149320  -0.0010591528  -0.0176639837  -0.0238092238
 9  8   0.0007879824  -0.0481689068   0.1083759446  -0.1990994918   0.0235347464
 9  9  -0.1086925046  -0.2221502127  -0.0262332364   0.0076029686   0.0024377341
 9 10   0.0287292318  -0.0082084785  -0.0027619674   0.0010141021   0.0001640429
 9 11   0.0000797431  -0.0012250385  -0.0003056451   0.0001164685  -0.0001725119
 9 12   0.0001081959   0.0003545162   0.0000947413   0.0001037142   0.0003718138
 9 13   0.0001704778  -0.0003078150  -0.0001703017
10  1  -0.0007243953  -0.0024373147  -0.0000048223  -0.0259671821   0.0013115780
10  2   0.0022267005  -0.1685883892   0.0306772357   0.0078321522   0.4580297521
10  3  -0.0226718938   0.0079592397  -0.1091789592  -0.0461491569   0.0021839150
10  4  -0.0263502633  -0.0265736214   0.0008748675  -0.0000558474  -0.0014358765
10  5   0.0012622550  -0.0004658733   0.0004731643   0.0001058540  -0.0000815674
10  6  -0.0000834035  -0.0000268853  -0.0001047658  -0.0000569349   0.0000949126
10  7   0.0015650632   0.0015576354  -0.0004034524   0.0014022170   0.0015226722
10  8   0.0002170614  -0.0116252908   0.0035608496   0.0008932043  -0.0066704068
10  9   0.0021156513   0.0010030543  -0.0621313576   0.0352685723  -0.0476786483
10 10  -0.0503841101   0.0159079577   0.0242823066   0.0042061927   0.0057514674
10 11   0.0000296600   0.0005443075   0.0007676277  -0.0003860269   0.0020551459
10 12  -0.0003995558  -0.0008788737  -0.0051963688   0.0010452631   0.0005778966
10 13  -0.0002779014  -0.0001519172  -0.0001643708
11  1  -0.0027241143  -0.0057570859   0.0001862255  -0.0273661484   0.0098227082
11  2   0.0026695998   0.0302353742  -0.0895784507  -0.0032616976  -0.0226718938
11  3   0.5198557703  -0.0025061399  -0.0454815433  -0.1510596452   0.0029422216
11  4   0.0003758882   0.0103760712  -0.0009171449   0.0004691568   0.0005011779
11  5   0.0005691178  -0.0021899808   0.0004575785   0.0001939554   0.0000037298
11  6   0.0001304728  -0.0003457135   0.0000581112   0.0001263006   0.0003250537
11  7  -0.0004312748   0.0005542853  -0.0000770924  -0.0004539825   0.0004964380
11  8   0.0001632511   0.0187941677  -0.0060390916  -0.0018347639   0.0177145713
11  9  -0.0055675560  -0.0015093774   0.0353446031  -0.1319133378   0.1112239734
11 10   0.0160845618  -0.1181191765  -0.1082455839  -0.0129562810  -0.0184104245
11 11   0.0009063206  -0.0109817399  -0.0163131999   0.0004776585   0.0013898023
11 12   0.0005603899   0.0001520541   0.0046418866   0.0000988949  -0.0009818409
11 13   0.0001451058  -0.0002221193  -0.0001300770
12  1  -0.0000760420   0.0000769592  -0.0005567186   0.0013430543   0.0002763650
12  2  -0.0012398732   0.0083293120  -0.0031970577  -0.0797067122   0.0079592397
12  3  -0.0025061399   0.5848558657   0.0005832144   0.0016887170  -0.0807745689
12  4   0.0031290594   0.0039382242  -0.0010174288   0.0000229948  -0.0008957964
12  5  -0.0002255245   0.0000103096  -0.0000400912   0.0005785666   0.0002393922
12  6  -0.0001529566   0.0002717590  -0.0001691205   0.0001615390   0.0003151556
12  7   0.0009340686   0.0001225909  -0.0000410400  -0.0011947049  -0.0003939930
12  8   0.0000897243  -0.0260520886   0.0073324241   0.0023831844   0.0285168209
12  9  -0.0079507212  -0.0026625967  -0.0475199010   0.1100426934  -0.2016553433
12 10   0.0239047385  -0.1074484526  -0.2225253922   0.0159384807   0.0216883284
12 11  -0.0011042729  -0.0176065124  -0.0239065183   0.0015975902   0.0008971308
12 12   0.0011695868   0.0000511314   0.0010946901  -0.0005652104   0.0005193863
12 13  -0.0002841367   0.0005595093   0.0008471079
13  1  -0.0003787021  -0.0017508537   0.0000111283  -0.0045172886   0.0033208675
13  2   0.0003638001  -0.0262665715  -0.0282786850   0.0018456345  -0.1091789592
13  3  -0.0454815433   0.0005832144   0.4568173345  -0.0179399730   0.0065301997
13  4  -0.1749087869   0.0185882660   0.0268896251  -0.0120311056   0.0074778073
13  5  -0.0067546951  -0.0006454771   0.0001529370   0.0000454726   0.0000534914
13  6   0.0000441337  -0.0000886956   0.0000507459   0.0000286512   0.0000690449
13  7   0.0000133637  -0.0001248313   0.0003092483  -0.0000313666  -0.0000551524
13  8  -0.0002693062   0.0015804706  -0.0008527858   0.0002663721   0.0017230355
13  9  -0.0006024739  -0.0005586776   0.0049333121   0.0054438248   0.0010135089
13 10   0.0003824843   0.0013918135  -0.0005742738  -0.0666120122   0.0414980720
13 11  -0.0524935783  -0.0489436852   0.0106735396   0.0182019805  -0.0046150077
13 12   0.0009957479   0.0009512666  -0.0178828683   0.0060783178   0.0035586293
13 13   0.0004575931  -0.0006076799   0.0001001014
14  1   0.0008008720   0.0012599370  -0.0001329437   0.0031344479  -0.0021287108
14  2  -0.0003375285   0.0005187137   0.0096627505   0.0004525003  -0.0461491569
14  3  -0.1510596452   0.0016887170  -0.0179399730   0.5138277516   0.0063853921
14  4   0.0212662243  -0.0846852609  -0.0120949720   0.0156539911  -0.0075390114
14  5   0.0068190924   0.0005595927  -0.0000237240  -0.0000625405  -0.0000767602
14  6  -0.0000195914   0.0000577199  -0.0000829519  -0.0000252816  -0.0000519271
14  7  -0.0001648240   0.0001008953  -0.0002720570  -0.0000936003   0.0000802155
14  8   0.0002238538   0.0015208616   0.0003467420  -0.0000065507   0.0011735387
14  9   0.0003349875  -0.0002015818  -0.0119730625  -0.0173383948   0.0006340688
14 10  -0.0119933427  -0.0168501758   0.0004969197   0.0424489508  -0.1334419791
14 11   0.1085409513   0.0103417478  -0.1169583967  -0.1124060041   0.0177545499
14 12  -0.0035290825  -0.0037720311  -0.0274891348   0.0081258894   0.0050567231
14 13   0.0007893160  -0.0001399144  -0.0010178018
15  1   0.0000787379   0.0000698231   0.0006547093   0.0003758893  -0.0004243335
15  2  -0.0007982808   0.0024777211   0.0030205268  -0.0011973809   0.0021839150
15  3   0.0029422216  -0.0807745689   0.0065301997   0.0063853921   0.5885847338
15  4   0.0202895822  -0.0104978838  -0.0780950046  -0.0242632807   0.0104374819
15  5  -0.0049524101   0.0000646427  -0.0000250038  -0.0000154264   0.0001060335
15  6  -0.0000383557  -0.0000269346  -0.0001052397   0.0000549481  -0.0000463729
15  7   0.0000517775  -0.0002042005   0.0002873296   0.0000536265   0.0003046231
15  8   0.0003477192  -0.0012322294  -0.0004851825   0.0000977557   0.0008783590
15  9   0.0005208482   0.0000296161   0.0166713032   0.0215800222  -0.0005324515
15 10  -0.0178078877  -0.0240746779   0.0007792106  -0.0526464295   0.1086549494
15 11  -0.1898050964   0.0156865689  -0.1102667339  -0.2311414784   0.0278029471
15 12  -0.0063638614  -0.0032627388   0.0023143273  -0.0011901538  -0.0006502300
15 13   0.0004894362  -0.0004004496   0.0005172999
16  1  -0.0001019224  -0.0003989687   0.0000294425  -0.0003155494   0.0006846254
16  2   0.0000758570  -0.0004490205  -0.0028970475   0.0002117729  -0.0263502633
16  3   0.0003758882   0.0031290594  -0.1749087869   0.0212662243   0.0202895822
16  4   0.4405427198   0.0780096891  -0.0439087469  -0.0550499082   0.0131144989
16  5  -0.0403222689  -0.0000357680   0.0000307373   0.0000000709   0.0000002106
16  6  -0.0000102697  -0.0000050701   0.0000181392  -0.0000399540   0.0000171842
16  7   0.0000332994  -0.0000154397   0.0000036527   0.0000233113  -0.0000031451
16  8  -0.0000417421   0.0000217397   0.0000693470  -0.0001785195  -0.0000856635
16  9  -0.0000003614   0.0001342058   0.0009647725   0.0011923801  -0.0004749312
16 10   0.0014647431   0.0014474108   0.0004434865  -0.0123296483   0.0040003851
16 11   0.0015240269  -0.0058582996   0.0024001522   0.0002786364  -0.0509058090
16 12   0.0120974683   0.0310867987  -0.1225794356  -0.1245044575   0.0169649575
16 13   0.0059011392  -0.0068191630   0.0107425450
17  1  -0.0003248851  -0.0007932068  -0.0000171352  -0.0018845855   0.0013570504
17  2   0.0002294782  -0.0019196468  -0.0064474390   0.0004181944  -0.0265736214
17  3   0.0103760712   0.0039382242   0.0185882660  -0.0846852609  -0.0104978838
17  4   0.0780096891   0.5145408188   0.0915398072  -0.0029220737  -0.0522464441
17  5   0.0076869474  -0.0003520482   0.0000065506   0.0000357102   0.0000271949
17  6   0.0000143485  -0.0000380955   0.0000240155   0.0000701401   0.0000160396
17  7   0.0000970010   0.0000744447   0.0000955205   0.0000903926   0.0000141845
17  8  -0.0001050346   0.0000796461   0.0000191728  -0.0003187639   0.0000147150
17  9   0.0001842063   0.0003279999  -0.0001450885  -0.0000637368   0.0006733378
17 10  -0.0004828099   0.0008815155   0.0001500587   0.0180985984  -0.0054068319
17 11  -0.0027485735   0.0184741266  -0.0046747717  -0.0018800321   0.0135837630
17 12  -0.1263061037  -0.1274991057  -0.1219851342  -0.2356215720   0.0183837630
17 13   0.0095024850  -0.0112931365   0.0196095433
18  1  -0.0000259619   0.0001052677   0.0000218461  -0.0000019010  -0.0001416383
18  2   0.0008227047  -0.0001211971   0.0002558016  -0.0008179616   0.0008748675
18  3  -0.0009171449  -0.0010174288   0.0268896251  -0.0120949720  -0.0780950046
18  4  -0.0439087469   0.0915398072   0.4387643071  -0.0300345199   0.0282854065
18  5  -0.0839897228   0.0000309221   0.0000179905   0.0000261108   0.0000015100
18  6  -0.0000076023  -0.0000031422   0.0000023244   0.0000227157  -0.0000223744
18  7  -0.0000129398   0.0000335028  -0.0000280095   0.0000632464   0.0000549025
18  8  -0.0000137699   0.0001192200  -0.0002146253   0.0002332496  -0.0001579473
18  9   0.0002439423   0.0003258746   0.0008612195   0.0006539244  -0.0004724952
18 10  -0.0014573958  -0.0002547857   0.0004872155  -0.0236343910   0.0060322136
18 11   0.0024914957   0.0294110827  -0.0067343533  -0.0052270433   0.0259615017
18 12  -0.1231292212  -0.2276944556   0.0139952366   0.0171465681  -0.0473245026
18 13   0.0011442448  -0.0008976998   0.0015331065
19  1   0.0000153857   0.0000000194  -0.0000048522   0.0001590880   0.0000512689
19  2   0.0001394425   0.0001901887   0.0003982786  -0.0004926136  -0.0000558474
19  3   0.0004691568   0.0000229948  -0.0120311056   0.0156539911  -0.0242632807
19  4  -0.0550499082  -0.0029220737  -0.0300345199   0.1360583927   0.0835800431
19  5   0.0844496422  -0.0000465995  -0.0000233140   0.0000077593   0.0000087620
19  6   0.0000132116  -0.0000002678   0.0000091028   0.0000204417  -0.0000009980
19  7  -0.0000233025  -0.0000317915   0.0000206063  -0.0000073372  -0.0000233879
19  8  -0.0000470419  -0.0001239048  -0.0001052715   0.0002099186   0.0000784262
19  9  -0.0000136776   0.0000306923  -0.0007470663   0.0007257566  -0.0005587221
19 10  -0.0000124617  -0.0000577782  -0.0005206303  -0.0053341071   0.0007854092
19 11   0.0007012449   0.0016391042  -0.0009102031  -0.0000440447  -0.0012388444
19 12   0.0035273999  -0.0054817557   0.0057473253  -0.0042345659   0.0080041651
19 13  -0.0692352910  -0.0969029137  -0.0321377391
20  1   0.0000456862   0.0000877377   0.0001090609   0.0000517625   0.0001674629
20  2  -0.0000464784  -0.0000497342  -0.0001629568  -0.0000305437  -0.0014358765
20  3   0.0005011779  -0.0008957964   0.0074778073  -0.0075390114   0.0104374819
20  4   0.0131144989  -0.0522464441   0.0282854065   0.0835800431   0.2630078871
20  5  -0.0187479750   0.0000117201   0.0000149440  -0.0000054021  -0.0000343215
20  6  -0.0000276507  -0.0000174452   0.0000138327  -0.0000495256   0.0000142264
20  7  -0.0000911864  -0.0001546285   0.0000370418   0.0000205352   0.0000295612
20  8   0.0000644738  -0.0000780725   0.0001286355  -0.0000932752  -0.0000433745
20  9  -0.0000696805   0.0000034187   0.0003236896   0.0004101611  -0.0000581201
20 10   0.0001090076   0.0000810996   0.0001204245   0.0026886860   0.0007203121
20 11  -0.0004641050  -0.0008223798   0.0002976832   0.0002838979  -0.0030877276
20 12   0.0032655011  -0.0019078486   0.0114727019  -0.0123905522   0.0199139847
20 13  -0.1132672981  -0.1960717136  -0.0370024275
21  1   0.0000152841   0.0000780779  -0.0000004769   0.0000050170  -0.0000277953
21  2  -0.0000637984   0.0000218679   0.0000357919   0.0002466414   0.0012622550
21  3   0.0005691178  -0.0002255245  -0.0067546951   0.0068190924  -0.0049524101
21  4  -0.0403222689   0.0076869474  -0.0839897228   0.0844496422  -0.0187479750
21  5   0.1299947056   0.0000086554   0.0000041326  -0.0000215951  -0.0000139073
21  6   0.0000139185   0.0000049286   0.0000089199  -0.0000263314   0.0000144685
21  7  -0.0000041894  -0.0000883349   0.0000179172   0.0000054210   0.0000385965
21  8   0.0000486996   0.0001840886  -0.0000560051   0.0000762722  -0.0000298328
21  9  -0.0000164055  -0.0000337885  -0.0004960385  -0.0008213325   0.0003829605
21 10   0.0001485368   0.0000009174   0.0000425488  -0.0008336615  -0.0004933913
21 11   0.0017155243   0.0004265571  -0.0002150705   0.0017390653  -0.0131437716
21 12   0.0193862553  -0.0204522619  -0.0011728394   0.0030957583  -0.0040296102
21 13  -0.0237650405  -0.0172359645  -0.0205145436
22  1  -0.1344525356  -0.1218089318   0.0042867916  -0.0179917661  -0.0273799213
22  2   0.0007269170  -0.0056655604   0.0046169842   0.0005887416  -0.0004658733
22  3  -0.0021899808   0.0000103096  -0.0006454771   0.0005595927   0.0000646427
22  4  -0.0000357680  -0.0003520482   0.0000309221  -0.0000465995   0.0000117201
22  5   0.0000086554   0.1483870433   0.1340417106  -0.0052668443   0.0055567003
22  6   0.0077594977   0.0008146755   0.0027008290   0.0042500996  -0.0011156617
22  7   0.0010799575   0.0000305241  -0.0007453179   0.0011824972   0.0000478221
22  8   0.0005722907   0.0002249171   0.0001194935   0.0002172238   0.0002282081
22  9   0.0002020272  -0.0002017836   0.0000214131   0.0000347134  -0.0001023201
22 10   0.0000025704   0.0000379104   0.0001193697   0.0000183482   0.0000080976
22 11   0.0000356805   0.0000163908  -0.0000050055  -0.0000272644  -0.0000013866
22 12   0.0000287746  -0.0000076051  -0.0001367620   0.0000090975   0.0000056759
22 13   0.0000228536  -0.0000221778  -0.0000150988
23  1  -0.1232417347  -0.2187919945   0.0062096774   0.0070893308   0.0093143056
23  2  -0.0003405210   0.0013278032  -0.0000764971  -0.0001108810   0.0004731643
23  3   0.0004575785  -0.0000400912   0.0001529370  -0.0000237240  -0.0000250038
23  4   0.0000307373   0.0000065506   0.0000179905  -0.0000233140   0.0000149440
23  5   0.0000041326   0.1340417106   0.2358198023  -0.0066937049  -0.0097654066
23  6  -0.0145939282  -0.0002147463  -0.0089129971  -0.0136176742   0.0010959942
23  7  -0.0007308592   0.0005978361  -0.0001170538  -0.0006934891   0.0005839181
23  8   0.0002611007   0.0001854881   0.0001583064  -0.0002459668   0.0002110509
23  9   0.0001226589   0.0002049883  -0.0000790949   0.0000264034   0.0000062747
23 10  -0.0000813067   0.0000251968   0.0000105514  -0.0000024578  -0.0000074988
23 11  -0.0000107978   0.0000015602  -0.0000110226   0.0000106979   0.0000038667
23 12   0.0000075842  -0.0000082972   0.0000025261  -0.0000039500  -0.0000070618
23 13   0.0000104851  -0.0000087954  -0.0000072818
24  1   0.0042287215   0.0060576352  -0.0479010709   0.0015372153   0.0025105040
24  2  -0.0014333042   0.0005274389  -0.0003872349   0.0002268773   0.0001058540
24  3   0.0001939554   0.0005785666   0.0000454726  -0.0000625405  -0.0000154264
24  4   0.0000000709   0.0000357102   0.0000261108   0.0000077593  -0.0000054021
24  5  -0.0000215951  -0.0052668443  -0.0066937049   0.0467215509   0.0158578144
24  6   0.0208334962  -0.0002984617  -0.0168528784  -0.0224533108   0.0016377568
24  7  -0.0002128387  -0.0003590467   0.0000805260   0.0000077446   0.0003782705
24  8  -0.0000176688  -0.0001938882  -0.0004185256   0.0002220235   0.0002109209
24  9   0.0003872283   0.0002530111   0.0000702190  -0.0000390141  -0.0000212739
24 10  -0.0000865045   0.0000235956  -0.0000279842  -0.0000001806   0.0000102257
24 11  -0.0000014859   0.0000033546  -0.0000050074   0.0000074464   0.0000048087
24 12  -0.0000030316  -0.0000105952   0.0000120106  -0.0000020560  -0.0000057752
24 13  -0.0000062707  -0.0000017467   0.0000007719
25  1  -0.0659693417   0.0385567808  -0.0541148313  -0.0104542803   0.0187133517
25  2  -0.0265420660   0.0017584890   0.0013142696  -0.0012479253  -0.0000815674
25  3   0.0000037298   0.0002393922   0.0000534914  -0.0000767602   0.0001060335
25  4   0.0000002106   0.0000271949   0.0000015100   0.0000087620  -0.0000343215
25  5  -0.0000139073   0.0055567003  -0.0097654066   0.0158578144   0.0735311312
25  6  -0.0455493061   0.0602350616   0.0004949811  -0.0032862321   0.0032919892
25  7  -0.0062950079   0.0015449466   0.0009689730   0.0014503807  -0.0003080689
25  8   0.0003287931  -0.0002403744  -0.0008397848   0.0006898658  -0.0000543641
25  9  -0.0001003537   0.0000377618   0.0002665590  -0.0001747655   0.0001785198
25 10   0.0000066666   0.0000295229  -0.0000302125  -0.0000466480  -0.0000576438
25 11   0.0000241231   0.0000016168   0.0000018136  -0.0000016610   0.0000028655
25 12   0.0000038485   0.0000015057   0.0000043560  -0.0000002314  -0.0000003508
25 13   0.0000053737  -0.0000025837  -0.0000103892
26  1   0.0391183325  -0.1282606347   0.1115908978   0.0030879574  -0.0060145779
26  2   0.0071428309  -0.0007328645   0.0005113289  -0.0006335628  -0.0000834035
26  3   0.0001304728  -0.0001529566   0.0000441337  -0.0000195914  -0.0000383557
26  4  -0.0000102697   0.0000143485  -0.0000076023   0.0000132116  -0.0000276507
26  5   0.0000139185   0.0077594977  -0.0145939282   0.0208334962  -0.0455493061
26  6   0.1366205237  -0.1242296876  -0.0054577410   0.0108338556  -0.0136249593
26  7   0.0018764757   0.0004568680  -0.0007306631  -0.0001520042  -0.0001986217
26  8  -0.0000888143   0.0001917664   0.0005656650  -0.0000156892   0.0000050002
26  9   0.0000439132  -0.0000560718  -0.0001562957  -0.0000391136  -0.0000037304
26 10   0.0000295002  -0.0000436322  -0.0000105827   0.0000082604   0.0000101114
26 11   0.0000020734  -0.0000041059   0.0000037239  -0.0000037872   0.0000042201
26 12  -0.0000074790   0.0000003442   0.0000180298   0.0000019042  -0.0000007644
26 13  -0.0000103949   0.0000125140   0.0000136665
27  1  -0.0550166927   0.1118000868  -0.2039653207   0.0007729178  -0.0021221922
27  2   0.0030340544   0.0001655042  -0.0001181322   0.0001476198  -0.0000268853
27  3  -0.0003457135   0.0002717590  -0.0000886956   0.0000577199  -0.0000269346
27  4  -0.0000050701  -0.0000380955  -0.0000031422  -0.0000002678  -0.0000174452
27  5   0.0000049286   0.0008146755  -0.0002147463  -0.0002984617   0.0602350616
27  6  -0.1242296876   0.2192655851  -0.0070262985   0.0158169965  -0.0208987906
27  7   0.0010427872  -0.0002842752   0.0015497934  -0.0005485635  -0.0000513921
27  8   0.0008607924  -0.0004627942  -0.0003388442   0.0001968339  -0.0000237820
27  9   0.0000916855  -0.0000832215   0.0001713543   0.0000014831  -0.0000480496
27 10   0.0000207286  -0.0000082872  -0.0000276030  -0.0000046726  -0.0000033517
27 11   0.0000266544  -0.0000034608  -0.0000006731  -0.0000088352   0.0000005459
27 12   0.0000065872   0.0000025579  -0.0000172113  -0.0000001958   0.0000009164
27 13   0.0000008194  -0.0000015271  -0.0000011360
28  1  -0.0521283159   0.0181538334   0.0295383901  -0.0058514399   0.0175748951
28  2   0.0288242991   0.0019162886   0.0011835323   0.0009641281  -0.0001047658
28  3   0.0000581112  -0.0001691205   0.0000507459  -0.0000829519  -0.0001052397
28  4   0.0000181392   0.0000240155   0.0000023244   0.0000091028   0.0000138327
28  5   0.0000089199   0.0027008290  -0.0089129971  -0.0168528784   0.0004949811
28  6  -0.0054577410  -0.0070262985   0.0579411714  -0.0228379189  -0.0343086100
28  7   0.0014806459  -0.0002999845  -0.0004499110  -0.0064045877   0.0015846793
28  8   0.0004373780  -0.0000546706  -0.0001138721  -0.0000494180  -0.0002361159
28  9  -0.0007151604  -0.0006099221   0.0000084121   0.0000298215   0.0000271984
28 10   0.0001981647  -0.0001562362  -0.0002304935   0.0000000256   0.0000021221
28 11   0.0000045900  -0.0000512308  -0.0000544456  -0.0000101016   0.0000065200
28 12   0.0000024416  -0.0000031229   0.0000078618   0.0000013224   0.0000028597
28 13  -0.0000017614   0.0000027005   0.0000050286
29  1   0.0186931348  -0.1184069214  -0.1121736169   0.0018404753  -0.0056924624
29  2  -0.0078394383  -0.0005860571   0.0004580300   0.0007516034  -0.0000569349
29  3   0.0001263006   0.0001615390   0.0000286512  -0.0000252816   0.0000549481
29  4  -0.0000399540   0.0000701401   0.0000227157   0.0000204417  -0.0000495256
29  5  -0.0000263314   0.0042500996  -0.0136176742  -0.0224533108  -0.0032862321
29  6   0.0108338556   0.0158169965  -0.0228379189   0.1255611168   0.1251878424
29  7  -0.0001619554  -0.0002084001   0.0000604053   0.0019748777   0.0004256714
29  8   0.0003478163   0.0000168510   0.0000520022   0.0000609642   0.0002111062
29  9   0.0005527926   0.0000172138   0.0000284024  -0.0000505852  -0.0000058322
29 10  -0.0001399616  -0.0000403625   0.0000239256   0.0000034401   0.0000073825
29 11   0.0000019285   0.0000102131   0.0000130889   0.0000008701   0.0000115577
29 12  -0.0000090448  -0.0000019106   0.0000205145   0.0000013501   0.0000026160
29 13  -0.0000007517  -0.0000014730  -0.0000109447
30  1   0.0305291666  -0.1122873952  -0.2284019828   0.0007997781  -0.0011192117
30  2  -0.0018436875  -0.0005325772  -0.0000522130   0.0000781948   0.0000949126
30  3   0.0003250537   0.0003151556   0.0000690449  -0.0000519271  -0.0000463729
30  4   0.0000171842   0.0000160396  -0.0000223744  -0.0000009980   0.0000142264
30  5   0.0000144685  -0.0011156617   0.0010959942   0.0016377568   0.0032919892
30  6  -0.0136249593  -0.0208987906  -0.0343086100   0.1251878424   0.2464696187
30  7   0.0004347242   0.0000592206   0.0008493149   0.0003491777  -0.0000226171
30  8   0.0016846659   0.0000258793  -0.0000634312  -0.0000838213   0.0005705601
30  9   0.0004786882   0.0002357566  -0.0000320219   0.0000082566  -0.0000256706
30 10  -0.0002166912   0.0000234605   0.0000237449   0.0000009363  -0.0000026346
30 11  -0.0000101785   0.0000216056   0.0000132954   0.0000161908  -0.0000088536
30 12  -0.0000009773   0.0000064445   0.0000154033  -0.0000022675  -0.0000078745
30 13  -0.0000049485   0.0000055565   0.0000094411
31  1  -0.0109028506   0.0194056479  -0.0262140724  -0.0631522596   0.0358915918
31  2  -0.0483665002   0.0037009754  -0.0124262678   0.0165968880   0.0015650632
31  3  -0.0004312748   0.0009340686   0.0000133637  -0.0001648240   0.0000517775
31  4   0.0000332994   0.0000970010  -0.0000129398  -0.0000233025  -0.0000911864
31  5  -0.0000041894   0.0010799575  -0.0007308592  -0.0002128387  -0.0062950079
31  6   0.0018764757   0.0010427872   0.0014806459  -0.0001619554   0.0004347242
31  7   0.0739191417  -0.0383102228   0.0535004918   0.0007283357  -0.0026975842
31  8   0.0028409237  -0.0023520842  -0.0034550373   0.0002094141   0.0005879441
31  9   0.0008693319  -0.0003142536  -0.0002834941   0.0001337065  -0.0004030635
31 10  -0.0000479523   0.0000223456   0.0000251083  -0.0000798573   0.0001617066
31 11  -0.0001392039   0.0000167428   0.0000099030   0.0000185592  -0.0000027067
31 12  -0.0000003813   0.0000019065   0.0000293881  -0.0000057367   0.0000037529
31 13  -0.0000153423   0.0000076199   0.0000066597
32  1   0.0029616126  -0.0049469027   0.0063411683   0.0359525536  -0.1307007185
32  2   0.1093206764   0.0051855896  -0.0179075073   0.0223149320   0.0015576354
32  3   0.0005542853   0.0001225909  -0.0001248313   0.0001008953  -0.0002042005
32  4  -0.0000154397   0.0000744447   0.0000335028  -0.0000317915  -0.0001546285
32  5  -0.0000883349   0.0000305241   0.0005978361  -0.0003590467   0.0015449466
32  6   0.0004568680  -0.0002842752  -0.0002999845  -0.0002084001   0.0000592206
32  7  -0.0383102228   0.1435382647  -0.1229691836  -0.0048719912   0.0108357970
32  8  -0.0133467623  -0.0035851753  -0.0038520508  -0.0000453922   0.0008091070
32  9   0.0007494807  -0.0003270987  -0.0008573846   0.0005851787  -0.0003837406
32 10  -0.0000966079   0.0000616375  -0.0000769162   0.0001489042   0.0002528056
32 11  -0.0001446136   0.0000142058  -0.0000503904   0.0000325566  -0.0000004464
32 12   0.0000149687  -0.0000146893   0.0000008351  -0.0000042757   0.0000112106
32 13  -0.0000120388   0.0000024115   0.0000083955
33  1   0.0009742700  -0.0025727988   0.0031810113  -0.0487682009   0.1104001741
33  2  -0.2010098991   0.0001092623   0.0008689477  -0.0010591528  -0.0004034524
33  3  -0.0000770924  -0.0000410400   0.0003092483  -0.0002720570   0.0002873296
33  4   0.0000036527   0.0000955205  -0.0000280095   0.0000206063   0.0000370418
33  5   0.0000179172  -0.0007453179  -0.0001170538   0.0000805260   0.0009689730
33  6  -0.0007306631   0.0015497934  -0.0004499110   0.0000604053   0.0008493149
33  7   0.0535004918  -0.1229691836   0.2152453268  -0.0067605926   0.0153561590
33  8  -0.0218946575   0.0002592311  -0.0000567723   0.0017340986   0.0004055668
33  9   0.0001677378   0.0009193848   0.0007085003  -0.0000830694   0.0002853929
33 10  -0.0000346323   0.0000830027  -0.0000666922  -0.0001423431  -0.0001558931
33 11   0.0000068212  -0.0000185228  -0.0000116421  -0.0000299880   0.0000139866
33 12  -0.0000072697  -0.0000021496   0.0000331909  -0.0000058085  -0.0000027149
33 13   0.0000159931  -0.0000096850  -0.0000226132
34  1  -0.0063757729   0.0183370492   0.0285923492  -0.0502689895   0.0165626859
34  2   0.0238872684   0.0007609712  -0.0119664353  -0.0176639837   0.0014022170
34  3  -0.0004539825  -0.0011947049  -0.0000313666  -0.0000936003   0.0000536265
34  4   0.0000233113   0.0000903926   0.0000632464  -0.0000073372   0.0000205352
34  5   0.0000054210   0.0011824972  -0.0006934891   0.0000077446   0.0014503807
34  6  -0.0001520042  -0.0005485635  -0.0064045877   0.0019748777   0.0003491777
34  7   0.0007283357  -0.0048719912  -0.0067605926   0.0596084447  -0.0165139732
34  8  -0.0281716055   0.0005774752   0.0008109430   0.0004032978  -0.0023357175
34  9  -0.0034281231   0.0003482854  -0.0000567245   0.0000217332  -0.0000340017
34 10  -0.0002502393   0.0001776379   0.0005332746   0.0000217057   0.0000154602
34 11  -0.0000275372   0.0000016004   0.0001646092   0.0001474270  -0.0000503341
34 12   0.0000004997   0.0000198132   0.0000214144  -0.0000011653  -0.0000018999
34 13   0.0000027160  -0.0000016595  -0.0000080428
35  1   0.0018411130  -0.0047191621  -0.0070469045   0.0166318884  -0.1205709035
35  2  -0.1097234273   0.0013206952  -0.0170454899  -0.0238092238   0.0015226722
35  3   0.0004964380  -0.0003939930  -0.0000551524   0.0000802155   0.0003046231
35  4  -0.0000031451   0.0000141845   0.0000549025  -0.0000233879   0.0000295612
35  5   0.0000385965   0.0000478221   0.0005839181   0.0003782705  -0.0003080689
35  6  -0.0001986217  -0.0000513921   0.0015846793   0.0004256714  -0.0000226171
35  7  -0.0026975842   0.0108357970   0.0153561590  -0.0165139732   0.1323871653
35  8   0.1235245018   0.0008533782   0.0007392943   0.0002102824  -0.0035394855
35  9  -0.0038676804   0.0004373122  -0.0000805913   0.0000638506   0.0000930246
35 10  -0.0007312498   0.0005802167   0.0005473641   0.0000167467  -0.0000514707
35 11  -0.0000285585   0.0001894979   0.0002121657   0.0001160961  -0.0000596877
35 12   0.0000097802   0.0000198808  -0.0000044454  -0.0000078997  -0.0000076910
35 13   0.0000082785   0.0000029695   0.0000027937
36  1   0.0007051023  -0.0008006163  -0.0016524771   0.0242872631  -0.1107576038
36  2  -0.2225568983  -0.0003726141   0.0003375915   0.0007879824   0.0002170614
36  3   0.0001632511   0.0000897243  -0.0002693062   0.0002238538   0.0003477192
36  4  -0.0000417421  -0.0001050346  -0.0000137699  -0.0000470419   0.0000644738
36  5   0.0000486996   0.0005722907   0.0002611007  -0.0000176688   0.0003287931
36  6  -0.0000888143   0.0008607924   0.0004373780   0.0003478163   0.0016846659
36  7   0.0028409237  -0.0133467623  -0.0218946575  -0.0281716055   0.1235245018
36  8   0.2394521666  -0.0003208392  -0.0003262875   0.0009126453   0.0002710145
36  9   0.0003741173   0.0017429365   0.0000230752  -0.0000834630  -0.0000657662
36 10  -0.0006185659   0.0000789913   0.0003674548   0.0000188833   0.0000257512
36 11  -0.0000396431   0.0001663373   0.0001380580  -0.0000360714  -0.0000087216
36 12  -0.0000134556   0.0000082959  -0.0000302533   0.0000016247  -0.0000002917
36 13   0.0000125673  -0.0000190940  -0.0000258390
37  1   0.0015587719  -0.0003965808   0.0009496693   0.0036683640  -0.0124964990
37  2   0.0166065315  -0.0630763498   0.0359774786  -0.0481689068  -0.0116252908
37  3   0.0187941677  -0.0260520886   0.0015804706   0.0015208616  -0.0012322294
37  4   0.0000217397   0.0000796461   0.0001192200  -0.0001239048  -0.0000780725
37  5   0.0001840886   0.0002249171   0.0001854881  -0.0001938882  -0.0002403744
37  6   0.0001917664  -0.0004627942  -0.0000546706   0.0000168510   0.0000258793
37  7  -0.0023520842  -0.0035851753   0.0002592311   0.0005774752   0.0008533782
37  8  -0.0003208392   0.0738955371  -0.0385776801   0.0533870758   0.0006773556
37  9  -0.0026009555   0.0028404734  -0.0060249273   0.0016146010   0.0009880490
37 10   0.0014389359  -0.0003045530   0.0004087158  -0.0002337524  -0.0009035988
37 11   0.0006799135  -0.0000543581  -0.0000828810   0.0000231634   0.0000358802
37 12   0.0000118483  -0.0000119844  -0.0000194947  -0.0000230625   0.0000152686
37 13   0.0001257597  -0.0001970285  -0.0000445484
38  1   0.0014117017   0.0008263128  -0.0000547832   0.0052658385  -0.0178986506
38  2   0.0222297325   0.0360537749  -0.1292779500   0.1083759446   0.0035608496
38  3  -0.0060390916   0.0073324241  -0.0008527858   0.0003467420  -0.0004851825
38  4   0.0000693470   0.0000191728  -0.0002146253  -0.0001052715   0.0001286355
38  5  -0.0000560051   0.0001194935   0.0001583064  -0.0004185256  -0.0008397848
38  6   0.0005656650  -0.0003388442  -0.0001138721   0.0000520022  -0.0000634312
38  7  -0.0034550373  -0.0038520508  -0.0000567723   0.0008109430   0.0007392943
38  8  -0.0003262875  -0.0385776801   0.1429742128  -0.1222484149  -0.0047901155
38  9   0.0106870528  -0.0132643754   0.0015909346   0.0000099270  -0.0003013182
38 10  -0.0002822295  -0.0001146753   0.0000239853   0.0001138940   0.0005859192
38 11  -0.0000802060  -0.0000041426   0.0000647897  -0.0000919949   0.0000141956
38 12  -0.0000344841  -0.0000045993   0.0000357192  -0.0000022343  -0.0000153781
38 13  -0.0000257723   0.0000611042   0.0000586573
39  1  -0.0002396196  -0.0002106754   0.0000649733  -0.0000860310   0.0008050178
39  2  -0.0011280907  -0.0486657284   0.1090012501  -0.1990994918   0.0008932043
39  3  -0.0018347639   0.0023831844   0.0002663721  -0.0000065507   0.0000977557
39  4  -0.0001785195  -0.0003187639   0.0002332496   0.0002099186  -0.0000932752
39  5   0.0000762722   0.0002172238  -0.0002459668   0.0002220235   0.0006898658
39  6  -0.0000156892   0.0001968339  -0.0000494180   0.0000609642  -0.0000838213
39  7   0.0002094141  -0.0000453922   0.0017340986   0.0004032978   0.0002102824
39  8   0.0009126453   0.0533870758  -0.1222484149   0.2135044519  -0.0068765352
39  9   0.0155284489  -0.0218045426   0.0008739130  -0.0002749168   0.0015628516
39 10  -0.0005335359  -0.0000133885   0.0009281919  -0.0004388892  -0.0004184254
39 11   0.0003093972  -0.0000048902   0.0000973408  -0.0000612455   0.0000284636
39 12   0.0000173168  -0.0000238602  -0.0001070330   0.0000072235  -0.0000116420
39 13   0.0000014511  -0.0000016216  -0.0000132349
40  1   0.0013842801  -0.0003364512  -0.0011755590   0.0007833352  -0.0119152424
40  2  -0.0177062421  -0.0507548841   0.0160894596   0.0235347464  -0.0066704068
40  3   0.0177145713   0.0285168209   0.0017230355   0.0011735387   0.0008783590
40  4  -0.0000856635   0.0000147150  -0.0001579473   0.0000784262  -0.0000433745
40  5  -0.0000298328   0.0002282081   0.0002110509   0.0002109209  -0.0000543641
40  6   0.0000050002  -0.0000237820  -0.0002361159   0.0002111062   0.0005705601
40  7   0.0005879441   0.0008091070   0.0004055668  -0.0023357175  -0.0035394855
40  8   0.0002710145   0.0006773556  -0.0047901155  -0.0068765352   0.0595881624
40  9  -0.0160095747  -0.0277191176   0.0014628443  -0.0002923024  -0.0004562068
40 10  -0.0062031883   0.0016587591   0.0005400265  -0.0000503305  -0.0001005934
40 11  -0.0000067772  -0.0003288835  -0.0006702178  -0.0005303702   0.0001983257
40 12  -0.0001073324  -0.0002233660  -0.0000122975  -0.0000624789  -0.0000755424
40 13   0.0000199344  -0.0000201392   0.0000532635
41  1   0.0013957855   0.0007933908  -0.0001177231   0.0014010418  -0.0169525208
41  2  -0.0236931813   0.0160478985  -0.1190477565  -0.1086925046   0.0021156513
41  3  -0.0055675560  -0.0079507212  -0.0006024739   0.0003349875   0.0005208482
41  4  -0.0000003614   0.0001842063   0.0002439423  -0.0000136776  -0.0000696805
41  5  -0.0000164055   0.0002020272   0.0001226589   0.0003872283  -0.0001003537
41  6   0.0000439132   0.0000916855  -0.0007151604   0.0005527926   0.0004786882
41  7   0.0008693319   0.0007494807   0.0001677378  -0.0034281231  -0.0038676804
41  8   0.0003741173  -0.0026009555   0.0106870528   0.0155284489  -0.0160095747
41  9   0.1315638764   0.1226704189  -0.0002953121  -0.0001098148  -0.0000667674
41 10   0.0015843713   0.0000195681  -0.0000920379   0.0000656326   0.0000584351
41 11   0.0000904853   0.0001823709   0.0005559654   0.0000715837  -0.0001481463
41 12  -0.0000575966   0.0000218712   0.0000457879   0.0000187043   0.0000259998
41 13   0.0000042398  -0.0000124266  -0.0000437143
42  1   0.0000437578   0.0002957477   0.0002604899  -0.0002195558   0.0004880852
42  2   0.0009109763   0.0239384459  -0.1095330377  -0.2221502127   0.0010030543
42  3  -0.0015093774  -0.0026625967  -0.0005586776  -0.0002015818   0.0000296161
42  4   0.0001342058   0.0003279999   0.0003258746   0.0000306923   0.0000034187
42  5  -0.0000337885  -0.0002017836   0.0002049883   0.0002530111   0.0000377618
42  6  -0.0000560718  -0.0000832215  -0.0006099221   0.0000172138   0.0002357566
42  7  -0.0003142536  -0.0003270987   0.0009193848   0.0003482854   0.0004373122
42  8   0.0017429365   0.0028404734  -0.0132643754  -0.0218045426  -0.0277191176
42  9   0.1226704189   0.2393214638   0.0003543096   0.0000425730   0.0008658924
42 10   0.0004721263  -0.0000436604   0.0016484446   0.0000314004  -0.0000741604
42 11  -0.0001105825   0.0005543661   0.0004909290   0.0003041291  -0.0002386536
42 12  -0.0000092228   0.0000334204   0.0001063150  -0.0000027471  -0.0000230767
42 13  -0.0000332303   0.0000426468   0.0000166252
43  1  -0.0000614259   0.0000121757   0.0002097295   0.0015822769   0.0012954477
43  2  -0.0012573852  -0.0115201008   0.0192247887  -0.0262332364  -0.0621313576
43  3   0.0353446031  -0.0475199010   0.0049333121  -0.0119730625   0.0166713032
43  4   0.0009647725  -0.0001450885   0.0008612195  -0.0007470663   0.0003236896
43  5  -0.0004960385   0.0000214131  -0.0000790949   0.0000702190   0.0002665590
43  6  -0.0001562957   0.0001713543   0.0000084121   0.0000284024  -0.0000320219
43  7  -0.0002834941  -0.0008573846   0.0007085003  -0.0000567245  -0.0000805913
43  8   0.0000230752  -0.0060249273   0.0015909346   0.0008739130   0.0014628443
43  9  -0.0002953121   0.0003543096   0.0742875053  -0.0393008705   0.0529666676
43 10   0.0006222004  -0.0028148126   0.0032403505  -0.0025818072  -0.0033758522
43 11   0.0001412145   0.0006829605   0.0007908486  -0.0003850616  -0.0000613397
43 12   0.0000065594   0.0000195507   0.0001818990   0.0001661030  -0.0002693008
43 13  -0.0015459118   0.0002948120  -0.0001184617
44  1  -0.0000433985   0.0001214608  -0.0002886332  -0.0007557839   0.0004264595
44  2  -0.0004912515   0.0036425454  -0.0061003265   0.0076029686   0.0352685723
44  3  -0.1319133378   0.1100426934   0.0054438248  -0.0173383948   0.0215800222
44  4   0.0011923801  -0.0000637368   0.0006539244   0.0007257566   0.0004101611
44  5  -0.0008213325   0.0000347134   0.0000264034  -0.0000390141  -0.0001747655
44  6  -0.0000391136   0.0000014831   0.0000298215  -0.0000505852   0.0000082566
44  7   0.0001337065   0.0005851787  -0.0000830694   0.0000217332   0.0000638506
44  8  -0.0000834630   0.0016146010   0.0000099270  -0.0002749168  -0.0002923024
44  9  -0.0001098148   0.0000425730  -0.0393008705   0.1453581584  -0.1243781696
44 10  -0.0047415710   0.0109373158  -0.0134393863  -0.0035240948  -0.0038463058
44 11   0.0001921665   0.0007175828   0.0008264131  -0.0001802467  -0.0001839200
44 12   0.0000642066  -0.0000386635   0.0000124395   0.0001087094  -0.0001640988
44 13   0.0001790296   0.0005233707   0.0001581578
45  1  -0.0000433188  -0.0003557112   0.0003158374   0.0002305157  -0.0000564113
45  2   0.0000785513   0.0005254906  -0.0017944584   0.0024377341  -0.0476786483
45  3   0.1112239734  -0.2016553433   0.0010135089   0.0006340688  -0.0005324515
45  4  -0.0004749312   0.0006733378  -0.0004724952  -0.0005587221  -0.0000581201
45  5   0.0003829605  -0.0001023201   0.0000062747  -0.0000212739   0.0001785198
45  6  -0.0000037304  -0.0000480496   0.0000271984  -0.0000058322  -0.0000256706
45  7  -0.0004030635  -0.0003837406   0.0002853929  -0.0000340017   0.0000930246
45  8  -0.0000657662   0.0009880490  -0.0003013182   0.0015628516  -0.0004562068
45  9  -0.0000667674   0.0008658924   0.0529666676  -0.1243781696   0.2161852278
45 10  -0.0067322756   0.0153860641  -0.0215714131   0.0000181665  -0.0001368167
45 11   0.0015278598   0.0004729820   0.0001043044   0.0007790697  -0.0000013005
45 12   0.0000286930   0.0000024743   0.0002268383  -0.0000614433   0.0000810747
45 13  -0.0001631483  -0.0005472214  -0.0001124631
46  1  -0.0000827008   0.0000182878  -0.0001972918   0.0017464593   0.0012582760
46  2   0.0009219760  -0.0065182152   0.0175657549   0.0287292318  -0.0503841101
46  3   0.0160845618   0.0239047385   0.0003824843  -0.0119933427  -0.0178078877
46  4   0.0014647431  -0.0004828099  -0.0014573958  -0.0000124617   0.0001090076
46  5   0.0001485368   0.0000025704  -0.0000813067  -0.0000865045   0.0000066666
46  6   0.0000295002   0.0000207286   0.0001981647  -0.0001399616  -0.0002166912
46  7  -0.0000479523  -0.0000966079  -0.0000346323  -0.0002502393  -0.0007312498
46  8  -0.0006185659   0.0014389359  -0.0002822295  -0.0005335359  -0.0062031883
46  9   0.0015843713   0.0004721263   0.0006222004  -0.0047415710  -0.0067322756
46 10   0.0592419793  -0.0158342077  -0.0280070692   0.0005103107   0.0007376422
46 11   0.0004047504  -0.0022443433  -0.0035670163   0.0003582711  -0.0001488392
46 12   0.0003747056   0.0006463255   0.0002731872   0.0001527293   0.0001902452
46 13   0.0000043484   0.0000354666  -0.0001050802
47  1  -0.0000060796   0.0001275010   0.0002196751  -0.0006266105   0.0003268668
47  2   0.0005511619   0.0022074563  -0.0056114072  -0.0082084785   0.0159079577
47  3  -0.1181191765  -0.1074484526   0.0013918135  -0.0168501758  -0.0240746779
47  4   0.0014474108   0.0008815155  -0.0002547857  -0.0000577782   0.0000810996
47  5   0.0000009174   0.0000379104   0.0000251968   0.0000235956   0.0000295229
47  6  -0.0000436322  -0.0000082872  -0.0001562362  -0.0000403625   0.0000234605
47  7   0.0000223456   0.0000616375   0.0000830027   0.0001776379   0.0005802167
47  8   0.0000789913  -0.0003045530  -0.0001146753  -0.0000133885   0.0016587591
47  9   0.0000195681  -0.0000436604  -0.0028148126   0.0109373158   0.0153860641
47 10  -0.0158342077   0.1302700692   0.1219497589   0.0007968036   0.0006575143
47 11   0.0002075487  -0.0033088125  -0.0038412711   0.0005937231  -0.0007754556
47 12   0.0005002536   0.0005758550   0.0002357195   0.0001720862   0.0003566722
47 13  -0.0000287913  -0.0000201405   0.0000013043
48  1   0.0001259652   0.0003508449   0.0003357082  -0.0005346668  -0.0002381224
48  2  -0.0000158393   0.0009007389  -0.0015135497  -0.0027619674   0.0242823066
48  3  -0.1082455839  -0.2225253922  -0.0005742738   0.0004969197   0.0007792106
48  4   0.0004434865   0.0001500587   0.0004872155  -0.0005206303   0.0001204245
48  5   0.0000425488   0.0001193697   0.0000105514  -0.0000279842  -0.0000302125
48  6  -0.0000105827  -0.0000276030  -0.0002304935   0.0000239256   0.0000237449
48  7   0.0000251083  -0.0000769162  -0.0000666922   0.0005332746   0.0005473641
48  8   0.0003674548   0.0004087158   0.0000239853   0.0009281919   0.0005400265
48  9  -0.0000920379   0.0016484446   0.0032403505  -0.0134393863  -0.0215714131
48 10  -0.0280070692   0.1219497589   0.2399841671  -0.0003478058  -0.0003813328
48 11   0.0008035033   0.0004790782   0.0003077195   0.0015395062  -0.0006970714
48 12  -0.0000808473   0.0002002106  -0.0001920800   0.0001725641   0.0002053228
48 13   0.0000358823  -0.0000757572  -0.0003483380
49  1   0.0000090903   0.0000803488  -0.0000424951   0.0000021171  -0.0001466826
49  2   0.0000912605   0.0015718349  -0.0007345832   0.0010141021   0.0042061927
49  3  -0.0129562810   0.0159384807  -0.0666120122   0.0424489508  -0.0526464295
49  4  -0.0123296483   0.0180985984  -0.0236343910  -0.0053341071   0.0026886860
49  5  -0.0008336615   0.0000183482  -0.0000024578  -0.0000001806  -0.0000466480
49  6   0.0000082604  -0.0000046726   0.0000000256   0.0000034401   0.0000009363
49  7  -0.0000798573   0.0001489042  -0.0001423431   0.0000217057   0.0000167467
49  8   0.0000188833  -0.0002337524   0.0001138940  -0.0004388892  -0.0000503305
49  9   0.0000656326   0.0000314004  -0.0025818072  -0.0035240948   0.0000181665
49 10   0.0005103107   0.0007968036  -0.0003478058   0.0782630169  -0.0441403221
49 11   0.0586209062   0.0006398524  -0.0023199527   0.0021537263   0.0010763292
49 12   0.0000499595   0.0006118013   0.0010378631  -0.0006396154  -0.0005091857
49 13  -0.0000885239  -0.0000562354   0.0001003903
50  1  -0.0000288276   0.0000577619  -0.0000324397  -0.0001065584   0.0000340206
50  2  -0.0002591444   0.0017508980   0.0006757029   0.0001640429   0.0057514674
50  3  -0.0184104245   0.0216883284   0.0414980720  -0.1334419791   0.1086549494
50  4   0.0040003851  -0.0054068319   0.0060322136   0.0007854092   0.0007203121
50  5  -0.0004933913   0.0000080976  -0.0000074988   0.0000102257  -0.0000576438
50  6   0.0000101114  -0.0000033517   0.0000021221   0.0000073825  -0.0000026346
50  7   0.0001617066   0.0002528056  -0.0001558931   0.0000154602  -0.0000514707
50  8   0.0000257512  -0.0009035988   0.0005859192  -0.0004184254  -0.0001005934
50  9   0.0000584351  -0.0000741604  -0.0033758522  -0.0038463058  -0.0001368167
50 10   0.0007376422   0.0006575143  -0.0003813328  -0.0441403221   0.1466446889
50 11  -0.1222434818  -0.0053553136   0.0106383465  -0.0118813933  -0.0002271184
50 12  -0.0001391249  -0.0002543268  -0.0000606306   0.0007190610  -0.0002561323
50 13  -0.0003548013   0.0002415737   0.0000174130
51  1   0.0000380570   0.0000639397  -0.0000135731   0.0003260715  -0.0002740330
51  2   0.0002519510  -0.0005426915  -0.0000553729   0.0000797431   0.0000296600
51  3   0.0009063206  -0.0011042729  -0.0524935783   0.1085409513  -0.1898050964
51  4   0.0015240269  -0.0027485735   0.0024914957   0.0007012449  -0.0004641050
51  5   0.0017155243   0.0000356805  -0.0000107978  -0.0000014859   0.0000241231
51  6   0.0000020734   0.0000266544   0.0000045900   0.0000019285  -0.0000101785
51  7  -0.0001392039  -0.0001446136   0.0000068212  -0.0000275372  -0.0000285585
51  8  -0.0000396431   0.0006799135  -0.0000802060   0.0003093972  -0.0000067772
51  9   0.0000904853  -0.0001105825   0.0001412145   0.0001921665   0.0015278598
51 10   0.0004047504   0.0002075487   0.0008035033   0.0586209062  -0.1222434818
51 11   0.2035686537  -0.0080111157   0.0161682732  -0.0205263619  -0.0006054448
51 12   0.0001298340   0.0003710929  -0.0006710995  -0.0002466949   0.0004610524
51 13  -0.0000327905  -0.0000070843  -0.0000025549
52  1   0.0000074826   0.0000592250   0.0000629392  -0.0000946692  -0.0001047623
52  2   0.0001025612   0.0014134290  -0.0004037640  -0.0012250385   0.0005443075
52  3  -0.0109817399  -0.0176065124  -0.0489436852   0.0103417478   0.0156865689
52  4  -0.0058582996   0.0184741266   0.0294110827   0.0016391042  -0.0008223798
52  5   0.0004265571   0.0000163908   0.0000015602   0.0000033546   0.0000016168
52  6  -0.0000041059  -0.0000034608  -0.0000512308   0.0000102131   0.0000216056
52  7   0.0000167428   0.0000142058  -0.0000185228   0.0000016004   0.0001894979
52  8   0.0001663373  -0.0000543581  -0.0000041426  -0.0000048902  -0.0003288835
52  9   0.0001823709   0.0005543661   0.0006829605   0.0007175828   0.0004729820
52 10  -0.0022443433  -0.0033088125   0.0004790782   0.0006398524  -0.0053553136
52 11  -0.0080111157   0.0578309725  -0.0100954513  -0.0209112340  -0.0061448502
52 12   0.0014969666   0.0008527547   0.0009819524  -0.0004322059  -0.0002892666
52 13  -0.0000560920   0.0000251810  -0.0001701465
53  1  -0.0000125091   0.0000333788   0.0000942608  -0.0000827800   0.0000376237
53  2   0.0002601460   0.0014914852   0.0004470872  -0.0003056451   0.0007676277
53  3  -0.0163131999  -0.0239065183   0.0106735396  -0.1169583967  -0.1102667339
53  4   0.0024001522  -0.0046747717  -0.0067343533  -0.0009102031   0.0002976832
53  5  -0.0002150705  -0.0000050055  -0.0000110226  -0.0000050074   0.0000018136
53  6   0.0000037239  -0.0000006731  -0.0000544456   0.0000130889   0.0000132954
53  7   0.0000099030  -0.0000503904  -0.0000116421   0.0001646092   0.0002121657
53  8   0.0001380580  -0.0000828810   0.0000647897   0.0000973408  -0.0006702178
53  9   0.0005559654   0.0004909290   0.0007908486   0.0008264131   0.0001043044
53 10  -0.0035670163  -0.0038412711   0.0003077195  -0.0023199527   0.0106383465
53 11   0.0161682732  -0.0100954513   0.1276749140   0.1237753142   0.0013427999
53 12   0.0006258790  -0.0004778246   0.0001717568   0.0004013629   0.0004709352
53 13  -0.0000140733   0.0000166305   0.0000028918
54  1  -0.0000488475  -0.0000697932  -0.0000367277  -0.0002420511   0.0002083929
54  2   0.0003395921   0.0001124393   0.0001144824   0.0001164685  -0.0003860269
54  3   0.0004776585   0.0015975902   0.0182019805  -0.1124060041  -0.2311414784
54  4   0.0002786364  -0.0018800321  -0.0052270433  -0.0000440447   0.0002838979
54  5   0.0017390653  -0.0000272644   0.0000106979   0.0000074464  -0.0000016610
54  6  -0.0000037872  -0.0000088352  -0.0000101016   0.0000008701   0.0000161908
54  7   0.0000185592   0.0000325566  -0.0000299880   0.0001474270   0.0001160961
54  8  -0.0000360714   0.0000231634  -0.0000919949  -0.0000612455  -0.0005303702
54  9   0.0000715837   0.0003041291  -0.0003850616  -0.0001802467   0.0007790697
54 10   0.0003582711   0.0005937231   0.0015395062   0.0021537263  -0.0118813933
54 11  -0.0205263619  -0.0209112340   0.1237753142   0.2494136637   0.0008022511
54 12   0.0005794680   0.0012740369   0.0005016302   0.0001948916  -0.0000416209
54 13  -0.0000114213   0.0000536187  -0.0000173867
55  1   0.0000044905   0.0000643387  -0.0000029438   0.0000267154  -0.0000345658
55  2  -0.0000685575  -0.0001632039   0.0000252631  -0.0001725119   0.0020551459
55  3   0.0013898023   0.0008971308  -0.0046150077   0.0177545499   0.0278029471
55  4  -0.0509058090   0.0135837630   0.0259615017  -0.0012388444  -0.0030877276
55  5  -0.0131437716  -0.0000013866   0.0000038667   0.0000048087   0.0000028655
55  6   0.0000042201   0.0000005459   0.0000065200   0.0000115577  -0.0000088536
55  7  -0.0000027067  -0.0000004464   0.0000139866  -0.0000503341  -0.0000596877
55  8  -0.0000087216   0.0000358802   0.0000141956   0.0000284636   0.0001983257
55  9  -0.0001481463  -0.0002386536  -0.0000613397  -0.0001839200  -0.0000013005
55 10  -0.0001488392  -0.0007754556  -0.0006970714   0.0010763292  -0.0002271184
55 11  -0.0006054448  -0.0061448502   0.0013427999   0.0008022511   0.0579725796
55 12  -0.0209370144  -0.0276277538   0.0018844991  -0.0087775857  -0.0143822061
55 13   0.0000689703   0.0000373110   0.0014461548
56  1   0.0000041417   0.0000327719  -0.0000069738   0.0000503599  -0.0000621475
56  2  -0.0000024279  -0.0000785604   0.0001881435   0.0001081959  -0.0003995558
56  3   0.0005603899   0.0011695868   0.0009957479  -0.0035290825  -0.0063638614
56  4   0.0120974683  -0.1263061037  -0.1231292212   0.0035273999   0.0032655011
56  5   0.0193862553   0.0000287746   0.0000075842  -0.0000030316   0.0000038485
56  6  -0.0000074790   0.0000065872   0.0000024416  -0.0000090448  -0.0000009773
56  7  -0.0000003813   0.0000149687  -0.0000072697   0.0000004997   0.0000097802
56  8  -0.0000134556   0.0000118483  -0.0000344841   0.0000173168  -0.0001073324
56  9  -0.0000575966  -0.0000092228   0.0000065594   0.0000642066   0.0000286930
56 10   0.0003747056   0.0005002536  -0.0000808473   0.0000499595  -0.0001391249
56 11   0.0001298340   0.0014969666   0.0006258790   0.0005794680  -0.0209370144
56 12   0.1373392336   0.1317188882   0.0031838321  -0.0135847189  -0.0229033292
56 13  -0.0003117090   0.0011210697  -0.0006242073
57  1   0.0000040834  -0.0000471986  -0.0000220203   0.0000317529   0.0000077956
57  2  -0.0000892719   0.0000452452   0.0002145021   0.0003545162  -0.0008788737
57  3   0.0001520541   0.0000511314   0.0009512666  -0.0037720311  -0.0032627388
57  4   0.0310867987  -0.1274991057  -0.2276944556  -0.0054817557  -0.0019078486
57  5  -0.0204522619  -0.0000076051  -0.0000082972  -0.0000105952   0.0000015057
57  6   0.0000003442   0.0000025579  -0.0000031229  -0.0000019106   0.0000064445
57  7   0.0000019065  -0.0000146893  -0.0000021496   0.0000198132   0.0000198808
57  8   0.0000082959  -0.0000119844  -0.0000045993  -0.0000238602  -0.0002233660
57  9   0.0000218712   0.0000334204   0.0000195507  -0.0000386635   0.0000024743
57 10   0.0006463255   0.0005758550   0.0002002106   0.0006118013  -0.0002543268
57 11   0.0003710929   0.0008527547  -0.0004778246   0.0012740369  -0.0276277538
57 12   0.1317188882   0.2432905864  -0.0005963596   0.0016769729   0.0044641701
57 13   0.0005580166  -0.0003616689   0.0014984160
58  1  -0.0000919930  -0.0002828407   0.0000021599  -0.0006227010   0.0005649416
58  2   0.0000570065  -0.0003542436  -0.0021535012   0.0000947413  -0.0051963688
58  3   0.0046418866   0.0010946901  -0.0178828683  -0.0274891348   0.0023143273
58  4  -0.1225794356  -0.1219851342   0.0139952366   0.0057473253   0.0114727019
58  5  -0.0011728394  -0.0001367620   0.0000025261   0.0000120106   0.0000043560
58  6   0.0000180298  -0.0000172113   0.0000078618   0.0000205145   0.0000154033
58  7   0.0000293881   0.0000008351   0.0000331909   0.0000214144  -0.0000044454
58  8  -0.0000302533  -0.0000194947   0.0000357192  -0.0001070330  -0.0000122975
58  9   0.0000457879   0.0001063150   0.0001818990   0.0000124395   0.0002268383
58 10   0.0002731872   0.0002357195  -0.0001920800   0.0010378631  -0.0000606306
58 11  -0.0006710995   0.0009819524   0.0001717568   0.0005016302   0.0018844991
58 12   0.0031838321  -0.0005963596   0.1377730267   0.1289937268  -0.0122566850
58 13  -0.0010466087   0.0025752696  -0.0034099889
59  1   0.0000189099  -0.0000021947   0.0000006978   0.0001241920  -0.0000500011
59  2  -0.0000082536   0.0003315095   0.0003061222   0.0001037142   0.0010452631
59  3   0.0000988949  -0.0005652104   0.0060783178   0.0081258894  -0.0011901538
59  4  -0.1245044575  -0.2356215720   0.0171465681  -0.0042345659  -0.0123905522
59  5   0.0030957583   0.0000090975  -0.0000039500  -0.0000020560  -0.0000002314
59  6   0.0000019042  -0.0000001958   0.0000013224   0.0000013501  -0.0000022675
59  7  -0.0000057367  -0.0000042757  -0.0000058085  -0.0000011653  -0.0000078997
59  8   0.0000016247  -0.0000230625  -0.0000022343   0.0000072235  -0.0000624789
59  9   0.0000187043  -0.0000027471   0.0001661030   0.0001087094  -0.0000614433
59 10   0.0001527293   0.0001720862   0.0001725641  -0.0006396154   0.0007190610
59 11  -0.0002466949  -0.0004322059   0.0004013629   0.0001948916  -0.0087775857
59 12  -0.0135847189   0.0016769729   0.1289937268   0.2520616188  -0.0228618213
59 13   0.0017599337  -0.0003483046   0.0025466369
60  1   0.0000101972   0.0000067785  -0.0000190159   0.0000732515  -0.0000717015
60  2  -0.0000530619   0.0001744025   0.0003431130   0.0003718138   0.0005778966
60  3  -0.0009818409   0.0005193863   0.0035586293   0.0050567231  -0.0006502300
60  4   0.0169649575   0.0183837630  -0.0473245026   0.0080041651   0.0199139847
60  5  -0.0040296102   0.0000056759  -0.0000070618  -0.0000057752  -0.0000003508
60  6  -0.0000007644   0.0000009164   0.0000028597   0.0000026160  -0.0000078745
60  7   0.0000037529   0.0000112106  -0.0000027149  -0.0000018999  -0.0000076910
60  8  -0.0000002917   0.0000152686  -0.0000153781  -0.0000116420  -0.0000755424
60  9   0.0000259998  -0.0000230767  -0.0002693008  -0.0001640988   0.0000810747
60 10   0.0001902452   0.0003566722   0.0002053228  -0.0005091857  -0.0002561323
60 11   0.0004610524  -0.0002892666   0.0004709352  -0.0000416209  -0.0143822061
60 12  -0.0229033292   0.0044641701  -0.0122566850  -0.0228618213   0.0505772688
60 13  -0.0017968647   0.0026980231  -0.0045115886
61  1  -0.0000017521   0.0000361103  -0.0000186229   0.0000153915  -0.0000348789
61  2  -0.0000563240  -0.0000933090  -0.0000436532   0.0001704778  -0.0002779014
61  3   0.0001451058  -0.0002841367   0.0004575931   0.0007893160   0.0004894362
61  4   0.0059011392   0.0095024850   0.0011442448  -0.0692352910  -0.1132672981
61  5  -0.0237650405   0.0000228536   0.0000104851  -0.0000062707   0.0000053737
61  6  -0.0000103949   0.0000008194  -0.0000017614  -0.0000007517  -0.0000049485
61  7  -0.0000153423  -0.0000120388   0.0000159931   0.0000027160   0.0000082785
61  8   0.0000125673   0.0001257597  -0.0000257723   0.0000014511   0.0000199344
61  9   0.0000042398  -0.0000332303  -0.0015459118   0.0001790296  -0.0001631483
61 10   0.0000043484  -0.0000287913   0.0000358823  -0.0000885239  -0.0003548013
61 11  -0.0000327905  -0.0000560920  -0.0000140733  -0.0000114213   0.0000689703
61 12  -0.0003117090   0.0005580166  -0.0010466087   0.0017599337  -0.0017968647
61 13   0.0657384134   0.1016691791   0.0237439097
62  1  -0.0000024645  -0.0000076371  -0.0000147952   0.0000509182   0.0000621678
62  2  -0.0000155150   0.0000855046   0.0003098710  -0.0003078150  -0.0001519172
62  3  -0.0002221193   0.0005595093  -0.0006076799  -0.0001399144  -0.0004004496
62  4  -0.0068191630  -0.0112931365  -0.0008976998  -0.0969029137  -0.1960717136
62  5  -0.0172359645  -0.0000221778  -0.0000087954  -0.0000017467  -0.0000025837
62  6   0.0000125140  -0.0000015271   0.0000027005  -0.0000014730   0.0000055565
62  7   0.0000076199   0.0000024115  -0.0000096850  -0.0000016595   0.0000029695
62  8  -0.0000190940  -0.0001970285   0.0000611042  -0.0000016216  -0.0000201392
62  9  -0.0000124266   0.0000426468   0.0002948120   0.0005233707  -0.0005472214
62 10   0.0000354666  -0.0000201405  -0.0000757572  -0.0000562354   0.0002415737
62 11  -0.0000070843   0.0000251810   0.0000166305   0.0000536187   0.0000373110
62 12   0.0011210697  -0.0003616689   0.0025752696  -0.0003483046   0.0026980231
62 13   0.1016691791   0.2057719783   0.0165382910
63  1   0.0000038966  -0.0000305164  -0.0000079074  -0.0000149723   0.0000302253
63  2   0.0000283180  -0.0000031109  -0.0001210053  -0.0001703017  -0.0001643708
63  3  -0.0001300770   0.0008471079   0.0001001014  -0.0010178018   0.0005172999
63  4   0.0107425450   0.0196095433   0.0015331065  -0.0321377391  -0.0370024275
63  5  -0.0205145436  -0.0000150988  -0.0000072818   0.0000007719  -0.0000103892
63  6   0.0000136665  -0.0000011360   0.0000050286  -0.0000109447   0.0000094411
63  7   0.0000066597   0.0000083955  -0.0000226132  -0.0000080428   0.0000027937
63  8  -0.0000258390  -0.0000445484   0.0000586573  -0.0000132349   0.0000532635
63  9  -0.0000437143   0.0000166252  -0.0001184617   0.0001581578  -0.0001124631
63 10  -0.0001050802   0.0000013043  -0.0003483380   0.0001003903   0.0000174130
63 11  -0.0000025549  -0.0001701465   0.0000028918  -0.0000173867   0.0014461548
63 12  -0.0006242073   0.0014984160  -0.0034099889   0.0025466369  -0.0045115886
63 13   0.0237439097   0.0165382910   0.0212968205
$end
